-8.533333333333303017e+00
-3.666666666666515084e+00
-1.466666666666696983e+00
-4.666666666666969832e-01
-6.280000000000018190e+01
-6.340000000000009095e+01
1.773333333333312112e+01
-2.700000000000000000e+01
-1.233333333333348492e+01
-3.000000000000000000e+00
-4.586666666666678793e+01
-5.193333333333339397e+01
1.933333333333393966e+00
-3.559999999999990905e+01
7.000000000000000000e+00
7.800000000000181899e+00
-2.373333333333312112e+01
-2.673333333333357587e+01
-1.680000000000018190e+01
-1.473333333333312112e+01
-3.693333333333339397e+01
-2.180000000000018190e+01
-1.019999999999981810e+01
-2.793333333333339397e+01
-3.680000000000018190e+01
-3.600000000000363798e+00
-4.993333333333339397e+01
-2.493333333333339397e+01
-6.839999999999963620e+01
-3.626666666666642413e+01
-2.960000000000036380e+01
-3.000000000000000000e+01
-1.619999999999981810e+01
-1.280000000000018190e+01
-5.933333333333303017e+01
-3.780000000000018190e+01
1.306666666666660603e+01
-5.173333333333357587e+01
-9.733333333333575865e+00
-1.819999999999981810e+01
-4.100000000000000000e+01
-1.193333333333339397e+01
-1.639999999999963620e+01
-6.660000000000036380e+01
2.866666666666787933e+00
-2.473333333333357587e+01
-4.400000000000000000e+01
1.393333333333339397e+01
-3.199999999999818101e+00
1.946666666666624224e+01
-1.706666666666660603e+01
-2.953333333333375776e+01
-1.466666666666696983e+01
-4.080000000000018190e+01
-3.586666666666678793e+01
-7.199999999999818101e+00
-2.406666666666660603e+01
-3.733333333333303017e+01
-3.839999999999963620e+01
1.019999999999981810e+01
-4.733333333333575865e+00
-5.719999999999981810e+01
-9.199999999999818101e+00
-6.253333333333375776e+01
-1.573333333333357587e+01
-1.866666666666696983e+01
-3.639999999999963620e+01
-7.533333333333757764e+00
-4.053333333333375776e+01
-1.860000000000036380e+01
-6.486666666666678793e+01
-6.280000000000018190e+01
-6.786666666666678793e+01
-5.813333333333321207e+01
-9.199999999999818101e+00
-3.260000000000036380e+01
-3.160000000000036380e+01
3.066666666666696983e+01
-4.400000000000000000e+01
-6.786666666666678793e+01
-5.653333333333375776e+01
-4.366666666666696983e+01
-1.206666666666660603e+01
-6.066666666666606034e+00
-5.173333333333357587e+01
1.133333333333212067e+00
-8.446666666666624224e+01
-4.319999999999981810e+01
-1.226666666666642413e+01
2.846666666666624224e+01
-3.880000000000018190e+01
-6.473333333333357587e+01
-6.199999999999818101e+00
-1.513333333333321207e+01
-1.866666666666787933e+00
-4.560000000000036380e+01
1.426666666666642413e+01
-5.833333333333303017e+01
-5.113333333333321207e+01
-5.786666666666678793e+01
-3.500000000000000000e+01
-4.500000000000000000e+01
-1.919999999999981810e+01
-3.093333333333339397e+01
-5.433333333333303017e+01
-1.121999999999998181e+02
-3.553333333333375776e+01
-4.933333333333303017e+01
2.206666666666660603e+01
-3.273333333333357587e+01
-3.019999999999981810e+01
-3.733333333333303017e+01
-4.913333333333321207e+01
-4.713333333333321207e+01
6.666666666660603369e-02
-4.419999999999981810e+01
-5.366666666666696983e+01
-3.139999999999963620e+01
-1.313333333333321207e+01
3.199999999999818101e+00
9.066666666666606034e+00
-2.400000000000000000e+01
4.733333333333575865e+00
-6.833333333333303017e+01
-2.986666666666678793e+01
-5.466666666666696983e+01
-4.146666666666624224e+01
-7.119999999999981810e+01
-4.060000000000036380e+01
-3.373333333333357587e+01
-4.806666666666660603e+01
-5.333333333337577642e-01
-2.286666666666678793e+01
-7.980000000000018190e+01
1.386666666666678793e+01
-5.860000000000036380e+01
3.133333333333212067e+00
-2.919999999999981810e+01
-4.419999999999981810e+01
-8.266666666666424135e+00
-3.800000000000000000e+01
-3.133333333333303017e+01
-7.666666666666696983e+01
2.500000000000000000e+01
-6.653333333333375776e+01
-2.286666666666678793e+01
-1.786666666666678793e+01
-5.273333333333357587e+01
-5.826666666666642413e+01
-4.853333333333375776e+01
-5.886666666666678793e+01
-4.019999999999981810e+01
-6.660000000000036380e+01
-7.813333333333321207e+01
1.333333333333030168e+00
3.080000000000018190e+01
-6.253333333333375776e+01
-4.580000000000018190e+01
-2.006666666666660603e+01
7.866666666666787933e+00
1.646666666666624224e+01
-3.573333333333357587e+01
-2.993333333333339397e+01
-2.639999999999963620e+01
1.800000000000000000e+01
3.306666666666660603e+01
-1.713333333333321207e+01
-1.054666666666662422e+02
3.933333333333393966e+00
-6.986666666666678793e+01
-6.560000000000036380e+01
-5.860000000000036380e+01
-1.786666666666678793e+01
-7.413333333333321207e+01
-4.626666666666642413e+01
-4.566666666666696983e+01
-2.753333333333375776e+01
-2.039999999999963620e+01
-6.106666666666660603e+01
-2.986666666666678793e+01
-3.626666666666642413e+01
-1.980000000000018190e+01
-1.986666666666678793e+01
-1.886666666666678793e+01
-4.446666666666624224e+01
-2.333333333333303017e+01
-2.506666666666660603e+01
-2.893333333333339397e+01
-3.646666666666624224e+01
-1.126666666666642413e+01
-5.266666666666424135e+00
-4.726666666666642413e+01
-2.373333333333357587e+01
-4.993333333333339397e+01
-6.826666666666642413e+01
-7.253333333333375776e+01
-3.780000000000018190e+01
-1.566666666666696983e+01
-1.566666666666696983e+01
-3.726666666666642413e+01
-6.113333333333321207e+01
-7.413333333333321207e+01
1.533333333333757764e+00
-9.866666666666787933e+00
-2.819999999999981810e+01
-4.293333333333339397e+01
-1.980000000000018190e+01
-3.166666666666696983e+01
1.046666666666624224e+01
-4.593333333333339397e+01
-3.660000000000036380e+01
-5.380000000000018190e+01
-7.119999999999981810e+01
2.346666666666624224e+01
-2.746666666666624224e+01
-4.139999999999963620e+01
-1.064666666666662422e+02
-2.293333333333339397e+01
-2.166666666666696983e+01
-3.000000000000000000e+01
6.466666666666242236e+00
-1.206666666666660603e+01
2.933333333333393966e+00
-1.273333333333357587e+01
-7.119999999999981810e+01
-2.953333333333375776e+01
-6.013333333333321207e+01
-3.419999999999981810e+01
-4.973333333333357587e+01
-4.719999999999981810e+01
-5.586666666666678793e+01
-1.400000000000000000e+01
-2.986666666666678793e+01
-3.413333333333321207e+01
-1.093333333333339397e+01
-2.199999999999818101e+00
-5.619999999999981810e+01
1.186666666666678793e+01
-3.980000000000018190e+01
-2.773333333333357587e+01
-4.239999999999963620e+01
-7.239999999999963620e+01
-4.806666666666660603e+01
-2.000000000000000000e+00
-4.786666666666678793e+01
-2.346666666666624224e+01
-1.413333333333321207e+01
-2.426666666666642413e+01
-4.700000000000000000e+01
-5.346666666666624224e+01
-5.339999999999963620e+01
-2.306666666666660603e+01
-5.346666666666624224e+01
-9.019999999999981810e+01
-6.399999999999636202e+00
-2.133333333333303017e+01
-4.893333333333339397e+01
-2.900000000000000000e+01
-2.146666666666624224e+01
-7.180000000000018190e+01
-4.113333333333321207e+01
-3.119999999999981810e+01
-8.766666666666696983e+01
-3.206666666666660603e+01
-5.766666666666696983e+01
-1.713333333333321207e+01
-3.593333333333339397e+01
-4.600000000000000000e+01
-4.973333333333357587e+01
-4.313333333333321207e+01
1.333333333333303017e+01
-9.166666666666696983e+01
-2.093333333333339397e+01
-5.500000000000000000e+01
-2.406666666666660603e+01
-3.706666666666660603e+01
-4.313333333333321207e+01
-7.306666666666660603e+01
-2.380000000000018190e+01
-4.493333333333339397e+01
-4.773333333333357587e+01
-2.673333333333357587e+01
-2.766666666666696983e+01
-2.433333333333303017e+01
1.053333333333375776e+01
-6.806666666666660603e+01
-2.673333333333357587e+01
-2.260000000000036380e+01
-6.293333333333339397e+01
-2.839999999999963620e+01
2.333333333333030168e+00
-6.460000000000036380e+01
-3.246666666666624224e+01
-1.900000000000000000e+01
-3.100000000000000000e+01
-3.366666666666696983e+01
-3.506666666666660603e+01
-2.593333333333339397e+01
5.373333333333357587e+01
-2.353333333333375776e+01
-1.253333333333375776e+01
8.600000000000363798e+00
-4.613333333333321207e+01
-7.173333333333357587e+01
-1.439999999999963620e+01
-5.580000000000018190e+01
-4.413333333333321207e+01
-1.560000000000036380e+01
-3.560000000000036380e+01
-3.780000000000018190e+01
-6.600000000000000000e+01
-7.360000000000036380e+01
-7.266666666666424135e+00
-4.813333333333321207e+01
-5.233333333333303017e+01
-5.273333333333357587e+01
-1.586666666666678793e+01
-4.480000000000018190e+01
-3.086666666666678793e+01
1.293333333333339397e+01
-4.560000000000036380e+01
-3.966666666666696983e+01
3.466666666666242236e+00
-1.106666666666660603e+01
-5.193333333333339397e+01
-4.166666666666696983e+01
-5.473333333333357587e+01
-3.880000000000018190e+01
-8.013333333333321207e+01
-5.000000000000000000e+00
-4.153333333333375776e+01
-5.153333333333375776e+01
-2.146666666666624224e+01
5.800000000000181899e+00
-8.526666666666642413e+01
-1.480000000000018190e+01
-6.253333333333375776e+01
-8.446666666666624224e+01
2.733333333333575865e+00
-3.713333333333321207e+01
-5.466666666666696983e+01
-7.086666666666678793e+01
-1.726666666666642413e+01
-6.639999999999963620e+01
-2.519999999999981810e+01
-5.393333333333339397e+01
-2.586666666666678793e+01
-4.346666666666624224e+01
-4.760000000000036380e+01
-1.913333333333321207e+01
-1.260000000000036380e+01
-7.846666666666624224e+01
-2.873333333333357587e+01
-1.273333333333357587e+01
-3.493333333333339397e+01
-2.266666666666696983e+01
-2.286666666666678793e+01
-4.466666666666696983e+01
-6.886666666666678793e+01
-2.739999999999963620e+01
-7.886666666666678793e+01
-1.030000000000000000e+02
-6.946666666666624224e+01
-1.926666666666642413e+01
-1.069333333333333940e+02
-5.513333333333321207e+01
-8.866666666666787933e+00
-1.426666666666642413e+01
-3.319999999999981810e+01
-4.173333333333357587e+01
-3.953333333333375776e+01
-1.092666666666664241e+02
-4.400000000000000000e+01
-5.193333333333339397e+01
-1.139999999999963620e+01
-6.733333333333303017e+01
-4.960000000000036380e+01
-7.513333333333321207e+01
-4.386666666666678793e+01
-2.986666666666678793e+01
-3.106666666666660603e+01
-4.973333333333357587e+01
-1.119999999999981810e+01
-7.066666666666606034e+00
-1.006666666666660603e+01
-2.853333333333375776e+01
-6.153333333333375776e+01
-4.260000000000036380e+01
-7.493333333333339397e+01
-6.480000000000018190e+01
-3.466666666666242236e+00
-7.466666666666242236e+00
-5.893333333333339397e+01
-1.719999999999981810e+01
-3.133333333333212067e+00
-6.593333333333339397e+01
-4.606666666666660603e+01
4.399999999999636202e+00
-4.126666666666642413e+01
-7.933333333333393966e+00
-4.519999999999981810e+01
-5.586666666666678793e+01
-1.193333333333339397e+01
-3.880000000000018190e+01
-5.539999999999963620e+01
-5.493333333333339397e+01
-1.239999999999963620e+01
-4.666666666666696983e+01
-1.139999999999963620e+01
-4.993333333333339397e+01
7.066666666666606034e+00
-6.606666666666660603e+01
-5.780000000000018190e+01
-5.733333333333575865e+00
-8.486666666666678793e+01
-4.013333333333321207e+01
-9.600000000000000000e+01
-3.460000000000036380e+01
-6.746666666666624224e+01
1.206666666666660603e+01
-3.586666666666678793e+01
-3.439999999999963620e+01
3.613333333333321207e+01
-7.046666666666624224e+01
-2.793333333333339397e+01
-2.253333333333375776e+01
-3.073333333333357587e+01
-2.913333333333321207e+01
-2.639999999999963620e+01
-2.713333333333321207e+01
-1.000000000000000000e+00
-3.206666666666660603e+01
2.933333333333393966e+00
-2.506666666666660603e+01
-4.213333333333321207e+01
-3.539999999999963620e+01
-3.566666666666696983e+01
-2.880000000000018190e+01
-2.399999999999636202e+00
-4.633333333333303017e+01
-4.893333333333339397e+01
-5.106666666666660603e+01
-1.626666666666642413e+01
1.713333333333321207e+01
-2.793333333333339397e+01
3.019999999999981810e+01
-1.239999999999963620e+01
3.933333333333393966e+00
-2.933333333333303017e+01
-3.533333333333303017e+01
-2.480000000000018190e+01
-3.193333333333339397e+01
-6.233333333333303017e+01
-6.080000000000018190e+01
-3.860000000000036380e+01
-4.366666666666696983e+01
-7.333333333333303017e+01
-7.146666666666624224e+01
-2.993333333333339397e+01
-1.086666666666678793e+01
-4.033333333333303017e+01
-6.986666666666678793e+01
-5.813333333333321207e+01
-1.973333333333357587e+01
-4.460000000000036380e+01
-5.560000000000036380e+01
-2.106666666666660603e+01
-3.386666666666678793e+01
-4.080000000000018190e+01
-3.939999999999963620e+01
2.533333333333757764e+00
2.686666666666678793e+01
-1.130000000000000000e+02
1.000000000000000000e+01
-2.866666666666696983e+01
-2.533333333333757764e+00
-5.253333333333375776e+01
7.333333333333030168e+00
1.733333333333575865e+00
-1.753333333333375776e+01
-5.006666666666660603e+01
-4.839999999999963620e+01
-4.419999999999981810e+01
-1.266666666666696983e+01
-4.213333333333321207e+01
-7.453333333333375776e+01
-4.200000000000000000e+01
-1.693333333333339397e+01
-4.880000000000018190e+01
-5.460000000000036380e+01
-4.433333333333303017e+01
-5.239999999999963620e+01
-4.460000000000036380e+01
-3.219999999999981810e+01
-6.500000000000000000e+01
-1.886666666666678793e+01
-5.546666666666624224e+01
-2.926666666666642413e+01
2.066666666666606034e+00
-1.004666666666662422e+02
-2.253333333333375776e+01
-8.906666666666660603e+01
-7.333333333333303017e+01
-2.766666666666696983e+01
-3.439999999999963620e+01
-2.886666666666678793e+01
-2.566666666666696983e+01
6.000000000003637979e-01
-8.066666666666696983e+01
-1.833333333333303017e+01
-4.266666666666424135e+00
-1.173333333333357587e+01
-4.773333333333357587e+01
-3.619999999999981810e+01
-4.053333333333375776e+01
-2.680000000000018190e+01
-1.860000000000036380e+01
-4.980000000000018190e+01
-1.166666666666696983e+01
-8.000000000000000000e+00
-3.960000000000036380e+01
-4.286666666666678793e+01
-5.066666666666606034e+00
-4.146666666666624224e+01
-2.246666666666624224e+01
-3.400000000000000000e+01
-5.019999999999981810e+01
-4.326666666666642413e+01
-4.993333333333339397e+01
-1.660000000000036380e+01
-3.753333333333375776e+01
1.086666666666678793e+01
-5.033333333333303017e+01
-1.686666666666678793e+01
-2.480000000000018190e+01
-3.193333333333339397e+01
-4.353333333333375776e+01
-1.166666666666696983e+01
-6.480000000000018190e+01
-1.246666666666624224e+01
1.946666666666624224e+01
-4.813333333333321207e+01
-1.926666666666642413e+01
-5.566666666666696983e+01
-3.880000000000018190e+01
-3.526666666666642413e+01
-2.093333333333339397e+01
-3.946666666666624224e+01
-1.999999999998181011e-01
-2.713333333333321207e+01
-4.133333333333303017e+01
-3.873333333333357587e+01
-1.086000000000003638e+02
2.219999999999981810e+01
-3.100000000000000000e+01
-1.960000000000036380e+01
-3.853333333333375776e+01
-7.119999999999981810e+01
-4.146666666666624224e+01
-2.273333333333357587e+01
-8.126666666666642413e+01
-2.713333333333321207e+01
-6.199999999999818101e+00
-1.673333333333357587e+01
-2.286666666666678793e+01
-8.386666666666678793e+01
-2.539999999999963620e+01
-2.926666666666642413e+01
-2.039999999999963620e+01
7.600000000000363798e+00
-3.066666666666696983e+01
-3.180000000000018190e+01
-3.853333333333375776e+01
-2.880000000000018190e+01
1.826666666666642413e+01
1.733333333333303017e+01
-7.219999999999981810e+01
-4.973333333333357587e+01
-5.553333333333375776e+01
-2.513333333333321207e+01
-3.346666666666624224e+01
-2.813333333333321207e+01
1.866666666666787933e+00
-1.046666666666624224e+01
-3.473333333333357587e+01
-3.933333333333393966e+00
8.266666666666424135e+00
-8.266666666666424135e+00
-3.446666666666624224e+01
-9.333333333333030168e+00
-6.046666666666624224e+01
-3.680000000000018190e+01
-3.860000000000036380e+01
-5.693333333333339397e+01
-6.933333333333393966e+00
-4.660000000000036380e+01
-9.533333333333757764e+00
-1.739999999999963620e+01
-3.139999999999963620e+01
-3.326666666666642413e+01
-7.000000000000000000e+01
-4.126666666666642413e+01
-4.033333333333303017e+01
-4.946666666666624224e+01
-1.939999999999963620e+01
-4.460000000000036380e+01
-3.560000000000036380e+01
-3.860000000000036380e+01
-5.406666666666660603e+01
-6.760000000000036380e+01
-3.313333333333321207e+01
3.333333333333030168e+00
-3.680000000000018190e+01
-1.319999999999981810e+01
1.766666666666696983e+01
-8.866666666666787933e+00
-1.653333333333375776e+01
-1.286666666666678793e+01
-7.913333333333321207e+01
1.973333333333357587e+01
-3.606666666666660603e+01
-1.566666666666696983e+01
9.000000000000000000e+00
-6.386666666666678793e+01
-5.533333333333757764e+00
-8.399999999999636202e+00
-4.733333333333303017e+01
-3.313333333333321207e+01
-2.793333333333339397e+01
-5.306666666666660603e+01
-2.193333333333339397e+01
-5.160000000000036380e+01
-2.213333333333321207e+01
-3.880000000000018190e+01
-4.026666666666642413e+01
6.000000000003637979e-01
-2.033333333333303017e+01
-9.486666666666678793e+01
-4.693333333333339397e+01
-3.693333333333339397e+01
-5.300000000000000000e+01
-4.833333333333303017e+01
-1.486666666666678793e+01
-2.973333333333357587e+01
-8.580000000000018190e+01
-5.839999999999963620e+01
-1.399999999999636202e+00
-5.039999999999963620e+01
-1.126666666666642413e+01
-3.666666666666969832e+00
-2.053333333333375776e+01
-4.439999999999963620e+01
1.253333333333375776e+01
2.000000000000000000e+00
-6.533333333333303017e+01
-8.680000000000018190e+01
-3.326666666666642413e+01
-1.860000000000036380e+01
-3.226666666666642413e+01
-3.860000000000036380e+01
-4.660000000000036380e+01
-6.666666666666969832e+00
1.160000000000036380e+01
-1.860000000000036380e+01
-5.326666666666642413e+01
-3.826666666666642413e+01
2.213333333333321207e+01
1.766666666666696983e+01
-4.126666666666642413e+01
-4.000000000000000000e+01
-5.500000000000000000e+01
-1.953333333333375776e+01
-3.233333333333303017e+01
-2.533333333333303017e+01
-5.186666666666678793e+01
-4.826666666666642413e+01
-1.173333333333357587e+01
-7.206666666666660603e+01
-4.619999999999981810e+01
9.733333333333575865e+00
-6.000000000000000000e+01
-5.953333333333375776e+01
-1.533333333333757764e+00
-6.226666666666642413e+01
-5.660000000000036380e+01
1.233333333333303017e+01
-4.293333333333339397e+01
-4.553333333333375776e+01
1.486666666666678793e+01
-5.846666666666624224e+01
-4.613333333333321207e+01
-3.200000000000000000e+01
-1.173333333333357587e+01
-2.466666666666696983e+01
-4.706666666666660603e+01
-2.460000000000036380e+01
-2.773333333333357587e+01
-6.560000000000036380e+01
-8.319999999999981810e+01
-1.666666666666696983e+01
-5.813333333333321207e+01
3.266666666666424135e+00
2.000000000000000000e+00
-8.239999999999963620e+01
-5.560000000000036380e+01
-3.966666666666696983e+01
-3.480000000000018190e+01
-5.086666666666678793e+01
-6.439999999999963620e+01
-7.819999999999981810e+01
-8.639999999999963620e+01
-5.139999999999963620e+01
-1.139999999999963620e+01
-7.780000000000018190e+01
-7.066666666666606034e+00
-3.766666666666696983e+01
-5.960000000000036380e+01
-3.239999999999963620e+01
-6.273333333333357587e+01
-2.019999999999981810e+01
-7.733333333333575865e+00
-5.386666666666678793e+01
-6.060000000000036380e+01
-4.013333333333321207e+01
-3.273333333333357587e+01
6.000000000000000000e+00
2.800000000000181899e+00
-2.100000000000000000e+01
-4.226666666666642413e+01
-2.300000000000000000e+01
-4.466666666666696983e+01
-5.380000000000018190e+01
-8.800000000000000000e+01
-3.373333333333357587e+01
-7.706666666666660603e+01
-7.046666666666624224e+01
-6.046666666666624224e+01
-6.533333333333757764e+00
-8.939999999999963620e+01
-2.906666666666660603e+01
-7.293333333333339397e+01
-1.133333333333303017e+01
-3.046666666666624224e+01
-5.300000000000000000e+01
-3.666666666666696983e+01
3.999999999996362021e-01
-8.366666666666696983e+01
-4.793333333333339397e+01
-4.833333333333303017e+01
-6.526666666666642413e+01
-3.893333333333339397e+01
-7.066666666666606034e+00
-2.513333333333321207e+01
-4.833333333333303017e+01
-7.533333333333757764e+00
4.333333333333030168e+00
-2.160000000000036380e+01
-9.000000000000000000e+00
-1.700000000000000000e+01
-2.473333333333357587e+01
-3.980000000000018190e+01
-3.093333333333339397e+01
-4.606666666666660603e+01
-5.219999999999981810e+01
-8.399999999999636202e+00
-1.046666666666669698e+02
-3.446666666666624224e+01
-5.653333333333375776e+01
-5.186666666666678793e+01
-8.600000000000363798e+00
-1.306666666666660603e+01
4.066666666666606034e+00
-3.866666666666696983e+01
-2.893333333333339397e+01
-5.039999999999963620e+01
-2.413333333333321207e+01
-9.800000000000181899e+00
-9.539999999999963620e+01
-2.639999999999963620e+01
-4.253333333333375776e+01
-3.453333333333375776e+01
-1.040000000000000000e+02
-4.533333333333757764e+00
-3.560000000000036380e+01
-2.039999999999963620e+01
-2.033333333333303017e+01
-7.400000000000000000e+01
-3.733333333333575865e+00
-2.780000000000018190e+01
-4.673333333333357587e+01
-4.973333333333357587e+01
-2.666666666666696983e+01
-2.146666666666624224e+01
-9.913333333333321207e+01
2.480000000000018190e+01
-2.539999999999963620e+01
-2.260000000000036380e+01
-8.013333333333321207e+01
-1.533333333333303017e+01
-4.526666666666642413e+01
-4.700000000000000000e+01
-1.753333333333375776e+01
1.133333333333212067e+00
-2.633333333333303017e+01
-2.306666666666660603e+01
-5.153333333333375776e+01
-2.706666666666660603e+01
-9.399999999999636202e+00
-3.046666666666624224e+01
-7.860000000000036380e+01
-2.300000000000000000e+01
-4.400000000000000000e+01
-8.813333333333321207e+01
-5.593333333333339397e+01
1.773333333333357587e+01
-3.319999999999981810e+01
4.199999999999818101e+00
-4.480000000000018190e+01
-3.526666666666642413e+01
-5.019999999999981810e+01
-9.333333333333030168e+00
-5.600000000000000000e+01
-2.053333333333375776e+01
-5.806666666666660603e+01
-4.246666666666624224e+01
-3.426666666666642413e+01
-4.166666666666696983e+01
-4.139999999999963620e+01
-3.273333333333357587e+01
-5.693333333333339397e+01
-5.566666666666696983e+01
-2.639999999999963620e+01
-4.019999999999981810e+01
4.866666666666787933e+00
-3.786666666666678793e+01
-6.133333333333303017e+01
-3.326666666666642413e+01
-3.673333333333357587e+01
-1.646666666666624224e+01
-1.386666666666678793e+01
-2.639999999999963620e+01
-3.260000000000036380e+01
-3.953333333333375776e+01
-8.933333333333393966e+00
-3.660000000000036380e+01
1.006666666666660603e+01
2.080000000000018190e+01
-4.586666666666678793e+01
-2.393333333333339397e+01
-5.693333333333339397e+01
-4.713333333333321207e+01
-3.013333333333321207e+01
-5.166666666666696983e+01
-8.133333333333212067e+00
-2.560000000000036380e+01
-1.506666666666660603e+01
-5.053333333333375776e+01
-5.866666666666696983e+01
-6.753333333333375776e+01
-4.339999999999963620e+01
-3.786666666666678793e+01
-4.006666666666660603e+01
-3.960000000000036380e+01
-4.793333333333339397e+01
-9.333333333333030168e+00
-7.546666666666624224e+01
1.333333333332120674e-01
-3.319999999999981810e+01
-4.133333333333303017e+01
-4.926666666666642413e+01
-5.419999999999981810e+01
-2.880000000000018190e+01
-3.519999999999981810e+01
-8.633333333333303017e+01
1.113333333333321207e+01
-6.413333333333321207e+01
1.733333333333575865e+00
-1.560000000000036380e+01
-5.066666666666696983e+01
-4.133333333333212067e+00
-6.913333333333321207e+01
-3.773333333333357587e+01
1.453333333333375776e+01
-5.186666666666678793e+01
-3.200000000000000000e+01
7.533333333333757764e+00
-9.333333333333030168e+00
-6.166666666666696983e+01
-1.573333333333357587e+01
9.733333333333575865e+00
-1.113333333333321207e+01
-4.813333333333321207e+01
-4.866666666666696983e+01
-3.619999999999981810e+01
-5.199999999999818101e+00
-3.066666666666696983e+01
-5.506666666666660603e+01
-8.666666666666969832e+00
-9.200000000000000000e+01
-2.306666666666660603e+01
-9.133333333333212067e+00
-2.653333333333375776e+01
-2.673333333333357587e+01
-8.273333333333357587e+01
-7.133333333333212067e+00
-4.580000000000018190e+01
1.086666666666678793e+01
-4.926666666666642413e+01
-3.693333333333339397e+01
-5.446666666666624224e+01
-8.839999999999963620e+01
-1.773333333333357587e+01
-4.039999999999963620e+01
-5.400000000000000000e+01
1.293333333333339397e+01
-7.613333333333321207e+01
-8.339999999999963620e+01
-4.333333333333303017e+01
-1.866666666666696983e+01
-6.093333333333339397e+01
5.933333333333393966e+00
-2.719999999999981810e+01
-6.086666666666678793e+01
-3.919999999999981810e+01
1.066666666666696983e+01
-3.433333333333303017e+01
-3.200000000000000000e+01
-5.066666666666606034e+00
-2.233333333333303017e+01
-3.826666666666642413e+01
-1.439999999999963620e+01
-3.926666666666642413e+01
-3.746666666666624224e+01
-1.526666666666642413e+01
-8.686666666666678793e+01
-6.753333333333375776e+01
-5.460000000000036380e+01
-3.100000000000000000e+01
-5.813333333333321207e+01
-4.986666666666678793e+01
-2.539999999999963620e+01
1.286666666666678793e+01
-2.433333333333303017e+01
-6.413333333333321207e+01
-4.139999999999963620e+01
-6.639999999999963620e+01
-5.533333333333303017e+01
-3.060000000000036380e+01
-3.539999999999963620e+01
1.806666666666660603e+01
-3.693333333333339397e+01
-7.546666666666624224e+01
-6.913333333333321207e+01
4.866666666666787933e+00
-7.533333333333757764e+00
-3.293333333333339397e+01
-1.493333333333339397e+01
-4.053333333333375776e+01
-2.626666666666642413e+01
-5.919999999999981810e+01
-4.239999999999963620e+01
-1.600000000000363798e+00
-6.453333333333375776e+01
-1.686666666666678793e+01
-5.900000000000000000e+01
-5.266666666666696983e+01
2.533333333333757764e+00
-1.733333333333303017e+01
-5.760000000000036380e+01
-1.913333333333321207e+01
-5.946666666666624224e+01
-4.460000000000036380e+01
-5.360000000000036380e+01
-5.133333333333212067e+00
1.466666666666242236e+00
-2.266666666666424135e+00
-1.646666666666624224e+01
-2.539999999999963620e+01
-9.173333333333357587e+01
-3.900000000000000000e+01
-3.146666666666624224e+01
-7.133333333333303017e+01
-8.733333333333575865e+00
-4.800000000000181899e+00
-5.733333333333575865e+00
-4.160000000000036380e+01
-9.199999999999818101e+00
-2.400000000000000000e+01
-1.586666666666678793e+01
-7.333333333335758653e-01
-2.533333333333303017e+01
-1.273333333333357587e+01
2.933333333333393966e+00
-6.026666666666642413e+01
-1.173333333333357587e+01
-4.060000000000036380e+01
-4.866666666666787933e+00
-2.493333333333339397e+01
9.000000000000000000e+00
-6.666666666660603369e-02
-5.060000000000036380e+01
-6.733333333333303017e+01
-2.006666666666660603e+01
-2.226666666666642413e+01
-2.313333333333321207e+01
-4.313333333333321207e+01
-5.526666666666642413e+01
8.666666666666969832e+00
-3.900000000000000000e+01
-6.900000000000000000e+01
-4.600000000000363798e+00
-5.000000000000000000e+00
-4.573333333333357587e+01
-2.100000000000000000e+01
-3.739999999999963620e+01
-3.073333333333357587e+01
-5.280000000000018190e+01
-1.086666666666678793e+01
-4.580000000000018190e+01
-2.686666666666678793e+01
-2.100000000000000000e+01
-5.893333333333339397e+01
-1.393333333333339397e+01
-3.553333333333375776e+01
-6.819999999999981810e+01
-2.006666666666660603e+01
-1.400000000000000000e+01
-1.846666666666624224e+01
-2.706666666666660603e+01
-2.686666666666678793e+01
-4.366666666666696983e+01
-5.566666666666696983e+01
-7.726666666666642413e+01
-5.360000000000036380e+01
-5.093333333333339397e+01
-5.953333333333375776e+01
-3.226666666666642413e+01
-1.913333333333321207e+01
-4.586666666666678793e+01
-2.106666666666660603e+01
-2.313333333333321207e+01
-4.906666666666660603e+01
-7.446666666666624224e+01
-3.200000000000000000e+01
-6.133333333333212067e+00
-9.800000000000181899e+00
-6.000000000000000000e+00
-4.466666666666242236e+00
-7.413333333333321207e+01
-1.746666666666624224e+01
-2.873333333333357587e+01
-3.619999999999981810e+01
-7.439999999999963620e+01
-3.786666666666678793e+01
-3.380000000000018190e+01
-7.273333333333357587e+01
-3.606666666666660603e+01
-2.460000000000036380e+01
-3.000000000000000000e+01
-1.413333333333321207e+01
-6.133333333333212067e+00
-5.739999999999963620e+01
1.019999999999981810e+01
-4.880000000000018190e+01
-2.019999999999981810e+01
1.126666666666642413e+01
-5.133333333333212067e+00
-5.366666666666696983e+01
-5.933333333333393966e+00
-2.080000000000018190e+01
-9.266666666666696983e+01
-3.700000000000000000e+01
-6.800000000000000000e+01
-7.026666666666642413e+01
5.133333333333212067e+00
2.666666666664241347e-01
-1.553333333333375776e+01
-2.286666666666678793e+01
-5.106666666666660603e+01
-3.619999999999981810e+01
4.533333333333757764e+00
-8.493333333333339397e+01
-7.513333333333321207e+01
-8.953333333333375776e+01
-5.873333333333357587e+01
-6.939999999999963620e+01
1.980000000000018190e+01
-5.100000000000000000e+01
3.113333333333321207e+01
-9.653333333333375776e+01
-1.280000000000018190e+01
-3.873333333333357587e+01
-4.273333333333357587e+01
-2.526666666666642413e+01
-3.619999999999981810e+01
-4.573333333333357587e+01
-4.139999999999963620e+01
-4.839999999999963620e+01
-3.346666666666624224e+01
1.800000000000181899e+00
4.133333333333212067e+00
-5.866666666666787933e+00
-2.553333333333375776e+01
-3.506666666666660603e+01
6.733333333333575865e+00
-1.226666666666642413e+01
-7.506666666666660603e+01
-3.419999999999981810e+01
-8.199999999999818101e+00
1.333333333332120674e-01
3.999999999996362021e-01
-7.893333333333339397e+01
-4.219999999999981810e+01
-5.760000000000036380e+01
-3.993333333333339397e+01
-3.280000000000018190e+01
-5.593333333333339397e+01
-5.000000000000000000e+01
-6.880000000000018190e+01
-3.080000000000018190e+01
-1.646666666666624224e+01
-5.639999999999963620e+01
2.839999999999963620e+01
-2.653333333333375776e+01
-5.666666666666969832e+00
8.866666666666787933e+00
-2.813333333333321207e+01
-7.846666666666624224e+01
-3.126666666666642413e+01
-1.500000000000000000e+01
-4.280000000000018190e+01
-6.226666666666642413e+01
-3.680000000000018190e+01
-4.673333333333357587e+01
-4.300000000000000000e+01
-1.993333333333339397e+01
-3.106666666666660603e+01
-4.900000000000000000e+01
-2.346666666666624224e+01
-4.026666666666642413e+01
-2.666666666666696983e+01
-3.946666666666624224e+01
-1.000000000000000000e+00
-5.473333333333357587e+01
-2.819999999999981810e+01
-2.960000000000036380e+01
5.199999999999818101e+00
-1.319999999999981810e+01
-6.186666666666678793e+01
-4.900000000000000000e+01
-5.573333333333357587e+01
-2.139999999999963620e+01
-9.399999999999636202e+00
1.600000000000363798e+00
-1.333333333333303017e+01
4.600000000000363798e+00
-5.733333333333303017e+01
-2.766666666666696983e+01
-5.006666666666660603e+01
-4.219999999999981810e+01
-2.093333333333339397e+01
-1.300000000000000000e+01
-6.753333333333375776e+01
-3.939999999999963620e+01
-1.453333333333375776e+01
-6.066666666666606034e+00
-1.939999999999963620e+01
-1.393333333333339397e+01
-1.486666666666678793e+01
-4.326666666666642413e+01
-2.646666666666624224e+01
-3.393333333333339397e+01
-3.553333333333375776e+01
-7.333333333333030168e+00
-2.333333333333303017e+01
-4.786666666666678793e+01
-1.706666666666660603e+01
-4.800000000000000000e+01
-4.093333333333339397e+01
2.213333333333321207e+01
-2.613333333333321207e+01
-2.513333333333321207e+01
-8.066666666666606034e+00
-2.800000000000000000e+01
-4.893333333333339397e+01
-1.053333333333375776e+01
7.333333333335758653e-01
-2.646666666666624224e+01
-6.013333333333321207e+01
1.466666666666242236e+00
-6.773333333333357587e+01
-3.093333333333339397e+01
-2.746666666666624224e+01
-4.526666666666642413e+01
-2.713333333333321207e+01
-3.560000000000036380e+01
-1.700000000000000000e+01
-3.146666666666624224e+01
-4.513333333333321207e+01
-5.400000000000000000e+01
1.513333333333321207e+01
-6.066666666666696983e+01
-2.800000000000000000e+01
-7.333333333333030168e+00
-1.160000000000036380e+01
-5.080000000000018190e+01
-4.746666666666624224e+01
-6.266666666666424135e+00
-3.039999999999963620e+01
-1.360000000000036380e+01
-2.506666666666660603e+01
-2.173333333333357587e+01
1.419999999999981810e+01
-7.826666666666642413e+01
-4.400000000000000000e+01
-2.139999999999963620e+01
1.000000000000000000e+01
-1.460000000000036380e+01
-2.000000000000000000e+00
-1.033333333333303017e+01
-3.973333333333357587e+01
-3.780000000000018190e+01
-4.173333333333357587e+01
-1.646666666666624224e+01
-2.733333333333303017e+01
-6.066666666666696983e+01
-3.753333333333375776e+01
-2.106666666666660603e+01
-7.333333333333303017e+01
-2.539999999999963620e+01
-4.519999999999981810e+01
-3.819999999999981810e+01
-5.466666666666696983e+01
-9.399999999999636202e+00
-2.873333333333357587e+01
-2.619999999999981810e+01
-5.639999999999963620e+01
-4.419999999999981810e+01
-5.206666666666660603e+01
-1.713333333333321207e+01
-6.380000000000018190e+01
-4.266666666666696983e+01
2.399999999999636202e+00
-4.780000000000018190e+01
-5.033333333333303017e+01
2.133333333333212067e+00
-6.319999999999981810e+01
-3.066666666666606034e+00
-2.526666666666642413e+01
-1.326666666666642413e+01
-6.000000000000000000e+00
-2.233333333333303017e+01
-1.666666666666696983e+01
8.199999999999818101e+00
-2.419999999999981810e+01
-1.061333333333332121e+02
-2.939999999999963620e+01
-5.446666666666624224e+01
-5.466666666666696983e+01
-6.486666666666678793e+01
-9.933333333333393966e+00
-1.493333333333339397e+01
-3.733333333333303017e+01
-2.139999999999963620e+01
-1.733333333333303017e+01
-3.846666666666624224e+01
-3.819999999999981810e+01
-6.806666666666660603e+01
-2.260000000000036380e+01
-6.266666666666424135e+00
-3.866666666666696983e+01
-5.013333333333321207e+01
-6.180000000000018190e+01
-3.113333333333321207e+01
-4.700000000000000000e+01
-5.153333333333375776e+01
-1.826666666666642413e+01
-2.013333333333321207e+01
-5.333333333337577642e-01
-3.519999999999981810e+01
-3.239999999999963620e+01
-4.546666666666624224e+01
-5.260000000000036380e+01
-1.733333333333303017e+01
-4.039999999999963620e+01
-2.593333333333339397e+01
-1.800000000000000000e+01
-3.606666666666660603e+01
-3.126666666666642413e+01
-5.866666666666787933e+00
-2.193333333333339397e+01
-3.133333333333212067e+00
-3.100000000000000000e+01
-3.180000000000018190e+01
-4.060000000000036380e+01
-3.019999999999981810e+01
-2.833333333333303017e+01
1.333333333333030168e+00
1.733333333333575865e+00
-4.646666666666624224e+01
-5.839999999999963620e+01
-8.333333333333030168e+00
-4.346666666666624224e+01
-4.926666666666642413e+01
-1.853333333333375776e+01
-5.966666666666696983e+01
-6.466666666666242236e+00
-4.966666666666696983e+01
-2.000000000000000000e+01
-4.866666666666696983e+01
-6.313333333333321207e+01
-2.986666666666678793e+01
-6.073333333333357587e+01
-1.380000000000018190e+01
2.080000000000018190e+01
-2.819999999999981810e+01
-5.019999999999981810e+01
-3.180000000000018190e+01
-6.273333333333357587e+01
-1.800000000000000000e+01
-5.733333333333575865e+00
-5.606666666666660603e+01
-3.980000000000018190e+01
-4.000000000000000000e+00
-1.846666666666624224e+01
-4.286666666666678793e+01
3.199999999999818101e+00
-6.219999999999981810e+01
-1.806666666666660603e+01
-6.866666666666787933e+00
6.666666666660603369e-02
-6.213333333333321207e+01
-2.553333333333375776e+01
-7.700000000000000000e+01
-5.706666666666660603e+01
-1.880000000000018190e+01
3.333333333333030168e+00
-1.826666666666642413e+01
-1.706666666666660603e+01
-3.126666666666642413e+01
-2.800000000000181899e+00
-6.906666666666660603e+01
-5.239999999999963620e+01
-3.066666666666696983e+01
1.406666666666660603e+01
3.856000000000003638e+02
-6.019999999999981810e+01
-2.666666666664241347e-01
-2.373333333333357587e+01
-4.133333333333303017e+01
-1.619999999999981810e+01
1.300000000000000000e+01
-3.753333333333375776e+01
-7.260000000000036380e+01
-4.339999999999963620e+01
-6.553333333333375776e+01
-1.039999999999963620e+01
-4.460000000000036380e+01
-3.533333333333303017e+01
-5.886666666666678793e+01
-3.360000000000036380e+01
-2.346666666666624224e+01
-2.460000000000036380e+01
-2.666666666666969832e+00
-3.166666666666696983e+01
-1.826666666666642413e+01
-2.946666666666624224e+01
-5.826666666666642413e+01
-3.760000000000036380e+01
-5.166666666666696983e+01
-4.200000000000000000e+01
-1.419999999999981810e+01
-2.793333333333339397e+01
-6.600000000000000000e+01
-3.180000000000018190e+01
-5.513333333333321207e+01
-6.193333333333339397e+01
-3.613333333333321207e+01
-5.186666666666678793e+01
-9.199999999999818101e+00
-7.039999999999963620e+01
-3.580000000000018190e+01
1.066666666666606034e+00
-3.560000000000036380e+01
-1.026666666666642413e+01
-4.360000000000036380e+01
-4.819999999999981810e+01
-2.619999999999981810e+01
-6.080000000000018190e+01
-1.246666666666624224e+01
-5.686666666666678793e+01
-4.280000000000018190e+01
-3.519999999999981810e+01
-5.886666666666678793e+01
-2.719999999999981810e+01
8.000000000000000000e+00
-4.880000000000018190e+01
-4.260000000000036380e+01
-1.653333333333375776e+01
-1.546666666666624224e+01
-4.013333333333321207e+01
-2.633333333333303017e+01
-4.306666666666660603e+01
-5.413333333333321207e+01
-5.493333333333339397e+01
-1.353333333333375776e+01
-9.133333333333212067e+00
-2.700000000000000000e+01
-4.033333333333303017e+01
-3.680000000000018190e+01
-1.553333333333375776e+01
-1.533333333333303017e+01
-7.853333333333375776e+01
3.133333333333212067e+00
-1.406666666666660603e+01
-2.806666666666660603e+01
-6.806666666666660603e+01
-4.186666666666678793e+01
-4.339999999999963620e+01
-2.860000000000036380e+01
-4.653333333333375776e+01
-1.180000000000018190e+01
-3.886666666666678793e+01
-2.260000000000036380e+01
-2.000000000000000000e+00
1.633333333333303017e+01
-4.600000000000363798e+00
-2.106666666666660603e+01
-6.473333333333357587e+01
-1.760000000000036380e+01
-6.266666666666696983e+01
-2.600000000000000000e+01
-4.739999999999963620e+01
-3.719999999999981810e+01
-1.473333333333357587e+01
-1.280000000000018190e+01
-4.853333333333375776e+01
-2.113333333333321207e+01
-3.160000000000036380e+01
-5.006666666666660603e+01
-2.586666666666678793e+01
-2.746666666666624224e+01
-6.393333333333339397e+01
-1.360000000000036380e+01
-4.900000000000000000e+01
-5.746666666666624224e+01
-6.933333333333303017e+01
-1.980000000000018190e+01
-1.419999999999981810e+01
-1.733333333333303017e+01
-1.560000000000036380e+01
-2.060000000000036380e+01
-3.346666666666624224e+01
-9.600000000000363798e+00
-4.719999999999981810e+01
-2.893333333333339397e+01
-4.366666666666696983e+01
-5.760000000000036380e+01
-2.866666666666696983e+01
-4.026666666666642413e+01
-3.426666666666642413e+01
-5.600000000000000000e+01
-1.713333333333321207e+01
-3.139999999999963620e+01
-8.233333333333303017e+01
-1.866666666666696983e+01
-3.273333333333357587e+01
5.399999999999636202e+00
-6.546666666666624224e+01
-2.433333333333303017e+01
-5.193333333333339397e+01
3.399999999999636202e+00
-6.526666666666642413e+01
-5.539999999999963620e+01
-2.646666666666624224e+01
-2.353333333333375776e+01
-5.439999999999963620e+01
-5.100000000000000000e+01
-3.933333333333303017e+01
-2.393333333333339397e+01
-5.480000000000018190e+01
-4.446666666666624224e+01
-2.580000000000018190e+01
-6.460000000000036380e+01
-1.480000000000018190e+01
-3.039999999999963620e+01
-6.393333333333339397e+01
-1.273333333333357587e+01
-2.833333333333303017e+01
-9.666666666666969832e+00
-4.139999999999963620e+01
-3.406666666666660603e+01
-7.093333333333339397e+01
-1.253333333333375776e+01
-9.600000000000363798e+00
-2.239999999999963620e+01
-6.453333333333375776e+01
-1.646666666666624224e+01
-6.506666666666660603e+01
-3.326666666666642413e+01
-3.360000000000036380e+01
-3.619999999999981810e+01
-3.660000000000036380e+01
-1.746666666666624224e+01
-3.700000000000000000e+01
-4.239999999999963620e+01
-4.266666666666424135e+00
-4.826666666666642413e+01
-2.666666666666696983e+01
-3.213333333333321207e+01
-4.113333333333321207e+01
5.133333333333212067e+00
-4.106666666666660603e+01
-4.666666666666696983e+01
-6.039999999999963620e+01
-2.166666666666696983e+01
-2.466666666666242236e+00
-1.919999999999981810e+01
-2.466666666666696983e+01
-1.686666666666678793e+01
-3.273333333333357587e+01
-6.546666666666624224e+01
-8.260000000000036380e+01
-7.353333333333375776e+01
-5.033333333333303017e+01
-2.593333333333339397e+01
-7.366666666666696983e+01
-2.800000000000000000e+01
-6.513333333333321207e+01
-3.166666666666696983e+01
-3.373333333333357587e+01
-2.313333333333321207e+01
-2.106666666666660603e+01
-6.280000000000018190e+01
1.880000000000018190e+01
-5.280000000000018190e+01
-3.793333333333339397e+01
-4.286666666666678793e+01
-1.213333333333321207e+01
-4.726666666666642413e+01
-3.000000000000000000e+01
-9.306666666666660603e+01
-4.419999999999981810e+01
-3.819999999999981810e+01
-2.066666666666696983e+01
-4.206666666666660603e+01
-4.833333333333303017e+01
-5.260000000000036380e+01
-9.199999999999818101e+00
-3.566666666666696983e+01
-2.693333333333339397e+01
-5.266666666666424135e+00
-1.066666666666606034e+00
-1.053333333333375776e+01
-2.039999999999963620e+01
3.733333333333575865e+00
-3.686666666666678793e+01
-9.886666666666678793e+01
-1.339999999999963620e+01
-4.046666666666624224e+01
-4.800000000000000000e+01
-2.519999999999981810e+01
-6.233333333333303017e+01
-2.153333333333375776e+01
-6.013333333333321207e+01
-4.800000000000000000e+01
-6.426666666666642413e+01
-2.633333333333303017e+01
-1.500000000000000000e+01
-2.680000000000018190e+01
-4.386666666666678793e+01
-3.546666666666624224e+01
5.066666666666606034e+00
-1.153333333333375776e+01
-1.280000000000018190e+01
-4.666666666666696983e+01
-1.826666666666642413e+01
-2.380000000000018190e+01
3.866666666666787933e+00
2.139999999999963620e+01
-3.939999999999963620e+01
-3.446666666666624224e+01
-1.413333333333321207e+01
-3.880000000000018190e+01
-2.880000000000018190e+01
-5.493333333333339397e+01
-6.846666666666624224e+01
-7.686666666666678793e+01
2.399999999999636202e+00
5.133333333333212067e+00
-1.053333333333375776e+01
-5.480000000000018190e+01
-2.913333333333321207e+01
-4.360000000000036380e+01
-3.600000000000363798e+00
-3.439999999999963620e+01
-2.866666666666787933e+00
-3.826666666666642413e+01
-3.713333333333321207e+01
-1.993333333333339397e+01
-4.153333333333375776e+01
-2.426666666666642413e+01
-2.853333333333375776e+01
-3.533333333333303017e+01
-1.806666666666660603e+01
-6.300000000000000000e+01
-3.060000000000036380e+01
-7.326666666666642413e+01
-7.160000000000036380e+01
-5.066666666666606034e+00
-1.506666666666660603e+01
-5.393333333333339397e+01
-1.353333333333375776e+01
-3.960000000000036380e+01
-6.606666666666660603e+01
-1.880000000000018190e+01
-2.919999999999981810e+01
1.399999999999636202e+00
-5.800000000000181899e+00
-7.333333333333030168e+00
-4.606666666666660603e+01
-4.819999999999981810e+01
-1.906666666666660603e+01
-4.660000000000036380e+01
-1.833333333333303017e+01
-2.233333333333303017e+01
-1.493333333333339397e+01
-4.313333333333321207e+01
-2.339999999999963620e+01
-6.199999999999818101e+00
-2.706666666666660603e+01
-3.800000000000000000e+01
-5.919999999999981810e+01
-3.453333333333375776e+01
-2.546666666666624224e+01
-2.406666666666660603e+01
-5.486666666666678793e+01
-2.813333333333321207e+01
-9.533333333333757764e+00
8.866666666666787933e+00
-3.046666666666624224e+01
-1.993333333333339397e+01
-4.766666666666696983e+01
2.033333333333303017e+01
1.693333333333339397e+01
-4.619999999999981810e+01
-7.413333333333321207e+01
-4.273333333333357587e+01
-5.753333333333375776e+01
-2.919999999999981810e+01
8.533333333333757764e+00
2.539999999999963620e+01
-5.300000000000000000e+01
-3.493333333333339397e+01
-6.139999999999963620e+01
-5.053333333333375776e+01
-5.866666666666696983e+01
-8.866666666666787933e+00
-5.253333333333375776e+01
-2.680000000000018190e+01
-1.273333333333357587e+01
-2.926666666666642413e+01
-1.606666666666660603e+01
-7.333333333333030168e+00
-8.533333333333757764e+00
-8.733333333333575865e+00
3.333333333330301684e-01
1.199999999999818101e+00
-2.546666666666624224e+01
-5.493333333333339397e+01
-2.033333333333303017e+01
-3.806666666666660603e+01
-1.873333333333357587e+01
1.293333333333339397e+01
-3.646666666666624224e+01
-2.260000000000036380e+01
-3.566666666666696983e+01
-4.653333333333375776e+01
-3.653333333333375776e+01
-4.133333333333303017e+01
-4.866666666666787933e+00
-4.193333333333339397e+01
-1.280000000000018190e+01
-2.206666666666660603e+01
-2.119999999999981810e+01
-4.633333333333303017e+01
-2.319999999999981810e+01
-6.339999999999963620e+01
-4.833333333333303017e+01
-8.900000000000000000e+01
-2.946666666666624224e+01
-1.800000000000000000e+01
-2.213333333333321207e+01
-4.526666666666642413e+01
-1.060000000000036380e+01
-1.980000000000018190e+01
8.266666666666424135e+00
6.733333333333575865e+00
-4.946666666666624224e+01
-6.399999999999636202e+00
-3.833333333333303017e+01
-7.733333333333575865e+00
-5.746666666666624224e+01
-1.793333333333339397e+01
-5.600000000000000000e+01
-4.493333333333339397e+01
-3.360000000000036380e+01
3.999999999996362021e-01
-5.399999999999636202e+00
-1.706666666666660603e+01
-4.313333333333321207e+01
-7.080000000000018190e+01
-3.866666666666696983e+01
4.666666666666969832e+00
-2.446666666666624224e+01
-3.939999999999963620e+01
-3.246666666666624224e+01
-4.519999999999981810e+01
-2.439999999999963620e+01
-2.626666666666642413e+01
-6.333333333333030168e+00
-1.386666666666678793e+01
-1.066666666666696983e+01
-3.486666666666678793e+01
-1.293333333333339397e+01
-6.580000000000018190e+01
-4.626666666666642413e+01
-4.706666666666660603e+01
-4.360000000000036380e+01
-1.886666666666678793e+01
-5.893333333333339397e+01
-4.219999999999981810e+01
-1.546666666666624224e+01
8.800000000000181899e+00
-2.186666666666678793e+01
-2.573333333333357587e+01
2.353333333333375776e+01
-8.019999999999981810e+01
-5.026666666666642413e+01
-5.066666666666606034e+00
-3.306666666666660603e+01
-4.173333333333357587e+01
-6.873333333333357587e+01
-6.933333333333393966e+00
-2.353333333333375776e+01
-2.166666666666696983e+01
-1.926666666666642413e+01
-1.839999999999963620e+01
-2.973333333333357587e+01
-4.086666666666678793e+01
1.319999999999981810e+01
-5.813333333333321207e+01
8.199999999999818101e+00
-4.139999999999963620e+01
-6.546666666666624224e+01
1.173333333333357587e+01
-4.766666666666696983e+01
5.133333333333212067e+00
5.333333333337577642e-01
-4.839999999999963620e+01
-6.086666666666678793e+01
-4.293333333333339397e+01
-4.660000000000036380e+01
-2.739999999999963620e+01
-1.119999999999981810e+01
2.400000000000000000e+01
-3.860000000000036380e+01
-3.533333333333303017e+01
2.600000000000363798e+00
-1.673333333333357587e+01
-3.180000000000018190e+01
-1.913333333333321207e+01
-1.033333333333303017e+01
1.406666666666660603e+01
-3.266666666666696983e+01
-8.133333333333212067e+00
-1.860000000000036380e+01
-1.913333333333321207e+01
-4.793333333333339397e+01
-4.093333333333339397e+01
-4.526666666666642413e+01
-3.446666666666624224e+01
-5.746666666666624224e+01
-2.273333333333357587e+01
-2.946666666666624224e+01
-3.553333333333375776e+01
-6.153333333333375776e+01
6.933333333333393966e+00
-7.386666666666678793e+01
-2.173333333333357587e+01
-2.639999999999963620e+01
-2.260000000000036380e+01
-2.593333333333339397e+01
-6.200000000000000000e+01
-3.639999999999963620e+01
7.133333333333212067e+00
-4.913333333333321207e+01
-1.719999999999981810e+01
-3.253333333333375776e+01
-5.600000000000363798e+00
-4.780000000000018190e+01
-2.986666666666678793e+01
-5.800000000000181899e+00
-3.919999999999981810e+01
-4.000000000000000000e+00
-2.806666666666660603e+01
-2.326666666666642413e+01
-1.813333333333321207e+01
-6.080000000000018190e+01
-3.580000000000018190e+01
8.266666666666424135e+00
-2.653333333333375776e+01
-6.493333333333339397e+01
-4.819999999999981810e+01
-1.686666666666678793e+01
-6.333333333333303017e+01
-1.133333333333303017e+01
2.086666666666678793e+01
-3.693333333333339397e+01
-3.600000000000000000e+01
-1.546666666666624224e+01
-4.126666666666642413e+01
-9.666666666666969832e+00
-5.619999999999981810e+01
-3.993333333333339397e+01
4.600000000000363798e+00
-4.493333333333339397e+01
-9.046666666666624224e+01
6.666666666660603369e-02
-4.066666666666696983e+01
-2.019999999999981810e+01
2.666666666666969832e+00
-4.533333333333303017e+01
-1.280000000000018190e+01
2.219999999999981810e+01
-6.966666666666696983e+01
3.819999999999981810e+01
-5.573333333333357587e+01
-6.160000000000036380e+01
-2.813333333333321207e+01
-2.153333333333375776e+01
-2.466666666666696983e+01
-3.400000000000000000e+01
-3.526666666666642413e+01
-8.666666666666969832e+00
-9.893333333333339397e+01
-2.360000000000036380e+01
-3.153333333333375776e+01
-4.760000000000036380e+01
-5.206666666666660603e+01
-2.613333333333321207e+01
-4.460000000000036380e+01
-5.339999999999963620e+01
-6.126666666666642413e+01
-3.739999999999963620e+01
-3.826666666666642413e+01
-2.786666666666678793e+01
-2.966666666666696983e+01
-1.760000000000036380e+01
-6.973333333333357587e+01
1.366666666666696983e+01
-1.946666666666624224e+01
-6.000000000000000000e+00
-2.946666666666624224e+01
-2.646666666666624224e+01
-5.233333333333303017e+01
1.126666666666642413e+01
-3.300000000000000000e+01
-5.286666666666678793e+01
-3.286666666666678793e+01
-4.666666666666696983e+01
-2.053333333333375776e+01
-2.866666666666696983e+01
-6.933333333333393966e+00
-3.746666666666624224e+01
-6.700000000000000000e+01
-4.139999999999963620e+01
-3.426666666666642413e+01
-1.819999999999981810e+01
-4.773333333333357587e+01
-3.166666666666696983e+01
-3.533333333333303017e+01
-4.966666666666696983e+01
-7.633333333333303017e+01
-3.180000000000018190e+01
-4.226666666666642413e+01
-2.180000000000018190e+01
-3.519999999999981810e+01
-4.100000000000000000e+01
-8.866666666666787933e+00
-3.266666666666696983e+01
-1.913333333333321207e+01
-2.300000000000000000e+01
-5.106666666666660603e+01
-2.719999999999981810e+01
-1.480000000000018190e+01
-5.366666666666696983e+01
-2.280000000000018190e+01
1.933333333333393966e+00
-4.953333333333375776e+01
-1.793333333333339397e+01
1.733333333333575865e+00
-2.653333333333375776e+01
-3.400000000000000000e+01
-3.586666666666678793e+01
-2.600000000000000000e+01
-7.000000000000000000e+01
-1.873333333333357587e+01
-2.406666666666660603e+01
-2.233333333333303017e+01
6.199999999999818101e+00
-1.013333333333321207e+01
-5.193333333333339397e+01
-4.439999999999963620e+01
-1.600000000000363798e+00
-4.813333333333321207e+01
2.333333333333030168e+00
-2.406666666666660603e+01
-1.366666666666696983e+01
2.400000000000000000e+01
-2.300000000000000000e+01
-3.733333333333303017e+01
-6.400000000000000000e+01
-1.026666666666642413e+01
-1.886666666666678793e+01
-3.586666666666678793e+01
-4.100000000000000000e+01
-8.700000000000000000e+01
-1.053333333333375776e+01
1.766666666666696983e+01
-3.366666666666696983e+01
-6.966666666666696983e+01
-1.919999999999981810e+01
-7.399999999999636202e+00
-1.219999999999981810e+01
-5.013333333333321207e+01
-3.399999999999636202e+00
-7.300000000000000000e+01
2.966666666666696983e+01
-1.273333333333357587e+01
-5.533333333333757764e+00
-4.160000000000036380e+01
-5.593333333333339397e+01
3.266666666666424135e+00
-1.839999999999963620e+01
-2.553333333333375776e+01
-2.513333333333321207e+01
-1.713333333333321207e+01
6.666666666660603369e-02
9.800000000000181899e+00
-4.900000000000000000e+01
1.239999999999963620e+01
-4.293333333333339397e+01
-2.666666666664241347e-01
1.333333333332120674e-01
-1.366666666666696983e+01
-1.113333333333321207e+01
-2.646666666666624224e+01
-2.526666666666642413e+01
-9.399999999999636202e+00
-1.480000000000018190e+01
-3.773333333333357587e+01
-7.726666666666642413e+01
-3.193333333333339397e+01
-2.953333333333375776e+01
-4.639999999999963620e+01
-1.973333333333357587e+01
-4.893333333333339397e+01
-1.846666666666624224e+01
-7.399999999999636202e+00
-1.019999999999981810e+01
-2.513333333333321207e+01
-2.393333333333339397e+01
-1.500000000000000000e+01
-1.080000000000018190e+01
7.333333333335758653e-01
-3.946666666666624224e+01
-7.213333333333321207e+01
-7.906666666666660603e+01
-5.839999999999963620e+01
-3.506666666666660603e+01
-2.233333333333303017e+01
-2.786666666666678793e+01
-4.073333333333357587e+01
-1.946666666666624224e+01
-2.180000000000018190e+01
-2.266666666666424135e+00
-3.073333333333357587e+01
-2.986666666666678793e+01
-3.039999999999963620e+01
-3.453333333333375776e+01
-4.700000000000000000e+01
-4.433333333333303017e+01
-4.000000000000000000e+01
-2.980000000000018190e+01
-2.013333333333321207e+01
-5.539999999999963620e+01
-2.500000000000000000e+01
-3.953333333333375776e+01
-1.319999999999981810e+01
-3.453333333333375776e+01
-1.453333333333375776e+01
-7.446666666666624224e+01
-3.160000000000036380e+01
-4.766666666666696983e+01
-6.373333333333357587e+01
-3.126666666666642413e+01
-7.473333333333357587e+01
1.680000000000018190e+01
-3.626666666666642413e+01
-4.313333333333321207e+01
-2.313333333333321207e+01
-4.006666666666660603e+01
-2.000000000000000000e+01
-8.333333333333030168e+00
-5.380000000000018190e+01
-3.333333333330301684e-01
-4.280000000000018190e+01
-4.960000000000036380e+01
2.246666666666624224e+01
-3.606666666666660603e+01
-3.573333333333357587e+01
8.266666666666424135e+00
-5.573333333333357587e+01
-1.400000000000000000e+01
-3.300000000000000000e+01
-5.706666666666660603e+01
-3.900000000000000000e+01
-9.600000000000363798e+00
-2.180000000000018190e+01
-3.119999999999981810e+01
-5.333333333337577642e-01
-5.733333333333575865e+00
-3.039999999999963620e+01
-5.146666666666624224e+01
-5.786666666666678793e+01
-7.600000000000363798e+00
-5.146666666666624224e+01
-1.373333333333357587e+01
-5.633333333333303017e+01
-3.633333333333303017e+01
-3.166666666666696983e+01
-5.533333333333303017e+01
-3.846666666666624224e+01
-4.300000000000000000e+01
-1.939999999999963620e+01
-7.133333333333212067e+00
-1.846666666666669698e+01
-3.939999999999963620e+01
5.280000000000018190e+01
-1.266666666666651508e+01
-3.059999999999990905e+01
-1.506666666666660603e+01
-4.399999999999636202e+00
-1.793333333333339397e+01
-3.633333333333348492e+01
-3.793333333333339397e+01
-4.986666666666678793e+01
-3.133333333333212067e+00
-6.666666666660603369e-02
5.333333333333484916e+00
-2.693333333333339397e+01
-3.633333333333303017e+01
-2.219999999999981810e+01
-2.199999999999818101e+00
-4.133333333333212067e+00
-6.666666666666515084e+00
3.199999999999818101e+00
