-4.000000000000000000e+00
1.000000000000000000e+00
1.000000000000000000e+00
-2.000000000000000000e+00
5.000000000000000000e+00
1.000000000000000000e+00
-1.800000000000000000e+01
-1.100000000000000000e+01
-1.000000000000000000e+00
-1.300000000000000000e+01
-1.100000000000000000e+01
-1.800000000000000000e+01
6.000000000000000000e+00
-3.000000000000000000e+00
2.000000000000000000e+00
4.000000000000000000e+00
2.700000000000000000e+01
1.500000000000000000e+01
-1.100000000000000000e+01
-4.000000000000000000e+00
4.000000000000000000e+01
5.000000000000000000e+00
1.000000000000000000e+01
-4.000000000000000000e+00
-1.400000000000000000e+01
-8.000000000000000000e+00
-6.000000000000000000e+00
-2.400000000000000000e+01
-2.000000000000000000e+00
-3.000000000000000000e+00
3.000000000000000000e+00
-4.000000000000000000e+00
1.100000000000000000e+01
-3.000000000000000000e+00
-1.000000000000000000e+01
-1.400000000000000000e+01
-5.000000000000000000e+00
2.800000000000000000e+01
-1.000000000000000000e+00
9.000000000000000000e+00
-2.900000000000000000e+01
0.000000000000000000e+00
-2.000000000000000000e+00
2.000000000000000000e+00
-7.000000000000000000e+00
-1.700000000000000000e+01
4.000000000000000000e+00
1.500000000000000000e+01
7.000000000000000000e+00
-1.600000000000000000e+01
6.000000000000000000e+00
-3.900000000000000000e+01
-1.600000000000000000e+01
2.900000000000000000e+01
-2.000000000000000000e+00
-2.100000000000000000e+01
2.000000000000000000e+00
-1.400000000000000000e+01
-5.000000000000000000e+00
-1.600000000000000000e+01
-1.100000000000000000e+01
1.200000000000000000e+01
-3.300000000000000000e+01
1.000000000000000000e+01
-2.200000000000000000e+01
4.000000000000000000e+00
-3.000000000000000000e+01
2.800000000000000000e+01
1.500000000000000000e+01
-1.000000000000000000e+01
-2.100000000000000000e+01
1.500000000000000000e+01
1.600000000000000000e+01
-1.800000000000000000e+01
-1.000000000000000000e+01
1.700000000000000000e+01
7.000000000000000000e+00
1.500000000000000000e+01
2.500000000000000000e+01
8.000000000000000000e+00
-3.000000000000000000e+00
1.000000000000000000e+00
-3.300000000000000000e+01
3.000000000000000000e+01
-5.000000000000000000e+00
-3.700000000000000000e+01
1.000000000000000000e+01
-1.800000000000000000e+01
1.200000000000000000e+01
-2.800000000000000000e+01
-1.600000000000000000e+01
2.000000000000000000e+00
-6.000000000000000000e+00
7.000000000000000000e+00
9.000000000000000000e+00
6.000000000000000000e+00
4.000000000000000000e+00
-1.300000000000000000e+01
-3.300000000000000000e+01
-1.400000000000000000e+01
4.000000000000000000e+00
1.500000000000000000e+01
-7.000000000000000000e+00
-1.600000000000000000e+01
-9.000000000000000000e+00
-1.000000000000000000e+00
-3.000000000000000000e+00
2.200000000000000000e+01
2.000000000000000000e+00
4.000000000000000000e+00
3.000000000000000000e+00
1.000000000000000000e+01
-1.000000000000000000e+00
9.000000000000000000e+00
-1.300000000000000000e+01
1.500000000000000000e+01
1.700000000000000000e+01
5.000000000000000000e+00
-4.000000000000000000e+00
1.600000000000000000e+01
1.800000000000000000e+01
9.000000000000000000e+00
2.000000000000000000e+00
5.000000000000000000e+00
2.000000000000000000e+01
-2.700000000000000000e+01
-2.000000000000000000e+00
-1.800000000000000000e+01
1.000000000000000000e+01
1.200000000000000000e+01
2.000000000000000000e+00
2.100000000000000000e+01
1.000000000000000000e+00
1.500000000000000000e+01
-2.000000000000000000e+00
2.000000000000000000e+01
-4.000000000000000000e+00
2.500000000000000000e+01
-2.000000000000000000e+00
1.200000000000000000e+01
8.000000000000000000e+00
9.000000000000000000e+00
9.000000000000000000e+00
3.000000000000000000e+00
2.400000000000000000e+01
2.600000000000000000e+01
2.300000000000000000e+01
-1.000000000000000000e+01
-9.000000000000000000e+00
-3.000000000000000000e+00
-6.000000000000000000e+00
2.100000000000000000e+01
4.000000000000000000e+00
1.200000000000000000e+01
1.100000000000000000e+01
-1.000000000000000000e+01
1.300000000000000000e+01
1.900000000000000000e+01
-1.500000000000000000e+01
-1.900000000000000000e+01
3.000000000000000000e+00
-1.000000000000000000e+00
-8.000000000000000000e+00
-2.100000000000000000e+01
-1.800000000000000000e+01
-1.800000000000000000e+01
-1.100000000000000000e+01
-1.300000000000000000e+01
1.600000000000000000e+01
-9.000000000000000000e+00
1.400000000000000000e+01
-1.000000000000000000e+00
-1.900000000000000000e+01
-6.000000000000000000e+00
-8.000000000000000000e+00
-1.300000000000000000e+01
-5.000000000000000000e+00
1.000000000000000000e+01
-5.000000000000000000e+00
1.100000000000000000e+01
-1.300000000000000000e+01
-6.000000000000000000e+00
-1.200000000000000000e+01
-3.100000000000000000e+01
1.900000000000000000e+01
-3.400000000000000000e+01
1.300000000000000000e+01
-5.000000000000000000e+00
-2.000000000000000000e+00
4.800000000000000000e+01
6.000000000000000000e+00
-1.300000000000000000e+01
9.000000000000000000e+00
-1.100000000000000000e+01
1.200000000000000000e+01
-8.000000000000000000e+00
3.000000000000000000e+00
8.000000000000000000e+00
8.000000000000000000e+00
1.000000000000000000e+00
-1.100000000000000000e+01
-4.000000000000000000e+00
-1.500000000000000000e+01
1.700000000000000000e+01
-1.400000000000000000e+01
-2.800000000000000000e+01
-4.000000000000000000e+00
1.000000000000000000e+00
-1.800000000000000000e+01
-8.000000000000000000e+00
1.700000000000000000e+01
1.100000000000000000e+01
2.400000000000000000e+01
-2.000000000000000000e+00
2.000000000000000000e+00
8.000000000000000000e+00
1.300000000000000000e+01
1.300000000000000000e+01
2.300000000000000000e+01
2.000000000000000000e+00
2.400000000000000000e+01
-3.000000000000000000e+00
-3.100000000000000000e+01
1.400000000000000000e+01
-2.100000000000000000e+01
-1.000000000000000000e+01
-7.000000000000000000e+00
-1.400000000000000000e+01
2.600000000000000000e+01
0.000000000000000000e+00
-9.000000000000000000e+00
0.000000000000000000e+00
6.000000000000000000e+00
1.200000000000000000e+01
-4.000000000000000000e+00
-2.000000000000000000e+00
2.000000000000000000e+00
-4.000000000000000000e+00
-7.000000000000000000e+00
1.300000000000000000e+01
1.000000000000000000e+01
-2.300000000000000000e+01
1.100000000000000000e+01
3.000000000000000000e+00
3.200000000000000000e+01
-8.000000000000000000e+00
1.100000000000000000e+01
2.300000000000000000e+01
-8.000000000000000000e+00
2.600000000000000000e+01
1.000000000000000000e+00
-9.000000000000000000e+00
-1.500000000000000000e+01
1.800000000000000000e+01
-4.500000000000000000e+01
9.000000000000000000e+00
9.000000000000000000e+00
-1.000000000000000000e+00
-4.400000000000000000e+01
-1.400000000000000000e+01
6.000000000000000000e+00
3.400000000000000000e+01
1.600000000000000000e+01
2.400000000000000000e+01
-4.000000000000000000e+00
1.900000000000000000e+01
6.000000000000000000e+00
1.500000000000000000e+01
1.800000000000000000e+01
6.000000000000000000e+00
2.600000000000000000e+01
-1.000000000000000000e+00
-3.000000000000000000e+00
-2.800000000000000000e+01
1.800000000000000000e+01
-3.000000000000000000e+00
-1.200000000000000000e+01
-6.000000000000000000e+00
-2.500000000000000000e+01
1.300000000000000000e+01
-4.000000000000000000e+00
-2.800000000000000000e+01
-3.500000000000000000e+01
-1.000000000000000000e+01
-1.100000000000000000e+01
-2.000000000000000000e+00
-3.400000000000000000e+01
-4.500000000000000000e+01
-1.400000000000000000e+01
1.700000000000000000e+01
-8.000000000000000000e+00
9.000000000000000000e+00
-2.100000000000000000e+01
9.000000000000000000e+00
-5.000000000000000000e+00
2.000000000000000000e+01
-1.600000000000000000e+01
0.000000000000000000e+00
5.000000000000000000e+00
2.100000000000000000e+01
1.600000000000000000e+01
-2.500000000000000000e+01
-3.600000000000000000e+01
-8.000000000000000000e+00
-2.500000000000000000e+01
1.500000000000000000e+01
-2.400000000000000000e+01
-1.800000000000000000e+01
-3.000000000000000000e+00
1.000000000000000000e+01
-3.800000000000000000e+01
1.300000000000000000e+01
3.500000000000000000e+01
5.000000000000000000e+00
-2.000000000000000000e+01
1.900000000000000000e+01
1.500000000000000000e+01
2.900000000000000000e+01
-6.000000000000000000e+00
-8.000000000000000000e+00
-5.000000000000000000e+01
-1.600000000000000000e+01
-3.000000000000000000e+01
1.600000000000000000e+01
1.000000000000000000e+00
-3.000000000000000000e+00
2.200000000000000000e+01
8.000000000000000000e+00
-2.700000000000000000e+01
-1.000000000000000000e+01
2.500000000000000000e+01
2.400000000000000000e+01
-2.100000000000000000e+01
2.600000000000000000e+01
4.000000000000000000e+00
-8.000000000000000000e+00
3.000000000000000000e+01
7.000000000000000000e+00
6.000000000000000000e+00
1.100000000000000000e+01
-1.300000000000000000e+01
1.700000000000000000e+01
1.300000000000000000e+01
5.000000000000000000e+00
2.500000000000000000e+01
-1.200000000000000000e+01
-2.500000000000000000e+01
-3.400000000000000000e+01
-7.000000000000000000e+00
-1.300000000000000000e+01
5.000000000000000000e+00
-7.000000000000000000e+00
1.800000000000000000e+01
-2.500000000000000000e+01
1.400000000000000000e+01
0.000000000000000000e+00
3.000000000000000000e+00
4.000000000000000000e+00
3.000000000000000000e+00
-3.600000000000000000e+01
-1.800000000000000000e+01
1.700000000000000000e+01
-7.000000000000000000e+00
6.000000000000000000e+00
-4.000000000000000000e+00
1.000000000000000000e+01
1.200000000000000000e+01
1.000000000000000000e+00
3.000000000000000000e+00
0.000000000000000000e+00
-1.200000000000000000e+01
-3.000000000000000000e+00
-1.900000000000000000e+01
-3.400000000000000000e+01
2.000000000000000000e+00
2.000000000000000000e+00
-2.900000000000000000e+01
-5.000000000000000000e+00
-2.200000000000000000e+01
2.300000000000000000e+01
2.400000000000000000e+01
-1.200000000000000000e+01
-2.500000000000000000e+01
3.500000000000000000e+01
-2.100000000000000000e+01
2.200000000000000000e+01
-2.600000000000000000e+01
2.000000000000000000e+00
1.700000000000000000e+01
1.900000000000000000e+01
-1.600000000000000000e+01
-3.000000000000000000e+00
2.000000000000000000e+00
2.000000000000000000e+00
-1.800000000000000000e+01
1.900000000000000000e+01
-1.000000000000000000e+00
2.000000000000000000e+00
-5.000000000000000000e+00
2.000000000000000000e+01
-7.000000000000000000e+00
-5.000000000000000000e+00
3.000000000000000000e+00
-2.300000000000000000e+01
-9.000000000000000000e+00
-9.000000000000000000e+00
3.600000000000000000e+01
9.000000000000000000e+00
-1.000000000000000000e+01
-5.000000000000000000e+00
2.000000000000000000e+00
-9.000000000000000000e+00
-2.800000000000000000e+01
-2.600000000000000000e+01
7.000000000000000000e+00
-2.400000000000000000e+01
9.000000000000000000e+00
4.000000000000000000e+00
-1.500000000000000000e+01
2.300000000000000000e+01
5.000000000000000000e+00
-7.000000000000000000e+00
-1.900000000000000000e+01
-9.000000000000000000e+00
1.000000000000000000e+00
0.000000000000000000e+00
0.000000000000000000e+00
-1.000000000000000000e+00
-2.100000000000000000e+01
-3.000000000000000000e+00
-6.000000000000000000e+00
-4.000000000000000000e+00
-3.000000000000000000e+00
-1.100000000000000000e+01
1.400000000000000000e+01
-2.000000000000000000e+00
-5.000000000000000000e+00
2.000000000000000000e+00
-1.600000000000000000e+01
1.100000000000000000e+01
3.400000000000000000e+01
-1.600000000000000000e+01
9.000000000000000000e+00
1.900000000000000000e+01
6.000000000000000000e+00
2.200000000000000000e+01
4.000000000000000000e+00
-1.700000000000000000e+01
-3.000000000000000000e+00
3.900000000000000000e+01
-1.000000000000000000e+01
9.000000000000000000e+00
-1.000000000000000000e+00
-1.300000000000000000e+01
-8.000000000000000000e+00
2.000000000000000000e+00
2.900000000000000000e+01
5.000000000000000000e+00
-7.000000000000000000e+00
1.300000000000000000e+01
-3.000000000000000000e+00
-1.200000000000000000e+01
-2.200000000000000000e+01
-7.000000000000000000e+00
2.000000000000000000e+00
2.000000000000000000e+00
2.900000000000000000e+01
1.000000000000000000e+01
6.000000000000000000e+00
2.000000000000000000e+01
-1.100000000000000000e+01
-2.000000000000000000e+00
7.800000000000000000e+01
-1.000000000000000000e+01
-1.000000000000000000e+01
-1.400000000000000000e+01
1.900000000000000000e+01
1.600000000000000000e+01
1.900000000000000000e+01
1.100000000000000000e+01
-2.000000000000000000e+01
6.000000000000000000e+00
-1.000000000000000000e+01
0.000000000000000000e+00
-3.600000000000000000e+01
1.300000000000000000e+01
-5.000000000000000000e+00
8.000000000000000000e+00
3.000000000000000000e+00
1.000000000000000000e+01
1.700000000000000000e+01
-1.000000000000000000e+00
2.600000000000000000e+01
1.100000000000000000e+01
1.100000000000000000e+01
4.000000000000000000e+00
2.000000000000000000e+00
-1.300000000000000000e+01
1.000000000000000000e+00
-2.000000000000000000e+01
1.200000000000000000e+01
4.900000000000000000e+01
0.000000000000000000e+00
1.300000000000000000e+01
-5.000000000000000000e+00
1.000000000000000000e+00
6.000000000000000000e+00
-1.400000000000000000e+01
-1.200000000000000000e+01
-1.800000000000000000e+01
-1.200000000000000000e+01
1.400000000000000000e+01
2.000000000000000000e+01
-6.000000000000000000e+00
2.400000000000000000e+01
-4.000000000000000000e+00
-8.000000000000000000e+00
-6.000000000000000000e+00
-7.000000000000000000e+00
1.900000000000000000e+01
1.000000000000000000e+00
2.200000000000000000e+01
-3.100000000000000000e+01
7.000000000000000000e+00
-3.100000000000000000e+01
-4.000000000000000000e+00
1.000000000000000000e+01
5.000000000000000000e+00
1.600000000000000000e+01
-1.400000000000000000e+01
9.000000000000000000e+00
7.000000000000000000e+00
1.900000000000000000e+01
3.700000000000000000e+01
2.100000000000000000e+01
8.000000000000000000e+00
-1.900000000000000000e+01
-2.000000000000000000e+00
1.000000000000000000e+00
1.200000000000000000e+01
4.100000000000000000e+01
1.900000000000000000e+01
3.900000000000000000e+01
-9.000000000000000000e+00
4.000000000000000000e+01
-1.400000000000000000e+01
1.000000000000000000e+01
1.000000000000000000e+01
1.600000000000000000e+01
4.000000000000000000e+00
4.000000000000000000e+00
-1.200000000000000000e+01
4.200000000000000000e+01
-1.900000000000000000e+01
3.900000000000000000e+01
-1.800000000000000000e+01
7.000000000000000000e+00
-5.000000000000000000e+00
6.000000000000000000e+00
8.000000000000000000e+00
9.000000000000000000e+00
-6.000000000000000000e+00
4.000000000000000000e+00
2.000000000000000000e+00
1.700000000000000000e+01
-7.000000000000000000e+00
-6.000000000000000000e+00
1.200000000000000000e+01
-8.000000000000000000e+00
2.800000000000000000e+01
-1.000000000000000000e+01
2.200000000000000000e+01
6.000000000000000000e+00
8.000000000000000000e+00
8.000000000000000000e+00
3.300000000000000000e+01
-1.400000000000000000e+01
-3.000000000000000000e+00
3.500000000000000000e+01
0.000000000000000000e+00
-3.700000000000000000e+01
4.000000000000000000e+00
-2.400000000000000000e+01
1.200000000000000000e+01
6.000000000000000000e+00
1.600000000000000000e+01
2.000000000000000000e+01
1.000000000000000000e+01
-1.100000000000000000e+01
2.000000000000000000e+01
-4.000000000000000000e+00
2.600000000000000000e+01
2.300000000000000000e+01
-5.000000000000000000e+00
3.000000000000000000e+00
4.000000000000000000e+00
7.000000000000000000e+00
-9.000000000000000000e+00
1.000000000000000000e+01
2.000000000000000000e+00
-7.000000000000000000e+00
1.600000000000000000e+01
1.600000000000000000e+01
3.000000000000000000e+01
1.800000000000000000e+01
2.000000000000000000e+01
-2.000000000000000000e+00
-2.000000000000000000e+00
1.100000000000000000e+01
8.000000000000000000e+00
3.000000000000000000e+00
-6.000000000000000000e+00
-6.000000000000000000e+00
8.000000000000000000e+00
-2.400000000000000000e+01
1.900000000000000000e+01
-1.300000000000000000e+01
0.000000000000000000e+00
6.000000000000000000e+00
4.000000000000000000e+00
5.000000000000000000e+00
-2.100000000000000000e+01
2.000000000000000000e+01
1.500000000000000000e+01
5.000000000000000000e+00
-2.700000000000000000e+01
3.500000000000000000e+01
3.000000000000000000e+01
6.000000000000000000e+00
-2.800000000000000000e+01
5.000000000000000000e+00
9.000000000000000000e+00
6.000000000000000000e+00
-4.000000000000000000e+00
2.000000000000000000e+00
9.000000000000000000e+00
-2.800000000000000000e+01
1.700000000000000000e+01
1.500000000000000000e+01
-4.000000000000000000e+00
0.000000000000000000e+00
-3.000000000000000000e+00
6.000000000000000000e+00
-8.000000000000000000e+00
8.000000000000000000e+00
3.000000000000000000e+01
-1.100000000000000000e+01
9.000000000000000000e+00
2.200000000000000000e+01
-9.000000000000000000e+00
-1.200000000000000000e+01
-3.800000000000000000e+01
2.700000000000000000e+01
2.700000000000000000e+01
1.100000000000000000e+01
-3.300000000000000000e+01
2.300000000000000000e+01
-7.000000000000000000e+00
2.100000000000000000e+01
2.700000000000000000e+01
-1.000000000000000000e+00
2.600000000000000000e+01
-2.300000000000000000e+01
3.400000000000000000e+01
-5.000000000000000000e+00
-8.000000000000000000e+00
1.000000000000000000e+00
3.300000000000000000e+01
2.800000000000000000e+01
2.400000000000000000e+01
-1.400000000000000000e+01
-1.500000000000000000e+01
2.000000000000000000e+01
-2.000000000000000000e+00
8.000000000000000000e+00
-8.000000000000000000e+00
2.100000000000000000e+01
3.900000000000000000e+01
9.000000000000000000e+00
-1.600000000000000000e+01
1.100000000000000000e+01
1.700000000000000000e+01
-1.300000000000000000e+01
2.000000000000000000e+00
-9.000000000000000000e+00
-6.000000000000000000e+00
2.600000000000000000e+01
2.000000000000000000e+00
1.000000000000000000e+01
-3.000000000000000000e+00
2.700000000000000000e+01
7.000000000000000000e+00
4.200000000000000000e+01
1.000000000000000000e+00
2.200000000000000000e+01
2.000000000000000000e+01
-8.000000000000000000e+00
1.100000000000000000e+01
-1.200000000000000000e+01
1.400000000000000000e+01
1.200000000000000000e+01
3.200000000000000000e+01
1.800000000000000000e+01
-2.500000000000000000e+01
2.300000000000000000e+01
6.200000000000000000e+01
-3.000000000000000000e+00
9.000000000000000000e+00
4.100000000000000000e+01
3.400000000000000000e+01
4.000000000000000000e+00
5.000000000000000000e+00
1.900000000000000000e+01
3.000000000000000000e+01
3.500000000000000000e+01
-1.600000000000000000e+01
1.400000000000000000e+01
-1.000000000000000000e+00
1.200000000000000000e+01
2.700000000000000000e+01
-4.000000000000000000e+00
3.300000000000000000e+01
1.100000000000000000e+01
-1.500000000000000000e+01
1.600000000000000000e+01
-1.600000000000000000e+01
1.000000000000000000e+01
8.000000000000000000e+00
1.300000000000000000e+01
3.800000000000000000e+01
1.600000000000000000e+01
1.300000000000000000e+01
2.100000000000000000e+01
3.000000000000000000e+00
1.200000000000000000e+01
1.000000000000000000e+01
-7.000000000000000000e+00
2.200000000000000000e+01
3.100000000000000000e+01
5.000000000000000000e+01
2.100000000000000000e+01
8.000000000000000000e+00
2.700000000000000000e+01
3.000000000000000000e+00
-4.900000000000000000e+01
1.700000000000000000e+01
4.000000000000000000e+00
3.200000000000000000e+01
2.100000000000000000e+01
2.000000000000000000e+00
3.100000000000000000e+01
-1.200000000000000000e+01
-6.000000000000000000e+00
2.700000000000000000e+01
2.900000000000000000e+01
1.800000000000000000e+01
8.000000000000000000e+00
2.800000000000000000e+01
6.000000000000000000e+00
1.800000000000000000e+01
4.000000000000000000e+01
1.900000000000000000e+01
1.400000000000000000e+01
3.100000000000000000e+01
1.500000000000000000e+01
4.900000000000000000e+01
-8.000000000000000000e+00
3.600000000000000000e+01
3.000000000000000000e+00
2.600000000000000000e+01
1.500000000000000000e+01
9.000000000000000000e+00
-5.000000000000000000e+00
5.700000000000000000e+01
1.800000000000000000e+01
7.000000000000000000e+00
-3.000000000000000000e+01
1.100000000000000000e+01
1.400000000000000000e+01
3.800000000000000000e+01
1.200000000000000000e+01
3.700000000000000000e+01
2.300000000000000000e+01
7.000000000000000000e+00
3.100000000000000000e+01
2.000000000000000000e+01
7.000000000000000000e+00
1.900000000000000000e+01
2.000000000000000000e+01
3.100000000000000000e+01
2.800000000000000000e+01
3.700000000000000000e+01
7.000000000000000000e+00
-5.000000000000000000e+00
4.500000000000000000e+01
1.200000000000000000e+01
1.600000000000000000e+01
1.100000000000000000e+01
-4.000000000000000000e+00
1.200000000000000000e+01
-1.400000000000000000e+01
1.600000000000000000e+01
1.800000000000000000e+01
1.000000000000000000e+00
1.300000000000000000e+01
2.200000000000000000e+01
2.500000000000000000e+01
1.000000000000000000e+00
-1.100000000000000000e+01
1.400000000000000000e+01
2.700000000000000000e+01
4.600000000000000000e+01
1.300000000000000000e+01
4.300000000000000000e+01
-1.700000000000000000e+01
3.000000000000000000e+01
2.900000000000000000e+01
1.800000000000000000e+01
3.900000000000000000e+01
1.300000000000000000e+01
1.700000000000000000e+01
1.000000000000000000e+01
9.000000000000000000e+00
2.500000000000000000e+01
5.000000000000000000e+01
-1.100000000000000000e+01
3.400000000000000000e+01
3.900000000000000000e+01
1.500000000000000000e+01
-3.000000000000000000e+00
1.900000000000000000e+01
1.300000000000000000e+01
-2.400000000000000000e+01
-2.000000000000000000e+00
4.200000000000000000e+01
1.900000000000000000e+01
2.500000000000000000e+01
-5.000000000000000000e+00
1.000000000000000000e+00
3.400000000000000000e+01
3.800000000000000000e+01
3.400000000000000000e+01
-3.400000000000000000e+01
2.000000000000000000e+01
3.800000000000000000e+01
4.900000000000000000e+01
2.800000000000000000e+01
3.800000000000000000e+01
1.700000000000000000e+01
5.100000000000000000e+01
2.700000000000000000e+01
-4.000000000000000000e+00
8.000000000000000000e+00
8.000000000000000000e+00
-5.000000000000000000e+00
3.000000000000000000e+01
2.400000000000000000e+01
1.900000000000000000e+01
1.600000000000000000e+01
1.600000000000000000e+01
3.700000000000000000e+01
2.400000000000000000e+01
4.500000000000000000e+01
1.100000000000000000e+01
2.900000000000000000e+01
1.200000000000000000e+01
5.000000000000000000e+00
3.500000000000000000e+01
4.100000000000000000e+01
5.000000000000000000e+01
3.500000000000000000e+01
2.500000000000000000e+01
3.000000000000000000e+01
3.800000000000000000e+01
3.700000000000000000e+01
4.600000000000000000e+01
3.500000000000000000e+01
5.700000000000000000e+01
9.100000000000000000e+01
3.400000000000000000e+01
6.700000000000000000e+01
6.400000000000000000e+01
6.600000000000000000e+01
8.100000000000000000e+01
1.160000000000000000e+02
5.800000000000000000e+01
9.800000000000000000e+01
9.000000000000000000e+01
1.040000000000000000e+02
1.500000000000000000e+02
1.680000000000000000e+02
1.440000000000000000e+02
2.030000000000000000e+02
2.240000000000000000e+02
2.410000000000000000e+02
2.710000000000000000e+02
2.720000000000000000e+02
3.580000000000000000e+02
3.730000000000000000e+02
4.520000000000000000e+02
4.980000000000000000e+02
5.640000000000000000e+02
6.430000000000000000e+02
6.910000000000000000e+02
7.830000000000000000e+02
8.770000000000000000e+02
9.610000000000000000e+02
1.135000000000000000e+03
1.205000000000000000e+03
1.323000000000000000e+03
1.468000000000000000e+03
1.554000000000000000e+03
1.645000000000000000e+03
1.864000000000000000e+03
2.009000000000000000e+03
2.070000000000000000e+03
2.194000000000000000e+03
2.406000000000000000e+03
2.596000000000000000e+03
2.691000000000000000e+03
2.826000000000000000e+03
2.957000000000000000e+03
3.122000000000000000e+03
3.247000000000000000e+03
3.297000000000000000e+03
3.457000000000000000e+03
3.616000000000000000e+03
3.701000000000000000e+03
3.651000000000000000e+03
3.842000000000000000e+03
3.905000000000000000e+03
3.837000000000000000e+03
3.871000000000000000e+03
3.865000000000000000e+03
3.959000000000000000e+03
3.836000000000000000e+03
3.896000000000000000e+03
3.900000000000000000e+03
3.793000000000000000e+03
3.680000000000000000e+03
3.649000000000000000e+03
3.528000000000000000e+03
3.434000000000000000e+03
3.367000000000000000e+03
3.231000000000000000e+03
3.070000000000000000e+03
2.918000000000000000e+03
2.876000000000000000e+03
2.692000000000000000e+03
2.536000000000000000e+03
2.501000000000000000e+03
2.365000000000000000e+03
2.229000000000000000e+03
1.987000000000000000e+03
1.888000000000000000e+03
1.749000000000000000e+03
1.648000000000000000e+03
1.532000000000000000e+03
1.406000000000000000e+03
1.262000000000000000e+03
1.158000000000000000e+03
1.034000000000000000e+03
9.650000000000000000e+02
8.480000000000000000e+02
7.990000000000000000e+02
7.090000000000000000e+02
6.490000000000000000e+02
5.570000000000000000e+02
5.170000000000000000e+02
4.480000000000000000e+02
3.990000000000000000e+02
3.480000000000000000e+02
3.040000000000000000e+02
2.700000000000000000e+02
2.120000000000000000e+02
1.970000000000000000e+02
1.780000000000000000e+02
1.540000000000000000e+02
1.270000000000000000e+02
1.040000000000000000e+02
1.030000000000000000e+02
8.600000000000000000e+01
5.400000000000000000e+01
4.300000000000000000e+01
7.200000000000000000e+01
4.200000000000000000e+01
4.400000000000000000e+01
4.300000000000000000e+01
4.500000000000000000e+01
1.900000000000000000e+01
2.800000000000000000e+01
4.500000000000000000e+01
1.800000000000000000e+01
1.900000000000000000e+01
5.000000000000000000e+00
2.400000000000000000e+01
4.300000000000000000e+01
3.800000000000000000e+01
1.000000000000000000e+01
3.100000000000000000e+01
3.000000000000000000e+01
-6.000000000000000000e+00
1.600000000000000000e+01
-1.500000000000000000e+01
1.700000000000000000e+01
2.600000000000000000e+01
8.000000000000000000e+00
1.200000000000000000e+01
7.000000000000000000e+00
5.000000000000000000e+01
5.000000000000000000e+00
1.900000000000000000e+01
-1.900000000000000000e+01
3.000000000000000000e+00
3.700000000000000000e+01
3.100000000000000000e+01
2.000000000000000000e+01
1.800000000000000000e+01
1.700000000000000000e+01
2.500000000000000000e+01
-1.000000000000000000e+00
-5.000000000000000000e+00
2.900000000000000000e+01
1.900000000000000000e+01
2.200000000000000000e+01
1.000000000000000000e+01
2.600000000000000000e+01
-3.000000000000000000e+00
2.600000000000000000e+01
2.700000000000000000e+01
-1.300000000000000000e+01
1.900000000000000000e+01
1.700000000000000000e+01
6.000000000000000000e+00
1.300000000000000000e+01
3.600000000000000000e+01
1.300000000000000000e+01
3.100000000000000000e+01
5.000000000000000000e+00
1.600000000000000000e+01
1.000000000000000000e+00
1.200000000000000000e+01
1.700000000000000000e+01
1.500000000000000000e+01
3.600000000000000000e+01
-7.000000000000000000e+00
-1.300000000000000000e+01
2.000000000000000000e+00
2.100000000000000000e+01
3.600000000000000000e+01
1.700000000000000000e+01
1.700000000000000000e+01
1.300000000000000000e+01
1.900000000000000000e+01
-1.800000000000000000e+01
2.100000000000000000e+01
4.000000000000000000e+01
-3.000000000000000000e+00
1.800000000000000000e+01
6.000000000000000000e+00
-8.000000000000000000e+00
2.200000000000000000e+01
1.400000000000000000e+01
2.300000000000000000e+01
-2.000000000000000000e+00
4.000000000000000000e+00
1.000000000000000000e+01
4.000000000000000000e+00
8.000000000000000000e+00
-1.700000000000000000e+01
1.200000000000000000e+01
3.000000000000000000e+01
1.800000000000000000e+01
6.000000000000000000e+00
0.000000000000000000e+00
1.000000000000000000e+01
-1.000000000000000000e+00
1.300000000000000000e+01
3.700000000000000000e+01
2.600000000000000000e+01
-3.000000000000000000e+00
7.000000000000000000e+00
-1.500000000000000000e+01
2.100000000000000000e+01
-2.400000000000000000e+01
4.000000000000000000e+00
2.700000000000000000e+01
1.000000000000000000e+00
2.900000000000000000e+01
7.000000000000000000e+00
1.900000000000000000e+01
4.500000000000000000e+01
4.000000000000000000e+00
1.500000000000000000e+01
1.400000000000000000e+01
6.000000000000000000e+00
-1.100000000000000000e+01
-1.000000000000000000e+00
3.300000000000000000e+01
1.500000000000000000e+01
1.300000000000000000e+01
7.000000000000000000e+00
2.700000000000000000e+01
-1.300000000000000000e+01
2.900000000000000000e+01
-7.000000000000000000e+00
1.600000000000000000e+01
8.000000000000000000e+00
1.100000000000000000e+01
1.400000000000000000e+01
2.300000000000000000e+01
9.000000000000000000e+00
-1.500000000000000000e+01
-2.100000000000000000e+01
-4.000000000000000000e+00
3.800000000000000000e+01
1.400000000000000000e+01
-1.100000000000000000e+01
8.000000000000000000e+00
-1.300000000000000000e+01
4.500000000000000000e+01
5.000000000000000000e+00
-1.100000000000000000e+01
1.500000000000000000e+01
3.000000000000000000e+01
1.000000000000000000e+00
2.100000000000000000e+01
-3.000000000000000000e+01
1.500000000000000000e+01
3.000000000000000000e+01
2.100000000000000000e+01
2.400000000000000000e+01
4.000000000000000000e+00
3.000000000000000000e+01
3.400000000000000000e+01
6.000000000000000000e+00
-4.000000000000000000e+00
3.100000000000000000e+01
1.800000000000000000e+01
-1.500000000000000000e+01
6.000000000000000000e+00
2.400000000000000000e+01
-1.700000000000000000e+01
1.700000000000000000e+01
2.200000000000000000e+01
-2.800000000000000000e+01
1.000000000000000000e+00
1.200000000000000000e+01
-2.500000000000000000e+01
1.200000000000000000e+01
-8.000000000000000000e+00
2.200000000000000000e+01
3.000000000000000000e+00
2.000000000000000000e+00
9.000000000000000000e+00
-1.100000000000000000e+01
1.800000000000000000e+01
5.700000000000000000e+01
-7.000000000000000000e+00
-1.700000000000000000e+01
1.400000000000000000e+01
2.000000000000000000e+01
-8.000000000000000000e+00
6.000000000000000000e+00
1.500000000000000000e+01
7.000000000000000000e+00
1.200000000000000000e+01
2.500000000000000000e+01
1.100000000000000000e+01
1.900000000000000000e+01
1.200000000000000000e+01
1.400000000000000000e+01
-2.000000000000000000e+00
-1.100000000000000000e+01
2.900000000000000000e+01
9.000000000000000000e+00
3.000000000000000000e+01
-1.900000000000000000e+01
1.000000000000000000e+00
-1.400000000000000000e+01
1.900000000000000000e+01
-2.000000000000000000e+00
3.000000000000000000e+01
2.300000000000000000e+01
4.000000000000000000e+00
2.400000000000000000e+01
5.000000000000000000e+00
1.600000000000000000e+01
-1.700000000000000000e+01
-4.000000000000000000e+00
2.000000000000000000e+00
4.000000000000000000e+00
-4.000000000000000000e+00
-1.200000000000000000e+01
1.700000000000000000e+01
2.000000000000000000e+01
1.400000000000000000e+01
-4.000000000000000000e+00
1.400000000000000000e+01
-1.100000000000000000e+01
2.100000000000000000e+01
3.700000000000000000e+01
3.100000000000000000e+01
-1.400000000000000000e+01
1.000000000000000000e+00
9.000000000000000000e+00
-3.000000000000000000e+00
2.400000000000000000e+01
7.000000000000000000e+00
2.000000000000000000e+00
-5.000000000000000000e+00
5.000000000000000000e+00
1.200000000000000000e+01
4.000000000000000000e+00
3.000000000000000000e+00
-1.600000000000000000e+01
7.000000000000000000e+00
1.200000000000000000e+01
2.100000000000000000e+01
1.000000000000000000e+00
-1.400000000000000000e+01
5.000000000000000000e+00
2.500000000000000000e+01
-4.000000000000000000e+00
-1.000000000000000000e+01
6.000000000000000000e+00
4.000000000000000000e+00
-1.000000000000000000e+00
2.000000000000000000e+00
9.000000000000000000e+00
1.400000000000000000e+01
1.000000000000000000e+01
-2.500000000000000000e+01
1.500000000000000000e+01
-1.200000000000000000e+01
-1.500000000000000000e+01
1.400000000000000000e+01
-5.000000000000000000e+00
2.100000000000000000e+01
2.600000000000000000e+01
-2.000000000000000000e+01
-2.000000000000000000e+00
4.000000000000000000e+01
2.100000000000000000e+01
1.500000000000000000e+01
1.000000000000000000e+00
4.000000000000000000e+00
2.000000000000000000e+01
-6.000000000000000000e+00
-1.000000000000000000e+01
3.000000000000000000e+00
2.000000000000000000e+01
6.000000000000000000e+00
4.000000000000000000e+00
-1.700000000000000000e+01
1.300000000000000000e+01
-1.500000000000000000e+01
7.000000000000000000e+00
-1.700000000000000000e+01
-1.000000000000000000e+00
-1.300000000000000000e+01
3.200000000000000000e+01
1.900000000000000000e+01
2.100000000000000000e+01
4.000000000000000000e+00
-1.400000000000000000e+01
3.000000000000000000e+00
-5.000000000000000000e+00
4.000000000000000000e+00
3.000000000000000000e+00
-6.000000000000000000e+00
1.100000000000000000e+01
-2.200000000000000000e+01
4.000000000000000000e+00
1.200000000000000000e+01
4.100000000000000000e+01
1.500000000000000000e+01
2.100000000000000000e+01
-2.500000000000000000e+01
3.800000000000000000e+01
1.000000000000000000e+00
-6.000000000000000000e+00
2.700000000000000000e+01
3.300000000000000000e+01
-1.500000000000000000e+01
1.500000000000000000e+01
5.000000000000000000e+00
0.000000000000000000e+00
6.000000000000000000e+00
0.000000000000000000e+00
2.500000000000000000e+01
1.200000000000000000e+01
6.000000000000000000e+00
1.300000000000000000e+01
-3.000000000000000000e+00
-1.000000000000000000e+00
-6.000000000000000000e+00
2.500000000000000000e+01
-1.300000000000000000e+01
-1.500000000000000000e+01
2.700000000000000000e+01
-1.100000000000000000e+01
6.000000000000000000e+00
-5.000000000000000000e+00
6.000000000000000000e+00
9.000000000000000000e+00
1.000000000000000000e+00
-2.500000000000000000e+01
1.400000000000000000e+01
1.000000000000000000e+01
-1.300000000000000000e+01
-5.000000000000000000e+00
2.800000000000000000e+01
1.900000000000000000e+01
3.000000000000000000e+00
3.500000000000000000e+01
0.000000000000000000e+00
-4.000000000000000000e+00
1.100000000000000000e+01
-2.000000000000000000e+00
5.000000000000000000e+00
-1.100000000000000000e+01
4.000000000000000000e+00
1.000000000000000000e+00
1.900000000000000000e+01
-1.000000000000000000e+00
-1.500000000000000000e+01
5.000000000000000000e+00
1.000000000000000000e+01
3.000000000000000000e+00
4.300000000000000000e+01
-8.000000000000000000e+00
-9.000000000000000000e+00
1.400000000000000000e+01
2.000000000000000000e+00
1.400000000000000000e+01
-8.000000000000000000e+00
-3.000000000000000000e+00
2.100000000000000000e+01
1.400000000000000000e+01
3.000000000000000000e+00
-2.000000000000000000e+01
-7.000000000000000000e+00
1.500000000000000000e+01
-3.000000000000000000e+00
-9.100000000000000000e+01
5.000000000000000000e+00
-1.300000000000000000e+01
1.900000000000000000e+01
2.300000000000000000e+01
-1.900000000000000000e+01
-1.000000000000000000e+01
-6.000000000000000000e+00
-1.400000000000000000e+01
-1.200000000000000000e+01
1.200000000000000000e+01
1.000000000000000000e+00
1.300000000000000000e+01
-2.500000000000000000e+01
-1.300000000000000000e+01
1.100000000000000000e+01
-5.000000000000000000e+00
7.000000000000000000e+00
3.600000000000000000e+01
5.000000000000000000e+00
-1.000000000000000000e+00
-3.000000000000000000e+00
-1.900000000000000000e+01
3.000000000000000000e+00
-2.200000000000000000e+01
-7.000000000000000000e+00
1.000000000000000000e+00
1.700000000000000000e+01
9.000000000000000000e+00
9.000000000000000000e+00
-2.000000000000000000e+01
-1.000000000000000000e+00
2.800000000000000000e+01
9.000000000000000000e+00
1.700000000000000000e+01
2.100000000000000000e+01
-1.000000000000000000e+01
-1.500000000000000000e+01
3.100000000000000000e+01
-3.000000000000000000e+00
-3.000000000000000000e+01
-1.000000000000000000e+01
0.000000000000000000e+00
1.800000000000000000e+01
-1.000000000000000000e+01
-5.000000000000000000e+00
2.000000000000000000e+01
5.000000000000000000e+00
-2.000000000000000000e+00
2.200000000000000000e+01
4.000000000000000000e+00
3.000000000000000000e+00
2.600000000000000000e+01
-1.500000000000000000e+01
2.500000000000000000e+01
2.000000000000000000e+00
-6.000000000000000000e+00
-1.700000000000000000e+01
-7.800000000000000000e+01
-1.400000000000000000e+01
1.400000000000000000e+01
2.400000000000000000e+01
-1.000000000000000000e+00
1.100000000000000000e+01
4.200000000000000000e+01
-4.300000000000000000e+01
-6.000000000000000000e+00
2.400000000000000000e+01
2.700000000000000000e+01
-2.300000000000000000e+01
5.000000000000000000e+00
-2.300000000000000000e+01
2.000000000000000000e+01
4.000000000000000000e+00
1.000000000000000000e+00
-3.000000000000000000e+00
-1.300000000000000000e+01
3.000000000000000000e+00
-1.900000000000000000e+01
1.900000000000000000e+01
4.000000000000000000e+00
1.600000000000000000e+01
2.000000000000000000e+01
-3.000000000000000000e+01
9.000000000000000000e+00
-1.100000000000000000e+01
-6.000000000000000000e+00
1.300000000000000000e+01
1.800000000000000000e+01
-6.000000000000000000e+00
-1.500000000000000000e+01
-1.700000000000000000e+01
1.600000000000000000e+01
-2.000000000000000000e+00
-2.000000000000000000e+00
6.000000000000000000e+00
-3.700000000000000000e+01
5.000000000000000000e+00
-1.400000000000000000e+01
-1.800000000000000000e+01
0.000000000000000000e+00
2.600000000000000000e+01
-1.000000000000000000e+01
-8.000000000000000000e+00
0.000000000000000000e+00
3.500000000000000000e+01
-1.000000000000000000e+01
-1.000000000000000000e+01
1.500000000000000000e+01
-4.000000000000000000e+00
2.000000000000000000e+01
-1.600000000000000000e+01
1.100000000000000000e+01
2.300000000000000000e+01
-7.000000000000000000e+00
-2.400000000000000000e+01
1.300000000000000000e+01
-1.000000000000000000e+00
2.800000000000000000e+01
2.000000000000000000e+00
9.000000000000000000e+00
-3.000000000000000000e+00
-8.000000000000000000e+00
1.200000000000000000e+01
1.300000000000000000e+01
1.000000000000000000e+00
0.000000000000000000e+00
3.000000000000000000e+01
-8.000000000000000000e+00
-2.100000000000000000e+01
2.000000000000000000e+00
1.200000000000000000e+01
-6.000000000000000000e+00
3.000000000000000000e+00
2.000000000000000000e+00
-2.300000000000000000e+01
-1.100000000000000000e+01
8.000000000000000000e+00
1.700000000000000000e+01
1.400000000000000000e+01
6.000000000000000000e+00
2.400000000000000000e+01
-2.500000000000000000e+01
-3.500000000000000000e+01
-1.400000000000000000e+01
1.000000000000000000e+01
1.400000000000000000e+01
1.700000000000000000e+01
-1.000000000000000000e+00
-2.000000000000000000e+00
1.400000000000000000e+01
6.000000000000000000e+00
-1.800000000000000000e+01
3.700000000000000000e+01
1.000000000000000000e+00
2.000000000000000000e+00
4.100000000000000000e+01
1.000000000000000000e+00
3.500000000000000000e+01
6.000000000000000000e+00
1.100000000000000000e+01
-1.300000000000000000e+01
-9.000000000000000000e+00
1.200000000000000000e+01
7.000000000000000000e+00
0.000000000000000000e+00
8.000000000000000000e+00
1.200000000000000000e+01
2.200000000000000000e+01
2.300000000000000000e+01
-9.000000000000000000e+00
4.000000000000000000e+00
1.000000000000000000e+00
-2.900000000000000000e+01
-1.900000000000000000e+01
-2.400000000000000000e+01
-1.900000000000000000e+01
-2.000000000000000000e+00
-2.500000000000000000e+01
-1.600000000000000000e+01
2.000000000000000000e+01
7.000000000000000000e+00
-2.000000000000000000e+00
-2.500000000000000000e+01
1.200000000000000000e+01
6.000000000000000000e+00
1.300000000000000000e+01
-3.000000000000000000e+00
-1.400000000000000000e+01
-2.300000000000000000e+01
1.800000000000000000e+01
1.000000000000000000e+00
-1.000000000000000000e+01
1.200000000000000000e+01
0.000000000000000000e+00
1.400000000000000000e+01
-5.000000000000000000e+00
1.100000000000000000e+01
-1.100000000000000000e+01
-8.000000000000000000e+00
-1.400000000000000000e+01
3.000000000000000000e+00
0.000000000000000000e+00
8.000000000000000000e+00
1.300000000000000000e+01
5.000000000000000000e+00
-9.000000000000000000e+00
9.000000000000000000e+00
-5.000000000000000000e+00
6.000000000000000000e+00
1.500000000000000000e+01
-4.200000000000000000e+01
1.000000000000000000e+00
1.300000000000000000e+01
2.700000000000000000e+01
-7.000000000000000000e+00
1.600000000000000000e+01
1.600000000000000000e+01
9.000000000000000000e+00
1.300000000000000000e+01
-8.000000000000000000e+00
-1.200000000000000000e+01
2.800000000000000000e+01
1.600000000000000000e+01
-5.000000000000000000e+00
2.000000000000000000e+00
-1.200000000000000000e+01
6.000000000000000000e+00
2.400000000000000000e+01
-5.000000000000000000e+00
-1.300000000000000000e+01
3.400000000000000000e+01
4.000000000000000000e+00
2.600000000000000000e+01
-1.900000000000000000e+01
-1.200000000000000000e+01
1.800000000000000000e+01
-1.000000000000000000e+00
-3.700000000000000000e+01
-1.300000000000000000e+01
-1.500000000000000000e+01
4.000000000000000000e+00
-1.400000000000000000e+01
-2.000000000000000000e+01
1.300000000000000000e+01
-3.000000000000000000e+00
-1.100000000000000000e+01
0.000000000000000000e+00
-5.000000000000000000e+00
6.000000000000000000e+00
2.100000000000000000e+01
-1.100000000000000000e+01
-1.100000000000000000e+01
-1.900000000000000000e+01
-2.600000000000000000e+01
1.700000000000000000e+01
-4.000000000000000000e+00
1.100000000000000000e+01
1.200000000000000000e+01
2.000000000000000000e+00
1.800000000000000000e+01
-1.300000000000000000e+01
1.300000000000000000e+01
4.000000000000000000e+00
-3.000000000000000000e+00
7.000000000000000000e+00
2.200000000000000000e+01
1.000000000000000000e+01
2.300000000000000000e+01
-3.000000000000000000e+00
-8.000000000000000000e+00
9.000000000000000000e+00
-1.600000000000000000e+01
-1.300000000000000000e+01
4.000000000000000000e+00
-9.000000000000000000e+00
-7.000000000000000000e+00
2.200000000000000000e+01
1.700000000000000000e+01
-1.000000000000000000e+01
6.000000000000000000e+00
-1.500000000000000000e+01
2.100000000000000000e+01
-1.900000000000000000e+01
1.300000000000000000e+01
1.000000000000000000e+00
-9.000000000000000000e+00
-1.000000000000000000e+00
1.700000000000000000e+01
3.000000000000000000e+00
3.000000000000000000e+00
2.900000000000000000e+01
-3.000000000000000000e+00
-6.000000000000000000e+00
-8.000000000000000000e+00
-2.000000000000000000e+00
1.000000000000000000e+01
-9.000000000000000000e+00
-5.000000000000000000e+00
-9.000000000000000000e+00
-1.200000000000000000e+01
1.900000000000000000e+01
-5.000000000000000000e+00
-2.700000000000000000e+01
1.100000000000000000e+01
3.000000000000000000e+00
9.000000000000000000e+00
9.000000000000000000e+00
1.000000000000000000e+00
-2.000000000000000000e+00
3.000000000000000000e+00
-2.200000000000000000e+01
1.100000000000000000e+01
-1.700000000000000000e+01
-4.000000000000000000e+00
2.200000000000000000e+01
-1.100000000000000000e+01
-1.100000000000000000e+01
7.000000000000000000e+00
-6.000000000000000000e+00
-1.800000000000000000e+01
-3.000000000000000000e+00
-2.000000000000000000e+01
-7.000000000000000000e+00
-2.200000000000000000e+01
1.500000000000000000e+01
5.000000000000000000e+00
3.000000000000000000e+00
-2.000000000000000000e+01
6.000000000000000000e+00
2.100000000000000000e+01
1.900000000000000000e+01
-1.400000000000000000e+01
1.000000000000000000e+01
-1.400000000000000000e+01
-5.000000000000000000e+00
-1.300000000000000000e+01
-8.000000000000000000e+00
-2.500000000000000000e+01
1.600000000000000000e+01
-3.000000000000000000e+01
4.200000000000000000e+01
-2.300000000000000000e+01
1.400000000000000000e+01
1.100000000000000000e+01
3.000000000000000000e+00
1.700000000000000000e+01
2.200000000000000000e+01
2.900000000000000000e+01
1.400000000000000000e+01
2.000000000000000000e+00
2.200000000000000000e+01
-6.000000000000000000e+00
9.000000000000000000e+00
1.000000000000000000e+00
2.000000000000000000e+00
3.000000000000000000e+00
-4.000000000000000000e+00
-6.000000000000000000e+00
-1.800000000000000000e+01
9.000000000000000000e+00
9.000000000000000000e+00
-8.000000000000000000e+00
2.000000000000000000e+00
1.000000000000000000e+01
1.100000000000000000e+01
1.800000000000000000e+01
-1.000000000000000000e+00
1.400000000000000000e+01
6.000000000000000000e+00
7.000000000000000000e+00
1.000000000000000000e+01
-2.600000000000000000e+01
1.900000000000000000e+01
1.100000000000000000e+01
-9.000000000000000000e+00
-1.100000000000000000e+01
1.900000000000000000e+01
-3.000000000000000000e+00
9.000000000000000000e+00
0.000000000000000000e+00
4.000000000000000000e+01
4.000000000000000000e+00
2.100000000000000000e+01
1.200000000000000000e+01
-8.000000000000000000e+00
-3.000000000000000000e+00
2.200000000000000000e+01
-4.000000000000000000e+00
1.200000000000000000e+01
-8.000000000000000000e+00
-8.000000000000000000e+00
-3.000000000000000000e+01
-4.000000000000000000e+00
2.900000000000000000e+01
1.000000000000000000e+00
1.300000000000000000e+01
0.000000000000000000e+00
2.300000000000000000e+01
2.800000000000000000e+01
1.400000000000000000e+01
2.100000000000000000e+01
1.100000000000000000e+01
4.000000000000000000e+00
9.000000000000000000e+00
9.000000000000000000e+00
-1.000000000000000000e+01
2.700000000000000000e+01
0.000000000000000000e+00
2.100000000000000000e+01
4.200000000000000000e+01
3.000000000000000000e+01
-8.000000000000000000e+00
3.700000000000000000e+01
1.500000000000000000e+01
5.600000000000000000e+01
2.700000000000000000e+01
3.000000000000000000e+01
2.300000000000000000e+01
4.600000000000000000e+01
3.600000000000000000e+01
5.700000000000000000e+01
1.100000000000000000e+01
3.400000000000000000e+01
6.500000000000000000e+01
2.000000000000000000e+01
7.800000000000000000e+01
6.200000000000000000e+01
5.100000000000000000e+01
7.800000000000000000e+01
5.600000000000000000e+01
8.900000000000000000e+01
4.800000000000000000e+01
8.100000000000000000e+01
7.500000000000000000e+01
1.320000000000000000e+02
9.400000000000000000e+01
1.100000000000000000e+02
1.120000000000000000e+02
1.320000000000000000e+02
1.100000000000000000e+02
1.550000000000000000e+02
1.280000000000000000e+02
1.330000000000000000e+02
1.160000000000000000e+02
1.700000000000000000e+02
1.710000000000000000e+02
1.760000000000000000e+02
2.180000000000000000e+02
2.030000000000000000e+02
2.250000000000000000e+02
2.620000000000000000e+02
2.670000000000000000e+02
2.630000000000000000e+02
2.980000000000000000e+02
3.220000000000000000e+02
3.060000000000000000e+02
3.360000000000000000e+02
3.270000000000000000e+02
3.380000000000000000e+02
3.860000000000000000e+02
3.500000000000000000e+02
3.690000000000000000e+02
3.950000000000000000e+02
4.000000000000000000e+02
4.270000000000000000e+02
4.210000000000000000e+02
4.750000000000000000e+02
5.350000000000000000e+02
5.100000000000000000e+02
5.570000000000000000e+02
5.740000000000000000e+02
6.230000000000000000e+02
6.300000000000000000e+02
6.330000000000000000e+02
6.390000000000000000e+02
7.220000000000000000e+02
7.110000000000000000e+02
7.430000000000000000e+02
7.870000000000000000e+02
7.870000000000000000e+02
8.370000000000000000e+02
8.250000000000000000e+02
8.600000000000000000e+02
8.630000000000000000e+02
9.330000000000000000e+02
9.510000000000000000e+02
9.280000000000000000e+02
9.600000000000000000e+02
1.022000000000000000e+03
9.680000000000000000e+02
1.012000000000000000e+03
1.046000000000000000e+03
1.074000000000000000e+03
1.027000000000000000e+03
1.093000000000000000e+03
1.101000000000000000e+03
1.152000000000000000e+03
1.120000000000000000e+03
1.134000000000000000e+03
1.233000000000000000e+03
1.207000000000000000e+03
1.204000000000000000e+03
1.282000000000000000e+03
1.266000000000000000e+03
1.267000000000000000e+03
1.274000000000000000e+03
1.330000000000000000e+03
1.339000000000000000e+03
1.369000000000000000e+03
1.354000000000000000e+03
1.377000000000000000e+03
1.371000000000000000e+03
1.372000000000000000e+03
1.386000000000000000e+03
1.427000000000000000e+03
1.373000000000000000e+03
1.388000000000000000e+03
1.419000000000000000e+03
1.438000000000000000e+03
1.437000000000000000e+03
1.398000000000000000e+03
1.376000000000000000e+03
1.344000000000000000e+03
1.342000000000000000e+03
1.353000000000000000e+03
1.294000000000000000e+03
1.303000000000000000e+03
1.269000000000000000e+03
1.259000000000000000e+03
1.230000000000000000e+03
1.225000000000000000e+03
1.209000000000000000e+03
1.231000000000000000e+03
1.194000000000000000e+03
1.182000000000000000e+03
1.146000000000000000e+03
1.144000000000000000e+03
1.138000000000000000e+03
1.176000000000000000e+03
1.167000000000000000e+03
1.129000000000000000e+03
1.077000000000000000e+03
1.135000000000000000e+03
1.080000000000000000e+03
1.053000000000000000e+03
1.064000000000000000e+03
1.086000000000000000e+03
9.870000000000000000e+02
9.930000000000000000e+02
9.890000000000000000e+02
9.360000000000000000e+02
9.400000000000000000e+02
8.810000000000000000e+02
9.070000000000000000e+02
8.910000000000000000e+02
8.330000000000000000e+02
8.630000000000000000e+02
8.200000000000000000e+02
7.830000000000000000e+02
7.560000000000000000e+02
7.430000000000000000e+02
7.520000000000000000e+02
7.070000000000000000e+02
6.790000000000000000e+02
6.330000000000000000e+02
6.040000000000000000e+02
6.180000000000000000e+02
5.920000000000000000e+02
6.090000000000000000e+02
5.330000000000000000e+02
5.710000000000000000e+02
5.270000000000000000e+02
4.940000000000000000e+02
5.220000000000000000e+02
4.910000000000000000e+02
4.490000000000000000e+02
4.410000000000000000e+02
4.240000000000000000e+02
4.220000000000000000e+02
4.040000000000000000e+02
3.930000000000000000e+02
3.700000000000000000e+02
3.870000000000000000e+02
3.400000000000000000e+02
3.560000000000000000e+02
3.410000000000000000e+02
2.960000000000000000e+02
2.860000000000000000e+02
2.620000000000000000e+02
2.250000000000000000e+02
2.220000000000000000e+02
2.590000000000000000e+02
2.340000000000000000e+02
2.180000000000000000e+02
2.070000000000000000e+02
2.010000000000000000e+02
1.970000000000000000e+02
2.050000000000000000e+02
2.040000000000000000e+02
1.860000000000000000e+02
1.560000000000000000e+02
1.770000000000000000e+02
1.400000000000000000e+02
1.620000000000000000e+02
1.450000000000000000e+02
1.150000000000000000e+02
1.330000000000000000e+02
1.130000000000000000e+02
1.140000000000000000e+02
9.800000000000000000e+01
1.390000000000000000e+02
1.100000000000000000e+02
5.400000000000000000e+01
7.600000000000000000e+01
9.700000000000000000e+01
8.100000000000000000e+01
9.000000000000000000e+01
6.900000000000000000e+01
6.900000000000000000e+01
8.600000000000000000e+01
3.500000000000000000e+01
9.100000000000000000e+01
5.800000000000000000e+01
7.000000000000000000e+01
-5.000000000000000000e+00
5.200000000000000000e+01
3.300000000000000000e+01
3.400000000000000000e+01
3.000000000000000000e+01
4.000000000000000000e+01
3.500000000000000000e+01
-2.000000000000000000e+00
3.300000000000000000e+01
3.600000000000000000e+01
-1.700000000000000000e+01
9.000000000000000000e+00
3.400000000000000000e+01
4.200000000000000000e+01
7.000000000000000000e+00
1.700000000000000000e+01
7.000000000000000000e+00
7.000000000000000000e+00
6.100000000000000000e+01
2.100000000000000000e+01
2.000000000000000000e+00
2.200000000000000000e+01
1.100000000000000000e+01
1.000000000000000000e+01
-2.000000000000000000e+00
1.000000000000000000e+01
-6.000000000000000000e+00
-1.400000000000000000e+01
-1.100000000000000000e+01
1.800000000000000000e+01
7.000000000000000000e+00
1.800000000000000000e+01
9.000000000000000000e+00
1.800000000000000000e+01
3.400000000000000000e+01
3.700000000000000000e+01
-1.300000000000000000e+01
-2.000000000000000000e+00
1.100000000000000000e+01
2.600000000000000000e+01
-5.000000000000000000e+00
8.000000000000000000e+00
1.100000000000000000e+01
-1.600000000000000000e+01
1.100000000000000000e+01
2.200000000000000000e+01
1.500000000000000000e+01
1.200000000000000000e+01
1.900000000000000000e+01
-7.000000000000000000e+00
1.100000000000000000e+01
3.000000000000000000e+00
9.000000000000000000e+00
-3.000000000000000000e+00
-1.400000000000000000e+01
8.000000000000000000e+00
-2.500000000000000000e+01
-1.000000000000000000e+00
2.600000000000000000e+01
-1.100000000000000000e+01
-9.000000000000000000e+00
1.700000000000000000e+01
3.400000000000000000e+01
2.000000000000000000e+00
-2.000000000000000000e+00
-2.300000000000000000e+01
7.000000000000000000e+00
-3.100000000000000000e+01
-3.000000000000000000e+00
-2.700000000000000000e+01
2.300000000000000000e+01
6.000000000000000000e+00
5.000000000000000000e+00
2.300000000000000000e+01
-2.100000000000000000e+01
6.000000000000000000e+00
-1.200000000000000000e+01
-2.000000000000000000e+00
-1.400000000000000000e+01
-1.660000000000000000e+02
1.700000000000000000e+01
0.000000000000000000e+00
3.000000000000000000e+00
0.000000000000000000e+00
8.000000000000000000e+00
-8.000000000000000000e+00
2.000000000000000000e+01
2.100000000000000000e+01
-1.500000000000000000e+01
2.500000000000000000e+01
1.300000000000000000e+01
-6.000000000000000000e+00
1.800000000000000000e+01
1.400000000000000000e+01
1.000000000000000000e+00
3.000000000000000000e+00
-1.000000000000000000e+00
1.000000000000000000e+00
