3.000000000000000000e+00
-3.000000000000000000e+00
-1.000000000000000000e+00
3.000000000000000000e+00
1.200000000000000000e+01
-5.000000000000000000e+00
-1.000000000000000000e+01
-1.700000000000000000e+01
-7.000000000000000000e+00
1.100000000000000000e+01
2.200000000000000000e+01
1.000000000000000000e+00
-1.600000000000000000e+01
-3.000000000000000000e+00
-7.000000000000000000e+00
1.000000000000000000e+01
4.000000000000000000e+00
1.000000000000000000e+00
-1.300000000000000000e+01
6.000000000000000000e+00
5.500000000000000000e+01
2.000000000000000000e+00
1.100000000000000000e+01
-1.000000000000000000e+00
-4.000000000000000000e+00
4.000000000000000000e+00
-1.100000000000000000e+01
-8.000000000000000000e+00
1.400000000000000000e+01
-1.200000000000000000e+01
-1.400000000000000000e+01
-1.000000000000000000e+00
4.100000000000000000e+01
-1.700000000000000000e+01
1.200000000000000000e+01
-6.000000000000000000e+00
-6.000000000000000000e+00
1.100000000000000000e+01
0.000000000000000000e+00
3.500000000000000000e+01
-2.400000000000000000e+01
1.200000000000000000e+01
-1.200000000000000000e+01
-2.000000000000000000e+01
1.200000000000000000e+01
-1.700000000000000000e+01
0.000000000000000000e+00
1.900000000000000000e+01
-6.000000000000000000e+00
-1.000000000000000000e+01
-1.400000000000000000e+01
-3.000000000000000000e+01
1.200000000000000000e+01
1.400000000000000000e+01
-3.500000000000000000e+01
0.000000000000000000e+00
-2.300000000000000000e+01
-2.900000000000000000e+01
-1.200000000000000000e+01
-1.300000000000000000e+01
-2.000000000000000000e+00
1.200000000000000000e+01
-2.800000000000000000e+01
9.000000000000000000e+00
-1.300000000000000000e+01
2.900000000000000000e+01
-2.600000000000000000e+01
1.000000000000000000e+01
2.200000000000000000e+01
-5.000000000000000000e+00
8.000000000000000000e+00
9.000000000000000000e+00
-2.200000000000000000e+01
-3.300000000000000000e+01
-3.000000000000000000e+00
5.000000000000000000e+00
-6.000000000000000000e+00
-1.000000000000000000e+00
2.000000000000000000e+00
-2.000000000000000000e+00
-4.000000000000000000e+00
2.000000000000000000e+01
-3.700000000000000000e+01
-1.000000000000000000e+00
-2.000000000000000000e+00
4.000000000000000000e+00
2.400000000000000000e+01
-1.200000000000000000e+01
1.300000000000000000e+01
-2.000000000000000000e+01
-1.800000000000000000e+01
-2.500000000000000000e+01
-5.000000000000000000e+00
-7.000000000000000000e+00
-9.000000000000000000e+00
-2.000000000000000000e+00
-2.100000000000000000e+01
-2.000000000000000000e+00
-8.000000000000000000e+00
-3.000000000000000000e+00
2.100000000000000000e+01
6.000000000000000000e+00
-2.300000000000000000e+01
-1.700000000000000000e+01
3.000000000000000000e+00
1.000000000000000000e+00
-3.000000000000000000e+01
-6.000000000000000000e+00
-5.000000000000000000e+00
-1.300000000000000000e+01
-2.000000000000000000e+00
-1.000000000000000000e+00
1.900000000000000000e+01
-4.600000000000000000e+01
5.000000000000000000e+00
1.900000000000000000e+01
-1.000000000000000000e+00
-5.000000000000000000e+00
-1.100000000000000000e+01
-2.000000000000000000e+00
-6.000000000000000000e+00
7.000000000000000000e+00
-2.000000000000000000e+00
0.000000000000000000e+00
3.900000000000000000e+01
-3.700000000000000000e+01
-1.100000000000000000e+01
4.000000000000000000e+00
-8.000000000000000000e+00
1.300000000000000000e+01
-1.400000000000000000e+01
2.100000000000000000e+01
-1.600000000000000000e+01
9.000000000000000000e+00
-1.800000000000000000e+01
1.700000000000000000e+01
5.000000000000000000e+00
2.100000000000000000e+01
-5.000000000000000000e+00
-7.000000000000000000e+00
-1.800000000000000000e+01
-2.300000000000000000e+01
1.000000000000000000e+00
9.000000000000000000e+00
-8.000000000000000000e+00
2.000000000000000000e+00
6.000000000000000000e+00
-1.600000000000000000e+01
9.000000000000000000e+00
-1.600000000000000000e+01
6.000000000000000000e+00
2.400000000000000000e+01
2.000000000000000000e+00
1.200000000000000000e+01
-7.000000000000000000e+00
-3.200000000000000000e+01
6.000000000000000000e+00
7.000000000000000000e+00
-2.300000000000000000e+01
-9.000000000000000000e+00
2.500000000000000000e+01
-6.000000000000000000e+00
-2.500000000000000000e+01
-7.000000000000000000e+00
4.000000000000000000e+00
-2.600000000000000000e+01
1.200000000000000000e+01
1.000000000000000000e+00
3.000000000000000000e+00
-1.200000000000000000e+01
8.000000000000000000e+00
1.100000000000000000e+01
6.000000000000000000e+00
2.300000000000000000e+01
0.000000000000000000e+00
-2.100000000000000000e+01
-7.000000000000000000e+00
2.200000000000000000e+01
2.000000000000000000e+01
-2.000000000000000000e+01
-1.300000000000000000e+01
6.000000000000000000e+00
-1.000000000000000000e+00
-2.000000000000000000e+01
8.000000000000000000e+00
-4.000000000000000000e+00
-3.000000000000000000e+00
-8.000000000000000000e+00
-1.200000000000000000e+01
1.900000000000000000e+01
1.700000000000000000e+01
-1.800000000000000000e+01
-3.000000000000000000e+00
-1.000000000000000000e+00
1.400000000000000000e+01
1.300000000000000000e+01
-8.000000000000000000e+00
9.000000000000000000e+00
1.500000000000000000e+01
1.300000000000000000e+01
1.400000000000000000e+01
-3.000000000000000000e+00
6.000000000000000000e+00
3.000000000000000000e+00
-1.000000000000000000e+01
-1.700000000000000000e+01
1.500000000000000000e+01
-3.200000000000000000e+01
-5.000000000000000000e+00
1.000000000000000000e+00
-1.000000000000000000e+01
-1.000000000000000000e+00
3.600000000000000000e+01
-2.000000000000000000e+01
-1.300000000000000000e+01
-3.000000000000000000e+00
-6.000000000000000000e+00
1.000000000000000000e+01
1.700000000000000000e+01
1.000000000000000000e+00
1.200000000000000000e+01
-2.400000000000000000e+01
5.000000000000000000e+00
1.500000000000000000e+01
-1.300000000000000000e+01
8.000000000000000000e+00
1.200000000000000000e+01
-3.000000000000000000e+00
1.400000000000000000e+01
1.200000000000000000e+01
0.000000000000000000e+00
7.000000000000000000e+00
-2.000000000000000000e+00
5.000000000000000000e+00
5.000000000000000000e+00
5.000000000000000000e+00
-5.000000000000000000e+00
-6.000000000000000000e+00
0.000000000000000000e+00
7.000000000000000000e+00
8.000000000000000000e+00
-2.500000000000000000e+01
1.200000000000000000e+01
-4.000000000000000000e+00
-9.000000000000000000e+00
4.000000000000000000e+00
1.300000000000000000e+01
1.200000000000000000e+01
-1.000000000000000000e+01
4.200000000000000000e+01
5.000000000000000000e+00
-3.000000000000000000e+00
-2.000000000000000000e+01
-2.200000000000000000e+01
-4.000000000000000000e+00
-6.000000000000000000e+00
-7.000000000000000000e+00
-2.000000000000000000e+01
-3.700000000000000000e+01
-2.900000000000000000e+01
8.000000000000000000e+00
1.000000000000000000e+01
-4.000000000000000000e+00
-1.100000000000000000e+01
2.600000000000000000e+01
2.900000000000000000e+01
-2.400000000000000000e+01
6.000000000000000000e+00
2.000000000000000000e+00
3.500000000000000000e+01
-9.000000000000000000e+00
7.000000000000000000e+00
-4.000000000000000000e+00
5.000000000000000000e+00
1.100000000000000000e+01
1.200000000000000000e+01
9.000000000000000000e+00
-1.100000000000000000e+01
-1.700000000000000000e+01
2.300000000000000000e+01
1.300000000000000000e+01
-1.200000000000000000e+01
-2.200000000000000000e+01
1.900000000000000000e+01
2.100000000000000000e+01
6.000000000000000000e+00
-6.000000000000000000e+00
-1.900000000000000000e+01
-1.100000000000000000e+01
1.600000000000000000e+01
-1.100000000000000000e+01
3.000000000000000000e+00
-1.600000000000000000e+01
1.200000000000000000e+01
-1.000000000000000000e+01
3.000000000000000000e+01
-6.000000000000000000e+00
-1.200000000000000000e+01
5.000000000000000000e+00
1.600000000000000000e+01
-7.000000000000000000e+00
-1.200000000000000000e+01
-2.500000000000000000e+01
1.000000000000000000e+00
-1.900000000000000000e+01
-6.000000000000000000e+00
-3.000000000000000000e+00
-7.000000000000000000e+00
-2.600000000000000000e+01
-5.000000000000000000e+00
-2.500000000000000000e+01
2.800000000000000000e+01
3.900000000000000000e+01
-2.000000000000000000e+00
8.000000000000000000e+00
2.200000000000000000e+01
1.300000000000000000e+01
1.100000000000000000e+01
4.000000000000000000e+00
-2.200000000000000000e+01
-3.900000000000000000e+01
4.000000000000000000e+00
-2.100000000000000000e+01
-9.000000000000000000e+00
1.700000000000000000e+01
-2.300000000000000000e+01
2.800000000000000000e+01
-2.000000000000000000e+00
-6.000000000000000000e+00
8.000000000000000000e+00
3.100000000000000000e+01
4.300000000000000000e+01
-1.500000000000000000e+01
8.000000000000000000e+00
-5.000000000000000000e+00
-1.300000000000000000e+01
-4.000000000000000000e+00
1.300000000000000000e+01
-7.000000000000000000e+00
1.900000000000000000e+01
-6.000000000000000000e+00
-1.200000000000000000e+01
1.500000000000000000e+01
3.000000000000000000e+00
-5.000000000000000000e+00
-1.600000000000000000e+01
-3.000000000000000000e+00
-1.600000000000000000e+01
-1.400000000000000000e+01
-2.000000000000000000e+00
8.000000000000000000e+00
-4.000000000000000000e+00
1.500000000000000000e+01
-1.700000000000000000e+01
1.900000000000000000e+01
2.300000000000000000e+01
1.600000000000000000e+01
6.000000000000000000e+00
9.000000000000000000e+00
-1.700000000000000000e+01
-6.000000000000000000e+00
4.000000000000000000e+00
-4.000000000000000000e+00
4.000000000000000000e+00
-1.400000000000000000e+01
2.000000000000000000e+00
-5.000000000000000000e+00
-1.200000000000000000e+01
5.000000000000000000e+00
2.000000000000000000e+00
-3.000000000000000000e+00
-3.000000000000000000e+00
-2.000000000000000000e+01
-2.600000000000000000e+01
1.400000000000000000e+01
-1.700000000000000000e+01
-2.100000000000000000e+01
-2.200000000000000000e+01
7.000000000000000000e+00
1.000000000000000000e+00
3.600000000000000000e+01
-9.000000000000000000e+00
-2.500000000000000000e+01
8.000000000000000000e+00
-1.800000000000000000e+01
1.000000000000000000e+01
-8.000000000000000000e+00
-1.100000000000000000e+01
9.000000000000000000e+00
2.000000000000000000e+01
-3.100000000000000000e+01
-4.000000000000000000e+00
5.000000000000000000e+00
-9.000000000000000000e+00
4.000000000000000000e+00
3.700000000000000000e+01
-2.100000000000000000e+01
-6.000000000000000000e+00
-9.000000000000000000e+00
3.700000000000000000e+01
1.500000000000000000e+01
-5.000000000000000000e+00
9.000000000000000000e+00
-1.200000000000000000e+01
-3.200000000000000000e+01
4.000000000000000000e+00
2.000000000000000000e+01
-2.100000000000000000e+01
-5.000000000000000000e+00
-2.300000000000000000e+01
3.000000000000000000e+00
-5.000000000000000000e+00
-2.500000000000000000e+01
-1.700000000000000000e+01
2.500000000000000000e+01
-8.000000000000000000e+00
9.000000000000000000e+00
2.000000000000000000e+00
-2.100000000000000000e+01
7.000000000000000000e+00
1.300000000000000000e+01
-2.300000000000000000e+01
-1.000000000000000000e+01
2.000000000000000000e+00
1.200000000000000000e+01
-9.000000000000000000e+00
-1.600000000000000000e+01
5.000000000000000000e+00
-2.300000000000000000e+01
-5.000000000000000000e+00
-8.000000000000000000e+00
1.000000000000000000e+01
1.100000000000000000e+01
-6.000000000000000000e+00
2.000000000000000000e+01
-7.000000000000000000e+00
-3.000000000000000000e+01
4.000000000000000000e+00
1.000000000000000000e+00
-9.000000000000000000e+00
2.000000000000000000e+00
-2.200000000000000000e+01
-4.000000000000000000e+00
2.500000000000000000e+01
5.000000000000000000e+00
2.500000000000000000e+01
2.900000000000000000e+01
1.300000000000000000e+01
-3.200000000000000000e+01
1.900000000000000000e+01
1.800000000000000000e+01
1.000000000000000000e+00
1.500000000000000000e+01
-4.000000000000000000e+00
-2.000000000000000000e+00
7.000000000000000000e+00
2.300000000000000000e+01
3.000000000000000000e+00
3.200000000000000000e+01
-1.600000000000000000e+01
8.000000000000000000e+00
-1.600000000000000000e+01
-2.000000000000000000e+00
-3.500000000000000000e+01
2.900000000000000000e+01
3.100000000000000000e+01
1.200000000000000000e+01
3.000000000000000000e+00
-2.600000000000000000e+01
9.000000000000000000e+00
-5.000000000000000000e+00
1.600000000000000000e+01
3.000000000000000000e+00
6.000000000000000000e+00
-1.000000000000000000e+01
3.000000000000000000e+00
-7.000000000000000000e+00
-2.000000000000000000e+00
1.600000000000000000e+01
9.000000000000000000e+00
-1.400000000000000000e+01
4.000000000000000000e+00
-1.000000000000000000e+01
-1.900000000000000000e+01
-1.300000000000000000e+01
3.000000000000000000e+00
-2.000000000000000000e+00
-5.000000000000000000e+00
-2.500000000000000000e+01
8.000000000000000000e+00
2.800000000000000000e+01
2.500000000000000000e+01
1.100000000000000000e+01
-2.000000000000000000e+00
-1.100000000000000000e+01
-1.000000000000000000e+01
-1.000000000000000000e+01
-2.300000000000000000e+01
-3.000000000000000000e+00
-6.000000000000000000e+00
4.000000000000000000e+01
1.700000000000000000e+01
6.000000000000000000e+00
1.100000000000000000e+01
-8.000000000000000000e+00
1.100000000000000000e+01
-1.000000000000000000e+01
-1.600000000000000000e+01
-1.700000000000000000e+01
-9.000000000000000000e+00
-2.200000000000000000e+01
-6.000000000000000000e+00
-6.000000000000000000e+00
2.100000000000000000e+01
1.200000000000000000e+01
2.000000000000000000e+00
-1.700000000000000000e+01
2.600000000000000000e+01
2.100000000000000000e+01
-1.400000000000000000e+01
5.000000000000000000e+00
1.900000000000000000e+01
-2.200000000000000000e+01
5.000000000000000000e+00
-8.000000000000000000e+00
3.000000000000000000e+00
2.000000000000000000e+01
6.000000000000000000e+00
0.000000000000000000e+00
-1.000000000000000000e+01
2.400000000000000000e+01
2.900000000000000000e+01
4.900000000000000000e+01
6.800000000000000000e+01
4.300000000000000000e+01
-3.000000000000000000e+00
2.800000000000000000e+01
9.000000000000000000e+00
2.400000000000000000e+01
2.000000000000000000e+00
5.700000000000000000e+01
1.800000000000000000e+01
1.700000000000000000e+01
2.900000000000000000e+01
5.200000000000000000e+01
2.200000000000000000e+01
2.900000000000000000e+01
-1.800000000000000000e+01
1.700000000000000000e+01
-3.000000000000000000e+00
8.000000000000000000e+00
-1.600000000000000000e+01
1.100000000000000000e+01
-1.500000000000000000e+01
3.400000000000000000e+01
1.000000000000000000e+00
2.800000000000000000e+01
5.000000000000000000e+00
-7.000000000000000000e+00
8.000000000000000000e+00
-1.000000000000000000e+00
-2.000000000000000000e+01
1.500000000000000000e+01
6.000000000000000000e+00
-1.500000000000000000e+01
-8.000000000000000000e+00
-1.000000000000000000e+00
-1.100000000000000000e+01
-2.300000000000000000e+01
1.700000000000000000e+01
5.000000000000000000e+00
6.000000000000000000e+00
-8.000000000000000000e+00
-1.900000000000000000e+01
6.000000000000000000e+00
3.000000000000000000e+01
-1.600000000000000000e+01
-1.600000000000000000e+01
2.100000000000000000e+01
-6.000000000000000000e+00
-2.600000000000000000e+01
2.500000000000000000e+01
-3.000000000000000000e+00
1.700000000000000000e+01
7.000000000000000000e+00
3.100000000000000000e+01
1.600000000000000000e+01
3.300000000000000000e+01
-1.400000000000000000e+01
9.000000000000000000e+00
3.000000000000000000e+00
2.800000000000000000e+01
2.000000000000000000e+00
4.000000000000000000e+00
5.000000000000000000e+00
4.000000000000000000e+00
1.000000000000000000e+00
-2.100000000000000000e+01
5.000000000000000000e+00
3.000000000000000000e+00
-1.100000000000000000e+01
-4.000000000000000000e+00
4.000000000000000000e+00
1.300000000000000000e+01
3.400000000000000000e+01
6.000000000000000000e+00
0.000000000000000000e+00
2.000000000000000000e+01
6.000000000000000000e+00
-4.000000000000000000e+00
1.700000000000000000e+01
1.000000000000000000e+00
-2.400000000000000000e+01
2.200000000000000000e+01
7.000000000000000000e+00
-1.600000000000000000e+01
-6.000000000000000000e+00
1.500000000000000000e+01
-2.000000000000000000e+00
-1.000000000000000000e+00
2.900000000000000000e+01
-3.100000000000000000e+01
3.200000000000000000e+01
1.900000000000000000e+01
7.000000000000000000e+00
-9.000000000000000000e+00
1.000000000000000000e+01
1.900000000000000000e+01
1.000000000000000000e+01
-8.000000000000000000e+00
1.600000000000000000e+01
7.000000000000000000e+00
-1.700000000000000000e+01
-2.500000000000000000e+01
-4.000000000000000000e+00
-8.000000000000000000e+00
8.000000000000000000e+00
1.600000000000000000e+01
3.500000000000000000e+01
-1.800000000000000000e+01
1.400000000000000000e+01
9.000000000000000000e+00
1.400000000000000000e+01
-1.100000000000000000e+01
1.700000000000000000e+01
2.700000000000000000e+01
2.000000000000000000e+00
3.500000000000000000e+01
2.300000000000000000e+01
2.600000000000000000e+01
1.600000000000000000e+01
-2.500000000000000000e+01
2.800000000000000000e+01
2.200000000000000000e+01
6.000000000000000000e+00
-3.700000000000000000e+01
4.500000000000000000e+01
1.000000000000000000e+00
3.800000000000000000e+01
8.000000000000000000e+00
-3.000000000000000000e+00
6.000000000000000000e+00
-8.000000000000000000e+00
1.400000000000000000e+01
-9.000000000000000000e+00
-2.100000000000000000e+01
-1.200000000000000000e+01
2.000000000000000000e+00
2.200000000000000000e+01
-1.000000000000000000e+01
-9.000000000000000000e+00
-3.900000000000000000e+01
1.200000000000000000e+01
-7.000000000000000000e+00
2.000000000000000000e+00
-2.600000000000000000e+01
1.300000000000000000e+01
2.800000000000000000e+01
2.000000000000000000e+01
-2.100000000000000000e+01
1.000000000000000000e+01
1.300000000000000000e+01
-5.000000000000000000e+00
1.100000000000000000e+01
-1.300000000000000000e+01
-9.000000000000000000e+00
2.300000000000000000e+01
1.700000000000000000e+01
-3.000000000000000000e+00
-1.100000000000000000e+01
3.200000000000000000e+01
7.000000000000000000e+00
3.000000000000000000e+01
2.000000000000000000e+01
2.500000000000000000e+01
2.200000000000000000e+01
-1.000000000000000000e+00
1.100000000000000000e+01
4.000000000000000000e+00
5.000000000000000000e+00
2.900000000000000000e+01
3.900000000000000000e+01
1.100000000000000000e+01
-8.000000000000000000e+00
2.700000000000000000e+01
4.800000000000000000e+01
-2.100000000000000000e+01
2.000000000000000000e+00
1.600000000000000000e+01
1.900000000000000000e+01
-2.000000000000000000e+00
8.000000000000000000e+00
3.800000000000000000e+01
1.300000000000000000e+01
9.000000000000000000e+00
-1.000000000000000000e+01
3.300000000000000000e+01
-9.000000000000000000e+00
1.900000000000000000e+01
1.700000000000000000e+01
-9.000000000000000000e+00
3.200000000000000000e+01
2.700000000000000000e+01
1.000000000000000000e+00
7.000000000000000000e+00
1.000000000000000000e+01
2.000000000000000000e+00
1.600000000000000000e+01
3.000000000000000000e+00
2.800000000000000000e+01
2.900000000000000000e+01
1.000000000000000000e+01
2.200000000000000000e+01
-2.000000000000000000e+00
1.800000000000000000e+01
1.900000000000000000e+01
1.400000000000000000e+01
7.000000000000000000e+00
2.900000000000000000e+01
3.300000000000000000e+01
1.500000000000000000e+01
-3.000000000000000000e+00
4.700000000000000000e+01
-2.600000000000000000e+01
-3.300000000000000000e+01
-7.000000000000000000e+00
-9.000000000000000000e+00
-3.000000000000000000e+00
1.700000000000000000e+01
-1.400000000000000000e+01
3.300000000000000000e+01
2.600000000000000000e+01
-4.000000000000000000e+00
2.400000000000000000e+01
3.300000000000000000e+01
7.000000000000000000e+00
2.100000000000000000e+01
1.900000000000000000e+01
-3.000000000000000000e+00
1.500000000000000000e+01
1.400000000000000000e+01
2.900000000000000000e+01
3.000000000000000000e+00
-7.000000000000000000e+00
2.800000000000000000e+01
1.500000000000000000e+01
2.000000000000000000e+01
1.900000000000000000e+01
1.100000000000000000e+01
1.100000000000000000e+01
2.900000000000000000e+01
1.400000000000000000e+01
2.400000000000000000e+01
2.500000000000000000e+01
4.000000000000000000e+00
2.600000000000000000e+01
1.500000000000000000e+01
2.900000000000000000e+01
2.600000000000000000e+01
3.000000000000000000e+00
4.500000000000000000e+01
1.400000000000000000e+01
4.000000000000000000e+01
2.800000000000000000e+01
2.200000000000000000e+01
1.500000000000000000e+01
6.000000000000000000e+00
1.400000000000000000e+01
1.600000000000000000e+01
1.800000000000000000e+01
3.700000000000000000e+01
8.000000000000000000e+00
-1.500000000000000000e+01
-1.500000000000000000e+01
3.200000000000000000e+01
8.000000000000000000e+00
2.100000000000000000e+01
1.000000000000000000e+01
8.000000000000000000e+00
0.000000000000000000e+00
4.700000000000000000e+01
2.100000000000000000e+01
1.700000000000000000e+01
2.300000000000000000e+01
1.600000000000000000e+01
-3.000000000000000000e+00
4.700000000000000000e+01
1.100000000000000000e+01
2.000000000000000000e+00
2.300000000000000000e+01
9.000000000000000000e+00
3.700000000000000000e+01
4.100000000000000000e+01
1.000000000000000000e+01
-1.300000000000000000e+01
4.000000000000000000e+00
1.900000000000000000e+01
2.500000000000000000e+01
2.800000000000000000e+01
1.000000000000000000e+01
4.600000000000000000e+01
3.200000000000000000e+01
-1.200000000000000000e+01
3.300000000000000000e+01
4.400000000000000000e+01
3.100000000000000000e+01
1.700000000000000000e+01
1.400000000000000000e+01
1.900000000000000000e+01
3.900000000000000000e+01
1.200000000000000000e+01
1.400000000000000000e+01
-1.700000000000000000e+01
0.000000000000000000e+00
4.600000000000000000e+01
2.200000000000000000e+01
2.200000000000000000e+01
2.000000000000000000e+00
1.000000000000000000e+00
4.900000000000000000e+01
2.100000000000000000e+01
2.900000000000000000e+01
-9.000000000000000000e+00
4.000000000000000000e+00
3.000000000000000000e+01
4.500000000000000000e+01
4.800000000000000000e+01
4.600000000000000000e+01
2.300000000000000000e+01
2.800000000000000000e+01
3.600000000000000000e+01
7.000000000000000000e+00
2.000000000000000000e+01
1.800000000000000000e+01
3.000000000000000000e+00
3.100000000000000000e+01
3.500000000000000000e+01
4.300000000000000000e+01
8.000000000000000000e+00
3.300000000000000000e+01
3.600000000000000000e+01
2.500000000000000000e+01
2.000000000000000000e+01
3.900000000000000000e+01
2.300000000000000000e+01
4.500000000000000000e+01
3.500000000000000000e+01
4.400000000000000000e+01
5.300000000000000000e+01
4.500000000000000000e+01
5.300000000000000000e+01
4.600000000000000000e+01
3.700000000000000000e+01
4.300000000000000000e+01
5.600000000000000000e+01
6.500000000000000000e+01
4.200000000000000000e+01
6.300000000000000000e+01
1.060000000000000000e+02
7.800000000000000000e+01
1.010000000000000000e+02
6.800000000000000000e+01
9.900000000000000000e+01
1.050000000000000000e+02
1.280000000000000000e+02
8.700000000000000000e+01
1.410000000000000000e+02
1.100000000000000000e+02
1.740000000000000000e+02
2.020000000000000000e+02
1.950000000000000000e+02
1.940000000000000000e+02
2.480000000000000000e+02
2.590000000000000000e+02
2.790000000000000000e+02
3.410000000000000000e+02
3.110000000000000000e+02
4.080000000000000000e+02
4.500000000000000000e+02
5.250000000000000000e+02
5.940000000000000000e+02
6.180000000000000000e+02
7.490000000000000000e+02
8.200000000000000000e+02
8.800000000000000000e+02
9.500000000000000000e+02
1.105000000000000000e+03
1.227000000000000000e+03
1.333000000000000000e+03
1.450000000000000000e+03
1.619000000000000000e+03
1.746000000000000000e+03
1.855000000000000000e+03
2.014000000000000000e+03
2.217000000000000000e+03
2.326000000000000000e+03
2.480000000000000000e+03
2.635000000000000000e+03
2.910000000000000000e+03
3.027000000000000000e+03
3.182000000000000000e+03
3.314000000000000000e+03
3.459000000000000000e+03
3.605000000000000000e+03
3.766000000000000000e+03
3.849000000000000000e+03
3.998000000000000000e+03
4.100000000000000000e+03
4.242000000000000000e+03
4.298000000000000000e+03
4.399000000000000000e+03
4.414000000000000000e+03
4.409000000000000000e+03
4.503000000000000000e+03
4.495000000000000000e+03
4.539000000000000000e+03
4.488000000000000000e+03
4.482000000000000000e+03
4.495000000000000000e+03
4.310000000000000000e+03
4.243000000000000000e+03
4.177000000000000000e+03
4.095000000000000000e+03
3.930000000000000000e+03
3.845000000000000000e+03
3.770000000000000000e+03
3.635000000000000000e+03
3.418000000000000000e+03
3.329000000000000000e+03
3.152000000000000000e+03
2.913000000000000000e+03
2.826000000000000000e+03
2.597000000000000000e+03
2.541000000000000000e+03
2.348000000000000000e+03
2.208000000000000000e+03
2.077000000000000000e+03
1.925000000000000000e+03
1.754000000000000000e+03
1.654000000000000000e+03
1.430000000000000000e+03
1.369000000000000000e+03
1.210000000000000000e+03
1.111000000000000000e+03
9.720000000000000000e+02
8.660000000000000000e+02
8.230000000000000000e+02
7.030000000000000000e+02
6.480000000000000000e+02
5.490000000000000000e+02
5.100000000000000000e+02
4.270000000000000000e+02
3.620000000000000000e+02
3.520000000000000000e+02
2.800000000000000000e+02
2.550000000000000000e+02
2.140000000000000000e+02
1.720000000000000000e+02
1.490000000000000000e+02
1.310000000000000000e+02
1.370000000000000000e+02
1.270000000000000000e+02
3.700000000000000000e+01
6.600000000000000000e+01
7.400000000000000000e+01
7.700000000000000000e+01
4.200000000000000000e+01
3.500000000000000000e+01
1.000000000000000000e+01
1.700000000000000000e+01
3.000000000000000000e+01
3.800000000000000000e+01
3.900000000000000000e+01
5.600000000000000000e+01
1.000000000000000000e+01
2.500000000000000000e+01
3.400000000000000000e+01
3.200000000000000000e+01
4.200000000000000000e+01
5.600000000000000000e+01
4.000000000000000000e+01
2.300000000000000000e+01
1.300000000000000000e+01
-2.500000000000000000e+01
3.300000000000000000e+01
2.100000000000000000e+01
1.800000000000000000e+01
1.800000000000000000e+01
1.000000000000000000e+01
1.800000000000000000e+01
2.900000000000000000e+01
1.900000000000000000e+01
0.000000000000000000e+00
3.200000000000000000e+01
3.400000000000000000e+01
4.400000000000000000e+01
1.700000000000000000e+01
1.800000000000000000e+01
3.200000000000000000e+01
4.100000000000000000e+01
4.000000000000000000e+00
9.000000000000000000e+00
2.600000000000000000e+01
-3.000000000000000000e+00
2.800000000000000000e+01
2.800000000000000000e+01
2.800000000000000000e+01
-4.000000000000000000e+00
2.400000000000000000e+01
3.400000000000000000e+01
-2.000000000000000000e+00
2.200000000000000000e+01
4.000000000000000000e+00
-5.000000000000000000e+00
2.600000000000000000e+01
1.400000000000000000e+01
2.000000000000000000e+01
-3.000000000000000000e+00
1.000000000000000000e+01
1.400000000000000000e+01
-7.000000000000000000e+00
3.200000000000000000e+01
3.400000000000000000e+01
3.400000000000000000e+01
3.300000000000000000e+01
-5.000000000000000000e+00
5.000000000000000000e+00
-2.000000000000000000e+00
4.500000000000000000e+01
3.100000000000000000e+01
2.900000000000000000e+01
9.000000000000000000e+00
2.200000000000000000e+01
1.200000000000000000e+01
1.600000000000000000e+01
8.000000000000000000e+00
5.300000000000000000e+01
-2.000000000000000000e+00
1.000000000000000000e+01
4.100000000000000000e+01
-7.000000000000000000e+00
1.600000000000000000e+01
5.000000000000000000e+00
8.000000000000000000e+00
1.800000000000000000e+01
1.200000000000000000e+01
1.600000000000000000e+01
1.900000000000000000e+01
4.000000000000000000e+00
-5.000000000000000000e+00
-1.000000000000000000e+00
2.000000000000000000e+01
2.900000000000000000e+01
4.400000000000000000e+01
9.000000000000000000e+00
7.000000000000000000e+00
1.600000000000000000e+01
3.900000000000000000e+01
2.500000000000000000e+01
4.300000000000000000e+01
-1.000000000000000000e+01
2.000000000000000000e+00
1.200000000000000000e+01
1.300000000000000000e+01
-7.000000000000000000e+00
1.000000000000000000e+00
4.600000000000000000e+01
0.000000000000000000e+00
2.800000000000000000e+01
2.200000000000000000e+01
8.000000000000000000e+00
3.300000000000000000e+01
7.000000000000000000e+00
2.800000000000000000e+01
3.000000000000000000e+01
-1.100000000000000000e+01
5.000000000000000000e+00
1.600000000000000000e+01
-4.000000000000000000e+00
-7.000000000000000000e+00
5.000000000000000000e+00
5.000000000000000000e+00
1.700000000000000000e+01
2.000000000000000000e+00
4.200000000000000000e+01
1.000000000000000000e+00
2.400000000000000000e+01
1.600000000000000000e+01
3.000000000000000000e+01
1.900000000000000000e+01
1.700000000000000000e+01
-7.000000000000000000e+00
4.000000000000000000e+00
-5.000000000000000000e+00
7.000000000000000000e+00
3.800000000000000000e+01
1.500000000000000000e+01
2.300000000000000000e+01
1.300000000000000000e+01
1.900000000000000000e+01
3.100000000000000000e+01
0.000000000000000000e+00
-2.900000000000000000e+01
2.400000000000000000e+01
3.400000000000000000e+01
7.000000000000000000e+00
-1.000000000000000000e+00
-1.200000000000000000e+01
1.900000000000000000e+01
2.400000000000000000e+01
1.200000000000000000e+01
-5.000000000000000000e+00
-8.000000000000000000e+00
2.000000000000000000e+00
2.100000000000000000e+01
1.500000000000000000e+01
-9.000000000000000000e+00
1.300000000000000000e+01
-9.000000000000000000e+00
0.000000000000000000e+00
-2.100000000000000000e+01
2.500000000000000000e+01
-4.000000000000000000e+00
8.000000000000000000e+00
3.200000000000000000e+01
-2.000000000000000000e+01
7.000000000000000000e+00
2.400000000000000000e+01
-2.000000000000000000e+01
3.400000000000000000e+01
9.000000000000000000e+00
2.000000000000000000e+01
8.000000000000000000e+00
4.000000000000000000e+00
-1.300000000000000000e+01
-1.300000000000000000e+01
3.400000000000000000e+01
3.800000000000000000e+01
3.000000000000000000e+00
-2.200000000000000000e+01
4.200000000000000000e+01
2.000000000000000000e+00
-6.000000000000000000e+00
2.200000000000000000e+01
1.500000000000000000e+01
1.400000000000000000e+01
2.800000000000000000e+01
-4.000000000000000000e+00
-6.000000000000000000e+00
1.800000000000000000e+01
-1.300000000000000000e+01
0.000000000000000000e+00
6.000000000000000000e+00
-2.300000000000000000e+01
2.700000000000000000e+01
-2.000000000000000000e+00
1.200000000000000000e+01
7.000000000000000000e+00
1.200000000000000000e+01
-1.000000000000000000e+00
-7.000000000000000000e+00
-7.000000000000000000e+00
3.600000000000000000e+01
2.700000000000000000e+01
3.000000000000000000e+01
6.000000000000000000e+00
-1.000000000000000000e+01
1.800000000000000000e+01
-1.000000000000000000e+00
-1.300000000000000000e+01
2.700000000000000000e+01
8.000000000000000000e+00
-6.000000000000000000e+00
7.000000000000000000e+00
1.600000000000000000e+01
1.800000000000000000e+01
1.500000000000000000e+01
2.100000000000000000e+01
1.900000000000000000e+01
-3.000000000000000000e+00
2.700000000000000000e+01
-9.000000000000000000e+00
4.000000000000000000e+00
2.000000000000000000e+00
-1.000000000000000000e+00
9.000000000000000000e+00
2.300000000000000000e+01
3.000000000000000000e+01
-1.000000000000000000e+00
2.200000000000000000e+01
-1.200000000000000000e+01
9.000000000000000000e+00
2.000000000000000000e+01
9.000000000000000000e+00
-1.300000000000000000e+01
-7.000000000000000000e+00
2.000000000000000000e+00
1.600000000000000000e+01
2.000000000000000000e+01
1.700000000000000000e+01
6.000000000000000000e+00
6.000000000000000000e+00
1.800000000000000000e+01
-1.000000000000000000e+01
-1.700000000000000000e+01
1.400000000000000000e+01
1.400000000000000000e+01
-1.400000000000000000e+01
3.000000000000000000e+00
4.000000000000000000e+00
-1.700000000000000000e+01
3.400000000000000000e+01
-1.800000000000000000e+01
2.000000000000000000e+01
-2.000000000000000000e+01
9.000000000000000000e+00
5.000000000000000000e+00
1.000000000000000000e+00
1.400000000000000000e+01
2.500000000000000000e+01
8.000000000000000000e+00
-4.000000000000000000e+00
2.300000000000000000e+01
3.000000000000000000e+00
2.200000000000000000e+01
-5.000000000000000000e+00
-8.000000000000000000e+00
8.000000000000000000e+00
2.000000000000000000e+00
-1.100000000000000000e+01
9.000000000000000000e+00
1.400000000000000000e+01
2.700000000000000000e+01
1.400000000000000000e+01
2.000000000000000000e+00
2.500000000000000000e+01
-1.100000000000000000e+01
2.000000000000000000e+00
6.000000000000000000e+00
-3.000000000000000000e+00
6.000000000000000000e+00
2.100000000000000000e+01
1.900000000000000000e+01
3.000000000000000000e+00
1.300000000000000000e+01
-1.100000000000000000e+01
3.500000000000000000e+01
-1.000000000000000000e+00
1.200000000000000000e+01
6.000000000000000000e+00
-4.000000000000000000e+00
-6.000000000000000000e+00
4.000000000000000000e+00
1.000000000000000000e+01
0.000000000000000000e+00
1.000000000000000000e+01
2.000000000000000000e+00
0.000000000000000000e+00
7.000000000000000000e+00
1.700000000000000000e+01
2.400000000000000000e+01
-8.000000000000000000e+00
8.000000000000000000e+00
2.900000000000000000e+01
6.000000000000000000e+00
1.100000000000000000e+01
6.000000000000000000e+00
2.200000000000000000e+01
4.000000000000000000e+00
-1.600000000000000000e+01
2.800000000000000000e+01
1.200000000000000000e+01
1.800000000000000000e+01
1.000000000000000000e+01
-3.300000000000000000e+01
-2.300000000000000000e+01
-2.200000000000000000e+01
-6.000000000000000000e+00
-2.000000000000000000e+00
-1.900000000000000000e+01
1.900000000000000000e+01
-2.800000000000000000e+01
-3.000000000000000000e+00
-4.000000000000000000e+00
-1.800000000000000000e+01
-8.000000000000000000e+00
-1.400000000000000000e+01
-9.000000000000000000e+00
1.400000000000000000e+01
-7.000000000000000000e+00
2.000000000000000000e+00
1.100000000000000000e+01
1.500000000000000000e+01
2.200000000000000000e+01
-1.000000000000000000e+01
2.700000000000000000e+01
-1.200000000000000000e+01
1.100000000000000000e+01
2.500000000000000000e+01
-3.500000000000000000e+01
1.000000000000000000e+01
-1.600000000000000000e+01
1.100000000000000000e+01
8.000000000000000000e+00
1.800000000000000000e+01
-1.800000000000000000e+01
-1.500000000000000000e+01
-2.000000000000000000e+00
2.000000000000000000e+00
-1.500000000000000000e+01
4.300000000000000000e+01
-1.400000000000000000e+01
2.100000000000000000e+01
3.000000000000000000e+00
1.600000000000000000e+01
0.000000000000000000e+00
-1.400000000000000000e+01
2.100000000000000000e+01
9.000000000000000000e+00
5.000000000000000000e+00
-2.800000000000000000e+01
-2.000000000000000000e+00
-9.000000000000000000e+00
-8.000000000000000000e+00
-8.000000000000000000e+00
-1.680000000000000000e+02
9.000000000000000000e+00
7.000000000000000000e+00
1.400000000000000000e+01
2.000000000000000000e+01
-2.100000000000000000e+01
-9.000000000000000000e+00
-7.000000000000000000e+00
1.400000000000000000e+01
-8.000000000000000000e+00
9.000000000000000000e+00
-1.000000000000000000e+01
3.700000000000000000e+01
-6.000000000000000000e+00
-3.100000000000000000e+01
-1.100000000000000000e+01
1.200000000000000000e+01
2.400000000000000000e+01
5.000000000000000000e+00
1.600000000000000000e+01
2.000000000000000000e+00
1.400000000000000000e+01
1.600000000000000000e+01
3.400000000000000000e+01
7.000000000000000000e+00
1.000000000000000000e+01
-6.000000000000000000e+00
2.000000000000000000e+01
8.000000000000000000e+00
-1.000000000000000000e+00
-8.000000000000000000e+00
1.000000000000000000e+01
3.500000000000000000e+01
2.000000000000000000e+01
-1.000000000000000000e+00
6.000000000000000000e+00
-1.000000000000000000e+00
1.000000000000000000e+01
1.800000000000000000e+01
1.600000000000000000e+01
-1.700000000000000000e+01
1.800000000000000000e+01
-1.200000000000000000e+01
2.200000000000000000e+01
0.000000000000000000e+00
-1.700000000000000000e+01
-1.000000000000000000e+01
-5.000000000000000000e+00
4.000000000000000000e+00
4.400000000000000000e+01
1.100000000000000000e+01
-2.000000000000000000e+00
1.300000000000000000e+01
-2.100000000000000000e+01
-7.000000000000000000e+00
7.000000000000000000e+00
2.000000000000000000e+00
1.200000000000000000e+01
-8.000000000000000000e+00
-7.000000000000000000e+00
1.300000000000000000e+01
2.000000000000000000e+00
1.000000000000000000e+00
1.300000000000000000e+01
7.000000000000000000e+00
-2.900000000000000000e+01
-1.100000000000000000e+01
1.300000000000000000e+01
3.000000000000000000e+01
-3.600000000000000000e+01
2.000000000000000000e+00
-3.900000000000000000e+01
3.000000000000000000e+00
4.000000000000000000e+00
3.000000000000000000e+00
-1.200000000000000000e+01
1.400000000000000000e+01
-1.900000000000000000e+01
-1.100000000000000000e+01
-4.000000000000000000e+00
1.900000000000000000e+01
6.000000000000000000e+00
1.800000000000000000e+01
-3.000000000000000000e+00
1.100000000000000000e+01
2.000000000000000000e+00
-5.000000000000000000e+00
7.000000000000000000e+00
-3.000000000000000000e+00
9.000000000000000000e+00
8.000000000000000000e+00
6.000000000000000000e+00
3.000000000000000000e+00
8.000000000000000000e+00
-5.000000000000000000e+00
1.600000000000000000e+01
-2.000000000000000000e+01
2.800000000000000000e+01
-1.500000000000000000e+01
-3.000000000000000000e+01
1.100000000000000000e+01
3.100000000000000000e+01
0.000000000000000000e+00
2.000000000000000000e+00
1.000000000000000000e+01
2.800000000000000000e+01
1.000000000000000000e+01
-8.000000000000000000e+00
-2.000000000000000000e+00
1.000000000000000000e+01
8.000000000000000000e+00
-3.700000000000000000e+01
6.000000000000000000e+00
-1.000000000000000000e+00
5.000000000000000000e+00
-1.100000000000000000e+01
2.000000000000000000e+00
-3.000000000000000000e+00
4.000000000000000000e+00
2.400000000000000000e+01
2.200000000000000000e+01
1.600000000000000000e+01
-2.900000000000000000e+01
6.000000000000000000e+00
1.200000000000000000e+01
-1.400000000000000000e+01
2.800000000000000000e+01
6.000000000000000000e+00
7.000000000000000000e+00
-9.000000000000000000e+00
-8.000000000000000000e+00
-6.000000000000000000e+00
-1.300000000000000000e+01
-1.000000000000000000e+01
-5.000000000000000000e+00
-2.400000000000000000e+01
-7.000000000000000000e+00
2.500000000000000000e+01
8.000000000000000000e+00
1.700000000000000000e+01
3.000000000000000000e+00
-3.000000000000000000e+00
-1.600000000000000000e+01
-1.200000000000000000e+01
-8.000000000000000000e+00
-2.400000000000000000e+01
8.000000000000000000e+00
1.100000000000000000e+01
-1.000000000000000000e+00
-1.200000000000000000e+01
-6.000000000000000000e+00
-5.000000000000000000e+00
-1.600000000000000000e+01
1.100000000000000000e+01
-2.200000000000000000e+01
3.000000000000000000e+01
1.600000000000000000e+01
2.000000000000000000e+00
2.700000000000000000e+01
-9.000000000000000000e+00
-2.000000000000000000e+01
-2.000000000000000000e+01
1.600000000000000000e+01
-7.000000000000000000e+00
0.000000000000000000e+00
-7.000000000000000000e+00
8.000000000000000000e+00
1.700000000000000000e+01
2.200000000000000000e+01
-2.000000000000000000e+00
-3.000000000000000000e+00
-2.000000000000000000e+00
7.000000000000000000e+00
-2.200000000000000000e+01
-7.000000000000000000e+00
-2.300000000000000000e+01
-1.900000000000000000e+01
-1.600000000000000000e+01
-1.200000000000000000e+01
-2.600000000000000000e+01
3.000000000000000000e+01
8.000000000000000000e+00
1.400000000000000000e+01
-3.600000000000000000e+01
-3.000000000000000000e+00
1.700000000000000000e+01
-4.000000000000000000e+00
4.000000000000000000e+00
5.000000000000000000e+00
-1.000000000000000000e+01
2.800000000000000000e+01
1.500000000000000000e+01
1.100000000000000000e+01
-1.400000000000000000e+01
-1.200000000000000000e+01
2.600000000000000000e+01
-7.000000000000000000e+00
2.000000000000000000e+00
4.000000000000000000e+00
-4.700000000000000000e+01
-8.000000000000000000e+00
-1.000000000000000000e+01
7.000000000000000000e+00
1.600000000000000000e+01
2.300000000000000000e+01
1.200000000000000000e+01
-6.000000000000000000e+00
1.800000000000000000e+01
2.500000000000000000e+01
-1.300000000000000000e+01
1.900000000000000000e+01
-2.300000000000000000e+01
7.000000000000000000e+00
3.100000000000000000e+01
-2.000000000000000000e+00
-2.000000000000000000e+01
4.000000000000000000e+00
2.200000000000000000e+01
2.000000000000000000e+00
-8.000000000000000000e+00
-1.900000000000000000e+01
-3.000000000000000000e+00
-4.000000000000000000e+00
4.000000000000000000e+00
-3.000000000000000000e+00
-1.500000000000000000e+01
6.000000000000000000e+00
7.000000000000000000e+00
1.000000000000000000e+01
-4.000000000000000000e+00
7.000000000000000000e+00
1.000000000000000000e+00
-9.000000000000000000e+00
9.000000000000000000e+00
-1.000000000000000000e+00
-1.000000000000000000e+00
1.200000000000000000e+01
-2.000000000000000000e+00
-3.700000000000000000e+01
8.000000000000000000e+00
-1.200000000000000000e+01
3.100000000000000000e+01
-5.000000000000000000e+01
-9.000000000000000000e+00
1.600000000000000000e+01
-1.400000000000000000e+01
-6.000000000000000000e+00
-3.000000000000000000e+00
-1.700000000000000000e+01
2.400000000000000000e+01
1.000000000000000000e+00
-1.100000000000000000e+01
1.100000000000000000e+01
3.000000000000000000e+00
8.000000000000000000e+00
-1.000000000000000000e+01
1.700000000000000000e+01
8.000000000000000000e+00
1.400000000000000000e+01
-6.000000000000000000e+00
-9.000000000000000000e+00
-1.100000000000000000e+01
1.900000000000000000e+01
1.800000000000000000e+01
4.000000000000000000e+00
-1.000000000000000000e+00
-3.000000000000000000e+00
4.000000000000000000e+00
6.000000000000000000e+00
-1.900000000000000000e+01
-4.000000000000000000e+00
0.000000000000000000e+00
-2.200000000000000000e+01
-2.000000000000000000e+00
2.000000000000000000e+00
-1.200000000000000000e+01
-9.000000000000000000e+00
1.300000000000000000e+01
4.000000000000000000e+00
4.000000000000000000e+00
1.000000000000000000e+00
-2.900000000000000000e+01
2.000000000000000000e+00
-5.000000000000000000e+00
1.000000000000000000e+00
-4.000000000000000000e+00
-1.100000000000000000e+01
-1.000000000000000000e+01
1.800000000000000000e+01
-1.200000000000000000e+01
1.000000000000000000e+00
-1.600000000000000000e+01
-9.000000000000000000e+00
1.600000000000000000e+01
6.000000000000000000e+00
-1.600000000000000000e+01
3.000000000000000000e+01
-4.000000000000000000e+01
2.800000000000000000e+01
-2.000000000000000000e+01
-5.000000000000000000e+00
3.400000000000000000e+01
-9.000000000000000000e+00
-1.900000000000000000e+01
2.600000000000000000e+01
8.000000000000000000e+00
3.800000000000000000e+01
1.200000000000000000e+01
5.000000000000000000e+00
-1.100000000000000000e+01
-5.000000000000000000e+00
-1.800000000000000000e+01
1.800000000000000000e+01
-4.300000000000000000e+01
7.000000000000000000e+00
2.200000000000000000e+01
-1.000000000000000000e+00
-3.000000000000000000e+00
1.300000000000000000e+01
-2.000000000000000000e+00
4.000000000000000000e+00
-1.200000000000000000e+01
5.000000000000000000e+00
-1.500000000000000000e+01
0.000000000000000000e+00
5.000000000000000000e+00
7.000000000000000000e+00
-6.000000000000000000e+00
-2.200000000000000000e+01
2.100000000000000000e+01
8.000000000000000000e+00
-1.500000000000000000e+01
-1.000000000000000000e+01
1.300000000000000000e+01
-1.100000000000000000e+01
9.000000000000000000e+00
-2.500000000000000000e+01
-1.400000000000000000e+01
-1.500000000000000000e+01
3.000000000000000000e+01
1.600000000000000000e+01
1.600000000000000000e+01
-1.000000000000000000e+00
1.600000000000000000e+01
9.000000000000000000e+00
-1.000000000000000000e+00
7.000000000000000000e+00
2.400000000000000000e+01
1.500000000000000000e+01
7.000000000000000000e+00
-3.000000000000000000e+00
-5.000000000000000000e+00
1.800000000000000000e+01
-6.000000000000000000e+00
1.600000000000000000e+01
1.200000000000000000e+01
-1.200000000000000000e+01
-3.100000000000000000e+01
1.000000000000000000e+01
-2.900000000000000000e+01
-6.000000000000000000e+00
2.300000000000000000e+01
-1.100000000000000000e+01
-1.300000000000000000e+01
1.100000000000000000e+01
-5.000000000000000000e+00
3.000000000000000000e+01
5.000000000000000000e+00
0.000000000000000000e+00
-4.000000000000000000e+00
-4.000000000000000000e+00
-3.000000000000000000e+00
-1.000000000000000000e+01
2.100000000000000000e+01
5.000000000000000000e+00
-3.000000000000000000e+01
-7.000000000000000000e+00
2.700000000000000000e+01
8.000000000000000000e+00
1.100000000000000000e+01
1.100000000000000000e+01
1.300000000000000000e+01
0.000000000000000000e+00
-2.100000000000000000e+01
2.300000000000000000e+01
3.000000000000000000e+01
-1.400000000000000000e+01
2.000000000000000000e+00
1.200000000000000000e+01
-3.000000000000000000e+00
-4.000000000000000000e+00
3.000000000000000000e+00
3.000000000000000000e+00
1.100000000000000000e+01
7.000000000000000000e+00
3.000000000000000000e+00
3.400000000000000000e+01
2.000000000000000000e+01
1.700000000000000000e+01
4.900000000000000000e+01
2.300000000000000000e+01
-7.000000000000000000e+00
-1.100000000000000000e+01
5.000000000000000000e+00
9.000000000000000000e+00
1.800000000000000000e+01
4.500000000000000000e+01
2.700000000000000000e+01
8.000000000000000000e+00
3.200000000000000000e+01
5.200000000000000000e+01
2.300000000000000000e+01
2.700000000000000000e+01
3.500000000000000000e+01
9.000000000000000000e+00
2.400000000000000000e+01
2.300000000000000000e+01
4.600000000000000000e+01
1.700000000000000000e+01
4.500000000000000000e+01
6.600000000000000000e+01
8.300000000000000000e+01
4.200000000000000000e+01
5.100000000000000000e+01
6.300000000000000000e+01
5.400000000000000000e+01
7.500000000000000000e+01
9.200000000000000000e+01
8.000000000000000000e+01
7.700000000000000000e+01
5.300000000000000000e+01
1.070000000000000000e+02
8.200000000000000000e+01
9.500000000000000000e+01
1.100000000000000000e+02
1.260000000000000000e+02
1.190000000000000000e+02
1.310000000000000000e+02
1.320000000000000000e+02
1.450000000000000000e+02
1.150000000000000000e+02
1.580000000000000000e+02
1.900000000000000000e+02
1.740000000000000000e+02
1.840000000000000000e+02
1.930000000000000000e+02
2.110000000000000000e+02
2.470000000000000000e+02
2.460000000000000000e+02
2.870000000000000000e+02
2.590000000000000000e+02
2.780000000000000000e+02
3.390000000000000000e+02
3.500000000000000000e+02
3.180000000000000000e+02
3.930000000000000000e+02
3.510000000000000000e+02
4.020000000000000000e+02
4.150000000000000000e+02
4.450000000000000000e+02
4.540000000000000000e+02
4.230000000000000000e+02
4.530000000000000000e+02
5.020000000000000000e+02
5.050000000000000000e+02
5.350000000000000000e+02
5.550000000000000000e+02
5.600000000000000000e+02
6.350000000000000000e+02
6.250000000000000000e+02
6.740000000000000000e+02
6.960000000000000000e+02
7.080000000000000000e+02
7.520000000000000000e+02
7.900000000000000000e+02
7.970000000000000000e+02
8.410000000000000000e+02
8.900000000000000000e+02
8.830000000000000000e+02
9.700000000000000000e+02
9.460000000000000000e+02
1.011000000000000000e+03
9.940000000000000000e+02
1.038000000000000000e+03
1.015000000000000000e+03
1.095000000000000000e+03
1.126000000000000000e+03
1.145000000000000000e+03
1.172000000000000000e+03
1.229000000000000000e+03
1.225000000000000000e+03
1.197000000000000000e+03
1.230000000000000000e+03
1.277000000000000000e+03
1.278000000000000000e+03
1.342000000000000000e+03
1.343000000000000000e+03
1.358000000000000000e+03
1.406000000000000000e+03
1.401000000000000000e+03
1.395000000000000000e+03
1.434000000000000000e+03
1.466000000000000000e+03
1.455000000000000000e+03
1.526000000000000000e+03
1.502000000000000000e+03
1.542000000000000000e+03
1.542000000000000000e+03
1.571000000000000000e+03
1.571000000000000000e+03
1.595000000000000000e+03
1.610000000000000000e+03
1.596000000000000000e+03
1.659000000000000000e+03
1.672000000000000000e+03
1.635000000000000000e+03
1.685000000000000000e+03
1.668000000000000000e+03
1.643000000000000000e+03
1.609000000000000000e+03
1.669000000000000000e+03
1.699000000000000000e+03
1.633000000000000000e+03
1.631000000000000000e+03
1.592000000000000000e+03
1.586000000000000000e+03
1.548000000000000000e+03
1.507000000000000000e+03
1.509000000000000000e+03
1.523000000000000000e+03
1.464000000000000000e+03
1.460000000000000000e+03
1.478000000000000000e+03
1.479000000000000000e+03
1.391000000000000000e+03
1.392000000000000000e+03
1.407000000000000000e+03
1.414000000000000000e+03
1.403000000000000000e+03
1.381000000000000000e+03
1.373000000000000000e+03
1.402000000000000000e+03
1.350000000000000000e+03
1.351000000000000000e+03
1.329000000000000000e+03
1.297000000000000000e+03
1.286000000000000000e+03
1.283000000000000000e+03
1.256000000000000000e+03
1.186000000000000000e+03
1.207000000000000000e+03
1.134000000000000000e+03
1.132000000000000000e+03
1.113000000000000000e+03
1.119000000000000000e+03
1.039000000000000000e+03
1.027000000000000000e+03
9.800000000000000000e+02
1.009000000000000000e+03
9.630000000000000000e+02
9.030000000000000000e+02
8.930000000000000000e+02
8.870000000000000000e+02
8.090000000000000000e+02
8.400000000000000000e+02
7.920000000000000000e+02
7.660000000000000000e+02
7.760000000000000000e+02
7.520000000000000000e+02
7.200000000000000000e+02
6.830000000000000000e+02
7.140000000000000000e+02
6.520000000000000000e+02
6.000000000000000000e+02
6.440000000000000000e+02
6.350000000000000000e+02
5.810000000000000000e+02
5.280000000000000000e+02
5.630000000000000000e+02
5.240000000000000000e+02
4.780000000000000000e+02
5.050000000000000000e+02
5.070000000000000000e+02
4.420000000000000000e+02
3.880000000000000000e+02
4.090000000000000000e+02
3.960000000000000000e+02
3.590000000000000000e+02
3.570000000000000000e+02
3.180000000000000000e+02
3.050000000000000000e+02
2.970000000000000000e+02
2.920000000000000000e+02
2.710000000000000000e+02
2.950000000000000000e+02
2.510000000000000000e+02
2.650000000000000000e+02
2.640000000000000000e+02
2.450000000000000000e+02
2.390000000000000000e+02
2.170000000000000000e+02
2.090000000000000000e+02
1.910000000000000000e+02
1.750000000000000000e+02
1.780000000000000000e+02
1.810000000000000000e+02
1.500000000000000000e+02
1.660000000000000000e+02
1.550000000000000000e+02
1.150000000000000000e+02
1.330000000000000000e+02
1.480000000000000000e+02
1.220000000000000000e+02
8.900000000000000000e+01
1.190000000000000000e+02
1.180000000000000000e+02
1.110000000000000000e+02
1.090000000000000000e+02
8.500000000000000000e+01
9.300000000000000000e+01
9.000000000000000000e+01
7.000000000000000000e+01
8.800000000000000000e+01
6.700000000000000000e+01
9.300000000000000000e+01
3.800000000000000000e+01
5.400000000000000000e+01
1.500000000000000000e+01
2.800000000000000000e+01
4.600000000000000000e+01
4.700000000000000000e+01
4.600000000000000000e+01
5.300000000000000000e+01
3.900000000000000000e+01
2.800000000000000000e+01
2.600000000000000000e+01
9.000000000000000000e+00
4.900000000000000000e+01
3.900000000000000000e+01
3.400000000000000000e+01
2.000000000000000000e+01
1.900000000000000000e+01
2.700000000000000000e+01
5.600000000000000000e+01
2.100000000000000000e+01
-1.200000000000000000e+01
3.600000000000000000e+01
2.000000000000000000e+01
2.700000000000000000e+01
-7.000000000000000000e+00
1.100000000000000000e+01
1.300000000000000000e+01
-2.100000000000000000e+01
2.100000000000000000e+01
2.400000000000000000e+01
-2.000000000000000000e+00
1.700000000000000000e+01
-1.700000000000000000e+01
2.400000000000000000e+01
2.400000000000000000e+01
1.700000000000000000e+01
-3.000000000000000000e+00
4.000000000000000000e+00
-2.000000000000000000e+00
2.500000000000000000e+01
2.000000000000000000e+00
6.000000000000000000e+00
2.400000000000000000e+01
1.000000000000000000e+00
2.500000000000000000e+01
1.800000000000000000e+01
1.700000000000000000e+01
5.000000000000000000e+00
1.700000000000000000e+01
2.000000000000000000e+01
3.800000000000000000e+01
1.200000000000000000e+01
-5.000000000000000000e+00
7.000000000000000000e+00
2.000000000000000000e+00
5.000000000000000000e+00
-6.000000000000000000e+00
-6.000000000000000000e+00
1.400000000000000000e+01
-2.700000000000000000e+01
-1.500000000000000000e+01
1.500000000000000000e+01
3.800000000000000000e+01
-3.000000000000000000e+00
7.000000000000000000e+00
-4.000000000000000000e+00
3.000000000000000000e+00
-1.400000000000000000e+01
-5.000000000000000000e+00
2.700000000000000000e+01
-1.000000000000000000e+00
1.500000000000000000e+01
3.000000000000000000e+00
6.000000000000000000e+00
-1.000000000000000000e+00
-5.000000000000000000e+00
-1.300000000000000000e+01
-1.300000000000000000e+01
-2.100000000000000000e+01
-4.800000000000000000e+01
1.300000000000000000e+01
5.000000000000000000e+00
-1.900000000000000000e+01
-1.900000000000000000e+01
2.000000000000000000e+00
-1.000000000000000000e+01
9.000000000000000000e+00
1.700000000000000000e+01
-5.000000000000000000e+00
7.000000000000000000e+00
8.000000000000000000e+00
1.100000000000000000e+01
-1.100000000000000000e+01
1.000000000000000000e+01
3.000000000000000000e+00
-3.000000000000000000e+00
-7.000000000000000000e+00
-1.000000000000000000e+00
