-5.000000000000000000e+00
1.000000000000000000e+00
0.000000000000000000e+00
4.000000000000000000e+00
2.500000000000000000e+01
0.000000000000000000e+00
-2.200000000000000000e+01
2.000000000000000000e+00
-7.000000000000000000e+00
-2.300000000000000000e+01
1.300000000000000000e+01
-1.500000000000000000e+01
6.000000000000000000e+00
3.000000000000000000e+00
1.100000000000000000e+01
3.000000000000000000e+00
1.000000000000000000e+01
1.900000000000000000e+01
3.000000000000000000e+00
6.000000000000000000e+00
3.600000000000000000e+01
-3.000000000000000000e+00
4.000000000000000000e+00
7.000000000000000000e+00
-2.600000000000000000e+01
-1.700000000000000000e+01
-4.000000000000000000e+00
0.000000000000000000e+00
1.500000000000000000e+01
-1.200000000000000000e+01
-1.300000000000000000e+01
4.000000000000000000e+00
1.500000000000000000e+01
1.000000000000000000e+01
1.000000000000000000e+00
-1.300000000000000000e+01
-1.200000000000000000e+01
6.000000000000000000e+00
-8.000000000000000000e+00
1.900000000000000000e+01
-3.000000000000000000e+00
-9.000000000000000000e+00
-5.000000000000000000e+00
2.000000000000000000e+00
7.000000000000000000e+00
2.000000000000000000e+00
-1.000000000000000000e+01
-2.100000000000000000e+01
-5.000000000000000000e+00
-5.000000000000000000e+00
0.000000000000000000e+00
-1.800000000000000000e+01
1.300000000000000000e+01
8.000000000000000000e+00
-1.200000000000000000e+01
-1.000000000000000000e+00
-7.000000000000000000e+00
-3.300000000000000000e+01
-1.900000000000000000e+01
1.100000000000000000e+01
-3.000000000000000000e+00
-1.800000000000000000e+01
-2.200000000000000000e+01
2.900000000000000000e+01
-3.300000000000000000e+01
1.100000000000000000e+01
-2.600000000000000000e+01
0.000000000000000000e+00
1.500000000000000000e+01
-2.000000000000000000e+00
-8.000000000000000000e+00
2.200000000000000000e+01
-1.200000000000000000e+01
-3.700000000000000000e+01
1.600000000000000000e+01
2.500000000000000000e+01
5.000000000000000000e+00
-3.000000000000000000e+00
0.000000000000000000e+00
-5.000000000000000000e+00
4.000000000000000000e+00
5.000000000000000000e+00
-3.200000000000000000e+01
-5.000000000000000000e+00
-5.000000000000000000e+00
-2.100000000000000000e+01
8.000000000000000000e+00
-2.200000000000000000e+01
5.000000000000000000e+00
-2.200000000000000000e+01
-4.000000000000000000e+00
-2.500000000000000000e+01
5.000000000000000000e+00
-1.900000000000000000e+01
1.000000000000000000e+00
5.000000000000000000e+00
-1.300000000000000000e+01
0.000000000000000000e+00
-4.600000000000000000e+01
-1.600000000000000000e+01
6.000000000000000000e+00
7.000000000000000000e+00
0.000000000000000000e+00
-3.900000000000000000e+01
7.000000000000000000e+00
0.000000000000000000e+00
-2.000000000000000000e+01
1.700000000000000000e+01
1.200000000000000000e+01
-1.500000000000000000e+01
1.500000000000000000e+01
-6.000000000000000000e+00
1.200000000000000000e+01
1.100000000000000000e+01
2.200000000000000000e+01
2.600000000000000000e+01
6.000000000000000000e+00
7.000000000000000000e+00
-1.000000000000000000e+01
3.000000000000000000e+00
8.000000000000000000e+00
-3.000000000000000000e+00
-1.500000000000000000e+01
-9.000000000000000000e+00
2.900000000000000000e+01
-3.100000000000000000e+01
3.000000000000000000e+00
-1.200000000000000000e+01
3.000000000000000000e+01
1.000000000000000000e+01
-7.000000000000000000e+00
1.400000000000000000e+01
-1.100000000000000000e+01
-5.000000000000000000e+00
-3.700000000000000000e+01
-9.000000000000000000e+00
-1.000000000000000000e+00
1.000000000000000000e+00
2.300000000000000000e+01
2.100000000000000000e+01
3.000000000000000000e+00
-7.000000000000000000e+00
-2.000000000000000000e+00
7.000000000000000000e+00
8.000000000000000000e+00
2.400000000000000000e+01
-6.000000000000000000e+00
-2.500000000000000000e+01
-1.500000000000000000e+01
-7.000000000000000000e+00
8.000000000000000000e+00
2.200000000000000000e+01
4.000000000000000000e+00
-1.800000000000000000e+01
1.100000000000000000e+01
4.000000000000000000e+00
1.900000000000000000e+01
-8.000000000000000000e+00
-6.000000000000000000e+00
-6.000000000000000000e+00
9.000000000000000000e+00
-2.700000000000000000e+01
-2.100000000000000000e+01
-2.200000000000000000e+01
-2.100000000000000000e+01
-2.900000000000000000e+01
1.700000000000000000e+01
-2.800000000000000000e+01
5.000000000000000000e+00
1.000000000000000000e+00
-9.000000000000000000e+00
2.000000000000000000e+01
2.000000000000000000e+00
2.000000000000000000e+01
1.400000000000000000e+01
6.000000000000000000e+00
-2.500000000000000000e+01
-1.500000000000000000e+01
1.800000000000000000e+01
0.000000000000000000e+00
2.000000000000000000e+00
-3.000000000000000000e+00
-1.400000000000000000e+01
-3.200000000000000000e+01
9.000000000000000000e+00
-2.400000000000000000e+01
-4.000000000000000000e+00
-2.200000000000000000e+01
2.000000000000000000e+01
0.000000000000000000e+00
1.800000000000000000e+01
-2.100000000000000000e+01
-1.200000000000000000e+01
-2.000000000000000000e+00
-8.000000000000000000e+00
-4.000000000000000000e+00
1.000000000000000000e+01
1.300000000000000000e+01
-4.000000000000000000e+00
5.000000000000000000e+00
3.000000000000000000e+00
3.000000000000000000e+00
-1.100000000000000000e+01
-1.600000000000000000e+01
-6.000000000000000000e+00
-5.000000000000000000e+00
2.000000000000000000e+01
0.000000000000000000e+00
3.600000000000000000e+01
9.000000000000000000e+00
-3.000000000000000000e+00
9.000000000000000000e+00
1.500000000000000000e+01
-8.000000000000000000e+00
-1.200000000000000000e+01
-1.900000000000000000e+01
7.000000000000000000e+00
2.400000000000000000e+01
5.000000000000000000e+00
-6.000000000000000000e+00
2.700000000000000000e+01
2.000000000000000000e+00
-2.300000000000000000e+01
1.600000000000000000e+01
-2.700000000000000000e+01
1.500000000000000000e+01
-1.000000000000000000e+00
-2.500000000000000000e+01
2.000000000000000000e+00
2.600000000000000000e+01
0.000000000000000000e+00
1.900000000000000000e+01
8.000000000000000000e+00
-6.000000000000000000e+00
5.000000000000000000e+00
-4.000000000000000000e+00
-3.000000000000000000e+00
-6.000000000000000000e+00
-1.900000000000000000e+01
-8.000000000000000000e+00
1.700000000000000000e+01
-1.900000000000000000e+01
3.100000000000000000e+01
1.000000000000000000e+00
1.400000000000000000e+01
1.400000000000000000e+01
1.400000000000000000e+01
1.200000000000000000e+01
-9.000000000000000000e+00
3.500000000000000000e+01
6.000000000000000000e+00
-6.000000000000000000e+00
-1.200000000000000000e+01
-1.000000000000000000e+01
-9.000000000000000000e+00
-3.200000000000000000e+01
2.300000000000000000e+01
2.000000000000000000e+00
-2.100000000000000000e+01
-3.700000000000000000e+01
-1.700000000000000000e+01
1.600000000000000000e+01
1.800000000000000000e+01
-2.200000000000000000e+01
-5.000000000000000000e+00
1.300000000000000000e+01
5.000000000000000000e+00
1.100000000000000000e+01
3.100000000000000000e+01
-9.000000000000000000e+00
-1.300000000000000000e+01
2.200000000000000000e+01
-2.000000000000000000e+01
4.000000000000000000e+00
2.800000000000000000e+01
9.000000000000000000e+00
1.000000000000000000e+01
-2.300000000000000000e+01
-5.000000000000000000e+00
2.300000000000000000e+01
-3.000000000000000000e+00
1.000000000000000000e+01
-7.000000000000000000e+00
-1.200000000000000000e+01
1.900000000000000000e+01
3.000000000000000000e+00
-4.400000000000000000e+01
-6.000000000000000000e+00
-2.300000000000000000e+01
-4.000000000000000000e+00
-1.400000000000000000e+01
2.000000000000000000e+00
-1.700000000000000000e+01
2.900000000000000000e+01
0.000000000000000000e+00
1.700000000000000000e+01
-1.000000000000000000e+01
-5.000000000000000000e+00
-1.800000000000000000e+01
1.700000000000000000e+01
1.000000000000000000e+00
1.000000000000000000e+00
-2.000000000000000000e+01
1.200000000000000000e+01
-1.700000000000000000e+01
-1.000000000000000000e+00
-1.800000000000000000e+01
2.000000000000000000e+00
-2.600000000000000000e+01
3.000000000000000000e+01
-2.400000000000000000e+01
1.200000000000000000e+01
3.000000000000000000e+00
0.000000000000000000e+00
-3.000000000000000000e+00
2.800000000000000000e+01
4.000000000000000000e+00
2.700000000000000000e+01
-5.000000000000000000e+00
5.000000000000000000e+00
-3.100000000000000000e+01
-4.000000000000000000e+00
1.700000000000000000e+01
-2.000000000000000000e+00
6.000000000000000000e+00
-7.000000000000000000e+00
8.000000000000000000e+00
-1.600000000000000000e+01
-8.000000000000000000e+00
2.000000000000000000e+01
2.300000000000000000e+01
2.800000000000000000e+01
-1.000000000000000000e+01
-1.100000000000000000e+01
-6.000000000000000000e+00
2.000000000000000000e+00
2.000000000000000000e+00
-4.000000000000000000e+00
1.800000000000000000e+01
8.000000000000000000e+00
2.000000000000000000e+00
-2.400000000000000000e+01
2.100000000000000000e+01
-6.000000000000000000e+00
-7.000000000000000000e+00
-9.000000000000000000e+00
7.000000000000000000e+00
-5.000000000000000000e+00
-5.000000000000000000e+00
1.700000000000000000e+01
1.500000000000000000e+01
-6.000000000000000000e+00
9.000000000000000000e+00
-1.500000000000000000e+01
1.000000000000000000e+00
1.300000000000000000e+01
3.000000000000000000e+00
2.000000000000000000e+00
1.000000000000000000e+00
-3.200000000000000000e+01
-7.000000000000000000e+00
2.100000000000000000e+01
2.000000000000000000e+01
1.400000000000000000e+01
-9.000000000000000000e+00
1.000000000000000000e+01
-1.700000000000000000e+01
-2.200000000000000000e+01
-3.000000000000000000e+00
-5.500000000000000000e+01
-9.000000000000000000e+00
7.000000000000000000e+00
-1.200000000000000000e+01
-2.100000000000000000e+01
-1.700000000000000000e+01
-3.000000000000000000e+00
-1.400000000000000000e+01
4.000000000000000000e+00
1.500000000000000000e+01
-1.700000000000000000e+01
2.100000000000000000e+01
1.900000000000000000e+01
-5.400000000000000000e+01
3.200000000000000000e+01
-8.000000000000000000e+00
1.100000000000000000e+01
2.000000000000000000e+00
-1.700000000000000000e+01
-2.100000000000000000e+01
1.500000000000000000e+01
-5.000000000000000000e+00
1.000000000000000000e+00
-2.600000000000000000e+01
-7.000000000000000000e+00
1.300000000000000000e+01
7.000000000000000000e+00
-5.000000000000000000e+00
1.000000000000000000e+01
-2.000000000000000000e+00
4.900000000000000000e+01
-1.500000000000000000e+01
-3.000000000000000000e+00
3.000000000000000000e+00
-1.900000000000000000e+01
-3.200000000000000000e+01
1.000000000000000000e+01
2.100000000000000000e+01
4.000000000000000000e+00
-6.000000000000000000e+00
-9.000000000000000000e+00
-7.000000000000000000e+00
-5.000000000000000000e+00
-1.700000000000000000e+01
-1.400000000000000000e+01
2.500000000000000000e+01
2.700000000000000000e+01
1.300000000000000000e+01
-1.200000000000000000e+01
-1.700000000000000000e+01
2.000000000000000000e+00
1.200000000000000000e+01
-2.000000000000000000e+00
-3.000000000000000000e+00
0.000000000000000000e+00
2.300000000000000000e+01
-3.100000000000000000e+01
-8.000000000000000000e+00
0.000000000000000000e+00
-4.000000000000000000e+00
1.900000000000000000e+01
-7.000000000000000000e+00
3.100000000000000000e+01
8.000000000000000000e+00
-1.000000000000000000e+01
-1.000000000000000000e+00
-2.000000000000000000e+00
-2.300000000000000000e+01
2.200000000000000000e+01
-7.000000000000000000e+00
-6.000000000000000000e+00
5.000000000000000000e+00
-2.900000000000000000e+01
8.000000000000000000e+00
1.300000000000000000e+01
1.700000000000000000e+01
4.200000000000000000e+01
7.000000000000000000e+00
-1.600000000000000000e+01
-1.600000000000000000e+01
9.000000000000000000e+00
6.000000000000000000e+00
5.000000000000000000e+00
-1.000000000000000000e+00
-6.000000000000000000e+00
-6.000000000000000000e+00
1.200000000000000000e+01
2.800000000000000000e+01
3.300000000000000000e+01
-2.000000000000000000e+00
-1.000000000000000000e+01
6.000000000000000000e+00
-1.800000000000000000e+01
-1.800000000000000000e+01
-2.100000000000000000e+01
1.300000000000000000e+01
-2.100000000000000000e+01
3.400000000000000000e+01
1.000000000000000000e+00
-1.800000000000000000e+01
2.700000000000000000e+01
5.000000000000000000e+00
0.000000000000000000e+00
1.020000000000000000e+02
-4.000000000000000000e+00
0.000000000000000000e+00
-1.000000000000000000e+01
1.300000000000000000e+01
7.000000000000000000e+00
1.000000000000000000e+00
-4.000000000000000000e+00
-3.900000000000000000e+01
2.000000000000000000e+00
1.400000000000000000e+01
-8.000000000000000000e+00
-2.000000000000000000e+01
1.900000000000000000e+01
-1.600000000000000000e+01
1.800000000000000000e+01
-6.000000000000000000e+00
1.100000000000000000e+01
-6.000000000000000000e+00
9.000000000000000000e+00
5.000000000000000000e+00
-1.100000000000000000e+01
1.000000000000000000e+00
4.000000000000000000e+00
-2.200000000000000000e+01
-2.200000000000000000e+01
-2.300000000000000000e+01
-9.000000000000000000e+00
3.600000000000000000e+01
2.800000000000000000e+01
2.000000000000000000e+01
-6.000000000000000000e+00
-3.000000000000000000e+00
7.000000000000000000e+00
1.000000000000000000e+00
-1.700000000000000000e+01
-1.600000000000000000e+01
-2.900000000000000000e+01
-2.500000000000000000e+01
2.200000000000000000e+01
0.000000000000000000e+00
-1.100000000000000000e+01
-1.300000000000000000e+01
-1.100000000000000000e+01
-8.000000000000000000e+00
-1.000000000000000000e+00
1.500000000000000000e+01
5.000000000000000000e+00
-3.000000000000000000e+00
3.000000000000000000e+01
-2.200000000000000000e+01
-8.000000000000000000e+00
5.000000000000000000e+00
-1.500000000000000000e+01
-1.300000000000000000e+01
-1.400000000000000000e+01
1.700000000000000000e+01
1.000000000000000000e+01
1.400000000000000000e+01
4.000000000000000000e+00
1.300000000000000000e+01
3.500000000000000000e+01
1.700000000000000000e+01
-9.000000000000000000e+00
1.100000000000000000e+01
2.000000000000000000e+00
-2.100000000000000000e+01
-1.100000000000000000e+01
4.900000000000000000e+01
-2.000000000000000000e+00
5.700000000000000000e+01
1.500000000000000000e+01
3.500000000000000000e+01
-4.000000000000000000e+00
2.500000000000000000e+01
-1.900000000000000000e+01
1.700000000000000000e+01
-1.000000000000000000e+00
-8.000000000000000000e+00
-2.300000000000000000e+01
1.100000000000000000e+01
-3.000000000000000000e+01
3.500000000000000000e+01
-7.000000000000000000e+00
2.700000000000000000e+01
-9.000000000000000000e+00
1.000000000000000000e+00
6.000000000000000000e+00
-2.000000000000000000e+01
-3.400000000000000000e+01
1.400000000000000000e+01
2.500000000000000000e+01
-8.000000000000000000e+00
1.800000000000000000e+01
1.900000000000000000e+01
-6.000000000000000000e+00
-8.000000000000000000e+00
5.000000000000000000e+00
-2.000000000000000000e+00
3.000000000000000000e+00
2.500000000000000000e+01
-2.000000000000000000e+01
1.600000000000000000e+01
2.100000000000000000e+01
-1.000000000000000000e+01
0.000000000000000000e+00
2.900000000000000000e+01
9.000000000000000000e+00
-1.700000000000000000e+01
8.000000000000000000e+00
-5.000000000000000000e+00
2.000000000000000000e+01
1.800000000000000000e+01
2.800000000000000000e+01
1.800000000000000000e+01
1.800000000000000000e+01
-2.200000000000000000e+01
1.100000000000000000e+01
-2.000000000000000000e+00
6.000000000000000000e+00
-3.000000000000000000e+00
9.000000000000000000e+00
-3.000000000000000000e+00
3.000000000000000000e+00
2.900000000000000000e+01
-2.900000000000000000e+01
1.600000000000000000e+01
8.000000000000000000e+00
-1.600000000000000000e+01
-8.000000000000000000e+00
-5.000000000000000000e+00
1.500000000000000000e+01
4.900000000000000000e+01
1.400000000000000000e+01
1.900000000000000000e+01
1.600000000000000000e+01
6.000000000000000000e+00
5.000000000000000000e+00
-1.300000000000000000e+01
-1.300000000000000000e+01
-1.000000000000000000e+01
2.300000000000000000e+01
-1.000000000000000000e+00
-3.000000000000000000e+01
-2.300000000000000000e+01
-2.100000000000000000e+01
-2.200000000000000000e+01
7.000000000000000000e+00
2.300000000000000000e+01
-1.900000000000000000e+01
1.200000000000000000e+01
-2.400000000000000000e+01
-1.300000000000000000e+01
-5.000000000000000000e+00
-1.400000000000000000e+01
1.300000000000000000e+01
-3.000000000000000000e+00
-2.400000000000000000e+01
1.500000000000000000e+01
-1.400000000000000000e+01
0.000000000000000000e+00
3.000000000000000000e+00
1.000000000000000000e+00
8.000000000000000000e+00
-1.400000000000000000e+01
1.700000000000000000e+01
4.100000000000000000e+01
4.000000000000000000e+00
1.400000000000000000e+01
-3.000000000000000000e+00
-5.000000000000000000e+00
1.000000000000000000e+01
3.000000000000000000e+00
2.100000000000000000e+01
-1.100000000000000000e+01
-3.000000000000000000e+00
4.000000000000000000e+00
-7.000000000000000000e+00
-4.000000000000000000e+00
5.000000000000000000e+00
1.800000000000000000e+01
2.000000000000000000e+01
2.800000000000000000e+01
-3.000000000000000000e+01
2.700000000000000000e+01
-6.000000000000000000e+00
7.000000000000000000e+00
-3.000000000000000000e+00
2.000000000000000000e+01
1.300000000000000000e+01
-8.000000000000000000e+00
1.400000000000000000e+01
2.000000000000000000e+00
-4.000000000000000000e+00
2.000000000000000000e+00
8.000000000000000000e+00
2.800000000000000000e+01
1.400000000000000000e+01
-3.800000000000000000e+01
-2.400000000000000000e+01
7.000000000000000000e+00
1.000000000000000000e+01
1.200000000000000000e+01
-3.400000000000000000e+01
2.300000000000000000e+01
2.500000000000000000e+01
2.000000000000000000e+01
-1.900000000000000000e+01
1.100000000000000000e+01
2.700000000000000000e+01
1.600000000000000000e+01
2.900000000000000000e+01
0.000000000000000000e+00
1.000000000000000000e+01
2.300000000000000000e+01
1.700000000000000000e+01
-2.000000000000000000e+00
1.000000000000000000e+00
-2.100000000000000000e+01
2.200000000000000000e+01
1.500000000000000000e+01
-1.700000000000000000e+01
2.000000000000000000e+01
1.000000000000000000e+01
7.000000000000000000e+00
9.000000000000000000e+00
-4.000000000000000000e+00
2.100000000000000000e+01
3.000000000000000000e+00
2.500000000000000000e+01
1.000000000000000000e+00
-8.000000000000000000e+00
1.900000000000000000e+01
1.700000000000000000e+01
8.000000000000000000e+00
2.000000000000000000e+00
-1.200000000000000000e+01
2.600000000000000000e+01
-4.000000000000000000e+00
-9.000000000000000000e+00
2.200000000000000000e+01
1.000000000000000000e+00
2.800000000000000000e+01
1.000000000000000000e+00
8.000000000000000000e+00
1.400000000000000000e+01
7.000000000000000000e+00
2.100000000000000000e+01
-1.000000000000000000e+01
5.000000000000000000e+00
8.000000000000000000e+00
1.100000000000000000e+01
2.000000000000000000e+00
1.600000000000000000e+01
-1.100000000000000000e+01
7.000000000000000000e+00
-1.000000000000000000e+01
6.000000000000000000e+00
2.700000000000000000e+01
1.500000000000000000e+01
1.900000000000000000e+01
1.300000000000000000e+01
4.000000000000000000e+00
1.600000000000000000e+01
5.000000000000000000e+00
-1.100000000000000000e+01
2.300000000000000000e+01
3.700000000000000000e+01
2.600000000000000000e+01
1.100000000000000000e+01
3.000000000000000000e+01
4.200000000000000000e+01
-3.100000000000000000e+01
-3.000000000000000000e+00
-2.000000000000000000e+00
7.000000000000000000e+00
3.100000000000000000e+01
5.000000000000000000e+00
2.000000000000000000e+01
1.500000000000000000e+01
2.200000000000000000e+01
3.600000000000000000e+01
3.000000000000000000e+01
3.000000000000000000e+00
9.000000000000000000e+00
1.000000000000000000e+01
-1.600000000000000000e+01
2.200000000000000000e+01
2.700000000000000000e+01
4.100000000000000000e+01
2.300000000000000000e+01
1.000000000000000000e+01
3.600000000000000000e+01
1.500000000000000000e+01
1.000000000000000000e+01
1.000000000000000000e+01
1.100000000000000000e+01
2.500000000000000000e+01
2.100000000000000000e+01
2.000000000000000000e+01
6.000000000000000000e+00
3.200000000000000000e+01
3.000000000000000000e+00
6.000000000000000000e+00
1.400000000000000000e+01
2.900000000000000000e+01
2.800000000000000000e+01
1.500000000000000000e+01
1.900000000000000000e+01
1.100000000000000000e+01
2.800000000000000000e+01
1.300000000000000000e+01
3.400000000000000000e+01
1.600000000000000000e+01
0.000000000000000000e+00
-8.000000000000000000e+00
3.000000000000000000e+01
3.600000000000000000e+01
8.000000000000000000e+00
2.200000000000000000e+01
-1.000000000000000000e+00
-5.000000000000000000e+00
5.000000000000000000e+00
3.100000000000000000e+01
2.400000000000000000e+01
1.000000000000000000e+01
5.000000000000000000e+00
3.300000000000000000e+01
1.400000000000000000e+01
4.500000000000000000e+01
-1.000000000000000000e+00
-1.800000000000000000e+01
-1.000000000000000000e+01
7.000000000000000000e+00
2.100000000000000000e+01
-8.000000000000000000e+00
6.000000000000000000e+00
2.700000000000000000e+01
5.300000000000000000e+01
7.000000000000000000e+01
1.000000000000000000e+00
2.100000000000000000e+01
-1.500000000000000000e+01
2.500000000000000000e+01
4.000000000000000000e+00
1.300000000000000000e+01
3.100000000000000000e+01
1.000000000000000000e+00
2.500000000000000000e+01
1.000000000000000000e+01
1.700000000000000000e+01
2.900000000000000000e+01
8.000000000000000000e+00
3.500000000000000000e+01
3.000000000000000000e+00
1.200000000000000000e+01
-1.000000000000000000e+00
1.600000000000000000e+01
2.800000000000000000e+01
2.700000000000000000e+01
0.000000000000000000e+00
-3.200000000000000000e+01
5.500000000000000000e+01
1.100000000000000000e+01
1.400000000000000000e+01
0.000000000000000000e+00
2.700000000000000000e+01
4.500000000000000000e+01
2.500000000000000000e+01
3.900000000000000000e+01
-2.600000000000000000e+01
2.000000000000000000e+00
4.700000000000000000e+01
2.700000000000000000e+01
3.200000000000000000e+01
2.200000000000000000e+01
-3.000000000000000000e+00
3.800000000000000000e+01
3.800000000000000000e+01
-4.000000000000000000e+00
7.000000000000000000e+00
4.100000000000000000e+01
1.400000000000000000e+01
1.100000000000000000e+01
2.100000000000000000e+01
1.800000000000000000e+01
9.000000000000000000e+00
-1.000000000000000000e+00
2.900000000000000000e+01
2.000000000000000000e+01
4.000000000000000000e+01
1.300000000000000000e+01
2.100000000000000000e+01
7.000000000000000000e+00
4.000000000000000000e+00
2.100000000000000000e+01
2.500000000000000000e+01
3.200000000000000000e+01
5.100000000000000000e+01
2.700000000000000000e+01
9.000000000000000000e+00
6.000000000000000000e+00
3.300000000000000000e+01
5.100000000000000000e+01
3.000000000000000000e+01
4.700000000000000000e+01
8.000000000000000000e+01
3.900000000000000000e+01
5.500000000000000000e+01
4.100000000000000000e+01
5.600000000000000000e+01
8.000000000000000000e+01
8.300000000000000000e+01
5.300000000000000000e+01
1.040000000000000000e+02
6.400000000000000000e+01
9.000000000000000000e+01
1.330000000000000000e+02
1.430000000000000000e+02
1.310000000000000000e+02
2.000000000000000000e+02
2.160000000000000000e+02
2.430000000000000000e+02
2.940000000000000000e+02
3.140000000000000000e+02
3.780000000000000000e+02
4.300000000000000000e+02
5.320000000000000000e+02
5.780000000000000000e+02
6.530000000000000000e+02
7.690000000000000000e+02
8.730000000000000000e+02
9.570000000000000000e+02
1.077000000000000000e+03
1.197000000000000000e+03
1.321000000000000000e+03
1.453000000000000000e+03
1.590000000000000000e+03
1.761000000000000000e+03
1.948000000000000000e+03
2.092000000000000000e+03
2.253000000000000000e+03
2.430000000000000000e+03
2.629000000000000000e+03
2.799000000000000000e+03
2.914000000000000000e+03
3.108000000000000000e+03
3.211000000000000000e+03
3.419000000000000000e+03
3.624000000000000000e+03
3.732000000000000000e+03
3.888000000000000000e+03
3.988000000000000000e+03
4.150000000000000000e+03
4.183000000000000000e+03
4.351000000000000000e+03
4.388000000000000000e+03
4.380000000000000000e+03
4.378000000000000000e+03
4.452000000000000000e+03
4.498000000000000000e+03
4.464000000000000000e+03
4.519000000000000000e+03
4.415000000000000000e+03
4.409000000000000000e+03
4.287000000000000000e+03
4.146000000000000000e+03
4.126000000000000000e+03
3.957000000000000000e+03
3.799000000000000000e+03
3.718000000000000000e+03
3.650000000000000000e+03
3.386000000000000000e+03
3.272000000000000000e+03
3.116000000000000000e+03
2.964000000000000000e+03
2.765000000000000000e+03
2.634000000000000000e+03
2.471000000000000000e+03
2.256000000000000000e+03
2.097000000000000000e+03
1.998000000000000000e+03
1.804000000000000000e+03
1.624000000000000000e+03
1.575000000000000000e+03
1.412000000000000000e+03
1.317000000000000000e+03
1.206000000000000000e+03
1.035000000000000000e+03
9.600000000000000000e+02
8.340000000000000000e+02
7.740000000000000000e+02
6.540000000000000000e+02
5.720000000000000000e+02
5.480000000000000000e+02
4.340000000000000000e+02
3.970000000000000000e+02
3.380000000000000000e+02
3.270000000000000000e+02
2.580000000000000000e+02
2.310000000000000000e+02
1.870000000000000000e+02
1.580000000000000000e+02
1.270000000000000000e+02
1.230000000000000000e+02
8.500000000000000000e+01
8.100000000000000000e+01
8.100000000000000000e+01
6.900000000000000000e+01
5.600000000000000000e+01
3.700000000000000000e+01
2.600000000000000000e+01
2.900000000000000000e+01
3.500000000000000000e+01
2.300000000000000000e+01
3.500000000000000000e+01
1.400000000000000000e+01
2.700000000000000000e+01
2.700000000000000000e+01
2.200000000000000000e+01
0.000000000000000000e+00
2.300000000000000000e+01
1.800000000000000000e+01
-4.000000000000000000e+00
9.000000000000000000e+00
2.700000000000000000e+01
3.000000000000000000e+00
2.100000000000000000e+01
1.700000000000000000e+01
1.500000000000000000e+01
3.000000000000000000e+00
-2.000000000000000000e+01
2.800000000000000000e+01
1.300000000000000000e+01
7.000000000000000000e+00
1.300000000000000000e+01
-1.000000000000000000e+00
4.100000000000000000e+01
9.000000000000000000e+00
3.200000000000000000e+01
-1.400000000000000000e+01
-3.000000000000000000e+00
2.600000000000000000e+01
3.000000000000000000e+01
2.200000000000000000e+01
1.700000000000000000e+01
1.100000000000000000e+01
5.000000000000000000e+00
1.600000000000000000e+01
1.600000000000000000e+01
3.200000000000000000e+01
0.000000000000000000e+00
4.300000000000000000e+01
3.300000000000000000e+01
-6.000000000000000000e+00
-1.000000000000000000e+01
1.500000000000000000e+01
3.000000000000000000e+01
0.000000000000000000e+00
-2.000000000000000000e+00
-2.700000000000000000e+01
2.400000000000000000e+01
3.100000000000000000e+01
-1.000000000000000000e+00
1.700000000000000000e+01
2.600000000000000000e+01
2.600000000000000000e+01
2.400000000000000000e+01
-2.900000000000000000e+01
3.200000000000000000e+01
2.600000000000000000e+01
3.300000000000000000e+01
2.300000000000000000e+01
8.000000000000000000e+00
1.900000000000000000e+01
-1.300000000000000000e+01
1.600000000000000000e+01
4.000000000000000000e+01
1.900000000000000000e+01
-1.000000000000000000e+01
1.300000000000000000e+01
-6.000000000000000000e+00
1.500000000000000000e+01
2.700000000000000000e+01
5.500000000000000000e+01
0.000000000000000000e+00
4.000000000000000000e+00
3.800000000000000000e+01
3.000000000000000000e+00
5.000000000000000000e+00
7.000000000000000000e+00
1.600000000000000000e+01
-6.000000000000000000e+00
2.800000000000000000e+01
2.100000000000000000e+01
-2.000000000000000000e+00
1.800000000000000000e+01
-2.300000000000000000e+01
-1.000000000000000000e+01
9.000000000000000000e+00
3.800000000000000000e+01
3.500000000000000000e+01
1.200000000000000000e+01
2.500000000000000000e+01
2.100000000000000000e+01
2.000000000000000000e+01
2.900000000000000000e+01
2.400000000000000000e+01
2.000000000000000000e+00
1.000000000000000000e+01
-7.000000000000000000e+00
1.100000000000000000e+01
-4.000000000000000000e+00
-1.000000000000000000e+01
3.700000000000000000e+01
1.300000000000000000e+01
1.800000000000000000e+01
1.000000000000000000e+01
0.000000000000000000e+00
4.700000000000000000e+01
5.000000000000000000e+00
3.600000000000000000e+01
9.000000000000000000e+00
2.000000000000000000e+01
1.900000000000000000e+01
1.300000000000000000e+01
-1.200000000000000000e+01
3.000000000000000000e+00
-1.900000000000000000e+01
4.000000000000000000e+00
1.700000000000000000e+01
-8.000000000000000000e+00
4.400000000000000000e+01
3.000000000000000000e+00
2.600000000000000000e+01
1.600000000000000000e+01
1.000000000000000000e+00
3.900000000000000000e+01
1.300000000000000000e+01
-9.000000000000000000e+00
-1.100000000000000000e+01
-5.000000000000000000e+00
1.300000000000000000e+01
1.400000000000000000e+01
2.400000000000000000e+01
1.100000000000000000e+01
4.600000000000000000e+01
1.400000000000000000e+01
2.800000000000000000e+01
2.300000000000000000e+01
-1.100000000000000000e+01
1.400000000000000000e+01
1.300000000000000000e+01
2.900000000000000000e+01
1.100000000000000000e+01
1.600000000000000000e+01
9.000000000000000000e+00
2.400000000000000000e+01
1.400000000000000000e+01
-3.000000000000000000e+00
8.000000000000000000e+00
1.900000000000000000e+01
2.100000000000000000e+01
2.000000000000000000e+01
3.300000000000000000e+01
3.000000000000000000e+01
-8.000000000000000000e+00
-2.000000000000000000e+00
-2.100000000000000000e+01
2.000000000000000000e+01
9.000000000000000000e+00
-1.300000000000000000e+01
2.800000000000000000e+01
-6.000000000000000000e+00
1.600000000000000000e+01
3.500000000000000000e+01
-2.200000000000000000e+01
9.000000000000000000e+00
2.800000000000000000e+01
1.000000000000000000e+01
5.000000000000000000e+00
-4.000000000000000000e+00
2.900000000000000000e+01
-8.000000000000000000e+00
2.900000000000000000e+01
3.800000000000000000e+01
-2.000000000000000000e+00
-1.100000000000000000e+01
3.100000000000000000e+01
5.000000000000000000e+00
1.500000000000000000e+01
1.700000000000000000e+01
1.300000000000000000e+01
-3.000000000000000000e+01
1.500000000000000000e+01
2.800000000000000000e+01
6.000000000000000000e+00
3.600000000000000000e+01
1.300000000000000000e+01
2.700000000000000000e+01
-5.000000000000000000e+00
-2.200000000000000000e+01
3.400000000000000000e+01
-8.000000000000000000e+00
2.600000000000000000e+01
3.000000000000000000e+00
-2.200000000000000000e+01
6.000000000000000000e+00
2.400000000000000000e+01
-1.800000000000000000e+01
1.400000000000000000e+01
2.400000000000000000e+01
-2.000000000000000000e+00
2.400000000000000000e+01
3.100000000000000000e+01
1.800000000000000000e+01
4.000000000000000000e+00
1.000000000000000000e+00
-6.000000000000000000e+00
2.200000000000000000e+01
4.000000000000000000e+00
-5.000000000000000000e+00
9.000000000000000000e+00
1.600000000000000000e+01
0.000000000000000000e+00
1.100000000000000000e+01
2.000000000000000000e+01
-5.000000000000000000e+00
2.000000000000000000e+01
-1.400000000000000000e+01
1.900000000000000000e+01
-3.000000000000000000e+00
1.000000000000000000e+01
1.400000000000000000e+01
-1.700000000000000000e+01
2.700000000000000000e+01
-3.000000000000000000e+00
1.600000000000000000e+01
-9.000000000000000000e+00
-1.000000000000000000e+00
8.000000000000000000e+00
3.800000000000000000e+01
1.000000000000000000e+01
4.000000000000000000e+00
-4.000000000000000000e+00
4.000000000000000000e+00
1.200000000000000000e+01
-6.000000000000000000e+00
5.000000000000000000e+00
1.100000000000000000e+01
1.500000000000000000e+01
0.000000000000000000e+00
-1.000000000000000000e+00
5.000000000000000000e+00
-6.000000000000000000e+00
-4.000000000000000000e+00
2.000000000000000000e+00
-4.000000000000000000e+00
-3.000000000000000000e+00
1.800000000000000000e+01
1.400000000000000000e+01
2.100000000000000000e+01
-2.400000000000000000e+01
-2.000000000000000000e+01
1.500000000000000000e+01
1.000000000000000000e+00
1.900000000000000000e+01
3.300000000000000000e+01
-2.900000000000000000e+01
-1.000000000000000000e+01
1.300000000000000000e+01
2.000000000000000000e+01
3.400000000000000000e+01
-2.900000000000000000e+01
-2.000000000000000000e+00
1.300000000000000000e+01
1.000000000000000000e+00
1.900000000000000000e+01
-2.100000000000000000e+01
8.000000000000000000e+00
7.000000000000000000e+00
-5.000000000000000000e+00
3.000000000000000000e+00
9.000000000000000000e+00
-5.000000000000000000e+00
9.000000000000000000e+00
2.300000000000000000e+01
-1.700000000000000000e+01
-8.000000000000000000e+00
2.500000000000000000e+01
1.500000000000000000e+01
1.200000000000000000e+01
3.000000000000000000e+01
-1.300000000000000000e+01
1.200000000000000000e+01
-2.000000000000000000e+01
1.800000000000000000e+01
1.700000000000000000e+01
2.100000000000000000e+01
-7.000000000000000000e+00
-1.000000000000000000e+01
3.000000000000000000e+00
2.000000000000000000e+00
2.100000000000000000e+01
-3.000000000000000000e+00
9.000000000000000000e+00
-3.000000000000000000e+00
1.600000000000000000e+01
2.200000000000000000e+01
-6.000000000000000000e+00
-6.000000000000000000e+00
3.600000000000000000e+01
-1.900000000000000000e+01
1.000000000000000000e+01
4.000000000000000000e+00
2.900000000000000000e+01
-3.000000000000000000e+00
-7.000000000000000000e+00
2.000000000000000000e+01
2.500000000000000000e+01
9.000000000000000000e+00
3.600000000000000000e+01
-1.600000000000000000e+01
-1.300000000000000000e+01
7.000000000000000000e+00
1.700000000000000000e+01
0.000000000000000000e+00
-1.700000000000000000e+01
8.000000000000000000e+00
-1.100000000000000000e+01
-3.000000000000000000e+00
-3.000000000000000000e+00
7.000000000000000000e+00
-3.200000000000000000e+01
5.000000000000000000e+00
-2.000000000000000000e+01
3.100000000000000000e+01
-1.000000000000000000e+01
-1.000000000000000000e+00
1.200000000000000000e+01
2.300000000000000000e+01
1.900000000000000000e+01
-7.000000000000000000e+00
2.000000000000000000e+00
-2.400000000000000000e+01
-6.000000000000000000e+00
1.400000000000000000e+01
-1.000000000000000000e+01
1.000000000000000000e+00
-1.100000000000000000e+01
-7.000000000000000000e+00
6.000000000000000000e+00
1.800000000000000000e+01
-1.200000000000000000e+01
-1.400000000000000000e+01
-1.200000000000000000e+01
-3.000000000000000000e+00
-1.800000000000000000e+01
3.500000000000000000e+01
2.100000000000000000e+01
4.400000000000000000e+01
-2.000000000000000000e+00
7.000000000000000000e+00
-2.100000000000000000e+01
7.000000000000000000e+00
3.000000000000000000e+00
1.500000000000000000e+01
-5.000000000000000000e+00
-7.000000000000000000e+00
-1.000000000000000000e+00
-5.000000000000000000e+00
-5.000000000000000000e+00
-1.400000000000000000e+01
1.700000000000000000e+01
8.000000000000000000e+00
4.000000000000000000e+00
2.100000000000000000e+01
3.100000000000000000e+01
-2.100000000000000000e+01
-3.000000000000000000e+00
-1.800000000000000000e+01
4.000000000000000000e+00
-1.300000000000000000e+01
-4.000000000000000000e+00
2.000000000000000000e+00
1.600000000000000000e+01
-3.000000000000000000e+01
-1.800000000000000000e+01
-8.000000000000000000e+00
1.400000000000000000e+01
2.900000000000000000e+01
2.200000000000000000e+01
5.000000000000000000e+00
-5.000000000000000000e+00
7.000000000000000000e+00
-2.300000000000000000e+01
6.000000000000000000e+00
-2.500000000000000000e+01
-5.000000000000000000e+00
-1.000000000000000000e+01
2.100000000000000000e+01
0.000000000000000000e+00
-2.000000000000000000e+00
0.000000000000000000e+00
5.000000000000000000e+00
2.500000000000000000e+01
3.800000000000000000e+01
1.200000000000000000e+01
1.400000000000000000e+01
7.000000000000000000e+00
4.000000000000000000e+00
1.700000000000000000e+01
3.500000000000000000e+01
-2.400000000000000000e+01
-1.100000000000000000e+01
-1.000000000000000000e+00
1.300000000000000000e+01
1.000000000000000000e+01
1.900000000000000000e+01
-4.000000000000000000e+00
1.200000000000000000e+01
7.000000000000000000e+00
3.100000000000000000e+01
9.000000000000000000e+00
3.000000000000000000e+00
5.000000000000000000e+00
-1.400000000000000000e+01
2.900000000000000000e+01
0.000000000000000000e+00
-8.000000000000000000e+00
7.000000000000000000e+00
-2.500000000000000000e+01
1.200000000000000000e+01
3.300000000000000000e+01
-6.000000000000000000e+00
1.400000000000000000e+01
3.300000000000000000e+01
3.000000000000000000e+00
-1.100000000000000000e+01
1.200000000000000000e+01
5.000000000000000000e+00
1.000000000000000000e+01
-3.000000000000000000e+01
1.000000000000000000e+01
-1.500000000000000000e+01
-8.000000000000000000e+00
5.000000000000000000e+00
2.000000000000000000e+00
-1.400000000000000000e+01
3.200000000000000000e+01
-2.400000000000000000e+01
-1.700000000000000000e+01
1.600000000000000000e+01
2.500000000000000000e+01
-1.800000000000000000e+01
2.300000000000000000e+01
-2.000000000000000000e+01
-1.600000000000000000e+01
-2.000000000000000000e+00
0.000000000000000000e+00
1.400000000000000000e+01
1.000000000000000000e+00
-1.000000000000000000e+01
1.500000000000000000e+01
-4.000000000000000000e+00
3.000000000000000000e+00
-6.000000000000000000e+00
1.600000000000000000e+01
-7.000000000000000000e+00
-2.300000000000000000e+01
-8.000000000000000000e+00
-1.900000000000000000e+01
-3.100000000000000000e+01
6.000000000000000000e+00
4.200000000000000000e+01
2.200000000000000000e+01
1.100000000000000000e+01
1.900000000000000000e+01
4.200000000000000000e+01
-3.000000000000000000e+00
-4.000000000000000000e+00
5.000000000000000000e+00
-1.000000000000000000e+01
1.700000000000000000e+01
-8.000000000000000000e+00
1.000000000000000000e+00
8.000000000000000000e+00
-1.800000000000000000e+01
-1.500000000000000000e+01
3.000000000000000000e+00
4.000000000000000000e+00
2.600000000000000000e+01
-1.100000000000000000e+01
1.500000000000000000e+01
2.000000000000000000e+00
-2.700000000000000000e+01
-7.000000000000000000e+00
-2.000000000000000000e+00
-1.400000000000000000e+01
3.900000000000000000e+01
-1.000000000000000000e+01
2.000000000000000000e+00
-8.000000000000000000e+00
-4.000000000000000000e+00
0.000000000000000000e+00
0.000000000000000000e+00
2.000000000000000000e+01
1.100000000000000000e+01
-3.600000000000000000e+01
4.000000000000000000e+00
7.000000000000000000e+00
5.000000000000000000e+00
-2.000000000000000000e+00
-2.100000000000000000e+01
1.000000000000000000e+00
-1.000000000000000000e+01
-5.000000000000000000e+01
8.000000000000000000e+00
1.000000000000000000e+00
-5.000000000000000000e+00
9.000000000000000000e+00
1.000000000000000000e+01
2.000000000000000000e+00
3.000000000000000000e+00
1.100000000000000000e+01
-1.600000000000000000e+01
2.200000000000000000e+01
6.000000000000000000e+00
2.100000000000000000e+01
-4.000000000000000000e+00
-1.000000000000000000e+01
2.700000000000000000e+01
3.000000000000000000e+00
-3.000000000000000000e+00
-1.300000000000000000e+01
-3.000000000000000000e+00
-1.000000000000000000e+00
8.000000000000000000e+00
1.000000000000000000e+01
2.000000000000000000e+00
2.500000000000000000e+01
2.600000000000000000e+01
2.000000000000000000e+01
-1.000000000000000000e+00
-6.000000000000000000e+00
8.000000000000000000e+00
-2.300000000000000000e+01
1.000000000000000000e+01
-8.000000000000000000e+00
-1.600000000000000000e+01
-2.000000000000000000e+00
4.000000000000000000e+00
-3.000000000000000000e+00
1.900000000000000000e+01
1.500000000000000000e+01
4.000000000000000000e+00
-3.000000000000000000e+01
4.000000000000000000e+00
-7.000000000000000000e+00
8.000000000000000000e+00
5.000000000000000000e+00
1.100000000000000000e+01
-1.200000000000000000e+01
1.200000000000000000e+01
1.100000000000000000e+01
7.000000000000000000e+00
-4.000000000000000000e+00
9.000000000000000000e+00
1.600000000000000000e+01
-3.000000000000000000e+01
1.400000000000000000e+01
2.800000000000000000e+01
-4.000000000000000000e+01
-5.000000000000000000e+00
-2.200000000000000000e+01
-1.700000000000000000e+01
1.100000000000000000e+01
1.900000000000000000e+01
1.800000000000000000e+01
-2.500000000000000000e+01
1.000000000000000000e+01
5.000000000000000000e+00
-1.500000000000000000e+01
2.000000000000000000e+00
-1.100000000000000000e+01
8.000000000000000000e+00
1.400000000000000000e+01
9.000000000000000000e+00
4.000000000000000000e+00
7.000000000000000000e+00
1.100000000000000000e+01
2.000000000000000000e+00
1.900000000000000000e+01
-1.200000000000000000e+01
-1.600000000000000000e+01
5.000000000000000000e+00
-2.000000000000000000e+00
-5.000000000000000000e+00
-1.000000000000000000e+00
-1.000000000000000000e+00
6.000000000000000000e+00
1.200000000000000000e+01
2.000000000000000000e+00
-3.000000000000000000e+00
1.000000000000000000e+00
-8.000000000000000000e+00
1.300000000000000000e+01
-1.300000000000000000e+01
-1.600000000000000000e+01
1.000000000000000000e+00
6.000000000000000000e+00
-3.200000000000000000e+01
5.000000000000000000e+00
-3.400000000000000000e+01
5.000000000000000000e+00
-4.500000000000000000e+01
-1.300000000000000000e+01
2.300000000000000000e+01
-1.500000000000000000e+01
5.000000000000000000e+00
-6.000000000000000000e+00
-1.200000000000000000e+01
1.700000000000000000e+01
2.400000000000000000e+01
-1.700000000000000000e+01
1.900000000000000000e+01
-8.000000000000000000e+00
-2.000000000000000000e+01
0.000000000000000000e+00
-3.000000000000000000e+00
4.000000000000000000e+00
7.000000000000000000e+00
-1.200000000000000000e+01
-1.000000000000000000e+01
8.000000000000000000e+00
3.400000000000000000e+01
2.500000000000000000e+01
1.000000000000000000e+00
-2.000000000000000000e+00
1.000000000000000000e+00
1.000000000000000000e+00
4.000000000000000000e+00
-1.100000000000000000e+01
3.000000000000000000e+00
1.600000000000000000e+01
-1.600000000000000000e+01
-2.000000000000000000e+00
-1.000000000000000000e+00
-8.000000000000000000e+00
-5.000000000000000000e+00
6.000000000000000000e+00
1.700000000000000000e+01
-2.400000000000000000e+01
-7.000000000000000000e+00
-9.000000000000000000e+00
8.000000000000000000e+00
-4.000000000000000000e+01
2.700000000000000000e+01
-8.000000000000000000e+00
-2.000000000000000000e+00
9.000000000000000000e+00
1.500000000000000000e+01
-5.000000000000000000e+00
2.000000000000000000e+00
-6.000000000000000000e+00
1.000000000000000000e+01
1.000000000000000000e+01
7.000000000000000000e+00
-7.000000000000000000e+00
6.000000000000000000e+00
-3.000000000000000000e+00
1.600000000000000000e+01
3.000000000000000000e+00
-8.000000000000000000e+00
1.900000000000000000e+01
8.000000000000000000e+00
-1.000000000000000000e+00
1.800000000000000000e+01
1.000000000000000000e+01
1.300000000000000000e+01
-2.000000000000000000e+01
3.000000000000000000e+00
-1.400000000000000000e+01
1.000000000000000000e+00
-2.400000000000000000e+01
3.000000000000000000e+00
-1.800000000000000000e+01
-3.000000000000000000e+00
1.300000000000000000e+01
-1.000000000000000000e+01
8.000000000000000000e+00
-3.000000000000000000e+00
-2.000000000000000000e+01
-4.000000000000000000e+00
-6.000000000000000000e+00
2.000000000000000000e+00
-7.000000000000000000e+00
1.000000000000000000e+01
-4.000000000000000000e+00
1.100000000000000000e+01
8.000000000000000000e+00
-1.900000000000000000e+01
7.000000000000000000e+00
5.000000000000000000e+00
5.000000000000000000e+01
-4.000000000000000000e+01
2.600000000000000000e+01
-1.300000000000000000e+01
1.000000000000000000e+00
-5.000000000000000000e+01
8.000000000000000000e+00
-1.100000000000000000e+01
2.000000000000000000e+00
-7.000000000000000000e+00
2.100000000000000000e+01
-2.800000000000000000e+01
1.600000000000000000e+01
2.200000000000000000e+01
-1.000000000000000000e+00
-2.000000000000000000e+00
8.000000000000000000e+00
1.000000000000000000e+00
-1.000000000000000000e+00
1.800000000000000000e+01
2.000000000000000000e+01
-4.000000000000000000e+00
-1.500000000000000000e+01
-1.100000000000000000e+01
7.000000000000000000e+00
-1.500000000000000000e+01
-3.000000000000000000e+00
-1.000000000000000000e+00
-2.400000000000000000e+01
-1.600000000000000000e+01
-7.000000000000000000e+00
-6.000000000000000000e+00
-2.000000000000000000e+01
1.700000000000000000e+01
-7.000000000000000000e+00
1.400000000000000000e+01
-6.000000000000000000e+00
8.000000000000000000e+00
1.500000000000000000e+01
-5.000000000000000000e+00
0.000000000000000000e+00
-2.100000000000000000e+01
1.900000000000000000e+01
4.000000000000000000e+00
-1.900000000000000000e+01
-4.000000000000000000e+00
-1.100000000000000000e+01
4.000000000000000000e+00
1.700000000000000000e+01
6.000000000000000000e+00
2.300000000000000000e+01
-1.000000000000000000e+01
-9.000000000000000000e+00
2.100000000000000000e+01
1.400000000000000000e+01
-1.300000000000000000e+01
3.000000000000000000e+00
0.000000000000000000e+00
1.100000000000000000e+01
-5.000000000000000000e+00
-3.000000000000000000e+00
-2.000000000000000000e+01
1.800000000000000000e+01
6.000000000000000000e+00
-2.000000000000000000e+00
3.600000000000000000e+01
2.600000000000000000e+01
1.700000000000000000e+01
9.000000000000000000e+00
9.000000000000000000e+00
8.000000000000000000e+00
9.000000000000000000e+00
7.000000000000000000e+00
-6.000000000000000000e+00
-2.100000000000000000e+01
1.100000000000000000e+01
1.700000000000000000e+01
-2.400000000000000000e+01
1.500000000000000000e+01
3.100000000000000000e+01
1.700000000000000000e+01
3.300000000000000000e+01
3.400000000000000000e+01
2.300000000000000000e+01
2.600000000000000000e+01
3.900000000000000000e+01
5.000000000000000000e+01
1.900000000000000000e+01
1.100000000000000000e+01
5.200000000000000000e+01
6.700000000000000000e+01
2.600000000000000000e+01
3.600000000000000000e+01
4.700000000000000000e+01
2.600000000000000000e+01
6.100000000000000000e+01
6.100000000000000000e+01
4.800000000000000000e+01
5.900000000000000000e+01
7.200000000000000000e+01
7.100000000000000000e+01
7.300000000000000000e+01
6.800000000000000000e+01
7.900000000000000000e+01
8.500000000000000000e+01
7.400000000000000000e+01
9.500000000000000000e+01
9.700000000000000000e+01
1.240000000000000000e+02
8.400000000000000000e+01
1.420000000000000000e+02
1.040000000000000000e+02
1.200000000000000000e+02
1.230000000000000000e+02
1.390000000000000000e+02
1.630000000000000000e+02
1.560000000000000000e+02
1.970000000000000000e+02
1.890000000000000000e+02
2.030000000000000000e+02
2.060000000000000000e+02
2.390000000000000000e+02
2.410000000000000000e+02
2.460000000000000000e+02
2.740000000000000000e+02
3.150000000000000000e+02
3.160000000000000000e+02
3.100000000000000000e+02
3.210000000000000000e+02
3.460000000000000000e+02
3.430000000000000000e+02
3.430000000000000000e+02
3.900000000000000000e+02
3.720000000000000000e+02
4.220000000000000000e+02
4.290000000000000000e+02
4.270000000000000000e+02
4.800000000000000000e+02
5.100000000000000000e+02
5.200000000000000000e+02
6.110000000000000000e+02
5.480000000000000000e+02
6.000000000000000000e+02
6.140000000000000000e+02
6.230000000000000000e+02
6.860000000000000000e+02
7.340000000000000000e+02
7.300000000000000000e+02
7.740000000000000000e+02
7.400000000000000000e+02
8.170000000000000000e+02
8.090000000000000000e+02
8.290000000000000000e+02
8.410000000000000000e+02
9.010000000000000000e+02
9.300000000000000000e+02
9.830000000000000000e+02
9.670000000000000000e+02
9.840000000000000000e+02
1.020000000000000000e+03
1.034000000000000000e+03
1.051000000000000000e+03
1.101000000000000000e+03
1.082000000000000000e+03
1.133000000000000000e+03
1.108000000000000000e+03
1.167000000000000000e+03
1.143000000000000000e+03
1.166000000000000000e+03
1.200000000000000000e+03
1.206000000000000000e+03
1.209000000000000000e+03
1.222000000000000000e+03
1.319000000000000000e+03
1.258000000000000000e+03
1.284000000000000000e+03
1.274000000000000000e+03
1.350000000000000000e+03
1.359000000000000000e+03
1.395000000000000000e+03
1.403000000000000000e+03
1.363000000000000000e+03
1.401000000000000000e+03
1.420000000000000000e+03
1.434000000000000000e+03
1.465000000000000000e+03
1.482000000000000000e+03
1.442000000000000000e+03
1.474000000000000000e+03
1.466000000000000000e+03
1.477000000000000000e+03
1.419000000000000000e+03
1.362000000000000000e+03
1.332000000000000000e+03
1.361000000000000000e+03
1.339000000000000000e+03
1.343000000000000000e+03
1.271000000000000000e+03
1.285000000000000000e+03
1.218000000000000000e+03
1.221000000000000000e+03
1.235000000000000000e+03
1.240000000000000000e+03
1.191000000000000000e+03
1.225000000000000000e+03
1.185000000000000000e+03
1.169000000000000000e+03
1.137000000000000000e+03
1.222000000000000000e+03
1.193000000000000000e+03
1.159000000000000000e+03
1.120000000000000000e+03
1.125000000000000000e+03
1.082000000000000000e+03
1.083000000000000000e+03
1.140000000000000000e+03
1.056000000000000000e+03
1.059000000000000000e+03
1.051000000000000000e+03
1.026000000000000000e+03
1.006000000000000000e+03
9.110000000000000000e+02
9.050000000000000000e+02
9.340000000000000000e+02
8.890000000000000000e+02
8.800000000000000000e+02
8.560000000000000000e+02
8.390000000000000000e+02
7.850000000000000000e+02
7.830000000000000000e+02
7.400000000000000000e+02
7.410000000000000000e+02
7.270000000000000000e+02
6.710000000000000000e+02
6.750000000000000000e+02
6.260000000000000000e+02
6.110000000000000000e+02
6.020000000000000000e+02
6.250000000000000000e+02
5.460000000000000000e+02
6.140000000000000000e+02
5.410000000000000000e+02
5.180000000000000000e+02
5.210000000000000000e+02
5.160000000000000000e+02
4.780000000000000000e+02
4.610000000000000000e+02
4.630000000000000000e+02
4.670000000000000000e+02
4.280000000000000000e+02
4.270000000000000000e+02
3.950000000000000000e+02
3.960000000000000000e+02
3.450000000000000000e+02
3.410000000000000000e+02
3.600000000000000000e+02
3.120000000000000000e+02
2.990000000000000000e+02
2.750000000000000000e+02
2.430000000000000000e+02
2.460000000000000000e+02
2.240000000000000000e+02
2.640000000000000000e+02
2.390000000000000000e+02
2.050000000000000000e+02
2.130000000000000000e+02
2.140000000000000000e+02
2.060000000000000000e+02
1.820000000000000000e+02
2.130000000000000000e+02
1.610000000000000000e+02
1.620000000000000000e+02
1.800000000000000000e+02
1.650000000000000000e+02
1.380000000000000000e+02
1.110000000000000000e+02
1.330000000000000000e+02
1.330000000000000000e+02
1.090000000000000000e+02
1.150000000000000000e+02
1.070000000000000000e+02
1.120000000000000000e+02
6.300000000000000000e+01
8.000000000000000000e+01
1.080000000000000000e+02
7.900000000000000000e+01
1.030000000000000000e+02
6.900000000000000000e+01
7.900000000000000000e+01
6.500000000000000000e+01
4.800000000000000000e+01
9.500000000000000000e+01
6.600000000000000000e+01
4.500000000000000000e+01
5.000000000000000000e+00
5.200000000000000000e+01
2.000000000000000000e+01
1.400000000000000000e+01
3.400000000000000000e+01
4.800000000000000000e+01
2.400000000000000000e+01
2.500000000000000000e+01
4.100000000000000000e+01
4.800000000000000000e+01
1.900000000000000000e+01
1.500000000000000000e+01
3.000000000000000000e+01
3.700000000000000000e+01
4.000000000000000000e+00
1.900000000000000000e+01
3.800000000000000000e+01
2.000000000000000000e+01
3.000000000000000000e+01
1.300000000000000000e+01
1.600000000000000000e+01
3.000000000000000000e+01
1.200000000000000000e+01
0.000000000000000000e+00
-1.000000000000000000e+01
2.300000000000000000e+01
3.000000000000000000e+00
-6.000000000000000000e+00
1.200000000000000000e+01
2.600000000000000000e+01
9.000000000000000000e+00
-9.000000000000000000e+00
-1.500000000000000000e+01
3.800000000000000000e+01
1.000000000000000000e+00
-1.300000000000000000e+01
7.000000000000000000e+00
2.700000000000000000e+01
-6.000000000000000000e+00
2.000000000000000000e+01
-5.000000000000000000e+00
-5.000000000000000000e+00
8.000000000000000000e+00
-4.000000000000000000e+00
-1.000000000000000000e+00
1.800000000000000000e+01
1.100000000000000000e+01
2.600000000000000000e+01
5.000000000000000000e+00
9.000000000000000000e+00
1.200000000000000000e+01
0.000000000000000000e+00
1.000000000000000000e+00
-1.100000000000000000e+01
-1.400000000000000000e+01
2.300000000000000000e+01
-4.000000000000000000e+00
-4.000000000000000000e+00
1.500000000000000000e+01
-2.400000000000000000e+01
-2.400000000000000000e+01
1.700000000000000000e+01
3.300000000000000000e+01
-4.000000000000000000e+00
2.700000000000000000e+01
5.000000000000000000e+00
3.000000000000000000e+00
-2.700000000000000000e+01
-6.000000000000000000e+00
1.700000000000000000e+01
1.000000000000000000e+00
1.400000000000000000e+01
-1.900000000000000000e+01
7.000000000000000000e+00
-1.200000000000000000e+01
5.000000000000000000e+00
8.000000000000000000e+00
2.500000000000000000e+01
-1.100000000000000000e+01
1.100000000000000000e+01
1.200000000000000000e+01
-8.000000000000000000e+00
-6.000000000000000000e+00
3.000000000000000000e+00
1.100000000000000000e+01
-1.200000000000000000e+01
2.700000000000000000e+01
6.000000000000000000e+00
-1.500000000000000000e+01
1.900000000000000000e+01
-4.000000000000000000e+00
1.300000000000000000e+01
-1.300000000000000000e+01
7.000000000000000000e+00
-2.000000000000000000e+00
-4.000000000000000000e+00
-3.000000000000000000e+00
-2.000000000000000000e+00
