3.000000000000000000e+00
2.000000000000000000e+00
3.000000000000000000e+00
-1.000000000000000000e+00
9.000000000000000000e+00
-1.500000000000000000e+01
-8.000000000000000000e+00
2.000000000000000000e+00
-4.000000000000000000e+00
-7.000000000000000000e+00
0.000000000000000000e+00
-3.000000000000000000e+00
3.000000000000000000e+00
0.000000000000000000e+00
0.000000000000000000e+00
2.200000000000000000e+01
3.000000000000000000e+01
1.600000000000000000e+01
7.000000000000000000e+00
1.200000000000000000e+01
4.500000000000000000e+01
1.400000000000000000e+01
0.000000000000000000e+00
-1.000000000000000000e+01
-2.300000000000000000e+01
-4.000000000000000000e+00
-6.000000000000000000e+00
1.000000000000000000e+01
-3.000000000000000000e+00
-1.500000000000000000e+01
-2.500000000000000000e+01
-4.000000000000000000e+00
2.300000000000000000e+01
2.500000000000000000e+01
-1.900000000000000000e+01
-1.000000000000000000e+00
-1.500000000000000000e+01
1.000000000000000000e+01
-1.100000000000000000e+01
9.000000000000000000e+00
-7.000000000000000000e+00
-9.000000000000000000e+00
-8.000000000000000000e+00
-1.800000000000000000e+01
-2.300000000000000000e+01
2.000000000000000000e+00
1.800000000000000000e+01
3.000000000000000000e+00
-9.000000000000000000e+00
-2.600000000000000000e+01
-1.000000000000000000e+00
-1.800000000000000000e+01
6.000000000000000000e+00
-2.000000000000000000e+00
6.000000000000000000e+00
-1.000000000000000000e+00
-1.100000000000000000e+01
-3.300000000000000000e+01
-2.400000000000000000e+01
-1.000000000000000000e+01
1.400000000000000000e+01
-8.000000000000000000e+00
-3.500000000000000000e+01
2.500000000000000000e+01
0.000000000000000000e+00
1.100000000000000000e+01
-1.000000000000000000e+00
-3.000000000000000000e+00
-1.800000000000000000e+01
-6.000000000000000000e+00
7.000000000000000000e+00
1.700000000000000000e+01
-7.000000000000000000e+00
-1.700000000000000000e+01
-1.600000000000000000e+01
7.000000000000000000e+00
-3.000000000000000000e+00
1.400000000000000000e+01
2.000000000000000000e+00
8.000000000000000000e+00
6.000000000000000000e+00
2.100000000000000000e+01
-1.600000000000000000e+01
3.000000000000000000e+00
-4.000000000000000000e+00
-1.000000000000000000e+00
3.000000000000000000e+01
-2.600000000000000000e+01
1.600000000000000000e+01
-2.200000000000000000e+01
2.400000000000000000e+01
4.000000000000000000e+00
1.000000000000000000e+01
0.000000000000000000e+00
1.700000000000000000e+01
1.900000000000000000e+01
-1.000000000000000000e+00
8.000000000000000000e+00
-2.300000000000000000e+01
-7.000000000000000000e+00
-1.300000000000000000e+01
1.000000000000000000e+00
-1.700000000000000000e+01
-2.000000000000000000e+00
-1.700000000000000000e+01
-1.900000000000000000e+01
-1.700000000000000000e+01
-5.000000000000000000e+00
-6.000000000000000000e+00
1.000000000000000000e+00
-1.300000000000000000e+01
1.000000000000000000e+00
-2.700000000000000000e+01
-7.000000000000000000e+00
7.000000000000000000e+00
-2.000000000000000000e+00
-2.000000000000000000e+01
-5.000000000000000000e+00
-6.000000000000000000e+00
-5.000000000000000000e+00
3.000000000000000000e+00
2.900000000000000000e+01
-6.000000000000000000e+00
7.000000000000000000e+00
7.000000000000000000e+00
-1.400000000000000000e+01
1.000000000000000000e+01
-1.100000000000000000e+01
4.000000000000000000e+01
2.100000000000000000e+01
3.200000000000000000e+01
-1.000000000000000000e+00
-4.000000000000000000e+00
7.000000000000000000e+00
-2.800000000000000000e+01
2.400000000000000000e+01
1.000000000000000000e+00
8.000000000000000000e+00
1.000000000000000000e+00
2.300000000000000000e+01
9.000000000000000000e+00
-1.200000000000000000e+01
9.000000000000000000e+00
-1.000000000000000000e+00
2.000000000000000000e+01
1.600000000000000000e+01
7.000000000000000000e+00
-5.000000000000000000e+00
8.000000000000000000e+00
-1.000000000000000000e+01
0.000000000000000000e+00
1.200000000000000000e+01
8.000000000000000000e+00
3.200000000000000000e+01
9.000000000000000000e+00
2.000000000000000000e+00
1.800000000000000000e+01
8.000000000000000000e+00
-1.600000000000000000e+01
6.000000000000000000e+00
4.000000000000000000e+00
0.000000000000000000e+00
-1.000000000000000000e+00
-9.000000000000000000e+00
-9.000000000000000000e+00
0.000000000000000000e+00
-1.300000000000000000e+01
-2.300000000000000000e+01
0.000000000000000000e+00
-2.600000000000000000e+01
1.100000000000000000e+01
-2.000000000000000000e+01
2.000000000000000000e+01
1.400000000000000000e+01
-1.600000000000000000e+01
-3.000000000000000000e+00
0.000000000000000000e+00
-1.100000000000000000e+01
7.000000000000000000e+00
-6.000000000000000000e+00
0.000000000000000000e+00
2.800000000000000000e+01
-3.000000000000000000e+00
-1.900000000000000000e+01
1.100000000000000000e+01
-1.100000000000000000e+01
-2.000000000000000000e+00
-3.000000000000000000e+00
-2.000000000000000000e+00
1.600000000000000000e+01
2.300000000000000000e+01
-2.100000000000000000e+01
1.000000000000000000e+01
8.000000000000000000e+00
1.000000000000000000e+01
-3.200000000000000000e+01
1.200000000000000000e+01
2.600000000000000000e+01
8.000000000000000000e+00
-1.100000000000000000e+01
5.000000000000000000e+00
6.000000000000000000e+00
-7.000000000000000000e+00
7.000000000000000000e+00
4.000000000000000000e+00
-2.000000000000000000e+00
-5.000000000000000000e+00
-2.300000000000000000e+01
-5.000000000000000000e+00
-2.900000000000000000e+01
1.100000000000000000e+01
1.700000000000000000e+01
7.000000000000000000e+00
2.000000000000000000e+00
-3.200000000000000000e+01
-1.500000000000000000e+01
1.900000000000000000e+01
8.000000000000000000e+00
2.600000000000000000e+01
3.000000000000000000e+00
3.000000000000000000e+01
-5.100000000000000000e+01
-2.200000000000000000e+01
3.100000000000000000e+01
-9.000000000000000000e+00
0.000000000000000000e+00
-1.000000000000000000e+01
1.000000000000000000e+00
-4.000000000000000000e+00
1.800000000000000000e+01
-2.000000000000000000e+00
-1.000000000000000000e+01
-1.300000000000000000e+01
7.000000000000000000e+00
-1.600000000000000000e+01
1.000000000000000000e+01
7.000000000000000000e+00
3.000000000000000000e+00
-6.000000000000000000e+00
1.300000000000000000e+01
1.000000000000000000e+00
-9.000000000000000000e+00
-1.600000000000000000e+01
-5.000000000000000000e+00
2.900000000000000000e+01
1.000000000000000000e+00
-1.800000000000000000e+01
9.000000000000000000e+00
-1.600000000000000000e+01
2.800000000000000000e+01
7.000000000000000000e+00
-1.900000000000000000e+01
0.000000000000000000e+00
-9.000000000000000000e+00
-1.200000000000000000e+01
-1.000000000000000000e+01
1.900000000000000000e+01
-2.300000000000000000e+01
-1.700000000000000000e+01
-1.700000000000000000e+01
-3.000000000000000000e+00
1.200000000000000000e+01
6.000000000000000000e+00
2.000000000000000000e+00
1.000000000000000000e+01
3.000000000000000000e+01
6.000000000000000000e+00
-4.000000000000000000e+00
-7.000000000000000000e+00
5.000000000000000000e+00
-2.200000000000000000e+01
2.300000000000000000e+01
-1.600000000000000000e+01
-4.000000000000000000e+00
1.100000000000000000e+01
-1.000000000000000000e+00
1.000000000000000000e+00
-2.000000000000000000e+01
-2.500000000000000000e+01
2.500000000000000000e+01
1.000000000000000000e+01
-3.000000000000000000e+00
-4.000000000000000000e+00
-1.200000000000000000e+01
5.000000000000000000e+00
-1.000000000000000000e+00
-1.000000000000000000e+01
-8.000000000000000000e+00
-2.500000000000000000e+01
3.000000000000000000e+00
-1.400000000000000000e+01
1.400000000000000000e+01
4.000000000000000000e+00
-2.000000000000000000e+00
5.000000000000000000e+00
2.200000000000000000e+01
-1.000000000000000000e+01
-7.000000000000000000e+00
1.500000000000000000e+01
2.300000000000000000e+01
-2.000000000000000000e+00
0.000000000000000000e+00
-2.700000000000000000e+01
-1.500000000000000000e+01
-2.000000000000000000e+01
-6.000000000000000000e+00
-1.700000000000000000e+01
-1.000000000000000000e+01
2.000000000000000000e+00
-1.000000000000000000e+01
-1.300000000000000000e+01
2.500000000000000000e+01
1.700000000000000000e+01
-5.000000000000000000e+00
-1.200000000000000000e+01
3.200000000000000000e+01
1.500000000000000000e+01
7.000000000000000000e+00
-1.100000000000000000e+01
-1.600000000000000000e+01
-1.400000000000000000e+01
-2.000000000000000000e+00
-1.700000000000000000e+01
-2.000000000000000000e+00
4.000000000000000000e+00
-3.000000000000000000e+00
1.900000000000000000e+01
-1.500000000000000000e+01
0.000000000000000000e+00
2.800000000000000000e+01
1.900000000000000000e+01
2.900000000000000000e+01
1.000000000000000000e+00
0.000000000000000000e+00
1.200000000000000000e+01
-1.700000000000000000e+01
-1.600000000000000000e+01
3.000000000000000000e+00
7.000000000000000000e+00
1.000000000000000000e+01
-8.000000000000000000e+00
-2.100000000000000000e+01
3.000000000000000000e+00
4.000000000000000000e+00
2.100000000000000000e+01
-6.000000000000000000e+00
1.900000000000000000e+01
-7.000000000000000000e+00
4.000000000000000000e+00
-6.000000000000000000e+00
0.000000000000000000e+00
-5.000000000000000000e+00
2.100000000000000000e+01
-4.000000000000000000e+00
2.300000000000000000e+01
-2.200000000000000000e+01
0.000000000000000000e+00
5.000000000000000000e+00
3.000000000000000000e+00
-4.000000000000000000e+00
0.000000000000000000e+00
1.400000000000000000e+01
4.000000000000000000e+00
1.400000000000000000e+01
-2.000000000000000000e+01
1.100000000000000000e+01
-1.800000000000000000e+01
1.000000000000000000e+01
1.800000000000000000e+01
-2.100000000000000000e+01
-2.100000000000000000e+01
7.000000000000000000e+00
-3.000000000000000000e+00
-1.500000000000000000e+01
-2.000000000000000000e+00
3.000000000000000000e+00
-2.400000000000000000e+01
-8.000000000000000000e+00
-1.200000000000000000e+01
3.000000000000000000e+00
4.500000000000000000e+01
5.000000000000000000e+00
-5.300000000000000000e+01
2.500000000000000000e+01
0.000000000000000000e+00
4.700000000000000000e+01
-1.500000000000000000e+01
-3.000000000000000000e+01
3.000000000000000000e+00
3.000000000000000000e+00
7.000000000000000000e+00
-3.000000000000000000e+00
-1.900000000000000000e+01
-1.700000000000000000e+01
3.000000000000000000e+00
1.800000000000000000e+01
-1.300000000000000000e+01
-8.000000000000000000e+00
-1.000000000000000000e+00
1.000000000000000000e+01
9.000000000000000000e+00
4.000000000000000000e+00
9.000000000000000000e+00
-1.100000000000000000e+01
-9.000000000000000000e+00
-1.400000000000000000e+01
2.300000000000000000e+01
-3.300000000000000000e+01
-1.000000000000000000e+01
-1.700000000000000000e+01
-2.000000000000000000e+00
-1.100000000000000000e+01
-1.000000000000000000e+01
-2.200000000000000000e+01
3.300000000000000000e+01
2.100000000000000000e+01
-1.100000000000000000e+01
-1.600000000000000000e+01
-1.500000000000000000e+01
2.100000000000000000e+01
8.000000000000000000e+00
-2.500000000000000000e+01
-2.600000000000000000e+01
-1.600000000000000000e+01
6.000000000000000000e+00
8.000000000000000000e+00
-7.000000000000000000e+00
-6.000000000000000000e+00
-7.000000000000000000e+00
-8.000000000000000000e+00
5.000000000000000000e+00
1.700000000000000000e+01
4.000000000000000000e+00
3.000000000000000000e+00
-5.000000000000000000e+00
7.000000000000000000e+00
9.000000000000000000e+00
-1.000000000000000000e+01
1.400000000000000000e+01
-1.900000000000000000e+01
2.100000000000000000e+01
-3.200000000000000000e+01
1.200000000000000000e+01
3.000000000000000000e+00
8.000000000000000000e+00
2.900000000000000000e+01
-4.000000000000000000e+00
-1.200000000000000000e+01
-7.000000000000000000e+00
-5.000000000000000000e+00
1.400000000000000000e+01
1.100000000000000000e+01
-1.400000000000000000e+01
-6.000000000000000000e+00
4.000000000000000000e+00
1.000000000000000000e+01
2.300000000000000000e+01
3.000000000000000000e+00
-1.000000000000000000e+00
-6.000000000000000000e+00
1.000000000000000000e+00
-1.300000000000000000e+01
-3.500000000000000000e+01
-8.000000000000000000e+00
-1.500000000000000000e+01
1.300000000000000000e+01
1.600000000000000000e+01
1.300000000000000000e+01
-2.800000000000000000e+01
-4.000000000000000000e+00
1.000000000000000000e+00
-5.000000000000000000e+00
9.400000000000000000e+01
-2.000000000000000000e+00
-6.000000000000000000e+00
1.200000000000000000e+01
6.000000000000000000e+00
-3.000000000000000000e+00
1.200000000000000000e+01
-2.200000000000000000e+01
9.000000000000000000e+00
7.000000000000000000e+00
7.000000000000000000e+00
-3.000000000000000000e+00
-4.000000000000000000e+01
4.000000000000000000e+00
1.800000000000000000e+01
1.300000000000000000e+01
8.000000000000000000e+00
-2.000000000000000000e+00
2.300000000000000000e+01
1.100000000000000000e+01
1.000000000000000000e+00
3.000000000000000000e+00
9.000000000000000000e+00
-6.000000000000000000e+00
-4.000000000000000000e+00
-1.000000000000000000e+01
2.000000000000000000e+00
-1.400000000000000000e+01
2.100000000000000000e+01
4.000000000000000000e+00
-3.000000000000000000e+00
1.700000000000000000e+01
-1.400000000000000000e+01
-9.000000000000000000e+00
-1.000000000000000000e+00
-7.000000000000000000e+00
-1.200000000000000000e+01
-2.000000000000000000e+00
-3.500000000000000000e+01
1.000000000000000000e+01
2.800000000000000000e+01
-2.100000000000000000e+01
1.000000000000000000e+00
-1.900000000000000000e+01
-4.000000000000000000e+00
2.400000000000000000e+01
8.000000000000000000e+00
1.800000000000000000e+01
1.000000000000000000e+00
1.900000000000000000e+01
-1.100000000000000000e+01
3.000000000000000000e+00
2.000000000000000000e+00
4.000000000000000000e+00
2.200000000000000000e+01
1.900000000000000000e+01
-6.000000000000000000e+00
-9.000000000000000000e+00
2.600000000000000000e+01
-7.000000000000000000e+00
-3.000000000000000000e+00
2.900000000000000000e+01
2.200000000000000000e+01
-9.000000000000000000e+00
-1.500000000000000000e+01
-1.300000000000000000e+01
4.000000000000000000e+00
1.300000000000000000e+01
3.200000000000000000e+01
-3.000000000000000000e+00
4.000000000000000000e+00
8.000000000000000000e+00
3.300000000000000000e+01
-8.000000000000000000e+00
8.000000000000000000e+00
6.000000000000000000e+00
1.900000000000000000e+01
4.000000000000000000e+00
-1.200000000000000000e+01
-9.000000000000000000e+00
-5.000000000000000000e+00
2.000000000000000000e+00
3.100000000000000000e+01
1.100000000000000000e+01
3.600000000000000000e+01
1.000000000000000000e+00
-5.000000000000000000e+00
1.500000000000000000e+01
3.000000000000000000e+00
-3.000000000000000000e+00
1.600000000000000000e+01
1.600000000000000000e+01
5.000000000000000000e+00
-1.400000000000000000e+01
1.600000000000000000e+01
4.000000000000000000e+00
-1.700000000000000000e+01
5.000000000000000000e+00
-1.300000000000000000e+01
9.000000000000000000e+00
1.000000000000000000e+01
-1.100000000000000000e+01
3.400000000000000000e+01
6.000000000000000000e+00
-2.600000000000000000e+01
-1.000000000000000000e+01
2.200000000000000000e+01
7.000000000000000000e+00
-1.500000000000000000e+01
7.000000000000000000e+00
1.000000000000000000e+00
4.300000000000000000e+01
9.000000000000000000e+00
3.300000000000000000e+01
9.000000000000000000e+00
2.100000000000000000e+01
-5.000000000000000000e+00
3.000000000000000000e+00
-2.000000000000000000e+01
-1.000000000000000000e+00
-1.800000000000000000e+01
1.100000000000000000e+01
1.900000000000000000e+01
-1.100000000000000000e+01
2.000000000000000000e+00
1.000000000000000000e+01
7.000000000000000000e+00
-2.300000000000000000e+01
1.200000000000000000e+01
-9.000000000000000000e+00
7.000000000000000000e+00
-2.000000000000000000e+00
9.000000000000000000e+00
-5.000000000000000000e+00
1.100000000000000000e+01
1.300000000000000000e+01
-2.500000000000000000e+01
3.000000000000000000e+00
2.500000000000000000e+01
2.600000000000000000e+01
-2.000000000000000000e+01
2.700000000000000000e+01
-4.000000000000000000e+00
-9.000000000000000000e+00
-1.100000000000000000e+01
3.000000000000000000e+00
3.000000000000000000e+00
-1.000000000000000000e+01
3.800000000000000000e+01
-9.000000000000000000e+00
1.200000000000000000e+01
6.000000000000000000e+00
1.100000000000000000e+01
-5.300000000000000000e+01
-1.400000000000000000e+01
2.700000000000000000e+01
1.700000000000000000e+01
-1.700000000000000000e+01
1.900000000000000000e+01
1.600000000000000000e+01
-1.600000000000000000e+01
-3.000000000000000000e+00
-1.100000000000000000e+01
3.000000000000000000e+01
-2.300000000000000000e+01
2.800000000000000000e+01
-3.000000000000000000e+00
-7.000000000000000000e+00
2.000000000000000000e+01
-1.500000000000000000e+01
-2.300000000000000000e+01
1.000000000000000000e+01
3.000000000000000000e+00
6.000000000000000000e+00
-1.200000000000000000e+01
-4.000000000000000000e+00
1.000000000000000000e+01
2.700000000000000000e+01
1.000000000000000000e+01
-3.600000000000000000e+01
-2.000000000000000000e+00
2.900000000000000000e+01
1.000000000000000000e+00
-2.000000000000000000e+01
1.800000000000000000e+01
-1.200000000000000000e+01
2.700000000000000000e+01
0.000000000000000000e+00
2.100000000000000000e+01
6.000000000000000000e+00
-3.300000000000000000e+01
2.600000000000000000e+01
-2.900000000000000000e+01
-1.800000000000000000e+01
-8.000000000000000000e+00
3.900000000000000000e+01
1.300000000000000000e+01
1.800000000000000000e+01
-2.600000000000000000e+01
-6.000000000000000000e+00
2.200000000000000000e+01
-1.400000000000000000e+01
-1.100000000000000000e+01
-2.800000000000000000e+01
5.000000000000000000e+00
2.400000000000000000e+01
7.000000000000000000e+00
-2.400000000000000000e+01
6.000000000000000000e+00
1.700000000000000000e+01
-2.500000000000000000e+01
1.800000000000000000e+01
-1.300000000000000000e+01
-8.000000000000000000e+00
1.800000000000000000e+01
2.500000000000000000e+01
1.000000000000000000e+00
1.500000000000000000e+01
2.000000000000000000e+00
-4.000000000000000000e+00
2.200000000000000000e+01
-3.000000000000000000e+00
8.000000000000000000e+00
-1.200000000000000000e+01
1.000000000000000000e+00
2.200000000000000000e+01
-1.200000000000000000e+01
1.000000000000000000e+01
1.700000000000000000e+01
2.200000000000000000e+01
-1.100000000000000000e+01
2.400000000000000000e+01
6.000000000000000000e+00
1.800000000000000000e+01
-1.200000000000000000e+01
1.000000000000000000e+00
2.600000000000000000e+01
1.000000000000000000e+01
-6.000000000000000000e+00
5.000000000000000000e+00
6.000000000000000000e+00
2.700000000000000000e+01
1.000000000000000000e+01
-5.000000000000000000e+00
4.000000000000000000e+01
6.000000000000000000e+00
1.200000000000000000e+01
2.000000000000000000e+01
4.000000000000000000e+00
1.300000000000000000e+01
1.100000000000000000e+01
-3.000000000000000000e+00
1.700000000000000000e+01
-1.400000000000000000e+01
-1.700000000000000000e+01
1.900000000000000000e+01
2.000000000000000000e+00
2.000000000000000000e+01
2.800000000000000000e+01
6.000000000000000000e+00
-8.000000000000000000e+00
5.000000000000000000e+00
5.000000000000000000e+00
4.100000000000000000e+01
1.000000000000000000e+01
-1.000000000000000000e+00
3.100000000000000000e+01
3.000000000000000000e+01
1.000000000000000000e+01
-1.600000000000000000e+01
2.700000000000000000e+01
2.000000000000000000e+00
-2.400000000000000000e+01
8.000000000000000000e+00
0.000000000000000000e+00
-7.000000000000000000e+00
6.000000000000000000e+00
1.000000000000000000e+00
2.800000000000000000e+01
2.900000000000000000e+01
3.000000000000000000e+00
3.900000000000000000e+01
2.800000000000000000e+01
5.000000000000000000e+00
3.000000000000000000e+00
-3.000000000000000000e+00
8.000000000000000000e+00
3.000000000000000000e+00
1.600000000000000000e+01
1.400000000000000000e+01
1.300000000000000000e+01
2.000000000000000000e+00
1.700000000000000000e+01
2.400000000000000000e+01
2.000000000000000000e+01
3.500000000000000000e+01
6.000000000000000000e+00
-5.000000000000000000e+00
-1.000000000000000000e+00
-3.000000000000000000e+00
1.900000000000000000e+01
2.500000000000000000e+01
-5.000000000000000000e+00
9.000000000000000000e+00
1.300000000000000000e+01
2.300000000000000000e+01
1.900000000000000000e+01
-2.000000000000000000e+00
3.000000000000000000e+01
1.500000000000000000e+01
1.200000000000000000e+01
4.000000000000000000e+00
2.900000000000000000e+01
2.000000000000000000e+01
7.000000000000000000e+00
-1.900000000000000000e+01
5.000000000000000000e+00
1.800000000000000000e+01
1.400000000000000000e+01
2.000000000000000000e+00
1.200000000000000000e+01
-3.700000000000000000e+01
2.100000000000000000e+01
3.000000000000000000e+00
2.200000000000000000e+01
-1.200000000000000000e+01
-1.500000000000000000e+01
1.500000000000000000e+01
-2.000000000000000000e+00
3.200000000000000000e+01
2.200000000000000000e+01
-6.000000000000000000e+00
2.000000000000000000e+00
-1.200000000000000000e+01
3.400000000000000000e+01
-1.600000000000000000e+01
-4.000000000000000000e+00
1.100000000000000000e+01
1.700000000000000000e+01
4.900000000000000000e+01
2.100000000000000000e+01
3.900000000000000000e+01
-1.600000000000000000e+01
3.300000000000000000e+01
2.500000000000000000e+01
1.000000000000000000e+01
2.300000000000000000e+01
3.000000000000000000e+00
2.500000000000000000e+01
1.200000000000000000e+01
-7.000000000000000000e+00
2.900000000000000000e+01
4.100000000000000000e+01
1.100000000000000000e+01
1.100000000000000000e+01
3.000000000000000000e+01
1.900000000000000000e+01
4.000000000000000000e+00
1.100000000000000000e+01
3.600000000000000000e+01
-1.000000000000000000e+00
5.000000000000000000e+00
2.800000000000000000e+01
1.800000000000000000e+01
-8.000000000000000000e+00
1.400000000000000000e+01
1.900000000000000000e+01
4.600000000000000000e+01
6.000000000000000000e+00
1.100000000000000000e+01
-2.600000000000000000e+01
3.300000000000000000e+01
1.600000000000000000e+01
2.100000000000000000e+01
3.400000000000000000e+01
4.200000000000000000e+01
2.300000000000000000e+01
1.900000000000000000e+01
2.000000000000000000e+01
-5.000000000000000000e+00
-1.300000000000000000e+01
2.100000000000000000e+01
3.000000000000000000e+00
1.500000000000000000e+01
2.100000000000000000e+01
3.800000000000000000e+01
5.000000000000000000e+00
3.000000000000000000e+00
3.000000000000000000e+00
3.600000000000000000e+01
1.000000000000000000e+01
2.300000000000000000e+01
4.100000000000000000e+01
-7.000000000000000000e+00
1.400000000000000000e+01
4.000000000000000000e+00
3.800000000000000000e+01
-4.000000000000000000e+00
5.400000000000000000e+01
3.100000000000000000e+01
2.700000000000000000e+01
1.400000000000000000e+01
3.500000000000000000e+01
4.600000000000000000e+01
5.500000000000000000e+01
2.800000000000000000e+01
5.000000000000000000e+01
6.200000000000000000e+01
8.800000000000000000e+01
3.500000000000000000e+01
6.100000000000000000e+01
6.600000000000000000e+01
8.500000000000000000e+01
5.700000000000000000e+01
8.100000000000000000e+01
7.200000000000000000e+01
1.020000000000000000e+02
1.540000000000000000e+02
1.450000000000000000e+02
1.450000000000000000e+02
1.930000000000000000e+02
2.280000000000000000e+02
2.690000000000000000e+02
3.130000000000000000e+02
2.880000000000000000e+02
3.850000000000000000e+02
4.440000000000000000e+02
5.080000000000000000e+02
5.670000000000000000e+02
6.180000000000000000e+02
7.440000000000000000e+02
8.250000000000000000e+02
9.510000000000000000e+02
9.890000000000000000e+02
1.095000000000000000e+03
1.319000000000000000e+03
1.402000000000000000e+03
1.550000000000000000e+03
1.670000000000000000e+03
1.825000000000000000e+03
1.943000000000000000e+03
2.137000000000000000e+03
2.273000000000000000e+03
2.444000000000000000e+03
2.542000000000000000e+03
2.684000000000000000e+03
2.856000000000000000e+03
3.074000000000000000e+03
3.188000000000000000e+03
3.313000000000000000e+03
3.455000000000000000e+03
3.539000000000000000e+03
3.628000000000000000e+03
3.717000000000000000e+03
3.843000000000000000e+03
3.885000000000000000e+03
3.923000000000000000e+03
3.936000000000000000e+03
3.967000000000000000e+03
3.967000000000000000e+03
3.947000000000000000e+03
3.941000000000000000e+03
3.859000000000000000e+03
3.869000000000000000e+03
3.796000000000000000e+03
3.634000000000000000e+03
3.573000000000000000e+03
3.469000000000000000e+03
3.381000000000000000e+03
3.162000000000000000e+03
3.169000000000000000e+03
3.008000000000000000e+03
2.749000000000000000e+03
2.715000000000000000e+03
2.555000000000000000e+03
2.450000000000000000e+03
2.260000000000000000e+03
2.149000000000000000e+03
2.033000000000000000e+03
1.837000000000000000e+03
1.722000000000000000e+03
1.598000000000000000e+03
1.437000000000000000e+03
1.287000000000000000e+03
1.249000000000000000e+03
1.094000000000000000e+03
9.810000000000000000e+02
9.230000000000000000e+02
8.280000000000000000e+02
7.090000000000000000e+02
6.360000000000000000e+02
5.660000000000000000e+02
5.040000000000000000e+02
4.120000000000000000e+02
3.800000000000000000e+02
3.300000000000000000e+02
3.110000000000000000e+02
2.590000000000000000e+02
2.430000000000000000e+02
2.040000000000000000e+02
1.670000000000000000e+02
1.420000000000000000e+02
1.180000000000000000e+02
1.140000000000000000e+02
7.000000000000000000e+01
7.900000000000000000e+01
7.100000000000000000e+01
4.800000000000000000e+01
5.200000000000000000e+01
4.500000000000000000e+01
5.300000000000000000e+01
1.600000000000000000e+01
1.700000000000000000e+01
-3.000000000000000000e+00
2.700000000000000000e+01
2.800000000000000000e+01
3.000000000000000000e+00
2.000000000000000000e+01
1.400000000000000000e+01
2.900000000000000000e+01
8.000000000000000000e+00
2.900000000000000000e+01
-3.000000000000000000e+00
-2.000000000000000000e+01
1.700000000000000000e+01
4.300000000000000000e+01
3.000000000000000000e+01
2.000000000000000000e+01
3.900000000000000000e+01
5.000000000000000000e+00
2.600000000000000000e+01
-3.200000000000000000e+01
2.100000000000000000e+01
1.500000000000000000e+01
1.300000000000000000e+01
3.000000000000000000e+00
0.000000000000000000e+00
5.500000000000000000e+01
-7.000000000000000000e+00
1.800000000000000000e+01
-1.200000000000000000e+01
-9.000000000000000000e+00
2.300000000000000000e+01
1.400000000000000000e+01
9.000000000000000000e+00
-1.600000000000000000e+01
-3.000000000000000000e+00
1.000000000000000000e+01
-1.000000000000000000e+00
2.900000000000000000e+01
2.500000000000000000e+01
8.000000000000000000e+00
2.300000000000000000e+01
3.700000000000000000e+01
2.000000000000000000e+01
-5.000000000000000000e+00
1.600000000000000000e+01
5.100000000000000000e+01
-1.800000000000000000e+01
2.100000000000000000e+01
3.000000000000000000e+00
5.000000000000000000e+00
2.000000000000000000e+00
1.200000000000000000e+01
1.300000000000000000e+01
2.400000000000000000e+01
1.800000000000000000e+01
0.000000000000000000e+00
1.000000000000000000e+01
2.600000000000000000e+01
1.900000000000000000e+01
3.600000000000000000e+01
1.400000000000000000e+01
2.000000000000000000e+00
3.000000000000000000e+00
-6.000000000000000000e+00
3.200000000000000000e+01
3.600000000000000000e+01
2.500000000000000000e+01
1.000000000000000000e+01
1.200000000000000000e+01
4.000000000000000000e+00
1.300000000000000000e+01
3.200000000000000000e+01
4.100000000000000000e+01
-3.000000000000000000e+00
1.000000000000000000e+00
2.400000000000000000e+01
-1.400000000000000000e+01
9.000000000000000000e+00
0.000000000000000000e+00
2.200000000000000000e+01
2.900000000000000000e+01
-1.400000000000000000e+01
-3.000000000000000000e+00
2.800000000000000000e+01
9.000000000000000000e+00
-2.200000000000000000e+01
-1.000000000000000000e+00
2.100000000000000000e+01
2.700000000000000000e+01
1.900000000000000000e+01
1.000000000000000000e+01
1.300000000000000000e+01
4.000000000000000000e+00
3.200000000000000000e+01
3.000000000000000000e+00
4.200000000000000000e+01
-1.300000000000000000e+01
3.600000000000000000e+01
-9.000000000000000000e+00
2.000000000000000000e+00
-2.000000000000000000e+00
-1.800000000000000000e+01
2.900000000000000000e+01
-7.000000000000000000e+00
4.500000000000000000e+01
2.100000000000000000e+01
1.500000000000000000e+01
4.000000000000000000e+01
-6.000000000000000000e+00
0.000000000000000000e+00
1.700000000000000000e+01
8.000000000000000000e+00
1.300000000000000000e+01
-4.000000000000000000e+00
2.200000000000000000e+01
1.000000000000000000e+01
-3.000000000000000000e+00
-4.000000000000000000e+00
1.400000000000000000e+01
3.000000000000000000e+00
3.300000000000000000e+01
1.200000000000000000e+01
2.100000000000000000e+01
-1.300000000000000000e+01
2.900000000000000000e+01
4.000000000000000000e+00
1.900000000000000000e+01
-1.400000000000000000e+01
1.100000000000000000e+01
7.000000000000000000e+00
7.000000000000000000e+00
6.000000000000000000e+00
2.700000000000000000e+01
5.000000000000000000e+00
2.700000000000000000e+01
8.000000000000000000e+00
3.100000000000000000e+01
2.600000000000000000e+01
-2.700000000000000000e+01
2.700000000000000000e+01
1.200000000000000000e+01
2.000000000000000000e+00
-6.000000000000000000e+00
-1.000000000000000000e+01
3.000000000000000000e+01
2.200000000000000000e+01
1.000000000000000000e+01
-2.200000000000000000e+01
1.800000000000000000e+01
1.200000000000000000e+01
2.600000000000000000e+01
2.000000000000000000e+00
-5.000000000000000000e+00
2.100000000000000000e+01
1.300000000000000000e+01
7.000000000000000000e+00
-8.000000000000000000e+00
2.300000000000000000e+01
-4.000000000000000000e+00
4.000000000000000000e+00
3.200000000000000000e+01
-1.600000000000000000e+01
2.100000000000000000e+01
2.500000000000000000e+01
-2.100000000000000000e+01
2.400000000000000000e+01
1.000000000000000000e+00
-2.000000000000000000e+00
8.000000000000000000e+00
9.000000000000000000e+00
4.000000000000000000e+00
-9.000000000000000000e+00
7.000000000000000000e+00
5.400000000000000000e+01
-4.000000000000000000e+00
-8.000000000000000000e+00
3.000000000000000000e+01
-9.000000000000000000e+00
-1.000000000000000000e+00
1.600000000000000000e+01
2.500000000000000000e+01
-7.000000000000000000e+00
1.200000000000000000e+01
2.000000000000000000e+01
2.000000000000000000e+01
1.300000000000000000e+01
-3.000000000000000000e+00
2.000000000000000000e+00
3.000000000000000000e+01
-1.900000000000000000e+01
2.900000000000000000e+01
1.000000000000000000e+00
2.100000000000000000e+01
-1.700000000000000000e+01
2.000000000000000000e+00
7.000000000000000000e+00
-8.000000000000000000e+00
-3.000000000000000000e+00
2.800000000000000000e+01
3.800000000000000000e+01
4.000000000000000000e+00
4.200000000000000000e+01
3.000000000000000000e+00
2.400000000000000000e+01
1.000000000000000000e+00
-3.000000000000000000e+01
5.000000000000000000e+00
-6.000000000000000000e+00
6.000000000000000000e+00
-4.000000000000000000e+00
1.400000000000000000e+01
9.000000000000000000e+00
-3.000000000000000000e+00
1.400000000000000000e+01
7.000000000000000000e+00
8.000000000000000000e+00
6.000000000000000000e+00
-4.000000000000000000e+00
-1.000000000000000000e+00
-1.600000000000000000e+01
1.300000000000000000e+01
1.100000000000000000e+01
2.000000000000000000e+00
2.800000000000000000e+01
8.000000000000000000e+00
3.400000000000000000e+01
-1.000000000000000000e+01
-1.600000000000000000e+01
2.100000000000000000e+01
2.200000000000000000e+01
-1.000000000000000000e+01
-1.600000000000000000e+01
-2.100000000000000000e+01
1.700000000000000000e+01
1.700000000000000000e+01
-2.000000000000000000e+00
1.700000000000000000e+01
9.000000000000000000e+00
2.600000000000000000e+01
1.700000000000000000e+01
-1.100000000000000000e+01
2.300000000000000000e+01
-1.100000000000000000e+01
1.200000000000000000e+01
3.100000000000000000e+01
-8.000000000000000000e+00
-6.000000000000000000e+00
1.700000000000000000e+01
-1.500000000000000000e+01
2.400000000000000000e+01
-8.000000000000000000e+00
-1.100000000000000000e+01
-2.400000000000000000e+01
-2.700000000000000000e+01
6.000000000000000000e+00
1.200000000000000000e+01
-3.000000000000000000e+00
-7.000000000000000000e+00
2.300000000000000000e+01
-2.300000000000000000e+01
9.000000000000000000e+00
-3.800000000000000000e+01
2.000000000000000000e+00
4.000000000000000000e+01
8.000000000000000000e+00
-1.000000000000000000e+00
-2.000000000000000000e+00
3.000000000000000000e+00
3.000000000000000000e+00
-1.800000000000000000e+01
-1.800000000000000000e+01
3.000000000000000000e+00
1.000000000000000000e+00
1.700000000000000000e+01
-1.200000000000000000e+01
-1.000000000000000000e+01
2.000000000000000000e+00
1.800000000000000000e+01
1.200000000000000000e+01
1.500000000000000000e+01
-8.000000000000000000e+00
2.000000000000000000e+00
2.000000000000000000e+01
1.300000000000000000e+01
7.000000000000000000e+00
2.000000000000000000e+00
2.000000000000000000e+00
8.000000000000000000e+00
-2.000000000000000000e+01
2.000000000000000000e+01
-1.600000000000000000e+01
2.500000000000000000e+01
4.300000000000000000e+01
-2.000000000000000000e+00
-1.600000000000000000e+01
2.500000000000000000e+01
1.200000000000000000e+01
2.300000000000000000e+01
2.100000000000000000e+01
3.000000000000000000e+00
-1.100000000000000000e+01
-2.000000000000000000e+00
-7.000000000000000000e+00
2.400000000000000000e+01
-1.000000000000000000e+00
-1.200000000000000000e+01
2.600000000000000000e+01
-4.000000000000000000e+00
3.000000000000000000e+01
2.000000000000000000e+01
-7.000000000000000000e+00
-6.000000000000000000e+00
-1.900000000000000000e+01
-1.800000000000000000e+01
-1.100000000000000000e+01
-6.000000000000000000e+00
9.000000000000000000e+00
-8.000000000000000000e+00
6.000000000000000000e+00
7.000000000000000000e+00
-4.000000000000000000e+00
-2.900000000000000000e+01
2.200000000000000000e+01
-2.500000000000000000e+01
3.000000000000000000e+01
-1.000000000000000000e+00
0.000000000000000000e+00
7.000000000000000000e+00
9.000000000000000000e+00
-6.000000000000000000e+00
9.000000000000000000e+00
8.000000000000000000e+00
5.000000000000000000e+00
-1.300000000000000000e+01
2.700000000000000000e+01
-1.300000000000000000e+01
1.400000000000000000e+01
-1.600000000000000000e+01
4.000000000000000000e+00
-1.000000000000000000e+00
2.700000000000000000e+01
-1.500000000000000000e+01
-2.300000000000000000e+01
-1.700000000000000000e+01
1.000000000000000000e+00
-7.000000000000000000e+00
3.300000000000000000e+01
2.000000000000000000e+00
2.600000000000000000e+01
5.000000000000000000e+00
1.500000000000000000e+01
-2.800000000000000000e+01
1.100000000000000000e+01
1.400000000000000000e+01
1.800000000000000000e+01
-1.900000000000000000e+01
-2.200000000000000000e+01
-6.000000000000000000e+00
-7.000000000000000000e+00
-1.700000000000000000e+01
-2.500000000000000000e+01
-1.130000000000000000e+02
1.300000000000000000e+01
8.000000000000000000e+00
4.000000000000000000e+00
1.500000000000000000e+01
-9.000000000000000000e+00
5.000000000000000000e+00
-9.000000000000000000e+00
-4.000000000000000000e+00
-2.800000000000000000e+01
7.000000000000000000e+00
2.400000000000000000e+01
4.000000000000000000e+00
-2.300000000000000000e+01
-1.700000000000000000e+01
1.000000000000000000e+01
2.100000000000000000e+01
1.500000000000000000e+01
2.100000000000000000e+01
2.000000000000000000e+00
1.000000000000000000e+01
1.000000000000000000e+01
-2.900000000000000000e+01
-1.400000000000000000e+01
-1.400000000000000000e+01
-3.900000000000000000e+01
1.100000000000000000e+01
2.900000000000000000e+01
2.700000000000000000e+01
-5.000000000000000000e+00
4.000000000000000000e+00
0.000000000000000000e+00
9.000000000000000000e+00
1.300000000000000000e+01
4.000000000000000000e+00
2.100000000000000000e+01
-9.000000000000000000e+00
-7.000000000000000000e+00
2.800000000000000000e+01
1.000000000000000000e+00
-9.000000000000000000e+00
1.200000000000000000e+01
-4.000000000000000000e+00
1.800000000000000000e+01
4.000000000000000000e+00
7.000000000000000000e+00
1.100000000000000000e+01
-1.000000000000000000e+01
0.000000000000000000e+00
3.000000000000000000e+01
4.000000000000000000e+00
-6.000000000000000000e+00
1.600000000000000000e+01
-7.000000000000000000e+00
1.000000000000000000e+00
-1.100000000000000000e+01
4.000000000000000000e+00
1.400000000000000000e+01
-6.100000000000000000e+01
5.000000000000000000e+00
1.700000000000000000e+01
-1.000000000000000000e+00
1.400000000000000000e+01
7.000000000000000000e+00
2.600000000000000000e+01
-4.200000000000000000e+01
1.200000000000000000e+01
4.000000000000000000e+00
3.300000000000000000e+01
-3.400000000000000000e+01
1.000000000000000000e+00
-2.100000000000000000e+01
-1.200000000000000000e+01
2.200000000000000000e+01
4.000000000000000000e+00
-2.400000000000000000e+01
4.000000000000000000e+00
-1.800000000000000000e+01
-1.300000000000000000e+01
5.000000000000000000e+00
8.000000000000000000e+00
2.700000000000000000e+01
1.500000000000000000e+01
-3.100000000000000000e+01
6.000000000000000000e+00
-1.300000000000000000e+01
1.600000000000000000e+01
-1.000000000000000000e+00
1.000000000000000000e+00
3.000000000000000000e+00
5.000000000000000000e+00
-2.500000000000000000e+01
3.100000000000000000e+01
7.000000000000000000e+00
1.600000000000000000e+01
-5.000000000000000000e+00
-3.000000000000000000e+01
2.400000000000000000e+01
-2.100000000000000000e+01
-2.600000000000000000e+01
-1.700000000000000000e+01
1.900000000000000000e+01
8.000000000000000000e+00
2.500000000000000000e+01
-1.800000000000000000e+01
2.100000000000000000e+01
-6.000000000000000000e+00
1.500000000000000000e+01
4.000000000000000000e+00
2.000000000000000000e+00
2.200000000000000000e+01
-2.000000000000000000e+01
-1.100000000000000000e+01
7.000000000000000000e+00
-1.600000000000000000e+01
0.000000000000000000e+00
8.000000000000000000e+00
6.000000000000000000e+00
4.400000000000000000e+01
2.000000000000000000e+01
-3.100000000000000000e+01
2.000000000000000000e+00
-2.000000000000000000e+00
-2.500000000000000000e+01
1.900000000000000000e+01
5.000000000000000000e+00
1.400000000000000000e+01
-5.000000000000000000e+00
1.100000000000000000e+01
-1.200000000000000000e+01
2.000000000000000000e+00
-4.000000000000000000e+00
-1.000000000000000000e+01
3.000000000000000000e+00
1.100000000000000000e+01
-7.000000000000000000e+00
-1.200000000000000000e+01
1.500000000000000000e+01
-1.000000000000000000e+01
1.000000000000000000e+01
-1.600000000000000000e+01
1.400000000000000000e+01
-1.100000000000000000e+01
-2.300000000000000000e+01
-2.000000000000000000e+00
-1.400000000000000000e+01
5.000000000000000000e+00
1.600000000000000000e+01
-6.000000000000000000e+00
1.300000000000000000e+01
-2.000000000000000000e+00
-6.000000000000000000e+00
5.000000000000000000e+00
2.800000000000000000e+01
1.200000000000000000e+01
2.800000000000000000e+01
1.900000000000000000e+01
0.000000000000000000e+00
3.300000000000000000e+01
3.600000000000000000e+01
4.000000000000000000e+00
1.700000000000000000e+01
-2.000000000000000000e+01
-3.000000000000000000e+00
1.000000000000000000e+01
1.000000000000000000e+01
2.400000000000000000e+01
1.400000000000000000e+01
1.900000000000000000e+01
5.000000000000000000e+00
-1.600000000000000000e+01
-5.000000000000000000e+00
1.500000000000000000e+01
-1.700000000000000000e+01
4.000000000000000000e+00
-4.000000000000000000e+00
-1.200000000000000000e+01
8.000000000000000000e+00
-7.000000000000000000e+00
-2.600000000000000000e+01
2.400000000000000000e+01
-2.200000000000000000e+01
5.000000000000000000e+00
-1.700000000000000000e+01
-1.500000000000000000e+01
4.000000000000000000e+00
-4.000000000000000000e+00
1.200000000000000000e+01
-1.000000000000000000e+01
7.000000000000000000e+00
5.000000000000000000e+00
1.200000000000000000e+01
3.000000000000000000e+00
7.000000000000000000e+00
5.000000000000000000e+00
-4.000000000000000000e+00
-2.300000000000000000e+01
2.000000000000000000e+00
1.000000000000000000e+01
-1.200000000000000000e+01
-1.000000000000000000e+00
-8.000000000000000000e+00
-2.300000000000000000e+01
2.000000000000000000e+01
1.300000000000000000e+01
2.300000000000000000e+01
-8.000000000000000000e+00
3.500000000000000000e+01
2.000000000000000000e+01
2.000000000000000000e+00
2.900000000000000000e+01
-3.000000000000000000e+00
8.000000000000000000e+00
2.300000000000000000e+01
1.100000000000000000e+01
-1.700000000000000000e+01
2.900000000000000000e+01
0.000000000000000000e+00
1.700000000000000000e+01
-7.000000000000000000e+00
1.300000000000000000e+01
-9.000000000000000000e+00
1.000000000000000000e+01
-6.000000000000000000e+00
4.000000000000000000e+00
-1.200000000000000000e+01
-1.000000000000000000e+00
1.400000000000000000e+01
2.900000000000000000e+01
-4.000000000000000000e+00
3.000000000000000000e+00
7.000000000000000000e+00
-5.000000000000000000e+00
1.100000000000000000e+01
2.000000000000000000e+00
-1.300000000000000000e+01
3.100000000000000000e+01
-2.000000000000000000e+00
-1.600000000000000000e+01
1.200000000000000000e+01
2.000000000000000000e+00
-2.000000000000000000e+00
-1.800000000000000000e+01
-1.200000000000000000e+01
-4.000000000000000000e+00
-2.600000000000000000e+01
7.000000000000000000e+00
-6.000000000000000000e+00
-1.400000000000000000e+01
1.600000000000000000e+01
-5.000000000000000000e+00
-9.000000000000000000e+00
-7.000000000000000000e+00
-6.000000000000000000e+00
-2.000000000000000000e+00
-1.700000000000000000e+01
1.400000000000000000e+01
-1.000000000000000000e+00
2.000000000000000000e+01
-1.300000000000000000e+01
7.000000000000000000e+00
-6.000000000000000000e+00
2.000000000000000000e+01
5.000000000000000000e+00
7.000000000000000000e+00
2.000000000000000000e+00
-1.700000000000000000e+01
1.700000000000000000e+01
1.300000000000000000e+01
-1.200000000000000000e+01
-8.000000000000000000e+00
-3.000000000000000000e+00
-1.400000000000000000e+01
2.300000000000000000e+01
2.000000000000000000e+00
0.000000000000000000e+00
-2.000000000000000000e+00
2.800000000000000000e+01
1.900000000000000000e+01
-1.300000000000000000e+01
2.000000000000000000e+01
-2.600000000000000000e+01
-5.000000000000000000e+00
-8.000000000000000000e+00
1.000000000000000000e+01
-2.000000000000000000e+00
1.600000000000000000e+01
-8.000000000000000000e+00
1.500000000000000000e+01
3.000000000000000000e+00
-3.000000000000000000e+00
-6.000000000000000000e+00
-1.000000000000000000e+00
-1.000000000000000000e+00
1.800000000000000000e+01
-1.300000000000000000e+01
9.000000000000000000e+00
-1.600000000000000000e+01
-3.000000000000000000e+00
-1.100000000000000000e+01
-1.600000000000000000e+01
1.400000000000000000e+01
9.000000000000000000e+00
-1.300000000000000000e+01
3.600000000000000000e+01
-9.000000000000000000e+00
3.000000000000000000e+01
5.000000000000000000e+00
1.300000000000000000e+01
7.000000000000000000e+00
-1.500000000000000000e+01
6.000000000000000000e+00
1.500000000000000000e+01
-2.300000000000000000e+01
1.000000000000000000e+00
1.500000000000000000e+01
-1.900000000000000000e+01
3.000000000000000000e+00
1.000000000000000000e+01
-3.000000000000000000e+00
-3.000000000000000000e+00
1.500000000000000000e+01
-7.000000000000000000e+00
-4.000000000000000000e+00
-7.000000000000000000e+00
-2.300000000000000000e+01
7.000000000000000000e+00
0.000000000000000000e+00
-8.000000000000000000e+00
-2.000000000000000000e+00
1.600000000000000000e+01
-4.000000000000000000e+00
-1.800000000000000000e+01
4.000000000000000000e+00
-2.600000000000000000e+01
1.000000000000000000e+01
-2.000000000000000000e+01
1.000000000000000000e+01
-1.700000000000000000e+01
2.700000000000000000e+01
-2.200000000000000000e+01
2.900000000000000000e+01
-1.400000000000000000e+01
-1.200000000000000000e+01
4.000000000000000000e+00
6.000000000000000000e+00
1.400000000000000000e+01
1.000000000000000000e+01
4.000000000000000000e+00
1.500000000000000000e+01
-5.000000000000000000e+00
2.500000000000000000e+01
4.000000000000000000e+00
-1.300000000000000000e+01
-2.000000000000000000e+00
2.600000000000000000e+01
-2.500000000000000000e+01
-2.000000000000000000e+00
2.000000000000000000e+00
-2.600000000000000000e+01
-6.000000000000000000e+00
2.000000000000000000e+00
-1.900000000000000000e+01
-9.000000000000000000e+00
7.000000000000000000e+00
1.400000000000000000e+01
3.300000000000000000e+01
9.000000000000000000e+00
4.000000000000000000e+00
1.400000000000000000e+01
-1.700000000000000000e+01
-1.000000000000000000e+00
-7.000000000000000000e+00
6.000000000000000000e+00
-1.000000000000000000e+00
-2.300000000000000000e+01
-4.000000000000000000e+00
-1.000000000000000000e+00
0.000000000000000000e+00
2.700000000000000000e+01
1.800000000000000000e+01
2.700000000000000000e+01
-7.000000000000000000e+00
2.000000000000000000e+00
1.900000000000000000e+01
1.000000000000000000e+01
-2.000000000000000000e+01
1.600000000000000000e+01
3.000000000000000000e+00
3.300000000000000000e+01
-1.900000000000000000e+01
4.000000000000000000e+00
-1.900000000000000000e+01
9.000000000000000000e+00
4.000000000000000000e+00
-4.000000000000000000e+00
1.800000000000000000e+01
5.000000000000000000e+00
2.000000000000000000e+01
3.200000000000000000e+01
3.000000000000000000e+00
-2.300000000000000000e+01
-1.600000000000000000e+01
1.000000000000000000e+01
1.200000000000000000e+01
-2.200000000000000000e+01
2.100000000000000000e+01
3.400000000000000000e+01
-2.100000000000000000e+01
2.800000000000000000e+01
4.700000000000000000e+01
6.000000000000000000e+00
3.400000000000000000e+01
3.800000000000000000e+01
3.000000000000000000e+00
3.200000000000000000e+01
3.000000000000000000e+01
1.400000000000000000e+01
3.000000000000000000e+01
2.600000000000000000e+01
3.900000000000000000e+01
5.200000000000000000e+01
4.600000000000000000e+01
3.900000000000000000e+01
4.900000000000000000e+01
4.700000000000000000e+01
3.800000000000000000e+01
6.200000000000000000e+01
6.300000000000000000e+01
7.700000000000000000e+01
5.100000000000000000e+01
6.900000000000000000e+01
6.200000000000000000e+01
6.700000000000000000e+01
8.200000000000000000e+01
9.100000000000000000e+01
6.700000000000000000e+01
9.900000000000000000e+01
9.900000000000000000e+01
1.070000000000000000e+02
7.200000000000000000e+01
1.220000000000000000e+02
1.330000000000000000e+02
1.350000000000000000e+02
1.420000000000000000e+02
1.320000000000000000e+02
1.540000000000000000e+02
1.590000000000000000e+02
1.780000000000000000e+02
1.760000000000000000e+02
1.780000000000000000e+02
2.010000000000000000e+02
2.400000000000000000e+02
2.320000000000000000e+02
2.400000000000000000e+02
3.050000000000000000e+02
2.930000000000000000e+02
2.850000000000000000e+02
3.190000000000000000e+02
3.270000000000000000e+02
3.340000000000000000e+02
3.210000000000000000e+02
3.440000000000000000e+02
3.650000000000000000e+02
3.770000000000000000e+02
3.650000000000000000e+02
4.180000000000000000e+02
4.300000000000000000e+02
4.860000000000000000e+02
4.840000000000000000e+02
5.130000000000000000e+02
5.300000000000000000e+02
5.210000000000000000e+02
5.670000000000000000e+02
6.000000000000000000e+02
6.210000000000000000e+02
6.160000000000000000e+02
6.450000000000000000e+02
6.860000000000000000e+02
7.220000000000000000e+02
7.210000000000000000e+02
7.370000000000000000e+02
7.610000000000000000e+02
7.980000000000000000e+02
7.790000000000000000e+02
8.590000000000000000e+02
8.760000000000000000e+02
9.180000000000000000e+02
9.310000000000000000e+02
9.590000000000000000e+02
9.530000000000000000e+02
9.840000000000000000e+02
9.760000000000000000e+02
1.035000000000000000e+03
1.006000000000000000e+03
1.048000000000000000e+03
1.110000000000000000e+03
1.084000000000000000e+03
1.092000000000000000e+03
1.100000000000000000e+03
1.128000000000000000e+03
1.155000000000000000e+03
1.162000000000000000e+03
1.161000000000000000e+03
1.211000000000000000e+03
1.189000000000000000e+03
1.229000000000000000e+03
1.237000000000000000e+03
1.280000000000000000e+03
1.261000000000000000e+03
1.313000000000000000e+03
1.260000000000000000e+03
1.299000000000000000e+03
1.296000000000000000e+03
1.324000000000000000e+03
1.316000000000000000e+03
1.346000000000000000e+03
1.397000000000000000e+03
1.372000000000000000e+03
1.334000000000000000e+03
1.355000000000000000e+03
1.272000000000000000e+03
1.254000000000000000e+03
1.291000000000000000e+03
1.256000000000000000e+03
1.271000000000000000e+03
1.232000000000000000e+03
1.268000000000000000e+03
1.186000000000000000e+03
1.152000000000000000e+03
1.177000000000000000e+03
1.080000000000000000e+03
1.138000000000000000e+03
1.114000000000000000e+03
1.122000000000000000e+03
1.110000000000000000e+03
1.061000000000000000e+03
1.060000000000000000e+03
1.054000000000000000e+03
1.053000000000000000e+03
1.044000000000000000e+03
1.039000000000000000e+03
1.023000000000000000e+03
1.032000000000000000e+03
9.840000000000000000e+02
9.580000000000000000e+02
1.032000000000000000e+03
9.470000000000000000e+02
8.940000000000000000e+02
9.420000000000000000e+02
8.930000000000000000e+02
8.830000000000000000e+02
8.130000000000000000e+02
7.990000000000000000e+02
8.310000000000000000e+02
7.970000000000000000e+02
7.600000000000000000e+02
7.360000000000000000e+02
7.170000000000000000e+02
7.050000000000000000e+02
6.870000000000000000e+02
6.640000000000000000e+02
6.420000000000000000e+02
6.350000000000000000e+02
6.010000000000000000e+02
5.770000000000000000e+02
5.490000000000000000e+02
5.270000000000000000e+02
5.740000000000000000e+02
5.080000000000000000e+02
4.940000000000000000e+02
5.250000000000000000e+02
4.380000000000000000e+02
4.550000000000000000e+02
4.330000000000000000e+02
4.710000000000000000e+02
4.230000000000000000e+02
4.000000000000000000e+02
3.670000000000000000e+02
3.840000000000000000e+02
3.560000000000000000e+02
3.750000000000000000e+02
3.250000000000000000e+02
3.260000000000000000e+02
2.760000000000000000e+02
3.080000000000000000e+02
3.160000000000000000e+02
2.410000000000000000e+02
2.650000000000000000e+02
2.450000000000000000e+02
2.100000000000000000e+02
2.050000000000000000e+02
2.310000000000000000e+02
2.130000000000000000e+02
2.180000000000000000e+02
1.750000000000000000e+02
1.710000000000000000e+02
1.670000000000000000e+02
1.820000000000000000e+02
1.600000000000000000e+02
1.840000000000000000e+02
1.330000000000000000e+02
1.490000000000000000e+02
1.320000000000000000e+02
1.470000000000000000e+02
1.290000000000000000e+02
1.370000000000000000e+02
1.260000000000000000e+02
1.330000000000000000e+02
1.020000000000000000e+02
7.100000000000000000e+01
1.110000000000000000e+02
7.300000000000000000e+01
4.200000000000000000e+01
5.500000000000000000e+01
7.900000000000000000e+01
9.300000000000000000e+01
8.000000000000000000e+01
5.800000000000000000e+01
7.300000000000000000e+01
7.900000000000000000e+01
4.800000000000000000e+01
5.400000000000000000e+01
4.100000000000000000e+01
5.400000000000000000e+01
5.000000000000000000e+00
4.200000000000000000e+01
1.200000000000000000e+01
1.900000000000000000e+01
2.400000000000000000e+01
4.500000000000000000e+01
4.200000000000000000e+01
1.000000000000000000e+01
1.700000000000000000e+01
4.100000000000000000e+01
-3.000000000000000000e+00
1.100000000000000000e+01
2.700000000000000000e+01
5.700000000000000000e+01
-7.000000000000000000e+00
1.100000000000000000e+01
1.500000000000000000e+01
2.000000000000000000e+01
3.900000000000000000e+01
3.200000000000000000e+01
2.000000000000000000e+01
1.700000000000000000e+01
7.000000000000000000e+00
1.600000000000000000e+01
2.000000000000000000e+00
3.800000000000000000e+01
8.000000000000000000e+00
-8.000000000000000000e+00
2.600000000000000000e+01
1.100000000000000000e+01
-2.000000000000000000e+00
1.200000000000000000e+01
1.300000000000000000e+01
2.700000000000000000e+01
2.100000000000000000e+01
3.500000000000000000e+01
-1.000000000000000000e+00
-1.000000000000000000e+00
-1.700000000000000000e+01
1.600000000000000000e+01
-2.000000000000000000e+00
1.000000000000000000e+01
5.200000000000000000e+01
7.000000000000000000e+00
2.500000000000000000e+01
8.000000000000000000e+00
-1.300000000000000000e+01
3.200000000000000000e+01
-1.700000000000000000e+01
-1.300000000000000000e+01
1.000000000000000000e+00
1.000000000000000000e+00
-5.000000000000000000e+00
6.000000000000000000e+00
1.000000000000000000e+00
6.000000000000000000e+00
-1.600000000000000000e+01
-2.800000000000000000e+01
1.500000000000000000e+01
-4.800000000000000000e+01
2.000000000000000000e+00
5.000000000000000000e+00
1.500000000000000000e+01
3.000000000000000000e+00
8.000000000000000000e+00
1.300000000000000000e+01
1.200000000000000000e+01
-1.000000000000000000e+01
1.500000000000000000e+01
-3.000000000000000000e+00
-5.000000000000000000e+00
2.000000000000000000e+01
-3.000000000000000000e+00
4.000000000000000000e+00
-1.000000000000000000e+01
-7.000000000000000000e+00
-1.000000000000000000e+00
-8.000000000000000000e+00
-1.000000000000000000e+01
-1.020000000000000000e+02
7.000000000000000000e+00
6.000000000000000000e+00
4.000000000000000000e+00
3.000000000000000000e+00
9.000000000000000000e+00
1.100000000000000000e+01
9.000000000000000000e+00
1.500000000000000000e+01
-3.000000000000000000e+00
1.800000000000000000e+01
-3.000000000000000000e+00
1.200000000000000000e+01
9.000000000000000000e+00
4.700000000000000000e+01
3.000000000000000000e+00
-2.000000000000000000e+00
4.000000000000000000e+00
0.000000000000000000e+00
