0.000000000000000000e+00
-3.000000000000000000e+00
3.000000000000000000e+00
3.000000000000000000e+00
2.800000000000000000e+01
-1.500000000000000000e+01
-2.500000000000000000e+01
-3.000000000000000000e+00
3.000000000000000000e+00
-2.300000000000000000e+01
2.000000000000000000e+00
-1.700000000000000000e+01
-1.100000000000000000e+01
1.500000000000000000e+01
4.000000000000000000e+00
2.100000000000000000e+01
6.000000000000000000e+00
3.100000000000000000e+01
-1.700000000000000000e+01
0.000000000000000000e+00
3.400000000000000000e+01
-5.000000000000000000e+00
1.100000000000000000e+01
-4.000000000000000000e+00
-2.200000000000000000e+01
-1.200000000000000000e+01
6.000000000000000000e+00
7.000000000000000000e+00
-2.000000000000000000e+00
1.000000000000000000e+01
-1.500000000000000000e+01
-7.000000000000000000e+00
4.900000000000000000e+01
2.000000000000000000e+00
-2.400000000000000000e+01
-1.900000000000000000e+01
-1.900000000000000000e+01
1.400000000000000000e+01
0.000000000000000000e+00
4.300000000000000000e+01
-1.500000000000000000e+01
-4.000000000000000000e+00
-1.500000000000000000e+01
-2.000000000000000000e+00
-1.700000000000000000e+01
6.000000000000000000e+00
-1.100000000000000000e+01
5.000000000000000000e+00
-4.000000000000000000e+00
-5.000000000000000000e+00
-4.000000000000000000e+00
-4.000000000000000000e+00
1.900000000000000000e+01
-3.000000000000000000e+00
9.000000000000000000e+00
-9.000000000000000000e+00
3.000000000000000000e+00
-3.100000000000000000e+01
4.000000000000000000e+00
-1.300000000000000000e+01
-7.000000000000000000e+00
9.000000000000000000e+00
-3.700000000000000000e+01
2.000000000000000000e+01
-5.000000000000000000e+00
7.000000000000000000e+00
-3.000000000000000000e+01
1.400000000000000000e+01
1.100000000000000000e+01
-1.800000000000000000e+01
3.000000000000000000e+00
8.000000000000000000e+00
-7.000000000000000000e+00
-8.000000000000000000e+00
-3.000000000000000000e+00
-2.300000000000000000e+01
-2.000000000000000000e+00
0.000000000000000000e+00
-1.200000000000000000e+01
-9.000000000000000000e+00
-4.000000000000000000e+00
-5.000000000000000000e+00
-2.100000000000000000e+01
2.000000000000000000e+00
-6.000000000000000000e+00
-2.200000000000000000e+01
2.200000000000000000e+01
-5.000000000000000000e+00
1.500000000000000000e+01
-2.900000000000000000e+01
-6.000000000000000000e+00
-2.000000000000000000e+01
3.000000000000000000e+00
2.000000000000000000e+00
1.100000000000000000e+01
6.000000000000000000e+00
-3.000000000000000000e+00
-1.000000000000000000e+00
-2.000000000000000000e+00
-1.000000000000000000e+00
7.000000000000000000e+00
-2.000000000000000000e+00
-2.000000000000000000e+00
-3.000000000000000000e+00
-8.000000000000000000e+00
2.600000000000000000e+01
-1.900000000000000000e+01
-1.000000000000000000e+00
1.000000000000000000e+01
3.000000000000000000e+00
4.000000000000000000e+00
3.000000000000000000e+00
1.900000000000000000e+01
0.000000000000000000e+00
-1.000000000000000000e+01
1.600000000000000000e+01
-8.000000000000000000e+00
-7.000000000000000000e+00
-2.800000000000000000e+01
-5.000000000000000000e+00
2.100000000000000000e+01
1.900000000000000000e+01
-1.100000000000000000e+01
0.000000000000000000e+00
3.900000000000000000e+01
-2.000000000000000000e+01
1.100000000000000000e+01
-1.800000000000000000e+01
6.000000000000000000e+00
1.000000000000000000e+01
-5.000000000000000000e+00
2.200000000000000000e+01
2.000000000000000000e+00
2.400000000000000000e+01
-2.500000000000000000e+01
6.000000000000000000e+00
1.800000000000000000e+01
2.200000000000000000e+01
1.600000000000000000e+01
-2.000000000000000000e+00
-2.600000000000000000e+01
-1.500000000000000000e+01
-6.000000000000000000e+00
6.000000000000000000e+00
3.000000000000000000e+00
3.600000000000000000e+01
5.000000000000000000e+00
-1.500000000000000000e+01
-2.900000000000000000e+01
4.000000000000000000e+00
-6.000000000000000000e+00
3.600000000000000000e+01
1.100000000000000000e+01
1.700000000000000000e+01
-4.000000000000000000e+00
1.000000000000000000e+00
1.200000000000000000e+01
6.000000000000000000e+00
-4.100000000000000000e+01
-3.000000000000000000e+00
6.000000000000000000e+00
1.000000000000000000e+00
-1.100000000000000000e+01
-9.000000000000000000e+00
-6.000000000000000000e+00
-1.600000000000000000e+01
9.000000000000000000e+00
7.000000000000000000e+00
3.000000000000000000e+00
-1.200000000000000000e+01
1.500000000000000000e+01
-8.000000000000000000e+00
-1.400000000000000000e+01
4.000000000000000000e+00
-1.400000000000000000e+01
-9.000000000000000000e+00
3.000000000000000000e+00
-6.000000000000000000e+00
1.600000000000000000e+01
6.000000000000000000e+00
4.000000000000000000e+00
1.300000000000000000e+01
-8.000000000000000000e+00
-1.000000000000000000e+01
1.100000000000000000e+01
-7.000000000000000000e+00
2.000000000000000000e+00
8.000000000000000000e+00
1.100000000000000000e+01
3.700000000000000000e+01
1.600000000000000000e+01
-2.600000000000000000e+01
-4.000000000000000000e+00
-1.000000000000000000e+01
1.600000000000000000e+01
-1.500000000000000000e+01
-1.800000000000000000e+01
-6.000000000000000000e+00
-3.000000000000000000e+00
3.100000000000000000e+01
2.000000000000000000e+00
9.000000000000000000e+00
3.000000000000000000e+00
3.000000000000000000e+00
-9.000000000000000000e+00
-9.000000000000000000e+00
-7.000000000000000000e+00
2.000000000000000000e+00
1.900000000000000000e+01
-9.000000000000000000e+00
1.100000000000000000e+01
1.000000000000000000e+00
2.000000000000000000e+00
-8.000000000000000000e+00
1.000000000000000000e+00
-1.100000000000000000e+01
1.000000000000000000e+01
1.200000000000000000e+01
1.900000000000000000e+01
-1.100000000000000000e+01
1.000000000000000000e+01
-1.700000000000000000e+01
-1.800000000000000000e+01
1.700000000000000000e+01
-2.200000000000000000e+01
-1.000000000000000000e+01
-9.000000000000000000e+00
0.000000000000000000e+00
-6.000000000000000000e+00
1.900000000000000000e+01
8.000000000000000000e+00
7.000000000000000000e+00
-3.000000000000000000e+00
2.200000000000000000e+01
-1.100000000000000000e+01
1.100000000000000000e+01
-6.000000000000000000e+00
-1.100000000000000000e+01
-7.000000000000000000e+00
6.000000000000000000e+00
-1.000000000000000000e+00
-8.000000000000000000e+00
-3.000000000000000000e+00
1.000000000000000000e+00
2.000000000000000000e+01
-1.000000000000000000e+00
1.000000000000000000e+00
1.800000000000000000e+01
-1.200000000000000000e+01
2.600000000000000000e+01
-9.000000000000000000e+00
-5.000000000000000000e+00
-2.500000000000000000e+01
-9.000000000000000000e+00
-2.500000000000000000e+01
-5.000000000000000000e+00
-6.000000000000000000e+00
-1.800000000000000000e+01
-1.200000000000000000e+01
-2.000000000000000000e+01
-8.000000000000000000e+00
1.800000000000000000e+01
-4.000000000000000000e+00
-1.900000000000000000e+01
-2.700000000000000000e+01
1.600000000000000000e+01
-9.000000000000000000e+00
-3.000000000000000000e+00
2.000000000000000000e+00
-7.000000000000000000e+00
1.300000000000000000e+01
1.700000000000000000e+01
-2.400000000000000000e+01
-1.700000000000000000e+01
1.700000000000000000e+01
1.000000000000000000e+00
2.000000000000000000e+00
4.000000000000000000e+00
-2.000000000000000000e+00
2.200000000000000000e+01
-2.400000000000000000e+01
-2.100000000000000000e+01
-1.700000000000000000e+01
1.400000000000000000e+01
1.000000000000000000e+01
-1.200000000000000000e+01
-3.600000000000000000e+01
-2.300000000000000000e+01
-3.700000000000000000e+01
-6.000000000000000000e+00
1.000000000000000000e+00
0.000000000000000000e+00
-2.000000000000000000e+01
-1.000000000000000000e+00
1.000000000000000000e+00
-2.000000000000000000e+00
5.000000000000000000e+00
2.000000000000000000e+01
-1.000000000000000000e+01
2.800000000000000000e+01
0.000000000000000000e+00
-8.000000000000000000e+00
-2.400000000000000000e+01
-1.700000000000000000e+01
-1.500000000000000000e+01
-1.700000000000000000e+01
-6.000000000000000000e+00
-3.000000000000000000e+00
-2.800000000000000000e+01
1.200000000000000000e+01
-2.900000000000000000e+01
-4.000000000000000000e+00
1.800000000000000000e+01
5.000000000000000000e+00
1.000000000000000000e+01
-2.000000000000000000e+00
2.000000000000000000e+01
1.700000000000000000e+01
0.000000000000000000e+00
-1.700000000000000000e+01
-1.300000000000000000e+01
-4.000000000000000000e+00
3.000000000000000000e+00
-2.200000000000000000e+01
2.100000000000000000e+01
-1.800000000000000000e+01
-1.000000000000000000e+00
1.100000000000000000e+01
7.000000000000000000e+00
1.300000000000000000e+01
4.000000000000000000e+00
4.000000000000000000e+01
-2.700000000000000000e+01
-2.400000000000000000e+01
-1.000000000000000000e+00
4.000000000000000000e+00
2.000000000000000000e+00
5.000000000000000000e+00
3.000000000000000000e+00
8.000000000000000000e+00
-4.000000000000000000e+00
-1.400000000000000000e+01
1.200000000000000000e+01
4.000000000000000000e+00
-9.000000000000000000e+00
0.000000000000000000e+00
-2.100000000000000000e+01
-2.400000000000000000e+01
-1.200000000000000000e+01
5.000000000000000000e+00
-8.000000000000000000e+00
-4.000000000000000000e+00
1.600000000000000000e+01
-1.900000000000000000e+01
3.200000000000000000e+01
2.000000000000000000e+01
2.100000000000000000e+01
1.100000000000000000e+01
4.000000000000000000e+00
-1.700000000000000000e+01
8.000000000000000000e+00
3.400000000000000000e+01
1.700000000000000000e+01
1.100000000000000000e+01
3.000000000000000000e+00
8.000000000000000000e+00
-2.200000000000000000e+01
-1.600000000000000000e+01
-8.000000000000000000e+00
7.000000000000000000e+00
0.000000000000000000e+00
1.000000000000000000e+01
-7.000000000000000000e+00
-5.000000000000000000e+00
5.000000000000000000e+00
-7.000000000000000000e+00
3.000000000000000000e+00
1.300000000000000000e+01
2.000000000000000000e+00
1.400000000000000000e+01
1.000000000000000000e+01
-5.000000000000000000e+00
-3.000000000000000000e+01
2.900000000000000000e+01
-1.900000000000000000e+01
1.300000000000000000e+01
4.000000000000000000e+00
8.000000000000000000e+00
-1.100000000000000000e+01
1.300000000000000000e+01
1.000000000000000000e+00
-1.200000000000000000e+01
-1.000000000000000000e+01
3.000000000000000000e+00
5.000000000000000000e+00
2.800000000000000000e+01
3.000000000000000000e+00
1.100000000000000000e+01
-2.000000000000000000e+00
2.900000000000000000e+01
6.000000000000000000e+00
2.500000000000000000e+01
3.500000000000000000e+01
-1.200000000000000000e+01
-1.500000000000000000e+01
-9.000000000000000000e+00
5.100000000000000000e+01
-2.800000000000000000e+01
-1.000000000000000000e+01
-1.400000000000000000e+01
-4.000000000000000000e+00
8.000000000000000000e+00
-2.400000000000000000e+01
-7.000000000000000000e+00
-4.000000000000000000e+00
9.000000000000000000e+00
6.000000000000000000e+00
-1.600000000000000000e+01
4.000000000000000000e+00
3.000000000000000000e+01
2.000000000000000000e+00
2.000000000000000000e+00
6.000000000000000000e+00
-1.300000000000000000e+01
-3.000000000000000000e+00
-5.000000000000000000e+00
0.000000000000000000e+00
-1.100000000000000000e+01
-2.100000000000000000e+01
-6.000000000000000000e+00
1.600000000000000000e+01
1.700000000000000000e+01
1.000000000000000000e+01
1.000000000000000000e+01
-1.300000000000000000e+01
-5.000000000000000000e+00
3.000000000000000000e+01
-1.000000000000000000e+01
6.000000000000000000e+00
0.000000000000000000e+00
2.900000000000000000e+01
-2.100000000000000000e+01
0.000000000000000000e+00
2.600000000000000000e+01
2.400000000000000000e+01
2.100000000000000000e+01
-1.000000000000000000e+00
3.000000000000000000e+00
-2.100000000000000000e+01
-1.100000000000000000e+01
1.700000000000000000e+01
1.000000000000000000e+00
7.000000000000000000e+00
-1.400000000000000000e+01
-7.000000000000000000e+00
1.200000000000000000e+01
4.200000000000000000e+01
5.000000000000000000e+00
2.300000000000000000e+01
-2.000000000000000000e+00
-2.500000000000000000e+01
0.000000000000000000e+00
-5.000000000000000000e+00
-1.300000000000000000e+01
2.000000000000000000e+00
2.400000000000000000e+01
-1.100000000000000000e+01
6.000000000000000000e+00
-9.000000000000000000e+00
1.400000000000000000e+01
-5.000000000000000000e+00
5.000000000000000000e+00
7.000000000000000000e+01
0.000000000000000000e+00
-2.000000000000000000e+01
2.400000000000000000e+01
-5.000000000000000000e+00
-2.600000000000000000e+01
2.500000000000000000e+01
-7.000000000000000000e+00
-1.600000000000000000e+01
-2.000000000000000000e+00
3.000000000000000000e+00
0.000000000000000000e+00
-2.300000000000000000e+01
-7.000000000000000000e+00
2.000000000000000000e+00
7.000000000000000000e+00
-2.400000000000000000e+01
2.700000000000000000e+01
4.000000000000000000e+00
3.100000000000000000e+01
-5.000000000000000000e+00
-2.100000000000000000e+01
-1.800000000000000000e+01
0.000000000000000000e+00
-3.000000000000000000e+00
3.000000000000000000e+00
3.000000000000000000e+00
8.000000000000000000e+00
1.200000000000000000e+01
1.800000000000000000e+01
3.500000000000000000e+01
9.000000000000000000e+00
-1.600000000000000000e+01
-2.000000000000000000e+00
-1.500000000000000000e+01
2.600000000000000000e+01
-9.000000000000000000e+00
8.000000000000000000e+00
-3.800000000000000000e+01
2.700000000000000000e+01
1.400000000000000000e+01
-2.400000000000000000e+01
1.200000000000000000e+01
-1.000000000000000000e+01
1.700000000000000000e+01
4.000000000000000000e+00
2.000000000000000000e+01
3.000000000000000000e+01
1.600000000000000000e+01
1.900000000000000000e+01
-4.000000000000000000e+00
-1.900000000000000000e+01
2.100000000000000000e+01
-5.000000000000000000e+00
2.100000000000000000e+01
1.400000000000000000e+01
4.000000000000000000e+00
-2.500000000000000000e+01
1.900000000000000000e+01
-2.000000000000000000e+00
1.700000000000000000e+01
3.700000000000000000e+01
4.700000000000000000e+01
-1.300000000000000000e+01
7.000000000000000000e+00
1.700000000000000000e+01
-7.000000000000000000e+00
1.900000000000000000e+01
3.900000000000000000e+01
1.000000000000000000e+00
2.500000000000000000e+01
2.600000000000000000e+01
3.500000000000000000e+01
-6.000000000000000000e+00
4.700000000000000000e+01
-7.000000000000000000e+00
1.400000000000000000e+01
1.000000000000000000e+01
0.000000000000000000e+00
-3.400000000000000000e+01
1.600000000000000000e+01
-4.000000000000000000e+00
1.200000000000000000e+01
0.000000000000000000e+00
2.600000000000000000e+01
2.000000000000000000e+00
-1.100000000000000000e+01
-3.000000000000000000e+00
1.200000000000000000e+01
-8.000000000000000000e+00
2.600000000000000000e+01
2.500000000000000000e+01
-4.000000000000000000e+00
-1.600000000000000000e+01
2.900000000000000000e+01
-1.000000000000000000e+00
-8.000000000000000000e+00
7.000000000000000000e+00
-2.700000000000000000e+01
2.300000000000000000e+01
6.000000000000000000e+00
1.000000000000000000e+01
7.000000000000000000e+00
3.100000000000000000e+01
-2.100000000000000000e+01
-1.100000000000000000e+01
3.700000000000000000e+01
0.000000000000000000e+00
1.000000000000000000e+00
2.400000000000000000e+01
8.000000000000000000e+00
-4.000000000000000000e+00
2.200000000000000000e+01
4.000000000000000000e+01
2.000000000000000000e+00
3.700000000000000000e+01
-1.900000000000000000e+01
3.500000000000000000e+01
-3.000000000000000000e+01
1.800000000000000000e+01
9.000000000000000000e+00
1.700000000000000000e+01
6.000000000000000000e+00
9.000000000000000000e+00
9.000000000000000000e+00
6.000000000000000000e+00
-9.000000000000000000e+00
2.200000000000000000e+01
2.000000000000000000e+00
4.000000000000000000e+00
-5.000000000000000000e+00
1.200000000000000000e+01
1.800000000000000000e+01
-1.500000000000000000e+01
2.000000000000000000e+00
4.000000000000000000e+00
0.000000000000000000e+00
3.000000000000000000e+00
2.700000000000000000e+01
2.400000000000000000e+01
-1.000000000000000000e+01
1.800000000000000000e+01
0.000000000000000000e+00
-9.000000000000000000e+00
5.000000000000000000e+00
-6.000000000000000000e+00
8.000000000000000000e+00
-1.000000000000000000e+01
6.000000000000000000e+00
-3.200000000000000000e+01
1.200000000000000000e+01
8.000000000000000000e+00
-2.300000000000000000e+01
-2.100000000000000000e+01
0.000000000000000000e+00
1.300000000000000000e+01
-1.200000000000000000e+01
-1.200000000000000000e+01
-4.000000000000000000e+00
7.000000000000000000e+00
-5.000000000000000000e+00
-4.000000000000000000e+00
-3.000000000000000000e+00
6.000000000000000000e+00
-3.100000000000000000e+01
2.700000000000000000e+01
2.500000000000000000e+01
3.000000000000000000e+00
1.000000000000000000e+01
-3.800000000000000000e+01
-7.000000000000000000e+00
-8.000000000000000000e+00
9.000000000000000000e+00
3.900000000000000000e+01
-2.000000000000000000e+00
-1.000000000000000000e+01
1.100000000000000000e+01
2.700000000000000000e+01
5.000000000000000000e+00
-2.700000000000000000e+01
2.500000000000000000e+01
2.700000000000000000e+01
1.200000000000000000e+01
-1.900000000000000000e+01
4.000000000000000000e+00
6.000000000000000000e+00
1.000000000000000000e+01
-2.000000000000000000e+00
1.300000000000000000e+01
1.800000000000000000e+01
-5.000000000000000000e+00
-3.000000000000000000e+00
-7.000000000000000000e+00
-4.000000000000000000e+00
1.000000000000000000e+00
5.100000000000000000e+01
2.600000000000000000e+01
1.700000000000000000e+01
-1.500000000000000000e+01
-1.600000000000000000e+01
1.200000000000000000e+01
3.000000000000000000e+00
1.000000000000000000e+01
-2.300000000000000000e+01
9.000000000000000000e+00
3.400000000000000000e+01
4.000000000000000000e+00
-1.000000000000000000e+00
-8.000000000000000000e+00
2.300000000000000000e+01
-5.000000000000000000e+00
2.100000000000000000e+01
-5.000000000000000000e+00
1.300000000000000000e+01
2.400000000000000000e+01
2.400000000000000000e+01
-1.200000000000000000e+01
2.000000000000000000e+00
4.000000000000000000e+00
3.000000000000000000e+00
2.200000000000000000e+01
-5.000000000000000000e+00
3.000000000000000000e+01
8.000000000000000000e+00
4.000000000000000000e+00
1.000000000000000000e+00
2.000000000000000000e+00
3.300000000000000000e+01
2.100000000000000000e+01
4.200000000000000000e+01
7.000000000000000000e+00
8.000000000000000000e+00
3.000000000000000000e+00
2.600000000000000000e+01
-3.000000000000000000e+00
1.500000000000000000e+01
4.000000000000000000e+00
4.300000000000000000e+01
7.000000000000000000e+00
3.200000000000000000e+01
-2.000000000000000000e+00
3.300000000000000000e+01
2.600000000000000000e+01
5.000000000000000000e+00
1.800000000000000000e+01
4.000000000000000000e+00
3.300000000000000000e+01
3.100000000000000000e+01
-2.000000000000000000e+01
4.200000000000000000e+01
3.600000000000000000e+01
-1.000000000000000000e+01
3.000000000000000000e+00
4.000000000000000000e+00
2.700000000000000000e+01
1.100000000000000000e+01
1.000000000000000000e+00
4.700000000000000000e+01
4.700000000000000000e+01
1.700000000000000000e+01
1.200000000000000000e+01
1.200000000000000000e+01
9.000000000000000000e+00
2.300000000000000000e+01
3.000000000000000000e+00
2.300000000000000000e+01
2.500000000000000000e+01
3.200000000000000000e+01
3.000000000000000000e+01
-2.100000000000000000e+01
9.000000000000000000e+00
1.900000000000000000e+01
-2.800000000000000000e+01
2.400000000000000000e+01
3.000000000000000000e+00
-1.000000000000000000e+00
1.200000000000000000e+01
1.200000000000000000e+01
3.300000000000000000e+01
2.100000000000000000e+01
2.400000000000000000e+01
4.000000000000000000e+01
9.000000000000000000e+00
3.200000000000000000e+01
3.100000000000000000e+01
7.000000000000000000e+00
4.000000000000000000e+00
2.400000000000000000e+01
3.400000000000000000e+01
2.800000000000000000e+01
1.500000000000000000e+01
-7.000000000000000000e+00
2.700000000000000000e+01
3.200000000000000000e+01
-7.000000000000000000e+00
3.600000000000000000e+01
4.000000000000000000e+00
2.800000000000000000e+01
2.800000000000000000e+01
1.900000000000000000e+01
3.200000000000000000e+01
3.700000000000000000e+01
2.800000000000000000e+01
7.000000000000000000e+00
-1.000000000000000000e+00
2.200000000000000000e+01
2.500000000000000000e+01
0.000000000000000000e+00
4.300000000000000000e+01
2.300000000000000000e+01
1.400000000000000000e+01
2.400000000000000000e+01
2.600000000000000000e+01
3.300000000000000000e+01
-1.700000000000000000e+01
1.500000000000000000e+01
2.300000000000000000e+01
3.000000000000000000e+00
1.300000000000000000e+01
1.300000000000000000e+01
-4.000000000000000000e+00
5.000000000000000000e+00
2.000000000000000000e+00
7.000000000000000000e+00
-9.000000000000000000e+00
1.000000000000000000e+01
-6.000000000000000000e+00
2.900000000000000000e+01
1.800000000000000000e+01
2.300000000000000000e+01
2.800000000000000000e+01
1.300000000000000000e+01
-2.000000000000000000e+00
5.000000000000000000e+00
-4.000000000000000000e+00
1.100000000000000000e+01
3.000000000000000000e+00
2.700000000000000000e+01
1.400000000000000000e+01
6.600000000000000000e+01
6.000000000000000000e+00
1.500000000000000000e+01
-1.000000000000000000e+00
2.000000000000000000e+01
-1.000000000000000000e+00
2.600000000000000000e+01
5.500000000000000000e+01
1.700000000000000000e+01
3.900000000000000000e+01
2.600000000000000000e+01
1.700000000000000000e+01
8.000000000000000000e+00
2.400000000000000000e+01
1.500000000000000000e+01
4.100000000000000000e+01
3.300000000000000000e+01
-1.000000000000000000e+00
1.000000000000000000e+01
1.200000000000000000e+01
2.200000000000000000e+01
-2.100000000000000000e+01
3.000000000000000000e+00
2.000000000000000000e+01
1.600000000000000000e+01
1.200000000000000000e+01
2.800000000000000000e+01
2.900000000000000000e+01
4.600000000000000000e+01
1.800000000000000000e+01
3.300000000000000000e+01
2.000000000000000000e+00
3.000000000000000000e+01
2.600000000000000000e+01
2.600000000000000000e+01
2.600000000000000000e+01
2.700000000000000000e+01
1.500000000000000000e+01
3.500000000000000000e+01
1.700000000000000000e+01
-2.600000000000000000e+01
2.300000000000000000e+01
2.200000000000000000e+01
-5.000000000000000000e+00
1.600000000000000000e+01
8.000000000000000000e+00
2.900000000000000000e+01
1.000000000000000000e+01
2.100000000000000000e+01
2.800000000000000000e+01
2.800000000000000000e+01
3.100000000000000000e+01
5.000000000000000000e+00
2.800000000000000000e+01
1.700000000000000000e+01
4.200000000000000000e+01
3.400000000000000000e+01
9.000000000000000000e+00
3.500000000000000000e+01
4.100000000000000000e+01
4.000000000000000000e+01
2.600000000000000000e+01
5.000000000000000000e+00
4.700000000000000000e+01
6.300000000000000000e+01
4.300000000000000000e+01
6.800000000000000000e+01
6.400000000000000000e+01
7.500000000000000000e+01
7.300000000000000000e+01
5.300000000000000000e+01
6.600000000000000000e+01
8.900000000000000000e+01
9.600000000000000000e+01
1.030000000000000000e+02
1.010000000000000000e+02
1.020000000000000000e+02
1.370000000000000000e+02
1.670000000000000000e+02
1.710000000000000000e+02
1.560000000000000000e+02
2.010000000000000000e+02
2.240000000000000000e+02
2.740000000000000000e+02
2.910000000000000000e+02
3.050000000000000000e+02
3.480000000000000000e+02
4.580000000000000000e+02
4.830000000000000000e+02
5.240000000000000000e+02
6.090000000000000000e+02
7.020000000000000000e+02
7.720000000000000000e+02
8.520000000000000000e+02
9.750000000000000000e+02
1.103000000000000000e+03
1.166000000000000000e+03
1.327000000000000000e+03
1.437000000000000000e+03
1.557000000000000000e+03
1.751000000000000000e+03
1.836000000000000000e+03
2.027000000000000000e+03
2.140000000000000000e+03
2.331000000000000000e+03
2.446000000000000000e+03
2.615000000000000000e+03
2.792000000000000000e+03
3.010000000000000000e+03
3.091000000000000000e+03
3.240000000000000000e+03
3.327000000000000000e+03
3.483000000000000000e+03
3.574000000000000000e+03
3.712000000000000000e+03
3.823000000000000000e+03
3.896000000000000000e+03
3.924000000000000000e+03
3.967000000000000000e+03
4.019000000000000000e+03
4.128000000000000000e+03
4.075000000000000000e+03
4.036000000000000000e+03
4.032000000000000000e+03
4.009000000000000000e+03
4.020000000000000000e+03
3.976000000000000000e+03
3.876000000000000000e+03
3.715000000000000000e+03
3.692000000000000000e+03
3.556000000000000000e+03
3.534000000000000000e+03
3.362000000000000000e+03
3.222000000000000000e+03
3.109000000000000000e+03
2.943000000000000000e+03
2.872000000000000000e+03
2.676000000000000000e+03
2.540000000000000000e+03
2.422000000000000000e+03
2.256000000000000000e+03
2.105000000000000000e+03
1.956000000000000000e+03
1.892000000000000000e+03
1.670000000000000000e+03
1.649000000000000000e+03
1.429000000000000000e+03
1.334000000000000000e+03
1.268000000000000000e+03
1.117000000000000000e+03
9.960000000000000000e+02
9.090000000000000000e+02
8.320000000000000000e+02
7.400000000000000000e+02
6.520000000000000000e+02
5.660000000000000000e+02
5.110000000000000000e+02
4.810000000000000000e+02
3.660000000000000000e+02
3.700000000000000000e+02
3.220000000000000000e+02
3.010000000000000000e+02
2.490000000000000000e+02
2.020000000000000000e+02
1.830000000000000000e+02
1.460000000000000000e+02
1.260000000000000000e+02
1.090000000000000000e+02
8.900000000000000000e+01
7.000000000000000000e+01
7.600000000000000000e+01
5.900000000000000000e+01
1.500000000000000000e+01
3.700000000000000000e+01
3.800000000000000000e+01
3.900000000000000000e+01
2.800000000000000000e+01
1.700000000000000000e+01
2.100000000000000000e+01
3.200000000000000000e+01
2.500000000000000000e+01
5.000000000000000000e+00
3.600000000000000000e+01
1.000000000000000000e+01
2.300000000000000000e+01
6.000000000000000000e+00
6.300000000000000000e+01
4.000000000000000000e+00
3.200000000000000000e+01
3.900000000000000000e+01
6.000000000000000000e+00
2.400000000000000000e+01
-3.100000000000000000e+01
1.500000000000000000e+01
3.300000000000000000e+01
2.000000000000000000e+01
4.300000000000000000e+01
-2.400000000000000000e+01
4.200000000000000000e+01
9.000000000000000000e+00
1.700000000000000000e+01
-2.100000000000000000e+01
-5.000000000000000000e+00
1.300000000000000000e+01
2.400000000000000000e+01
6.000000000000000000e+00
9.000000000000000000e+00
-1.300000000000000000e+01
2.900000000000000000e+01
1.000000000000000000e+01
1.800000000000000000e+01
3.700000000000000000e+01
1.200000000000000000e+01
2.000000000000000000e+01
2.300000000000000000e+01
2.300000000000000000e+01
-4.000000000000000000e+00
2.900000000000000000e+01
2.200000000000000000e+01
-5.000000000000000000e+00
1.300000000000000000e+01
2.100000000000000000e+01
1.000000000000000000e+01
8.000000000000000000e+00
-2.000000000000000000e+00
1.700000000000000000e+01
3.900000000000000000e+01
-2.100000000000000000e+01
1.300000000000000000e+01
7.000000000000000000e+00
2.100000000000000000e+01
6.000000000000000000e+00
2.500000000000000000e+01
3.200000000000000000e+01
0.000000000000000000e+00
-3.000000000000000000e+00
-2.000000000000000000e+00
5.100000000000000000e+01
2.600000000000000000e+01
1.800000000000000000e+01
-6.000000000000000000e+00
3.200000000000000000e+01
1.300000000000000000e+01
1.000000000000000000e+01
3.100000000000000000e+01
3.500000000000000000e+01
-1.000000000000000000e+00
1.000000000000000000e+01
1.600000000000000000e+01
8.000000000000000000e+00
3.200000000000000000e+01
3.400000000000000000e+01
1.100000000000000000e+01
7.000000000000000000e+00
1.000000000000000000e+01
2.000000000000000000e+01
1.400000000000000000e+01
7.000000000000000000e+00
-1.600000000000000000e+01
1.400000000000000000e+01
8.000000000000000000e+00
2.900000000000000000e+01
2.500000000000000000e+01
-1.100000000000000000e+01
1.400000000000000000e+01
1.200000000000000000e+01
6.000000000000000000e+00
1.800000000000000000e+01
1.800000000000000000e+01
-2.000000000000000000e+01
-1.000000000000000000e+00
-3.000000000000000000e+00
8.000000000000000000e+00
2.000000000000000000e+00
-3.000000000000000000e+00
2.000000000000000000e+01
-2.000000000000000000e+00
-1.100000000000000000e+01
-3.000000000000000000e+00
5.000000000000000000e+00
3.200000000000000000e+01
6.000000000000000000e+00
3.600000000000000000e+01
1.700000000000000000e+01
1.200000000000000000e+01
2.300000000000000000e+01
1.300000000000000000e+01
5.000000000000000000e+00
6.000000000000000000e+00
-1.200000000000000000e+01
2.900000000000000000e+01
8.000000000000000000e+00
-2.400000000000000000e+01
1.600000000000000000e+01
2.400000000000000000e+01
5.200000000000000000e+01
-1.700000000000000000e+01
2.100000000000000000e+01
5.000000000000000000e+00
3.500000000000000000e+01
1.000000000000000000e+01
-2.000000000000000000e+01
-8.000000000000000000e+00
8.000000000000000000e+00
4.000000000000000000e+01
-1.000000000000000000e+00
1.100000000000000000e+01
2.100000000000000000e+01
5.000000000000000000e+00
4.300000000000000000e+01
1.500000000000000000e+01
-2.700000000000000000e+01
1.700000000000000000e+01
2.200000000000000000e+01
9.000000000000000000e+00
1.100000000000000000e+01
-3.400000000000000000e+01
1.300000000000000000e+01
2.500000000000000000e+01
1.000000000000000000e+01
0.000000000000000000e+00
9.000000000000000000e+00
-1.000000000000000000e+00
1.600000000000000000e+01
1.100000000000000000e+01
1.000000000000000000e+00
2.700000000000000000e+01
1.200000000000000000e+01
1.000000000000000000e+00
-8.000000000000000000e+00
2.200000000000000000e+01
1.400000000000000000e+01
3.000000000000000000e+01
1.700000000000000000e+01
-2.000000000000000000e+00
2.400000000000000000e+01
5.000000000000000000e+00
-1.300000000000000000e+01
1.400000000000000000e+01
-1.000000000000000000e+00
6.000000000000000000e+00
1.400000000000000000e+01
1.800000000000000000e+01
-2.000000000000000000e+00
-9.000000000000000000e+00
1.400000000000000000e+01
3.400000000000000000e+01
1.400000000000000000e+01
-1.000000000000000000e+01
3.700000000000000000e+01
1.600000000000000000e+01
2.400000000000000000e+01
1.400000000000000000e+01
3.800000000000000000e+01
1.000000000000000000e+00
7.000000000000000000e+00
2.500000000000000000e+01
3.000000000000000000e+01
2.300000000000000000e+01
-5.000000000000000000e+00
-1.400000000000000000e+01
-5.000000000000000000e+00
-1.800000000000000000e+01
2.700000000000000000e+01
6.000000000000000000e+00
1.500000000000000000e+01
-1.100000000000000000e+01
-5.000000000000000000e+00
2.000000000000000000e+01
2.300000000000000000e+01
-2.600000000000000000e+01
3.200000000000000000e+01
2.400000000000000000e+01
1.600000000000000000e+01
7.000000000000000000e+00
3.000000000000000000e+00
4.000000000000000000e+00
1.300000000000000000e+01
-6.000000000000000000e+00
1.200000000000000000e+01
1.000000000000000000e+00
8.000000000000000000e+00
-3.000000000000000000e+00
2.000000000000000000e+01
3.000000000000000000e+00
2.900000000000000000e+01
-1.100000000000000000e+01
1.100000000000000000e+01
1.900000000000000000e+01
7.000000000000000000e+00
1.200000000000000000e+01
8.000000000000000000e+00
0.000000000000000000e+00
0.000000000000000000e+00
-4.000000000000000000e+00
2.000000000000000000e+01
2.000000000000000000e+01
5.000000000000000000e+00
2.000000000000000000e+01
-6.000000000000000000e+00
9.000000000000000000e+00
1.900000000000000000e+01
8.000000000000000000e+00
3.000000000000000000e+00
-3.300000000000000000e+01
-1.400000000000000000e+01
1.400000000000000000e+01
4.000000000000000000e+00
0.000000000000000000e+00
2.200000000000000000e+01
1.000000000000000000e+00
2.300000000000000000e+01
0.000000000000000000e+00
-6.000000000000000000e+00
-1.300000000000000000e+01
8.000000000000000000e+00
4.000000000000000000e+00
1.100000000000000000e+01
1.800000000000000000e+01
2.300000000000000000e+01
5.000000000000000000e+00
-5.000000000000000000e+00
2.500000000000000000e+01
-1.200000000000000000e+01
1.600000000000000000e+01
-1.100000000000000000e+01
-2.500000000000000000e+01
1.500000000000000000e+01
1.000000000000000000e+01
1.600000000000000000e+01
8.000000000000000000e+00
2.700000000000000000e+01
-1.000000000000000000e+00
2.100000000000000000e+01
0.000000000000000000e+00
2.000000000000000000e+00
5.000000000000000000e+00
-1.700000000000000000e+01
1.700000000000000000e+01
-1.200000000000000000e+01
1.100000000000000000e+01
1.000000000000000000e+00
-1.200000000000000000e+01
2.600000000000000000e+01
1.300000000000000000e+01
1.500000000000000000e+01
8.000000000000000000e+00
-1.200000000000000000e+01
1.000000000000000000e+01
1.500000000000000000e+01
2.500000000000000000e+01
-2.000000000000000000e+00
3.500000000000000000e+01
5.000000000000000000e+00
1.100000000000000000e+01
1.900000000000000000e+01
-4.000000000000000000e+00
2.500000000000000000e+01
4.000000000000000000e+00
-4.000000000000000000e+00
-3.000000000000000000e+00
-3.100000000000000000e+01
-3.000000000000000000e+00
-3.000000000000000000e+00
1.900000000000000000e+01
1.600000000000000000e+01
1.200000000000000000e+01
-1.400000000000000000e+01
8.000000000000000000e+00
1.100000000000000000e+01
-4.000000000000000000e+00
1.100000000000000000e+01
6.000000000000000000e+00
-1.800000000000000000e+01
-1.800000000000000000e+01
-7.000000000000000000e+00
2.000000000000000000e+01
1.000000000000000000e+01
1.300000000000000000e+01
2.900000000000000000e+01
5.000000000000000000e+00
3.000000000000000000e+00
2.300000000000000000e+01
-1.400000000000000000e+01
-7.000000000000000000e+00
1.600000000000000000e+01
-3.000000000000000000e+00
3.000000000000000000e+00
-1.200000000000000000e+01
1.400000000000000000e+01
3.000000000000000000e+00
3.000000000000000000e+00
-9.000000000000000000e+00
-1.300000000000000000e+01
-2.100000000000000000e+01
-1.100000000000000000e+01
-1.300000000000000000e+01
2.800000000000000000e+01
-1.100000000000000000e+01
-1.100000000000000000e+01
7.000000000000000000e+00
3.100000000000000000e+01
2.600000000000000000e+01
9.000000000000000000e+00
6.000000000000000000e+00
1.000000000000000000e+00
-4.000000000000000000e+00
1.300000000000000000e+01
8.000000000000000000e+00
8.000000000000000000e+00
-1.900000000000000000e+01
1.900000000000000000e+01
5.000000000000000000e+00
1.800000000000000000e+01
-2.000000000000000000e+01
-1.600000000000000000e+01
-2.500000000000000000e+01
3.000000000000000000e+00
-7.000000000000000000e+00
2.300000000000000000e+01
2.700000000000000000e+01
3.600000000000000000e+01
6.000000000000000000e+00
1.700000000000000000e+01
2.100000000000000000e+01
2.300000000000000000e+01
1.600000000000000000e+01
1.000000000000000000e+01
1.900000000000000000e+01
-4.000000000000000000e+00
6.000000000000000000e+00
-7.000000000000000000e+00
7.000000000000000000e+00
-1.100000000000000000e+01
-1.020000000000000000e+02
-2.000000000000000000e+00
1.700000000000000000e+01
1.400000000000000000e+01
3.200000000000000000e+01
-2.500000000000000000e+01
-6.000000000000000000e+00
-1.600000000000000000e+01
-3.000000000000000000e+00
-1.800000000000000000e+01
6.000000000000000000e+00
1.600000000000000000e+01
-7.000000000000000000e+00
-3.200000000000000000e+01
-1.400000000000000000e+01
-2.200000000000000000e+01
1.600000000000000000e+01
2.100000000000000000e+01
-2.000000000000000000e+00
-5.000000000000000000e+00
1.200000000000000000e+01
1.400000000000000000e+01
-1.800000000000000000e+01
8.000000000000000000e+00
-1.300000000000000000e+01
-2.300000000000000000e+01
-5.000000000000000000e+00
5.800000000000000000e+01
1.600000000000000000e+01
6.000000000000000000e+00
1.100000000000000000e+01
1.500000000000000000e+01
1.000000000000000000e+01
2.800000000000000000e+01
2.500000000000000000e+01
2.100000000000000000e+01
-1.500000000000000000e+01
2.400000000000000000e+01
7.000000000000000000e+00
1.300000000000000000e+01
-2.100000000000000000e+01
1.200000000000000000e+01
-6.000000000000000000e+00
3.000000000000000000e+00
9.000000000000000000e+00
1.000000000000000000e+00
-8.000000000000000000e+00
-1.100000000000000000e+01
1.300000000000000000e+01
2.600000000000000000e+01
5.000000000000000000e+00
6.000000000000000000e+00
4.000000000000000000e+00
2.000000000000000000e+00
1.000000000000000000e+01
-9.000000000000000000e+00
-5.000000000000000000e+00
1.400000000000000000e+01
-1.000000000000000000e+00
-1.100000000000000000e+01
1.900000000000000000e+01
1.300000000000000000e+01
0.000000000000000000e+00
9.000000000000000000e+00
-5.000000000000000000e+00
-2.200000000000000000e+01
-3.000000000000000000e+00
2.300000000000000000e+01
3.100000000000000000e+01
-2.000000000000000000e+01
-7.000000000000000000e+00
-1.000000000000000000e+01
-7.000000000000000000e+00
-5.000000000000000000e+00
-1.600000000000000000e+01
-8.000000000000000000e+00
2.900000000000000000e+01
-1.000000000000000000e+01
-7.000000000000000000e+00
7.000000000000000000e+00
5.000000000000000000e+00
3.000000000000000000e+00
6.000000000000000000e+00
-4.000000000000000000e+01
1.100000000000000000e+01
1.700000000000000000e+01
4.000000000000000000e+00
2.000000000000000000e+00
7.000000000000000000e+00
2.300000000000000000e+01
1.100000000000000000e+01
-2.000000000000000000e+00
2.700000000000000000e+01
3.000000000000000000e+00
2.000000000000000000e+00
2.500000000000000000e+01
-3.200000000000000000e+01
1.000000000000000000e+01
-2.200000000000000000e+01
-2.900000000000000000e+01
1.900000000000000000e+01
7.000000000000000000e+00
5.000000000000000000e+00
9.000000000000000000e+00
1.100000000000000000e+01
3.100000000000000000e+01
2.000000000000000000e+00
2.400000000000000000e+01
1.900000000000000000e+01
0.000000000000000000e+00
7.000000000000000000e+00
-1.600000000000000000e+01
8.000000000000000000e+00
-7.000000000000000000e+00
-2.200000000000000000e+01
-8.000000000000000000e+00
-3.000000000000000000e+00
-3.000000000000000000e+00
1.200000000000000000e+01
5.000000000000000000e+00
-1.000000000000000000e+00
5.000000000000000000e+00
-5.000000000000000000e+00
2.400000000000000000e+01
7.000000000000000000e+00
6.000000000000000000e+00
1.800000000000000000e+01
2.000000000000000000e+00
2.000000000000000000e+00
8.000000000000000000e+00
-7.000000000000000000e+00
-1.700000000000000000e+01
6.000000000000000000e+00
-2.000000000000000000e+00
8.000000000000000000e+00
-2.400000000000000000e+01
-1.300000000000000000e+01
1.100000000000000000e+01
2.100000000000000000e+01
-4.000000000000000000e+00
1.000000000000000000e+00
2.700000000000000000e+01
-1.400000000000000000e+01
-1.500000000000000000e+01
-8.000000000000000000e+00
-2.000000000000000000e+01
1.000000000000000000e+00
1.300000000000000000e+01
-2.100000000000000000e+01
1.000000000000000000e+00
7.000000000000000000e+00
2.100000000000000000e+01
-1.500000000000000000e+01
1.400000000000000000e+01
9.000000000000000000e+00
2.700000000000000000e+01
2.700000000000000000e+01
-9.000000000000000000e+00
1.100000000000000000e+01
-6.000000000000000000e+00
-5.000000000000000000e+00
-1.000000000000000000e+00
2.400000000000000000e+01
-2.000000000000000000e+00
3.100000000000000000e+01
-1.100000000000000000e+01
7.000000000000000000e+00
2.900000000000000000e+01
-5.000000000000000000e+00
-1.000000000000000000e+00
-1.400000000000000000e+01
-1.000000000000000000e+00
-3.000000000000000000e+00
-1.900000000000000000e+01
1.000000000000000000e+00
-1.000000000000000000e+01
-1.600000000000000000e+01
-3.000000000000000000e+00
-1.100000000000000000e+01
-2.700000000000000000e+01
4.000000000000000000e+00
1.400000000000000000e+01
6.000000000000000000e+00
-2.200000000000000000e+01
-1.300000000000000000e+01
1.200000000000000000e+01
-1.400000000000000000e+01
1.200000000000000000e+01
1.900000000000000000e+01
-1.300000000000000000e+01
1.700000000000000000e+01
2.100000000000000000e+01
1.200000000000000000e+01
-1.200000000000000000e+01
-1.100000000000000000e+01
9.000000000000000000e+00
-1.700000000000000000e+01
3.000000000000000000e+00
7.000000000000000000e+00
-8.000000000000000000e+00
1.000000000000000000e+00
-1.700000000000000000e+01
-4.000000000000000000e+00
1.200000000000000000e+01
1.600000000000000000e+01
1.000000000000000000e+00
-7.000000000000000000e+00
-6.000000000000000000e+00
1.700000000000000000e+01
-4.000000000000000000e+00
2.000000000000000000e+00
0.000000000000000000e+00
2.800000000000000000e+01
1.200000000000000000e+01
7.000000000000000000e+00
-1.100000000000000000e+01
1.300000000000000000e+01
3.000000000000000000e+00
1.200000000000000000e+01
1.500000000000000000e+01
-1.000000000000000000e+01
-2.000000000000000000e+01
-2.400000000000000000e+01
9.000000000000000000e+00
-6.000000000000000000e+00
-5.000000000000000000e+00
-1.000000000000000000e+00
2.400000000000000000e+01
1.400000000000000000e+01
6.000000000000000000e+00
-1.900000000000000000e+01
2.700000000000000000e+01
-1.900000000000000000e+01
1.900000000000000000e+01
8.000000000000000000e+00
-6.000000000000000000e+00
3.000000000000000000e+01
-9.000000000000000000e+00
-2.900000000000000000e+01
1.500000000000000000e+01
-8.000000000000000000e+00
1.700000000000000000e+01
-4.300000000000000000e+01
-2.500000000000000000e+01
1.100000000000000000e+01
-2.100000000000000000e+01
-1.000000000000000000e+00
1.500000000000000000e+01
-1.800000000000000000e+01
-4.000000000000000000e+00
1.500000000000000000e+01
-1.000000000000000000e+01
-4.000000000000000000e+00
1.200000000000000000e+01
-1.100000000000000000e+01
-2.100000000000000000e+01
-1.100000000000000000e+01
3.000000000000000000e+00
5.000000000000000000e+00
-4.000000000000000000e+00
4.000000000000000000e+00
9.000000000000000000e+00
1.500000000000000000e+01
1.400000000000000000e+01
-2.000000000000000000e+00
3.000000000000000000e+00
-1.400000000000000000e+01
9.000000000000000000e+00
-5.000000000000000000e+00
-2.000000000000000000e+01
1.900000000000000000e+01
1.400000000000000000e+01
-2.900000000000000000e+01
6.000000000000000000e+00
5.000000000000000000e+00
-7.000000000000000000e+00
-3.100000000000000000e+01
1.000000000000000000e+00
1.800000000000000000e+01
-1.400000000000000000e+01
3.000000000000000000e+00
-3.600000000000000000e+01
-4.000000000000000000e+00
-4.400000000000000000e+01
2.000000000000000000e+00
-1.400000000000000000e+01
1.100000000000000000e+01
-3.000000000000000000e+00
1.000000000000000000e+00
-1.000000000000000000e+01
5.000000000000000000e+00
1.000000000000000000e+01
-1.300000000000000000e+01
9.000000000000000000e+00
-2.200000000000000000e+01
-1.100000000000000000e+01
1.100000000000000000e+01
-7.000000000000000000e+00
1.200000000000000000e+01
-3.000000000000000000e+00
1.000000000000000000e+00
2.100000000000000000e+01
-4.000000000000000000e+00
-1.400000000000000000e+01
1.600000000000000000e+01
-7.000000000000000000e+00
1.400000000000000000e+01
-1.000000000000000000e+01
1.500000000000000000e+01
-1.000000000000000000e+01
-8.000000000000000000e+00
-1.400000000000000000e+01
1.300000000000000000e+01
-3.800000000000000000e+01
-4.000000000000000000e+00
1.200000000000000000e+01
-1.600000000000000000e+01
-1.200000000000000000e+01
1.500000000000000000e+01
4.000000000000000000e+00
-5.000000000000000000e+00
1.000000000000000000e+00
-3.000000000000000000e+00
-1.200000000000000000e+01
-1.000000000000000000e+00
1.400000000000000000e+01
-6.000000000000000000e+00
-1.600000000000000000e+01
-4.000000000000000000e+00
7.000000000000000000e+00
2.800000000000000000e+01
1.700000000000000000e+01
-1.200000000000000000e+01
1.000000000000000000e+01
-7.000000000000000000e+00
-8.000000000000000000e+00
-3.000000000000000000e+01
-1.700000000000000000e+01
-2.400000000000000000e+01
-1.000000000000000000e+01
-6.000000000000000000e+00
3.400000000000000000e+01
4.000000000000000000e+00
1.000000000000000000e+01
3.100000000000000000e+01
0.000000000000000000e+00
1.400000000000000000e+01
2.000000000000000000e+01
1.000000000000000000e+01
1.200000000000000000e+01
-2.600000000000000000e+01
1.300000000000000000e+01
1.900000000000000000e+01
-2.000000000000000000e+01
-8.000000000000000000e+00
8.000000000000000000e+00
-3.800000000000000000e+01
6.000000000000000000e+00
-1.200000000000000000e+01
-1.400000000000000000e+01
-3.000000000000000000e+00
1.300000000000000000e+01
8.000000000000000000e+00
1.600000000000000000e+01
1.800000000000000000e+01
1.600000000000000000e+01
2.200000000000000000e+01
1.600000000000000000e+01
7.000000000000000000e+00
-4.000000000000000000e+00
1.000000000000000000e+00
-6.000000000000000000e+00
-6.000000000000000000e+00
1.300000000000000000e+01
0.000000000000000000e+00
-1.100000000000000000e+01
-1.100000000000000000e+01
2.600000000000000000e+01
-1.700000000000000000e+01
9.000000000000000000e+00
2.300000000000000000e+01
4.400000000000000000e+01
-6.000000000000000000e+00
3.000000000000000000e+00
3.100000000000000000e+01
1.000000000000000000e+01
2.000000000000000000e+00
9.000000000000000000e+00
-5.000000000000000000e+00
1.100000000000000000e+01
2.000000000000000000e+00
-1.200000000000000000e+01
-4.000000000000000000e+00
-1.000000000000000000e+00
6.000000000000000000e+00
-4.000000000000000000e+00
3.100000000000000000e+01
2.300000000000000000e+01
2.400000000000000000e+01
7.000000000000000000e+00
-1.800000000000000000e+01
1.100000000000000000e+01
-1.600000000000000000e+01
-3.000000000000000000e+01
7.000000000000000000e+00
5.000000000000000000e+00
3.200000000000000000e+01
2.300000000000000000e+01
-1.000000000000000000e+00
3.400000000000000000e+01
4.000000000000000000e+01
3.100000000000000000e+01
3.600000000000000000e+01
4.100000000000000000e+01
2.000000000000000000e+01
3.800000000000000000e+01
1.900000000000000000e+01
4.800000000000000000e+01
3.200000000000000000e+01
3.700000000000000000e+01
4.400000000000000000e+01
5.000000000000000000e+01
3.300000000000000000e+01
5.300000000000000000e+01
4.100000000000000000e+01
5.100000000000000000e+01
5.500000000000000000e+01
6.100000000000000000e+01
5.700000000000000000e+01
9.500000000000000000e+01
7.000000000000000000e+01
8.100000000000000000e+01
9.600000000000000000e+01
8.300000000000000000e+01
8.400000000000000000e+01
1.230000000000000000e+02
8.400000000000000000e+01
1.020000000000000000e+02
1.040000000000000000e+02
1.240000000000000000e+02
1.220000000000000000e+02
1.460000000000000000e+02
1.400000000000000000e+02
1.630000000000000000e+02
1.600000000000000000e+02
1.490000000000000000e+02
1.980000000000000000e+02
1.950000000000000000e+02
2.120000000000000000e+02
2.030000000000000000e+02
2.370000000000000000e+02
2.500000000000000000e+02
2.790000000000000000e+02
2.640000000000000000e+02
2.980000000000000000e+02
3.500000000000000000e+02
3.570000000000000000e+02
3.220000000000000000e+02
3.810000000000000000e+02
3.710000000000000000e+02
3.920000000000000000e+02
3.610000000000000000e+02
4.010000000000000000e+02
4.180000000000000000e+02
4.210000000000000000e+02
4.470000000000000000e+02
4.780000000000000000e+02
5.010000000000000000e+02
5.290000000000000000e+02
5.690000000000000000e+02
6.000000000000000000e+02
6.280000000000000000e+02
6.400000000000000000e+02
6.740000000000000000e+02
6.820000000000000000e+02
7.200000000000000000e+02
7.760000000000000000e+02
7.800000000000000000e+02
7.510000000000000000e+02
8.190000000000000000e+02
8.170000000000000000e+02
8.890000000000000000e+02
9.240000000000000000e+02
9.330000000000000000e+02
9.580000000000000000e+02
9.860000000000000000e+02
9.860000000000000000e+02
1.068000000000000000e+03
1.055000000000000000e+03
1.048000000000000000e+03
1.099000000000000000e+03
1.095000000000000000e+03
1.126000000000000000e+03
1.165000000000000000e+03
1.159000000000000000e+03
1.247000000000000000e+03
1.198000000000000000e+03
1.203000000000000000e+03
1.245000000000000000e+03
1.216000000000000000e+03
1.334000000000000000e+03
1.291000000000000000e+03
1.294000000000000000e+03
1.330000000000000000e+03
1.357000000000000000e+03
1.360000000000000000e+03
1.327000000000000000e+03
1.372000000000000000e+03
1.411000000000000000e+03
1.427000000000000000e+03
1.452000000000000000e+03
1.484000000000000000e+03
1.467000000000000000e+03
1.461000000000000000e+03
1.479000000000000000e+03
1.493000000000000000e+03
1.450000000000000000e+03
1.497000000000000000e+03
1.488000000000000000e+03
1.492000000000000000e+03
1.459000000000000000e+03
1.434000000000000000e+03
1.470000000000000000e+03
1.471000000000000000e+03
1.406000000000000000e+03
1.435000000000000000e+03
1.375000000000000000e+03
1.395000000000000000e+03
1.332000000000000000e+03
1.307000000000000000e+03
1.336000000000000000e+03
1.284000000000000000e+03
1.271000000000000000e+03
1.281000000000000000e+03
1.275000000000000000e+03
1.237000000000000000e+03
1.209000000000000000e+03
1.218000000000000000e+03
1.162000000000000000e+03
1.175000000000000000e+03
1.201000000000000000e+03
1.176000000000000000e+03
1.148000000000000000e+03
1.144000000000000000e+03
1.143000000000000000e+03
1.124000000000000000e+03
1.117000000000000000e+03
1.112000000000000000e+03
1.055000000000000000e+03
1.085000000000000000e+03
1.046000000000000000e+03
1.030000000000000000e+03
1.005000000000000000e+03
9.370000000000000000e+02
9.500000000000000000e+02
9.090000000000000000e+02
8.890000000000000000e+02
8.280000000000000000e+02
8.310000000000000000e+02
8.260000000000000000e+02
7.910000000000000000e+02
7.410000000000000000e+02
7.480000000000000000e+02
7.410000000000000000e+02
6.920000000000000000e+02
6.720000000000000000e+02
6.950000000000000000e+02
6.420000000000000000e+02
6.310000000000000000e+02
6.000000000000000000e+02
5.750000000000000000e+02
5.800000000000000000e+02
5.430000000000000000e+02
5.320000000000000000e+02
5.560000000000000000e+02
5.370000000000000000e+02
4.780000000000000000e+02
4.820000000000000000e+02
4.540000000000000000e+02
4.540000000000000000e+02
4.180000000000000000e+02
4.170000000000000000e+02
3.750000000000000000e+02
3.680000000000000000e+02
3.080000000000000000e+02
3.420000000000000000e+02
3.420000000000000000e+02
2.900000000000000000e+02
2.860000000000000000e+02
2.730000000000000000e+02
2.740000000000000000e+02
2.420000000000000000e+02
2.610000000000000000e+02
2.290000000000000000e+02
2.310000000000000000e+02
2.260000000000000000e+02
2.080000000000000000e+02
1.870000000000000000e+02
2.100000000000000000e+02
2.000000000000000000e+02
1.710000000000000000e+02
1.660000000000000000e+02
1.710000000000000000e+02
1.690000000000000000e+02
1.660000000000000000e+02
1.440000000000000000e+02
1.280000000000000000e+02
1.210000000000000000e+02
1.080000000000000000e+02
1.050000000000000000e+02
9.900000000000000000e+01
1.280000000000000000e+02
1.010000000000000000e+02
6.900000000000000000e+01
8.900000000000000000e+01
1.040000000000000000e+02
8.200000000000000000e+01
7.900000000000000000e+01
8.700000000000000000e+01
9.200000000000000000e+01
5.600000000000000000e+01
4.600000000000000000e+01
7.400000000000000000e+01
4.600000000000000000e+01
6.200000000000000000e+01
9.000000000000000000e+00
5.600000000000000000e+01
2.600000000000000000e+01
3.500000000000000000e+01
2.700000000000000000e+01
5.400000000000000000e+01
3.400000000000000000e+01
3.400000000000000000e+01
3.100000000000000000e+01
5.000000000000000000e+01
1.700000000000000000e+01
0.000000000000000000e+00
1.300000000000000000e+01
2.900000000000000000e+01
-3.000000000000000000e+00
3.100000000000000000e+01
-4.000000000000000000e+00
2.400000000000000000e+01
5.500000000000000000e+01
3.100000000000000000e+01
1.400000000000000000e+01
1.100000000000000000e+01
2.600000000000000000e+01
1.500000000000000000e+01
-7.000000000000000000e+00
3.000000000000000000e+01
8.000000000000000000e+00
-9.000000000000000000e+00
-6.000000000000000000e+00
3.000000000000000000e+01
9.000000000000000000e+00
3.000000000000000000e+00
5.000000000000000000e+00
1.700000000000000000e+01
1.900000000000000000e+01
2.800000000000000000e+01
0.000000000000000000e+00
-2.000000000000000000e+00
3.000000000000000000e+00
1.700000000000000000e+01
-1.400000000000000000e+01
-7.000000000000000000e+00
1.800000000000000000e+01
7.000000000000000000e+00
9.000000000000000000e+00
1.800000000000000000e+01
1.300000000000000000e+01
3.200000000000000000e+01
4.000000000000000000e+00
1.900000000000000000e+01
3.000000000000000000e+00
-1.000000000000000000e+01
-6.000000000000000000e+00
3.000000000000000000e+00
-8.000000000000000000e+00
2.800000000000000000e+01
-2.200000000000000000e+01
-1.300000000000000000e+01
3.000000000000000000e+00
-2.200000000000000000e+01
-8.000000000000000000e+00
4.000000000000000000e+00
1.600000000000000000e+01
4.000000000000000000e+00
-3.000000000000000000e+00
-5.000000000000000000e+00
4.000000000000000000e+00
-2.900000000000000000e+01
0.000000000000000000e+00
2.300000000000000000e+01
9.000000000000000000e+00
2.700000000000000000e+01
-4.000000000000000000e+00
1.400000000000000000e+01
-2.200000000000000000e+01
-1.100000000000000000e+01
-1.600000000000000000e+01
-3.000000000000000000e+00
-2.200000000000000000e+01
-1.070000000000000000e+02
1.700000000000000000e+01
-6.000000000000000000e+00
1.000000000000000000e+00
-4.000000000000000000e+00
1.000000000000000000e+00
0.000000000000000000e+00
1.000000000000000000e+01
1.400000000000000000e+01
-7.000000000000000000e+00
2.800000000000000000e+01
-2.000000000000000000e+00
1.000000000000000000e+00
-9.000000000000000000e+00
1.400000000000000000e+01
-1.000000000000000000e+00
1.000000000000000000e+00
-2.000000000000000000e+00
5.000000000000000000e+00
