4.000000000000000000e+00
-3.000000000000000000e+00
2.000000000000000000e+00
2.000000000000000000e+00
6.000000000000000000e+00
-1.300000000000000000e+01
-1.600000000000000000e+01
-8.000000000000000000e+00
0.000000000000000000e+00
1.000000000000000000e+00
3.000000000000000000e+00
-7.000000000000000000e+00
-6.000000000000000000e+00
9.000000000000000000e+00
-2.000000000000000000e+00
1.000000000000000000e+01
1.500000000000000000e+01
1.700000000000000000e+01
0.000000000000000000e+00
2.000000000000000000e+00
3.100000000000000000e+01
-3.000000000000000000e+00
-3.000000000000000000e+00
-1.000000000000000000e+00
-2.200000000000000000e+01
-7.000000000000000000e+00
-2.200000000000000000e+01
-9.000000000000000000e+00
8.000000000000000000e+00
-1.400000000000000000e+01
8.000000000000000000e+00
-4.000000000000000000e+00
2.600000000000000000e+01
1.400000000000000000e+01
-8.000000000000000000e+00
-1.800000000000000000e+01
6.000000000000000000e+00
1.900000000000000000e+01
7.000000000000000000e+00
1.700000000000000000e+01
-6.000000000000000000e+00
9.000000000000000000e+00
-4.000000000000000000e+00
-9.000000000000000000e+00
8.000000000000000000e+00
-2.000000000000000000e+00
2.700000000000000000e+01
-1.200000000000000000e+01
1.000000000000000000e+01
-1.300000000000000000e+01
3.000000000000000000e+00
-1.000000000000000000e+01
1.500000000000000000e+01
3.000000000000000000e+00
1.000000000000000000e+00
-1.500000000000000000e+01
-6.000000000000000000e+00
-4.900000000000000000e+01
5.000000000000000000e+00
-2.000000000000000000e+01
-9.000000000000000000e+00
1.000000000000000000e+01
-2.700000000000000000e+01
1.600000000000000000e+01
-1.600000000000000000e+01
1.000000000000000000e+01
-1.900000000000000000e+01
3.000000000000000000e+00
0.000000000000000000e+00
-6.000000000000000000e+00
3.000000000000000000e+00
2.700000000000000000e+01
-2.200000000000000000e+01
-1.300000000000000000e+01
-9.000000000000000000e+00
1.000000000000000000e+01
-1.000000000000000000e+00
9.000000000000000000e+00
1.000000000000000000e+01
2.000000000000000000e+00
1.000000000000000000e+00
2.300000000000000000e+01
-3.100000000000000000e+01
1.500000000000000000e+01
-3.200000000000000000e+01
-3.700000000000000000e+01
1.000000000000000000e+01
-6.000000000000000000e+00
5.400000000000000000e+01
7.000000000000000000e+00
-2.000000000000000000e+00
1.500000000000000000e+01
-9.000000000000000000e+00
-3.000000000000000000e+00
-2.000000000000000000e+01
1.600000000000000000e+01
-1.500000000000000000e+01
1.600000000000000000e+01
-1.600000000000000000e+01
-8.000000000000000000e+00
-7.000000000000000000e+00
2.800000000000000000e+01
-6.000000000000000000e+00
-1.400000000000000000e+01
-1.500000000000000000e+01
-1.800000000000000000e+01
-1.100000000000000000e+01
3.300000000000000000e+01
4.000000000000000000e+00
1.000000000000000000e+00
-2.000000000000000000e+00
1.200000000000000000e+01
1.400000000000000000e+01
-7.000000000000000000e+00
2.400000000000000000e+01
0.000000000000000000e+00
-1.000000000000000000e+01
-5.000000000000000000e+00
-2.100000000000000000e+01
1.800000000000000000e+01
1.100000000000000000e+01
-6.000000000000000000e+00
1.300000000000000000e+01
5.000000000000000000e+00
1.500000000000000000e+01
-2.800000000000000000e+01
-2.000000000000000000e+00
1.000000000000000000e+01
7.000000000000000000e+00
8.000000000000000000e+00
4.000000000000000000e+00
2.000000000000000000e+01
1.300000000000000000e+01
2.000000000000000000e+00
-3.100000000000000000e+01
1.900000000000000000e+01
5.000000000000000000e+00
2.200000000000000000e+01
-6.000000000000000000e+00
5.000000000000000000e+00
-6.000000000000000000e+00
-2.200000000000000000e+01
-6.000000000000000000e+00
-3.000000000000000000e+00
1.000000000000000000e+01
3.800000000000000000e+01
-1.100000000000000000e+01
-1.600000000000000000e+01
-1.100000000000000000e+01
-1.800000000000000000e+01
3.000000000000000000e+00
-7.000000000000000000e+00
8.000000000000000000e+00
-9.000000000000000000e+00
1.800000000000000000e+01
-5.000000000000000000e+00
1.100000000000000000e+01
1.300000000000000000e+01
-1.300000000000000000e+01
-2.300000000000000000e+01
-1.000000000000000000e+00
1.900000000000000000e+01
-8.000000000000000000e+00
-2.800000000000000000e+01
-5.000000000000000000e+00
-1.300000000000000000e+01
0.000000000000000000e+00
-1.300000000000000000e+01
1.900000000000000000e+01
-9.000000000000000000e+00
8.000000000000000000e+00
1.000000000000000000e+00
5.000000000000000000e+00
4.300000000000000000e+01
1.200000000000000000e+01
8.000000000000000000e+00
-2.600000000000000000e+01
2.000000000000000000e+00
4.000000000000000000e+00
0.000000000000000000e+00
-3.000000000000000000e+00
1.200000000000000000e+01
-3.000000000000000000e+00
-6.000000000000000000e+00
-1.700000000000000000e+01
-6.000000000000000000e+00
2.000000000000000000e+00
-3.000000000000000000e+00
2.700000000000000000e+01
1.500000000000000000e+01
3.000000000000000000e+00
-2.600000000000000000e+01
-8.000000000000000000e+00
7.000000000000000000e+00
1.900000000000000000e+01
-9.000000000000000000e+00
9.000000000000000000e+00
2.400000000000000000e+01
-1.700000000000000000e+01
1.000000000000000000e+01
2.000000000000000000e+00
-9.000000000000000000e+00
-1.100000000000000000e+01
-1.500000000000000000e+01
-7.000000000000000000e+00
-3.000000000000000000e+01
-5.000000000000000000e+00
1.200000000000000000e+01
-5.000000000000000000e+00
8.000000000000000000e+00
-2.000000000000000000e+00
-1.000000000000000000e+00
3.800000000000000000e+01
-5.000000000000000000e+00
-4.000000000000000000e+00
8.000000000000000000e+00
1.200000000000000000e+01
1.400000000000000000e+01
2.300000000000000000e+01
-1.000000000000000000e+01
1.900000000000000000e+01
-3.300000000000000000e+01
-6.000000000000000000e+00
0.000000000000000000e+00
-1.200000000000000000e+01
2.100000000000000000e+01
-2.500000000000000000e+01
-1.700000000000000000e+01
9.000000000000000000e+00
6.000000000000000000e+00
-1.400000000000000000e+01
2.700000000000000000e+01
-2.400000000000000000e+01
2.500000000000000000e+01
-1.200000000000000000e+01
4.300000000000000000e+01
1.600000000000000000e+01
-1.700000000000000000e+01
-1.400000000000000000e+01
3.000000000000000000e+00
2.000000000000000000e+01
-2.400000000000000000e+01
1.100000000000000000e+01
2.000000000000000000e+00
8.000000000000000000e+00
1.000000000000000000e+00
-1.300000000000000000e+01
3.700000000000000000e+01
-2.200000000000000000e+01
4.300000000000000000e+01
4.000000000000000000e+00
-2.000000000000000000e+01
-2.500000000000000000e+01
0.000000000000000000e+00
-3.600000000000000000e+01
2.000000000000000000e+00
2.900000000000000000e+01
-1.000000000000000000e+00
-7.000000000000000000e+01
-1.000000000000000000e+00
-7.000000000000000000e+00
2.300000000000000000e+01
1.900000000000000000e+01
-1.800000000000000000e+01
8.000000000000000000e+00
2.400000000000000000e+01
0.000000000000000000e+00
-2.400000000000000000e+01
1.300000000000000000e+01
-1.500000000000000000e+01
-6.000000000000000000e+00
-1.200000000000000000e+01
-2.200000000000000000e+01
-6.000000000000000000e+00
2.400000000000000000e+01
-1.000000000000000000e+01
-1.700000000000000000e+01
0.000000000000000000e+00
-1.100000000000000000e+01
6.000000000000000000e+00
-2.000000000000000000e+01
6.000000000000000000e+00
-2.200000000000000000e+01
5.000000000000000000e+00
5.000000000000000000e+00
-5.000000000000000000e+00
-3.000000000000000000e+01
-3.000000000000000000e+00
-1.300000000000000000e+01
2.500000000000000000e+01
-1.800000000000000000e+01
-2.000000000000000000e+00
-5.000000000000000000e+00
-9.000000000000000000e+00
-7.000000000000000000e+00
2.000000000000000000e+01
-8.000000000000000000e+00
-4.000000000000000000e+00
5.000000000000000000e+00
-1.600000000000000000e+01
1.000000000000000000e+00
-2.300000000000000000e+01
-2.500000000000000000e+01
-5.000000000000000000e+00
-6.000000000000000000e+00
4.000000000000000000e+00
1.700000000000000000e+01
-9.000000000000000000e+00
-8.000000000000000000e+00
1.900000000000000000e+01
-2.700000000000000000e+01
8.000000000000000000e+00
2.800000000000000000e+01
-1.000000000000000000e+01
-1.900000000000000000e+01
1.000000000000000000e+01
1.400000000000000000e+01
1.100000000000000000e+01
-8.000000000000000000e+00
-3.000000000000000000e+01
-2.100000000000000000e+01
-3.000000000000000000e+00
7.000000000000000000e+00
-2.200000000000000000e+01
6.000000000000000000e+00
-1.600000000000000000e+01
1.700000000000000000e+01
-1.600000000000000000e+01
-1.700000000000000000e+01
4.000000000000000000e+00
-4.000000000000000000e+00
2.800000000000000000e+01
-2.800000000000000000e+01
-1.800000000000000000e+01
1.100000000000000000e+01
1.100000000000000000e+01
7.000000000000000000e+00
-2.000000000000000000e+00
1.200000000000000000e+01
-1.300000000000000000e+01
-8.000000000000000000e+00
-3.400000000000000000e+01
1.000000000000000000e+00
3.000000000000000000e+00
2.900000000000000000e+01
-2.500000000000000000e+01
6.000000000000000000e+00
-1.100000000000000000e+01
-1.200000000000000000e+01
4.000000000000000000e+00
6.000000000000000000e+00
-7.000000000000000000e+00
1.200000000000000000e+01
-2.200000000000000000e+01
5.000000000000000000e+00
2.400000000000000000e+01
1.400000000000000000e+01
2.300000000000000000e+01
-1.000000000000000000e+01
-1.400000000000000000e+01
-1.100000000000000000e+01
2.500000000000000000e+01
-4.000000000000000000e+00
3.000000000000000000e+00
-1.400000000000000000e+01
1.700000000000000000e+01
-1.200000000000000000e+01
-1.000000000000000000e+00
5.000000000000000000e+00
-1.700000000000000000e+01
-1.700000000000000000e+01
8.000000000000000000e+00
-2.500000000000000000e+01
8.000000000000000000e+00
1.800000000000000000e+01
-3.000000000000000000e+00
-3.800000000000000000e+01
-8.000000000000000000e+00
7.000000000000000000e+00
2.500000000000000000e+01
4.700000000000000000e+01
-1.400000000000000000e+01
-5.500000000000000000e+01
1.000000000000000000e+01
-1.700000000000000000e+01
1.200000000000000000e+01
0.000000000000000000e+00
-2.300000000000000000e+01
1.300000000000000000e+01
6.000000000000000000e+00
-1.300000000000000000e+01
-3.000000000000000000e+00
-1.400000000000000000e+01
1.500000000000000000e+01
-2.400000000000000000e+01
3.500000000000000000e+01
6.000000000000000000e+00
-1.000000000000000000e+00
2.000000000000000000e+00
2.900000000000000000e+01
5.000000000000000000e+00
-2.000000000000000000e+01
1.000000000000000000e+01
2.000000000000000000e+00
-2.300000000000000000e+01
-1.300000000000000000e+01
6.000000000000000000e+00
-1.000000000000000000e+01
-4.000000000000000000e+00
-2.900000000000000000e+01
-2.000000000000000000e+00
-4.000000000000000000e+00
-2.500000000000000000e+01
-1.000000000000000000e+00
3.700000000000000000e+01
-5.000000000000000000e+00
1.100000000000000000e+01
2.000000000000000000e+00
-4.000000000000000000e+00
1.700000000000000000e+01
1.200000000000000000e+01
-2.000000000000000000e+00
3.000000000000000000e+00
-1.700000000000000000e+01
-8.000000000000000000e+00
-1.700000000000000000e+01
-6.000000000000000000e+00
1.000000000000000000e+01
-1.000000000000000000e+01
9.000000000000000000e+00
3.000000000000000000e+00
1.500000000000000000e+01
8.000000000000000000e+00
5.000000000000000000e+00
-3.000000000000000000e+00
-1.000000000000000000e+00
-1.600000000000000000e+01
1.000000000000000000e+01
-1.700000000000000000e+01
5.000000000000000000e+00
2.800000000000000000e+01
-1.500000000000000000e+01
4.000000000000000000e+00
1.500000000000000000e+01
2.100000000000000000e+01
2.000000000000000000e+01
-2.300000000000000000e+01
-4.000000000000000000e+00
2.000000000000000000e+00
3.800000000000000000e+01
0.000000000000000000e+00
-1.300000000000000000e+01
-1.000000000000000000e+01
-1.300000000000000000e+01
-1.100000000000000000e+01
1.800000000000000000e+01
1.900000000000000000e+01
6.000000000000000000e+00
4.000000000000000000e+00
-7.000000000000000000e+00
-1.600000000000000000e+01
1.000000000000000000e+00
-4.000000000000000000e+00
-1.800000000000000000e+01
-5.000000000000000000e+00
1.000000000000000000e+00
-2.000000000000000000e+00
1.700000000000000000e+01
-1.800000000000000000e+01
-4.000000000000000000e+00
0.000000000000000000e+00
-8.000000000000000000e+00
1.100000000000000000e+01
2.600000000000000000e+01
-2.000000000000000000e+00
4.000000000000000000e+00
1.500000000000000000e+01
-3.000000000000000000e+00
3.000000000000000000e+00
0.000000000000000000e+00
-2.100000000000000000e+01
-7.000000000000000000e+00
-8.000000000000000000e+00
-7.000000000000000000e+00
7.000000000000000000e+00
-2.000000000000000000e+00
-7.000000000000000000e+00
3.300000000000000000e+01
-2.200000000000000000e+01
7.000000000000000000e+00
4.000000000000000000e+00
1.200000000000000000e+01
8.000000000000000000e+00
7.000000000000000000e+00
6.000000000000000000e+00
-2.800000000000000000e+01
-1.000000000000000000e+00
-1.000000000000000000e+01
-9.000000000000000000e+00
-1.700000000000000000e+01
4.400000000000000000e+01
2.600000000000000000e+01
-1.000000000000000000e+00
1.100000000000000000e+01
-1.100000000000000000e+01
4.000000000000000000e+00
8.000000000000000000e+00
8.000000000000000000e+00
-8.000000000000000000e+00
1.900000000000000000e+01
-3.100000000000000000e+01
9.000000000000000000e+00
8.000000000000000000e+00
-1.500000000000000000e+01
1.400000000000000000e+01
-3.000000000000000000e+00
1.200000000000000000e+01
6.000000000000000000e+00
3.000000000000000000e+00
7.000000000000000000e+00
4.000000000000000000e+00
5.000000000000000000e+00
-9.000000000000000000e+00
-3.000000000000000000e+00
-1.000000000000000000e+01
-4.000000000000000000e+00
-7.000000000000000000e+00
1.000000000000000000e+01
5.000000000000000000e+00
-1.700000000000000000e+01
1.100000000000000000e+01
1.500000000000000000e+01
3.000000000000000000e+01
2.600000000000000000e+01
0.000000000000000000e+00
1.300000000000000000e+01
-2.000000000000000000e+00
2.900000000000000000e+01
1.000000000000000000e+01
2.000000000000000000e+01
4.900000000000000000e+01
1.700000000000000000e+01
3.600000000000000000e+01
2.500000000000000000e+01
1.600000000000000000e+01
-1.100000000000000000e+01
4.100000000000000000e+01
1.000000000000000000e+00
2.000000000000000000e+00
2.500000000000000000e+01
-9.000000000000000000e+00
-1.100000000000000000e+01
3.400000000000000000e+01
-9.000000000000000000e+00
3.700000000000000000e+01
0.000000000000000000e+00
3.200000000000000000e+01
-5.000000000000000000e+00
4.000000000000000000e+00
-1.600000000000000000e+01
1.500000000000000000e+01
0.000000000000000000e+00
1.000000000000000000e+00
3.800000000000000000e+01
-2.000000000000000000e+01
-2.300000000000000000e+01
5.000000000000000000e+00
0.000000000000000000e+00
-1.400000000000000000e+01
3.000000000000000000e+01
1.500000000000000000e+01
2.100000000000000000e+01
1.500000000000000000e+01
-4.000000000000000000e+00
4.000000000000000000e+00
3.900000000000000000e+01
-3.400000000000000000e+01
0.000000000000000000e+00
2.800000000000000000e+01
5.000000000000000000e+00
-2.400000000000000000e+01
2.900000000000000000e+01
2.000000000000000000e+00
2.400000000000000000e+01
2.500000000000000000e+01
2.300000000000000000e+01
1.500000000000000000e+01
-3.000000000000000000e+00
-5.000000000000000000e+00
1.900000000000000000e+01
-5.000000000000000000e+00
1.500000000000000000e+01
3.100000000000000000e+01
-1.300000000000000000e+01
1.200000000000000000e+01
9.000000000000000000e+00
1.700000000000000000e+01
-1.500000000000000000e+01
1.000000000000000000e+01
-1.000000000000000000e+00
-1.000000000000000000e+00
0.000000000000000000e+00
2.100000000000000000e+01
1.000000000000000000e+01
1.500000000000000000e+01
4.000000000000000000e+00
2.300000000000000000e+01
7.000000000000000000e+00
2.000000000000000000e+00
-1.800000000000000000e+01
-5.000000000000000000e+00
1.000000000000000000e+01
-1.000000000000000000e+01
1.100000000000000000e+01
0.000000000000000000e+00
1.000000000000000000e+00
-1.000000000000000000e+01
1.000000000000000000e+01
0.000000000000000000e+00
-1.100000000000000000e+01
2.200000000000000000e+01
-8.000000000000000000e+00
1.100000000000000000e+01
-2.000000000000000000e+00
1.000000000000000000e+00
-1.400000000000000000e+01
1.000000000000000000e+01
4.200000000000000000e+01
3.000000000000000000e+00
-4.000000000000000000e+00
1.100000000000000000e+01
-7.000000000000000000e+00
-2.500000000000000000e+01
-5.000000000000000000e+00
-2.600000000000000000e+01
1.700000000000000000e+01
-2.400000000000000000e+01
3.400000000000000000e+01
3.300000000000000000e+01
-1.100000000000000000e+01
1.700000000000000000e+01
-6.000000000000000000e+00
4.000000000000000000e+00
3.400000000000000000e+01
2.100000000000000000e+01
3.000000000000000000e+00
1.100000000000000000e+01
-7.000000000000000000e+00
2.000000000000000000e+00
1.400000000000000000e+01
-1.600000000000000000e+01
-3.200000000000000000e+01
1.400000000000000000e+01
3.800000000000000000e+01
-5.000000000000000000e+00
-2.200000000000000000e+01
2.000000000000000000e+00
1.200000000000000000e+01
2.900000000000000000e+01
-9.000000000000000000e+00
3.900000000000000000e+01
3.200000000000000000e+01
-2.400000000000000000e+01
3.200000000000000000e+01
-3.000000000000000000e+00
-5.000000000000000000e+00
1.000000000000000000e+00
5.000000000000000000e+00
3.000000000000000000e+01
-1.000000000000000000e+00
-3.900000000000000000e+01
3.000000000000000000e+00
1.200000000000000000e+01
1.000000000000000000e+01
0.000000000000000000e+00
-1.600000000000000000e+01
2.400000000000000000e+01
1.900000000000000000e+01
1.600000000000000000e+01
-2.000000000000000000e+01
7.000000000000000000e+00
1.300000000000000000e+01
1.000000000000000000e+00
7.000000000000000000e+00
-1.600000000000000000e+01
-1.500000000000000000e+01
3.400000000000000000e+01
3.400000000000000000e+01
1.800000000000000000e+01
-1.000000000000000000e+01
-2.000000000000000000e+00
8.000000000000000000e+00
2.200000000000000000e+01
-2.000000000000000000e+00
-1.000000000000000000e+00
1.400000000000000000e+01
4.000000000000000000e+00
2.800000000000000000e+01
-1.700000000000000000e+01
9.000000000000000000e+00
1.000000000000000000e+00
4.600000000000000000e+01
2.000000000000000000e+00
6.000000000000000000e+00
3.200000000000000000e+01
5.300000000000000000e+01
1.400000000000000000e+01
8.000000000000000000e+00
-1.000000000000000000e+01
4.100000000000000000e+01
-4.000000000000000000e+00
-1.400000000000000000e+01
0.000000000000000000e+00
3.600000000000000000e+01
1.900000000000000000e+01
-1.100000000000000000e+01
2.700000000000000000e+01
1.800000000000000000e+01
3.000000000000000000e+00
2.600000000000000000e+01
-7.000000000000000000e+00
1.100000000000000000e+01
8.000000000000000000e+00
-6.000000000000000000e+00
-9.000000000000000000e+00
-1.200000000000000000e+01
2.400000000000000000e+01
2.300000000000000000e+01
8.000000000000000000e+00
1.500000000000000000e+01
3.100000000000000000e+01
2.000000000000000000e+01
1.600000000000000000e+01
2.800000000000000000e+01
1.300000000000000000e+01
2.600000000000000000e+01
-1.300000000000000000e+01
8.000000000000000000e+00
3.300000000000000000e+01
2.600000000000000000e+01
1.600000000000000000e+01
5.000000000000000000e+00
1.300000000000000000e+01
2.200000000000000000e+01
-2.600000000000000000e+01
-2.100000000000000000e+01
-9.000000000000000000e+00
1.600000000000000000e+01
1.700000000000000000e+01
1.200000000000000000e+01
3.400000000000000000e+01
7.000000000000000000e+00
2.800000000000000000e+01
4.200000000000000000e+01
6.200000000000000000e+01
5.000000000000000000e+00
1.600000000000000000e+01
4.800000000000000000e+01
0.000000000000000000e+00
2.200000000000000000e+01
4.300000000000000000e+01
1.100000000000000000e+01
1.600000000000000000e+01
3.000000000000000000e+00
2.500000000000000000e+01
3.800000000000000000e+01
1.000000000000000000e+01
3.800000000000000000e+01
-1.900000000000000000e+01
1.900000000000000000e+01
1.100000000000000000e+01
1.700000000000000000e+01
7.000000000000000000e+00
2.400000000000000000e+01
4.000000000000000000e+00
3.700000000000000000e+01
-6.000000000000000000e+00
1.400000000000000000e+01
4.400000000000000000e+01
3.000000000000000000e+00
2.500000000000000000e+01
2.500000000000000000e+01
3.900000000000000000e+01
4.000000000000000000e+00
3.400000000000000000e+01
1.500000000000000000e+01
-2.600000000000000000e+01
2.900000000000000000e+01
7.000000000000000000e+00
9.000000000000000000e+00
2.000000000000000000e+01
1.200000000000000000e+01
8.000000000000000000e+00
5.000000000000000000e+00
1.900000000000000000e+01
1.000000000000000000e+00
8.000000000000000000e+00
6.000000000000000000e+00
8.000000000000000000e+00
1.000000000000000000e+01
1.000000000000000000e+00
3.800000000000000000e+01
2.100000000000000000e+01
1.700000000000000000e+01
9.000000000000000000e+00
2.000000000000000000e+01
1.000000000000000000e+01
-1.500000000000000000e+01
5.000000000000000000e+00
2.700000000000000000e+01
2.000000000000000000e+01
1.600000000000000000e+01
1.800000000000000000e+01
2.000000000000000000e+01
-6.000000000000000000e+00
3.600000000000000000e+01
1.000000000000000000e+00
1.500000000000000000e+01
2.400000000000000000e+01
1.100000000000000000e+01
1.900000000000000000e+01
1.300000000000000000e+01
0.000000000000000000e+00
1.700000000000000000e+01
5.500000000000000000e+01
1.800000000000000000e+01
1.300000000000000000e+01
4.000000000000000000e+00
4.000000000000000000e+01
8.000000000000000000e+00
2.800000000000000000e+01
1.500000000000000000e+01
3.000000000000000000e+00
3.000000000000000000e+00
3.800000000000000000e+01
1.000000000000000000e+01
2.000000000000000000e+00
3.100000000000000000e+01
3.500000000000000000e+01
5.000000000000000000e+01
2.700000000000000000e+01
3.700000000000000000e+01
-2.400000000000000000e+01
4.100000000000000000e+01
4.600000000000000000e+01
4.400000000000000000e+01
3.800000000000000000e+01
2.400000000000000000e+01
1.700000000000000000e+01
1.700000000000000000e+01
1.900000000000000000e+01
2.300000000000000000e+01
2.000000000000000000e+00
4.200000000000000000e+01
1.800000000000000000e+01
3.100000000000000000e+01
2.000000000000000000e+01
5.600000000000000000e+01
1.000000000000000000e+01
5.000000000000000000e+00
4.300000000000000000e+01
1.400000000000000000e+01
3.600000000000000000e+01
3.300000000000000000e+01
3.300000000000000000e+01
-1.000000000000000000e+01
2.100000000000000000e+01
3.100000000000000000e+01
5.100000000000000000e+01
3.500000000000000000e+01
4.700000000000000000e+01
4.900000000000000000e+01
4.300000000000000000e+01
3.200000000000000000e+01
7.300000000000000000e+01
4.800000000000000000e+01
5.500000000000000000e+01
5.400000000000000000e+01
1.070000000000000000e+02
7.600000000000000000e+01
7.600000000000000000e+01
4.900000000000000000e+01
8.300000000000000000e+01
9.400000000000000000e+01
1.290000000000000000e+02
7.400000000000000000e+01
1.210000000000000000e+02
9.200000000000000000e+01
1.760000000000000000e+02
1.700000000000000000e+02
1.770000000000000000e+02
1.590000000000000000e+02
2.270000000000000000e+02
2.670000000000000000e+02
2.940000000000000000e+02
3.030000000000000000e+02
3.380000000000000000e+02
3.850000000000000000e+02
4.380000000000000000e+02
4.940000000000000000e+02
5.590000000000000000e+02
5.800000000000000000e+02
7.010000000000000000e+02
8.010000000000000000e+02
8.830000000000000000e+02
9.030000000000000000e+02
1.088000000000000000e+03
1.195000000000000000e+03
1.301000000000000000e+03
1.450000000000000000e+03
1.564000000000000000e+03
1.699000000000000000e+03
1.821000000000000000e+03
1.936000000000000000e+03
2.180000000000000000e+03
2.281000000000000000e+03
2.439000000000000000e+03
2.585000000000000000e+03
2.803000000000000000e+03
2.952000000000000000e+03
3.086000000000000000e+03
3.225000000000000000e+03
3.456000000000000000e+03
3.553000000000000000e+03
3.677000000000000000e+03
3.811000000000000000e+03
3.972000000000000000e+03
4.058000000000000000e+03
4.082000000000000000e+03
4.181000000000000000e+03
4.304000000000000000e+03
4.259000000000000000e+03
4.256000000000000000e+03
4.363000000000000000e+03
4.278000000000000000e+03
4.308000000000000000e+03
4.406000000000000000e+03
4.324000000000000000e+03
4.153000000000000000e+03
4.128000000000000000e+03
4.032000000000000000e+03
4.043000000000000000e+03
3.886000000000000000e+03
3.804000000000000000e+03
3.548000000000000000e+03
3.550000000000000000e+03
3.357000000000000000e+03
3.188000000000000000e+03
2.965000000000000000e+03
2.892000000000000000e+03
2.771000000000000000e+03
2.573000000000000000e+03
2.466000000000000000e+03
2.347000000000000000e+03
2.177000000000000000e+03
2.016000000000000000e+03
1.852000000000000000e+03
1.706000000000000000e+03
1.585000000000000000e+03
1.443000000000000000e+03
1.329000000000000000e+03
1.175000000000000000e+03
1.105000000000000000e+03
9.650000000000000000e+02
8.950000000000000000e+02
7.690000000000000000e+02
7.080000000000000000e+02
6.190000000000000000e+02
5.650000000000000000e+02
4.800000000000000000e+02
4.650000000000000000e+02
3.890000000000000000e+02
3.130000000000000000e+02
2.800000000000000000e+02
2.580000000000000000e+02
2.120000000000000000e+02
1.910000000000000000e+02
1.570000000000000000e+02
1.520000000000000000e+02
1.290000000000000000e+02
1.190000000000000000e+02
9.800000000000000000e+01
6.100000000000000000e+01
7.000000000000000000e+01
5.600000000000000000e+01
3.100000000000000000e+01
3.100000000000000000e+01
4.800000000000000000e+01
7.000000000000000000e+00
2.300000000000000000e+01
1.700000000000000000e+01
3.200000000000000000e+01
1.700000000000000000e+01
5.600000000000000000e+01
1.200000000000000000e+01
3.000000000000000000e+00
2.400000000000000000e+01
4.100000000000000000e+01
2.900000000000000000e+01
1.600000000000000000e+01
3.700000000000000000e+01
-2.000000000000000000e+00
1.800000000000000000e+01
-3.000000000000000000e+01
6.000000000000000000e+00
3.300000000000000000e+01
1.100000000000000000e+01
2.700000000000000000e+01
1.600000000000000000e+01
1.300000000000000000e+01
2.400000000000000000e+01
1.200000000000000000e+01
-1.300000000000000000e+01
1.200000000000000000e+01
3.100000000000000000e+01
3.100000000000000000e+01
4.000000000000000000e+00
2.300000000000000000e+01
5.000000000000000000e+00
2.700000000000000000e+01
1.000000000000000000e+00
1.300000000000000000e+01
3.700000000000000000e+01
-4.000000000000000000e+00
2.900000000000000000e+01
2.200000000000000000e+01
3.900000000000000000e+01
-1.500000000000000000e+01
1.500000000000000000e+01
2.600000000000000000e+01
-1.800000000000000000e+01
1.800000000000000000e+01
0.000000000000000000e+00
2.300000000000000000e+01
1.200000000000000000e+01
8.000000000000000000e+00
-1.000000000000000000e+00
2.300000000000000000e+01
1.300000000000000000e+01
2.500000000000000000e+01
6.000000000000000000e+00
5.000000000000000000e+00
-1.300000000000000000e+01
3.600000000000000000e+01
1.700000000000000000e+01
-1.900000000000000000e+01
2.400000000000000000e+01
2.300000000000000000e+01
2.900000000000000000e+01
3.300000000000000000e+01
1.400000000000000000e+01
1.400000000000000000e+01
2.100000000000000000e+01
2.600000000000000000e+01
1.000000000000000000e+01
2.700000000000000000e+01
3.400000000000000000e+01
-7.000000000000000000e+00
2.100000000000000000e+01
1.400000000000000000e+01
2.800000000000000000e+01
4.000000000000000000e+00
2.700000000000000000e+01
-1.500000000000000000e+01
1.900000000000000000e+01
2.400000000000000000e+01
1.700000000000000000e+01
3.100000000000000000e+01
1.900000000000000000e+01
-2.500000000000000000e+01
-1.000000000000000000e+00
-3.000000000000000000e+00
3.400000000000000000e+01
7.000000000000000000e+00
-4.000000000000000000e+00
3.200000000000000000e+01
1.200000000000000000e+01
1.500000000000000000e+01
3.000000000000000000e+01
2.800000000000000000e+01
3.000000000000000000e+00
2.500000000000000000e+01
0.000000000000000000e+00
2.000000000000000000e+01
-1.200000000000000000e+01
-7.000000000000000000e+00
2.500000000000000000e+01
-2.000000000000000000e+00
3.800000000000000000e+01
2.400000000000000000e+01
3.100000000000000000e+01
5.600000000000000000e+01
-1.000000000000000000e+00
5.000000000000000000e+00
3.000000000000000000e+01
0.000000000000000000e+00
1.000000000000000000e+01
-2.000000000000000000e+00
5.000000000000000000e+00
4.000000000000000000e+00
1.000000000000000000e+00
1.300000000000000000e+01
2.500000000000000000e+01
2.000000000000000000e+00
2.500000000000000000e+01
0.000000000000000000e+00
4.700000000000000000e+01
1.600000000000000000e+01
1.200000000000000000e+01
1.000000000000000000e+01
7.000000000000000000e+00
1.000000000000000000e+00
1.200000000000000000e+01
-1.000000000000000000e+00
2.300000000000000000e+01
2.800000000000000000e+01
3.600000000000000000e+01
8.000000000000000000e+00
1.600000000000000000e+01
2.000000000000000000e+01
3.600000000000000000e+01
1.400000000000000000e+01
-9.000000000000000000e+00
-1.000000000000000000e+00
3.200000000000000000e+01
-3.000000000000000000e+00
1.100000000000000000e+01
-1.400000000000000000e+01
2.100000000000000000e+01
2.400000000000000000e+01
1.700000000000000000e+01
1.000000000000000000e+00
-4.000000000000000000e+00
1.000000000000000000e+01
3.700000000000000000e+01
2.300000000000000000e+01
3.000000000000000000e+00
1.900000000000000000e+01
4.000000000000000000e+00
4.000000000000000000e+00
-9.000000000000000000e+00
2.600000000000000000e+01
1.900000000000000000e+01
-6.000000000000000000e+00
2.100000000000000000e+01
-1.700000000000000000e+01
2.600000000000000000e+01
1.200000000000000000e+01
1.000000000000000000e+01
1.900000000000000000e+01
-1.700000000000000000e+01
3.000000000000000000e+00
9.000000000000000000e+00
1.000000000000000000e+01
1.500000000000000000e+01
-1.400000000000000000e+01
2.300000000000000000e+01
4.300000000000000000e+01
4.000000000000000000e+00
1.700000000000000000e+01
-1.000000000000000000e+00
2.000000000000000000e+00
-2.400000000000000000e+01
1.700000000000000000e+01
2.100000000000000000e+01
-1.400000000000000000e+01
4.000000000000000000e+00
3.000000000000000000e+01
1.500000000000000000e+01
2.100000000000000000e+01
-1.700000000000000000e+01
1.000000000000000000e+01
6.000000000000000000e+00
-1.000000000000000000e+00
9.000000000000000000e+00
-1.000000000000000000e+01
1.700000000000000000e+01
-1.200000000000000000e+01
9.000000000000000000e+00
-7.000000000000000000e+00
1.800000000000000000e+01
-1.200000000000000000e+01
6.000000000000000000e+00
1.300000000000000000e+01
1.000000000000000000e+01
1.000000000000000000e+01
1.000000000000000000e+00
2.400000000000000000e+01
1.300000000000000000e+01
-1.000000000000000000e+01
1.500000000000000000e+01
-2.000000000000000000e+00
3.000000000000000000e+00
-1.100000000000000000e+01
2.400000000000000000e+01
7.000000000000000000e+00
2.800000000000000000e+01
-5.000000000000000000e+00
1.400000000000000000e+01
-1.500000000000000000e+01
5.000000000000000000e+00
-4.000000000000000000e+00
2.000000000000000000e+01
-6.000000000000000000e+00
6.000000000000000000e+00
2.000000000000000000e+00
3.000000000000000000e+00
3.800000000000000000e+01
-1.300000000000000000e+01
6.000000000000000000e+00
-1.500000000000000000e+01
-1.000000000000000000e+00
2.600000000000000000e+01
3.700000000000000000e+01
2.300000000000000000e+01
-1.100000000000000000e+01
9.000000000000000000e+00
5.000000000000000000e+00
1.200000000000000000e+01
-4.000000000000000000e+00
1.800000000000000000e+01
1.000000000000000000e+01
1.600000000000000000e+01
-4.000000000000000000e+00
-3.000000000000000000e+00
2.500000000000000000e+01
-1.000000000000000000e+01
7.000000000000000000e+00
8.000000000000000000e+00
-1.300000000000000000e+01
2.700000000000000000e+01
2.000000000000000000e+00
-1.500000000000000000e+01
1.100000000000000000e+01
-1.900000000000000000e+01
-1.000000000000000000e+00
1.400000000000000000e+01
-1.000000000000000000e+01
0.000000000000000000e+00
3.900000000000000000e+01
-2.000000000000000000e+00
5.000000000000000000e+00
1.700000000000000000e+01
-5.000000000000000000e+00
2.100000000000000000e+01
-1.400000000000000000e+01
-1.700000000000000000e+01
4.000000000000000000e+00
8.000000000000000000e+00
3.200000000000000000e+01
5.000000000000000000e+00
1.600000000000000000e+01
7.000000000000000000e+00
-8.000000000000000000e+00
-1.000000000000000000e+01
8.000000000000000000e+00
5.000000000000000000e+00
9.000000000000000000e+00
-1.200000000000000000e+01
1.000000000000000000e+00
-1.400000000000000000e+01
2.300000000000000000e+01
1.800000000000000000e+01
2.300000000000000000e+01
5.000000000000000000e+00
1.700000000000000000e+01
-2.000000000000000000e+00
2.000000000000000000e+00
3.200000000000000000e+01
1.200000000000000000e+01
3.000000000000000000e+00
1.000000000000000000e+00
-9.000000000000000000e+00
2.100000000000000000e+01
9.000000000000000000e+00
2.200000000000000000e+01
2.800000000000000000e+01
1.600000000000000000e+01
-5.000000000000000000e+00
5.000000000000000000e+00
7.000000000000000000e+00
-1.000000000000000000e+00
5.000000000000000000e+00
-6.000000000000000000e+00
-2.300000000000000000e+01
9.000000000000000000e+00
9.000000000000000000e+00
2.000000000000000000e+00
5.000000000000000000e+00
-1.400000000000000000e+01
9.000000000000000000e+00
2.400000000000000000e+01
7.000000000000000000e+00
2.200000000000000000e+01
4.000000000000000000e+00
1.000000000000000000e+01
-7.000000000000000000e+00
5.000000000000000000e+00
-6.000000000000000000e+00
-2.000000000000000000e+00
2.400000000000000000e+01
-1.100000000000000000e+01
-1.000000000000000000e+01
-3.000000000000000000e+00
6.000000000000000000e+00
-2.000000000000000000e+00
1.200000000000000000e+01
2.000000000000000000e+00
1.400000000000000000e+01
1.000000000000000000e+00
-8.000000000000000000e+00
-3.000000000000000000e+00
2.900000000000000000e+01
1.500000000000000000e+01
-1.000000000000000000e+00
-1.600000000000000000e+01
-2.000000000000000000e+00
-4.000000000000000000e+00
7.000000000000000000e+00
-1.500000000000000000e+01
1.100000000000000000e+01
-2.200000000000000000e+01
3.000000000000000000e+00
7.000000000000000000e+00
4.200000000000000000e+01
3.000000000000000000e+00
3.000000000000000000e+00
-2.800000000000000000e+01
2.500000000000000000e+01
-1.200000000000000000e+01
3.000000000000000000e+01
2.000000000000000000e+00
1.600000000000000000e+01
4.000000000000000000e+00
1.400000000000000000e+01
-1.300000000000000000e+01
3.000000000000000000e+00
-4.000000000000000000e+00
-1.100000000000000000e+01
8.000000000000000000e+00
-1.400000000000000000e+01
-1.000000000000000000e+00
3.000000000000000000e+00
-3.000000000000000000e+00
-8.000000000000000000e+00
-1.820000000000000000e+02
2.000000000000000000e+00
1.500000000000000000e+01
-5.000000000000000000e+00
2.500000000000000000e+01
-1.600000000000000000e+01
-7.000000000000000000e+00
-1.700000000000000000e+01
-2.000000000000000000e+00
-2.600000000000000000e+01
-7.000000000000000000e+00
1.300000000000000000e+01
-8.000000000000000000e+00
-1.100000000000000000e+01
-2.900000000000000000e+01
-2.900000000000000000e+01
1.500000000000000000e+01
1.500000000000000000e+01
1.400000000000000000e+01
-1.800000000000000000e+01
3.000000000000000000e+00
-1.000000000000000000e+00
-1.700000000000000000e+01
-4.000000000000000000e+00
6.000000000000000000e+00
-4.000000000000000000e+00
-1.000000000000000000e+00
2.300000000000000000e+01
1.100000000000000000e+01
1.300000000000000000e+01
-6.000000000000000000e+00
-2.000000000000000000e+00
2.600000000000000000e+01
4.200000000000000000e+01
5.000000000000000000e+00
3.000000000000000000e+01
-1.900000000000000000e+01
1.100000000000000000e+01
-3.000000000000000000e+00
8.000000000000000000e+00
-1.400000000000000000e+01
1.000000000000000000e+00
1.400000000000000000e+01
2.500000000000000000e+01
6.000000000000000000e+00
1.400000000000000000e+01
-1.800000000000000000e+01
-1.400000000000000000e+01
-1.700000000000000000e+01
3.300000000000000000e+01
2.000000000000000000e+00
2.100000000000000000e+01
9.000000000000000000e+00
-2.400000000000000000e+01
1.500000000000000000e+01
2.200000000000000000e+01
1.200000000000000000e+01
3.400000000000000000e+01
-1.200000000000000000e+01
1.000000000000000000e+00
-4.000000000000000000e+00
7.000000000000000000e+00
1.900000000000000000e+01
3.100000000000000000e+01
-2.000000000000000000e+01
-1.200000000000000000e+01
-1.000000000000000000e+01
0.000000000000000000e+00
3.200000000000000000e+01
-3.500000000000000000e+01
2.700000000000000000e+01
-1.800000000000000000e+01
-7.000000000000000000e+00
1.300000000000000000e+01
8.000000000000000000e+00
4.000000000000000000e+00
1.400000000000000000e+01
-1.900000000000000000e+01
-2.100000000000000000e+01
1.900000000000000000e+01
1.700000000000000000e+01
-5.000000000000000000e+00
1.300000000000000000e+01
-2.300000000000000000e+01
-1.000000000000000000e+00
0.000000000000000000e+00
3.000000000000000000e+00
1.500000000000000000e+01
1.400000000000000000e+01
1.000000000000000000e+01
7.000000000000000000e+00
-2.000000000000000000e+00
1.700000000000000000e+01
1.300000000000000000e+01
-7.000000000000000000e+00
-1.400000000000000000e+01
-2.400000000000000000e+01
9.000000000000000000e+00
-7.000000000000000000e+00
-2.600000000000000000e+01
1.400000000000000000e+01
6.000000000000000000e+00
-1.000000000000000000e+00
-7.000000000000000000e+00
-1.300000000000000000e+01
1.300000000000000000e+01
-7.000000000000000000e+00
1.300000000000000000e+01
3.000000000000000000e+00
-1.500000000000000000e+01
1.800000000000000000e+01
-2.000000000000000000e+00
3.000000000000000000e+00
1.600000000000000000e+01
-2.500000000000000000e+01
-2.200000000000000000e+01
-9.000000000000000000e+00
5.000000000000000000e+00
3.100000000000000000e+01
-1.400000000000000000e+01
-7.000000000000000000e+00
-3.000000000000000000e+00
-2.200000000000000000e+01
2.500000000000000000e+01
-4.000000000000000000e+00
-4.000000000000000000e+00
1.400000000000000000e+01
-1.000000000000000000e+00
2.000000000000000000e+00
6.000000000000000000e+00
-2.000000000000000000e+00
-5.000000000000000000e+00
-2.000000000000000000e+01
-1.000000000000000000e+00
1.200000000000000000e+01
-1.100000000000000000e+01
-9.000000000000000000e+00
2.300000000000000000e+01
5.000000000000000000e+00
7.000000000000000000e+00
8.000000000000000000e+00
7.000000000000000000e+00
-8.000000000000000000e+00
-2.200000000000000000e+01
2.000000000000000000e+00
-2.700000000000000000e+01
1.100000000000000000e+01
6.000000000000000000e+00
3.000000000000000000e+00
-1.200000000000000000e+01
1.400000000000000000e+01
-7.000000000000000000e+00
-2.000000000000000000e+01
1.300000000000000000e+01
-7.000000000000000000e+00
1.500000000000000000e+01
2.300000000000000000e+01
-8.000000000000000000e+00
2.800000000000000000e+01
8.000000000000000000e+00
-2.600000000000000000e+01
-4.000000000000000000e+00
5.000000000000000000e+00
9.000000000000000000e+00
0.000000000000000000e+00
8.000000000000000000e+00
2.200000000000000000e+01
2.900000000000000000e+01
1.900000000000000000e+01
1.000000000000000000e+00
-7.000000000000000000e+00
-1.000000000000000000e+00
2.000000000000000000e+00
-1.100000000000000000e+01
1.300000000000000000e+01
-1.900000000000000000e+01
-1.200000000000000000e+01
-8.000000000000000000e+00
-1.200000000000000000e+01
-1.600000000000000000e+01
9.000000000000000000e+00
-1.600000000000000000e+01
1.700000000000000000e+01
-2.800000000000000000e+01
8.000000000000000000e+00
-7.000000000000000000e+00
1.300000000000000000e+01
-9.000000000000000000e+00
1.100000000000000000e+01
-6.000000000000000000e+00
7.000000000000000000e+00
5.000000000000000000e+00
8.000000000000000000e+00
-1.000000000000000000e+00
1.200000000000000000e+01
2.200000000000000000e+01
3.000000000000000000e+00
9.000000000000000000e+00
-8.000000000000000000e+00
-3.100000000000000000e+01
-6.000000000000000000e+00
-1.900000000000000000e+01
-3.500000000000000000e+01
2.100000000000000000e+01
1.100000000000000000e+01
1.700000000000000000e+01
7.000000000000000000e+00
2.500000000000000000e+01
9.000000000000000000e+00
1.900000000000000000e+01
2.100000000000000000e+01
-1.500000000000000000e+01
1.600000000000000000e+01
1.800000000000000000e+01
0.000000000000000000e+00
-2.000000000000000000e+00
8.000000000000000000e+00
1.000000000000000000e+00
1.900000000000000000e+01
3.300000000000000000e+01
3.000000000000000000e+00
-6.000000000000000000e+00
-1.200000000000000000e+01
1.000000000000000000e+01
2.000000000000000000e+01
-5.000000000000000000e+00
-2.000000000000000000e+00
-3.000000000000000000e+00
8.000000000000000000e+00
-8.000000000000000000e+00
-1.500000000000000000e+01
4.000000000000000000e+00
-2.000000000000000000e+01
2.600000000000000000e+01
1.200000000000000000e+01
-2.000000000000000000e+01
1.000000000000000000e+00
3.000000000000000000e+00
-2.000000000000000000e+01
2.000000000000000000e+00
-2.600000000000000000e+01
1.200000000000000000e+01
-3.000000000000000000e+01
-1.300000000000000000e+01
5.000000000000000000e+00
1.400000000000000000e+01
9.000000000000000000e+00
1.200000000000000000e+01
-2.000000000000000000e+01
1.500000000000000000e+01
1.900000000000000000e+01
-1.700000000000000000e+01
6.000000000000000000e+00
-6.000000000000000000e+00
7.000000000000000000e+00
-4.600000000000000000e+01
-1.600000000000000000e+01
1.000000000000000000e+00
3.000000000000000000e+00
-1.600000000000000000e+01
1.200000000000000000e+01
9.000000000000000000e+00
1.100000000000000000e+01
1.500000000000000000e+01
-9.000000000000000000e+00
5.000000000000000000e+00
1.200000000000000000e+01
7.000000000000000000e+00
2.100000000000000000e+01
-4.000000000000000000e+00
1.100000000000000000e+01
-1.100000000000000000e+01
-1.300000000000000000e+01
-5.000000000000000000e+00
1.200000000000000000e+01
-7.000000000000000000e+00
-1.700000000000000000e+01
3.100000000000000000e+01
3.000000000000000000e+00
-2.600000000000000000e+01
1.100000000000000000e+01
-3.100000000000000000e+01
9.000000000000000000e+00
-2.600000000000000000e+01
1.000000000000000000e+01
1.000000000000000000e+01
1.000000000000000000e+01
9.000000000000000000e+00
1.000000000000000000e+01
-2.000000000000000000e+00
1.000000000000000000e+00
-2.500000000000000000e+01
5.000000000000000000e+00
-9.000000000000000000e+00
2.500000000000000000e+01
3.000000000000000000e+00
1.800000000000000000e+01
-2.300000000000000000e+01
1.300000000000000000e+01
1.000000000000000000e+01
-1.100000000000000000e+01
2.800000000000000000e+01
1.000000000000000000e+00
-8.000000000000000000e+00
2.500000000000000000e+01
-1.000000000000000000e+00
1.000000000000000000e+01
-1.200000000000000000e+01
9.000000000000000000e+00
4.000000000000000000e+00
-1.800000000000000000e+01
2.000000000000000000e+00
1.900000000000000000e+01
-2.600000000000000000e+01
1.000000000000000000e+01
2.700000000000000000e+01
-5.000000000000000000e+00
-5.000000000000000000e+00
-1.000000000000000000e+00
1.000000000000000000e+00
1.200000000000000000e+01
8.000000000000000000e+00
-5.000000000000000000e+00
1.000000000000000000e+01
1.800000000000000000e+01
-7.000000000000000000e+00
1.200000000000000000e+01
9.000000000000000000e+00
-3.000000000000000000e+01
1.100000000000000000e+01
1.300000000000000000e+01
-3.000000000000000000e+00
-1.400000000000000000e+01
-8.000000000000000000e+00
-1.900000000000000000e+01
-2.600000000000000000e+01
-3.300000000000000000e+01
-1.300000000000000000e+01
-8.000000000000000000e+00
2.400000000000000000e+01
-5.000000000000000000e+00
1.000000000000000000e+01
-1.100000000000000000e+01
7.000000000000000000e+00
-1.100000000000000000e+01
5.000000000000000000e+00
-6.000000000000000000e+00
2.300000000000000000e+01
2.800000000000000000e+01
5.000000000000000000e+00
1.000000000000000000e+00
1.600000000000000000e+01
1.000000000000000000e+01
-1.000000000000000000e+01
1.600000000000000000e+01
1.700000000000000000e+01
-1.300000000000000000e+01
-1.500000000000000000e+01
1.000000000000000000e+00
-2.600000000000000000e+01
-1.600000000000000000e+01
1.000000000000000000e+01
-1.600000000000000000e+01
1.100000000000000000e+01
3.000000000000000000e+01
5.000000000000000000e+00
3.800000000000000000e+01
1.400000000000000000e+01
7.000000000000000000e+00
-5.000000000000000000e+00
6.000000000000000000e+00
6.000000000000000000e+00
-2.000000000000000000e+01
2.400000000000000000e+01
1.900000000000000000e+01
-2.900000000000000000e+01
-9.000000000000000000e+00
-1.000000000000000000e+00
2.300000000000000000e+01
2.200000000000000000e+01
1.100000000000000000e+01
6.000000000000000000e+00
1.000000000000000000e+01
-6.000000000000000000e+00
1.500000000000000000e+01
1.700000000000000000e+01
-1.200000000000000000e+01
2.900000000000000000e+01
-2.000000000000000000e+00
1.700000000000000000e+01
-4.000000000000000000e+00
0.000000000000000000e+00
4.000000000000000000e+00
3.000000000000000000e+00
2.300000000000000000e+01
0.000000000000000000e+00
1.600000000000000000e+01
2.300000000000000000e+01
1.400000000000000000e+01
3.300000000000000000e+01
1.700000000000000000e+01
-1.500000000000000000e+01
1.100000000000000000e+01
-1.500000000000000000e+01
2.900000000000000000e+01
2.000000000000000000e+01
3.200000000000000000e+01
2.100000000000000000e+01
-1.600000000000000000e+01
8.000000000000000000e+00
4.700000000000000000e+01
2.200000000000000000e+01
3.500000000000000000e+01
4.200000000000000000e+01
-7.000000000000000000e+00
5.200000000000000000e+01
2.100000000000000000e+01
5.400000000000000000e+01
1.800000000000000000e+01
2.300000000000000000e+01
6.900000000000000000e+01
5.700000000000000000e+01
4.400000000000000000e+01
5.600000000000000000e+01
2.600000000000000000e+01
7.900000000000000000e+01
7.200000000000000000e+01
7.200000000000000000e+01
6.700000000000000000e+01
7.700000000000000000e+01
5.900000000000000000e+01
8.000000000000000000e+01
7.500000000000000000e+01
8.000000000000000000e+01
1.060000000000000000e+02
1.130000000000000000e+02
1.060000000000000000e+02
1.360000000000000000e+02
1.200000000000000000e+02
1.570000000000000000e+02
1.350000000000000000e+02
1.480000000000000000e+02
1.630000000000000000e+02
1.750000000000000000e+02
1.610000000000000000e+02
1.780000000000000000e+02
1.890000000000000000e+02
2.120000000000000000e+02
2.460000000000000000e+02
2.320000000000000000e+02
2.580000000000000000e+02
2.500000000000000000e+02
2.900000000000000000e+02
2.970000000000000000e+02
3.200000000000000000e+02
3.410000000000000000e+02
3.460000000000000000e+02
3.890000000000000000e+02
3.540000000000000000e+02
3.990000000000000000e+02
4.050000000000000000e+02
4.200000000000000000e+02
4.540000000000000000e+02
4.720000000000000000e+02
4.560000000000000000e+02
4.970000000000000000e+02
5.350000000000000000e+02
5.180000000000000000e+02
5.920000000000000000e+02
5.680000000000000000e+02
6.250000000000000000e+02
6.330000000000000000e+02
6.580000000000000000e+02
7.070000000000000000e+02
7.400000000000000000e+02
7.540000000000000000e+02
7.790000000000000000e+02
8.350000000000000000e+02
8.050000000000000000e+02
8.760000000000000000e+02
9.270000000000000000e+02
9.580000000000000000e+02
9.180000000000000000e+02
1.001000000000000000e+03
1.000000000000000000e+03
1.001000000000000000e+03
1.088000000000000000e+03
1.057000000000000000e+03
1.046000000000000000e+03
1.103000000000000000e+03
1.096000000000000000e+03
1.114000000000000000e+03
1.195000000000000000e+03
1.218000000000000000e+03
1.215000000000000000e+03
1.278000000000000000e+03
1.254000000000000000e+03
1.295000000000000000e+03
1.280000000000000000e+03
1.301000000000000000e+03
1.333000000000000000e+03
1.360000000000000000e+03
1.338000000000000000e+03
1.324000000000000000e+03
1.412000000000000000e+03
1.403000000000000000e+03
1.425000000000000000e+03
1.419000000000000000e+03
1.503000000000000000e+03
1.459000000000000000e+03
1.481000000000000000e+03
1.537000000000000000e+03
1.537000000000000000e+03
1.568000000000000000e+03
1.576000000000000000e+03
1.547000000000000000e+03
1.576000000000000000e+03
1.624000000000000000e+03
1.555000000000000000e+03
1.511000000000000000e+03
1.532000000000000000e+03
1.542000000000000000e+03
1.522000000000000000e+03
1.535000000000000000e+03
1.526000000000000000e+03
1.509000000000000000e+03
1.442000000000000000e+03
1.369000000000000000e+03
1.411000000000000000e+03
1.381000000000000000e+03
1.379000000000000000e+03
1.406000000000000000e+03
1.372000000000000000e+03
1.345000000000000000e+03
1.332000000000000000e+03
1.340000000000000000e+03
1.325000000000000000e+03
1.282000000000000000e+03
1.298000000000000000e+03
1.265000000000000000e+03
1.314000000000000000e+03
1.285000000000000000e+03
1.251000000000000000e+03
1.221000000000000000e+03
1.225000000000000000e+03
1.180000000000000000e+03
1.198000000000000000e+03
1.148000000000000000e+03
1.163000000000000000e+03
1.100000000000000000e+03
1.101000000000000000e+03
1.055000000000000000e+03
1.067000000000000000e+03
1.028000000000000000e+03
1.042000000000000000e+03
1.010000000000000000e+03
9.440000000000000000e+02
9.220000000000000000e+02
9.300000000000000000e+02
8.580000000000000000e+02
8.120000000000000000e+02
8.170000000000000000e+02
7.850000000000000000e+02
8.030000000000000000e+02
7.620000000000000000e+02
7.380000000000000000e+02
6.970000000000000000e+02
6.900000000000000000e+02
6.960000000000000000e+02
6.570000000000000000e+02
6.720000000000000000e+02
6.420000000000000000e+02
6.160000000000000000e+02
5.710000000000000000e+02
5.660000000000000000e+02
5.620000000000000000e+02
5.120000000000000000e+02
5.290000000000000000e+02
4.830000000000000000e+02
4.680000000000000000e+02
4.520000000000000000e+02
4.430000000000000000e+02
4.370000000000000000e+02
4.190000000000000000e+02
3.750000000000000000e+02
4.010000000000000000e+02
3.460000000000000000e+02
3.130000000000000000e+02
3.260000000000000000e+02
2.770000000000000000e+02
3.000000000000000000e+02
2.740000000000000000e+02
2.820000000000000000e+02
2.690000000000000000e+02
2.640000000000000000e+02
2.240000000000000000e+02
2.130000000000000000e+02
2.190000000000000000e+02
2.380000000000000000e+02
2.140000000000000000e+02
1.920000000000000000e+02
1.780000000000000000e+02
1.740000000000000000e+02
1.720000000000000000e+02
1.440000000000000000e+02
1.540000000000000000e+02
1.410000000000000000e+02
1.630000000000000000e+02
1.450000000000000000e+02
1.170000000000000000e+02
1.030000000000000000e+02
1.350000000000000000e+02
1.320000000000000000e+02
8.400000000000000000e+01
9.100000000000000000e+01
1.070000000000000000e+02
9.800000000000000000e+01
1.030000000000000000e+02
6.900000000000000000e+01
7.900000000000000000e+01
7.300000000000000000e+01
6.200000000000000000e+01
8.300000000000000000e+01
6.000000000000000000e+01
5.900000000000000000e+01
1.900000000000000000e+01
7.200000000000000000e+01
3.500000000000000000e+01
4.100000000000000000e+01
3.400000000000000000e+01
4.600000000000000000e+01
3.900000000000000000e+01
3.900000000000000000e+01
4.100000000000000000e+01
3.400000000000000000e+01
3.000000000000000000e+01
-6.000000000000000000e+00
3.700000000000000000e+01
2.200000000000000000e+01
0.000000000000000000e+00
3.000000000000000000e+01
1.900000000000000000e+01
2.400000000000000000e+01
5.100000000000000000e+01
3.200000000000000000e+01
3.000000000000000000e+00
1.200000000000000000e+01
-3.000000000000000000e+00
3.100000000000000000e+01
6.000000000000000000e+00
1.600000000000000000e+01
-5.000000000000000000e+00
-7.000000000000000000e+00
2.200000000000000000e+01
3.300000000000000000e+01
-9.000000000000000000e+00
0.000000000000000000e+00
1.000000000000000000e+00
2.200000000000000000e+01
2.100000000000000000e+01
3.600000000000000000e+01
-3.000000000000000000e+00
-6.000000000000000000e+00
2.700000000000000000e+01
1.600000000000000000e+01
9.000000000000000000e+00
4.000000000000000000e+00
2.400000000000000000e+01
1.300000000000000000e+01
2.500000000000000000e+01
1.000000000000000000e+01
-2.000000000000000000e+00
1.400000000000000000e+01
1.500000000000000000e+01
-6.000000000000000000e+00
9.000000000000000000e+00
-1.000000000000000000e+00
1.100000000000000000e+01
2.000000000000000000e+01
-1.000000000000000000e+00
7.000000000000000000e+00
4.000000000000000000e+00
7.000000000000000000e+00
1.000000000000000000e+01
-1.500000000000000000e+01
2.000000000000000000e+00
1.300000000000000000e+01
3.100000000000000000e+01
1.700000000000000000e+01
0.000000000000000000e+00
1.900000000000000000e+01
-1.000000000000000000e+00
-1.200000000000000000e+01
-1.000000000000000000e+00
2.000000000000000000e+01
1.400000000000000000e+01
1.800000000000000000e+01
9.000000000000000000e+00
6.000000000000000000e+00
-1.400000000000000000e+01
7.000000000000000000e+00
-2.100000000000000000e+01
-1.700000000000000000e+01
-2.700000000000000000e+01
7.600000000000000000e+01
1.100000000000000000e+01
-1.000000000000000000e+00
4.000000000000000000e+00
-1.100000000000000000e+01
1.100000000000000000e+01
3.000000000000000000e+00
0.000000000000000000e+00
1.900000000000000000e+01
-1.400000000000000000e+01
2.800000000000000000e+01
8.000000000000000000e+00
2.500000000000000000e+01
1.200000000000000000e+01
2.200000000000000000e+01
3.000000000000000000e+00
2.000000000000000000e+00
-4.000000000000000000e+00
-3.000000000000000000e+00
