0.000000000000000000e+00
-1.000000000000000000e+00
6.000000000000000000e+00
-3.000000000000000000e+00
-6.000000000000000000e+00
-1.200000000000000000e+01
-2.600000000000000000e+01
5.000000000000000000e+00
-2.000000000000000000e+00
-2.500000000000000000e+01
0.000000000000000000e+00
-2.500000000000000000e+01
4.000000000000000000e+00
-1.500000000000000000e+01
9.000000000000000000e+00
1.000000000000000000e+01
2.700000000000000000e+01
2.900000000000000000e+01
-3.000000000000000000e+00
3.000000000000000000e+00
1.900000000000000000e+01
-1.000000000000000000e+01
-5.000000000000000000e+00
3.000000000000000000e+01
-2.300000000000000000e+01
-1.000000000000000000e+00
-3.100000000000000000e+01
1.300000000000000000e+01
1.000000000000000000e+00
1.000000000000000000e+00
-9.000000000000000000e+00
-2.000000000000000000e+00
2.900000000000000000e+01
5.000000000000000000e+00
-1.900000000000000000e+01
-1.800000000000000000e+01
-8.000000000000000000e+00
-4.000000000000000000e+00
-6.000000000000000000e+00
2.900000000000000000e+01
4.000000000000000000e+00
1.000000000000000000e+01
-1.000000000000000000e+01
-1.600000000000000000e+01
1.800000000000000000e+01
-2.300000000000000000e+01
2.000000000000000000e+00
0.000000000000000000e+00
-1.800000000000000000e+01
-5.000000000000000000e+00
7.000000000000000000e+00
-3.100000000000000000e+01
2.600000000000000000e+01
1.100000000000000000e+01
1.400000000000000000e+01
-1.900000000000000000e+01
-1.000000000000000000e+00
-2.100000000000000000e+01
6.000000000000000000e+00
1.000000000000000000e+00
-8.000000000000000000e+00
9.000000000000000000e+00
-3.600000000000000000e+01
4.200000000000000000e+01
-1.200000000000000000e+01
3.000000000000000000e+01
-2.900000000000000000e+01
4.000000000000000000e+00
-1.400000000000000000e+01
-1.400000000000000000e+01
-1.000000000000000000e+00
2.600000000000000000e+01
-1.400000000000000000e+01
-5.000000000000000000e+00
-8.000000000000000000e+00
-3.000000000000000000e+00
7.000000000000000000e+00
1.200000000000000000e+01
-5.000000000000000000e+00
3.000000000000000000e+00
6.000000000000000000e+00
1.200000000000000000e+01
-5.200000000000000000e+01
-1.000000000000000000e+00
3.100000000000000000e+01
-1.600000000000000000e+01
1.200000000000000000e+01
-2.500000000000000000e+01
1.600000000000000000e+01
-1.900000000000000000e+01
-1.100000000000000000e+01
7.000000000000000000e+00
-8.000000000000000000e+00
-8.000000000000000000e+00
1.200000000000000000e+01
2.700000000000000000e+01
-3.000000000000000000e+00
0.000000000000000000e+00
-1.200000000000000000e+01
-1.300000000000000000e+01
-8.000000000000000000e+00
1.800000000000000000e+01
-9.000000000000000000e+00
-3.600000000000000000e+01
-3.000000000000000000e+00
-1.000000000000000000e+00
-8.000000000000000000e+00
1.000000000000000000e+01
-6.000000000000000000e+00
9.000000000000000000e+00
-1.800000000000000000e+01
1.600000000000000000e+01
6.000000000000000000e+00
-1.000000000000000000e+00
1.000000000000000000e+01
3.000000000000000000e+00
7.000000000000000000e+00
2.000000000000000000e+00
-5.000000000000000000e+00
1.600000000000000000e+01
1.000000000000000000e+00
2.400000000000000000e+01
-5.000000000000000000e+00
7.000000000000000000e+00
2.000000000000000000e+01
-1.600000000000000000e+01
-9.000000000000000000e+00
-1.900000000000000000e+01
4.000000000000000000e+00
9.000000000000000000e+00
-7.000000000000000000e+00
3.900000000000000000e+01
-2.400000000000000000e+01
1.700000000000000000e+01
-2.200000000000000000e+01
2.500000000000000000e+01
2.000000000000000000e+00
1.200000000000000000e+01
-7.000000000000000000e+00
4.100000000000000000e+01
-1.500000000000000000e+01
-4.000000000000000000e+00
-1.400000000000000000e+01
-1.100000000000000000e+01
9.000000000000000000e+00
2.000000000000000000e+01
-2.900000000000000000e+01
-1.200000000000000000e+01
2.100000000000000000e+01
-1.100000000000000000e+01
-4.000000000000000000e+00
1.900000000000000000e+01
-7.000000000000000000e+00
-6.000000000000000000e+00
-1.000000000000000000e+00
2.000000000000000000e+00
-2.000000000000000000e+00
-1.000000000000000000e+00
-1.800000000000000000e+01
-6.000000000000000000e+00
-6.000000000000000000e+00
-4.000000000000000000e+00
-1.400000000000000000e+01
-1.600000000000000000e+01
-1.000000000000000000e+00
-3.000000000000000000e+00
5.000000000000000000e+00
-2.400000000000000000e+01
1.700000000000000000e+01
-2.800000000000000000e+01
-7.000000000000000000e+00
5.000000000000000000e+00
-6.000000000000000000e+00
2.000000000000000000e+01
-1.000000000000000000e+01
-9.000000000000000000e+00
-4.000000000000000000e+01
-1.600000000000000000e+01
-8.000000000000000000e+00
-9.000000000000000000e+00
-4.000000000000000000e+00
1.600000000000000000e+01
1.200000000000000000e+01
-2.400000000000000000e+01
-1.400000000000000000e+01
-5.100000000000000000e+01
4.000000000000000000e+00
-4.000000000000000000e+00
-1.000000000000000000e+00
3.600000000000000000e+01
1.800000000000000000e+01
-1.800000000000000000e+01
-4.000000000000000000e+00
4.000000000000000000e+00
-4.000000000000000000e+00
-9.000000000000000000e+00
3.500000000000000000e+01
0.000000000000000000e+00
-1.000000000000000000e+01
9.000000000000000000e+00
-2.100000000000000000e+01
0.000000000000000000e+00
7.000000000000000000e+00
8.000000000000000000e+00
8.000000000000000000e+00
-1.300000000000000000e+01
2.000000000000000000e+01
-1.200000000000000000e+01
0.000000000000000000e+00
1.400000000000000000e+01
2.100000000000000000e+01
9.000000000000000000e+00
6.000000000000000000e+00
1.600000000000000000e+01
-1.300000000000000000e+01
-1.000000000000000000e+01
6.000000000000000000e+00
8.000000000000000000e+00
2.100000000000000000e+01
1.000000000000000000e+00
2.000000000000000000e+00
-2.500000000000000000e+01
-6.000000000000000000e+00
2.200000000000000000e+01
-8.000000000000000000e+00
7.000000000000000000e+00
-3.000000000000000000e+01
-3.000000000000000000e+00
1.900000000000000000e+01
-4.000000000000000000e+00
2.300000000000000000e+01
4.000000000000000000e+00
-1.500000000000000000e+01
2.600000000000000000e+01
-3.000000000000000000e+00
7.000000000000000000e+00
-1.400000000000000000e+01
-6.000000000000000000e+00
-1.500000000000000000e+01
2.500000000000000000e+01
2.600000000000000000e+01
-1.500000000000000000e+01
1.200000000000000000e+01
-1.000000000000000000e+01
1.300000000000000000e+01
1.000000000000000000e+01
-1.700000000000000000e+01
3.600000000000000000e+01
-2.300000000000000000e+01
3.900000000000000000e+01
0.000000000000000000e+00
-2.000000000000000000e+01
-1.400000000000000000e+01
-1.500000000000000000e+01
-1.600000000000000000e+01
-6.000000000000000000e+00
3.300000000000000000e+01
-2.300000000000000000e+01
-3.500000000000000000e+01
-9.000000000000000000e+00
-4.000000000000000000e+00
1.200000000000000000e+01
2.300000000000000000e+01
-2.100000000000000000e+01
-2.000000000000000000e+00
2.900000000000000000e+01
-1.000000000000000000e+00
-2.000000000000000000e+00
-8.000000000000000000e+00
1.100000000000000000e+01
-7.000000000000000000e+00
2.300000000000000000e+01
-1.700000000000000000e+01
-1.400000000000000000e+01
4.000000000000000000e+00
4.000000000000000000e+00
-1.900000000000000000e+01
-1.200000000000000000e+01
-2.400000000000000000e+01
2.600000000000000000e+01
-1.300000000000000000e+01
-2.800000000000000000e+01
-2.700000000000000000e+01
2.000000000000000000e+00
1.300000000000000000e+01
6.000000000000000000e+00
-3.500000000000000000e+01
-3.800000000000000000e+01
-2.000000000000000000e+01
-1.100000000000000000e+01
-7.000000000000000000e+00
8.000000000000000000e+00
-1.400000000000000000e+01
3.300000000000000000e+01
7.000000000000000000e+00
2.300000000000000000e+01
1.500000000000000000e+01
-7.000000000000000000e+00
-4.000000000000000000e+00
2.900000000000000000e+01
-1.000000000000000000e+00
-2.100000000000000000e+01
-2.700000000000000000e+01
0.000000000000000000e+00
-2.400000000000000000e+01
-2.300000000000000000e+01
-6.000000000000000000e+00
-1.600000000000000000e+01
-2.000000000000000000e+00
0.000000000000000000e+00
-2.600000000000000000e+01
0.000000000000000000e+00
9.000000000000000000e+00
4.000000000000000000e+00
-1.000000000000000000e+01
1.400000000000000000e+01
0.000000000000000000e+00
1.600000000000000000e+01
2.000000000000000000e+00
-8.000000000000000000e+00
-4.300000000000000000e+01
2.400000000000000000e+01
-1.300000000000000000e+01
-8.000000000000000000e+00
7.000000000000000000e+00
3.000000000000000000e+00
-6.000000000000000000e+00
-1.000000000000000000e+01
-4.000000000000000000e+00
1.000000000000000000e+01
1.300000000000000000e+01
2.300000000000000000e+01
-7.000000000000000000e+00
8.000000000000000000e+00
2.000000000000000000e+00
-3.000000000000000000e+00
3.000000000000000000e+00
-3.000000000000000000e+00
1.800000000000000000e+01
-1.100000000000000000e+01
-2.000000000000000000e+00
-2.300000000000000000e+01
2.000000000000000000e+00
-1.000000000000000000e+00
2.400000000000000000e+01
-1.700000000000000000e+01
4.000000000000000000e+00
1.000000000000000000e+00
2.300000000000000000e+01
-3.000000000000000000e+00
7.000000000000000000e+00
1.000000000000000000e+00
-2.000000000000000000e+00
-1.300000000000000000e+01
3.600000000000000000e+01
2.100000000000000000e+01
2.000000000000000000e+01
-8.000000000000000000e+00
-5.000000000000000000e+00
-2.500000000000000000e+01
-2.700000000000000000e+01
3.000000000000000000e+01
-2.000000000000000000e+00
1.200000000000000000e+01
7.000000000000000000e+00
2.600000000000000000e+01
-1.300000000000000000e+01
-1.500000000000000000e+01
6.000000000000000000e+00
-2.200000000000000000e+01
-6.000000000000000000e+00
2.000000000000000000e+00
-2.000000000000000000e+00
-2.900000000000000000e+01
6.000000000000000000e+00
9.000000000000000000e+00
-3.700000000000000000e+01
-6.000000000000000000e+00
-3.000000000000000000e+01
-6.000000000000000000e+00
4.700000000000000000e+01
-1.100000000000000000e+01
-2.000000000000000000e+01
2.000000000000000000e+01
-1.300000000000000000e+01
2.100000000000000000e+01
-1.200000000000000000e+01
-3.200000000000000000e+01
-1.000000000000000000e+00
1.500000000000000000e+01
-2.700000000000000000e+01
-1.600000000000000000e+01
1.700000000000000000e+01
-5.000000000000000000e+00
2.000000000000000000e+00
1.700000000000000000e+01
0.000000000000000000e+00
-8.000000000000000000e+00
-7.000000000000000000e+00
2.700000000000000000e+01
-3.000000000000000000e+00
0.000000000000000000e+00
8.000000000000000000e+00
-5.000000000000000000e+00
-1.800000000000000000e+01
1.000000000000000000e+01
2.400000000000000000e+01
-2.400000000000000000e+01
5.000000000000000000e+00
-1.700000000000000000e+01
-1.000000000000000000e+00
-6.000000000000000000e+00
-1.100000000000000000e+01
-1.600000000000000000e+01
9.000000000000000000e+00
5.000000000000000000e+00
9.000000000000000000e+00
-2.600000000000000000e+01
-7.000000000000000000e+00
3.000000000000000000e+00
2.000000000000000000e+00
2.100000000000000000e+01
-2.100000000000000000e+01
8.000000000000000000e+00
-1.000000000000000000e+00
0.000000000000000000e+00
-1.000000000000000000e+01
-2.000000000000000000e+01
-2.600000000000000000e+01
7.000000000000000000e+00
-2.000000000000000000e+00
1.200000000000000000e+01
-1.300000000000000000e+01
-8.000000000000000000e+00
2.800000000000000000e+01
9.000000000000000000e+00
-2.900000000000000000e+01
2.600000000000000000e+01
1.000000000000000000e+01
-2.200000000000000000e+01
3.900000000000000000e+01
-3.000000000000000000e+01
-1.100000000000000000e+01
4.000000000000000000e+00
-2.000000000000000000e+00
2.500000000000000000e+01
1.700000000000000000e+01
-6.000000000000000000e+00
-3.700000000000000000e+01
2.200000000000000000e+01
-1.400000000000000000e+01
6.000000000000000000e+00
-8.000000000000000000e+00
-3.000000000000000000e+01
-6.000000000000000000e+00
1.500000000000000000e+01
1.900000000000000000e+01
4.000000000000000000e+00
-5.000000000000000000e+00
-1.100000000000000000e+01
-9.000000000000000000e+00
-1.600000000000000000e+01
-2.400000000000000000e+01
-1.900000000000000000e+01
8.000000000000000000e+00
-3.000000000000000000e+00
2.000000000000000000e+01
9.000000000000000000e+00
-1.500000000000000000e+01
1.700000000000000000e+01
1.400000000000000000e+01
-1.800000000000000000e+01
6.000000000000000000e+00
-1.600000000000000000e+01
-9.000000000000000000e+00
6.000000000000000000e+00
1.300000000000000000e+01
-6.000000000000000000e+00
1.500000000000000000e+01
3.000000000000000000e+00
-2.700000000000000000e+01
1.800000000000000000e+01
7.000000000000000000e+00
-5.000000000000000000e+00
-1.000000000000000000e+00
-1.800000000000000000e+01
-2.900000000000000000e+01
8.000000000000000000e+00
-1.300000000000000000e+01
3.100000000000000000e+01
-1.400000000000000000e+01
3.100000000000000000e+01
1.600000000000000000e+01
-2.500000000000000000e+01
1.400000000000000000e+01
-1.100000000000000000e+01
1.900000000000000000e+01
1.000000000000000000e+00
-7.000000000000000000e+00
1.100000000000000000e+01
1.800000000000000000e+01
3.000000000000000000e+00
3.000000000000000000e+00
1.400000000000000000e+01
-2.000000000000000000e+01
7.000000000000000000e+00
-2.300000000000000000e+01
-9.000000000000000000e+00
-8.000000000000000000e+00
1.300000000000000000e+01
7.000000000000000000e+00
-3.000000000000000000e+00
-7.000000000000000000e+00
-3.100000000000000000e+01
1.600000000000000000e+01
-1.100000000000000000e+01
9.000000000000000000e+00
2.600000000000000000e+01
8.000000000000000000e+00
-2.200000000000000000e+01
1.000000000000000000e+01
-7.000000000000000000e+00
-2.400000000000000000e+01
-1.100000000000000000e+01
-6.000000000000000000e+00
0.000000000000000000e+00
1.600000000000000000e+01
1.100000000000000000e+01
3.900000000000000000e+01
-5.000000000000000000e+00
1.400000000000000000e+01
2.200000000000000000e+01
6.000000000000000000e+00
2.700000000000000000e+01
5.400000000000000000e+01
2.300000000000000000e+01
4.000000000000000000e+00
-6.000000000000000000e+00
2.000000000000000000e+00
2.900000000000000000e+01
4.500000000000000000e+01
2.200000000000000000e+01
3.400000000000000000e+01
-2.000000000000000000e+00
9.000000000000000000e+00
3.000000000000000000e+00
3.700000000000000000e+01
-8.000000000000000000e+00
1.200000000000000000e+01
-1.000000000000000000e+00
2.000000000000000000e+00
-3.000000000000000000e+00
1.900000000000000000e+01
-3.000000000000000000e+00
3.600000000000000000e+01
-3.000000000000000000e+01
7.000000000000000000e+00
1.200000000000000000e+01
-1.000000000000000000e+01
2.500000000000000000e+01
4.000000000000000000e+00
-3.300000000000000000e+01
1.400000000000000000e+01
1.100000000000000000e+01
3.000000000000000000e+00
-2.000000000000000000e+00
5.000000000000000000e+00
-5.000000000000000000e+00
1.300000000000000000e+01
4.000000000000000000e+00
-1.000000000000000000e+01
2.000000000000000000e+00
2.000000000000000000e+00
-1.300000000000000000e+01
1.500000000000000000e+01
1.400000000000000000e+01
-3.400000000000000000e+01
-8.000000000000000000e+00
1.900000000000000000e+01
1.900000000000000000e+01
-2.000000000000000000e+01
1.400000000000000000e+01
1.600000000000000000e+01
9.000000000000000000e+00
6.000000000000000000e+00
3.800000000000000000e+01
3.100000000000000000e+01
3.000000000000000000e+01
7.000000000000000000e+00
2.300000000000000000e+01
-1.100000000000000000e+01
1.500000000000000000e+01
-1.000000000000000000e+00
1.500000000000000000e+01
-1.400000000000000000e+01
2.900000000000000000e+01
2.000000000000000000e+00
-6.000000000000000000e+00
1.900000000000000000e+01
-1.000000000000000000e+00
-1.300000000000000000e+01
-1.600000000000000000e+01
1.000000000000000000e+01
-3.000000000000000000e+00
-5.000000000000000000e+00
3.000000000000000000e+00
8.000000000000000000e+00
-4.000000000000000000e+00
-2.800000000000000000e+01
-3.000000000000000000e+00
2.800000000000000000e+01
6.000000000000000000e+00
-2.400000000000000000e+01
1.000000000000000000e+00
9.000000000000000000e+00
-1.000000000000000000e+00
6.000000000000000000e+00
-2.000000000000000000e+00
2.000000000000000000e+00
-1.000000000000000000e+00
1.700000000000000000e+01
-3.600000000000000000e+01
1.100000000000000000e+01
2.100000000000000000e+01
-9.000000000000000000e+00
-3.500000000000000000e+01
-7.000000000000000000e+00
2.800000000000000000e+01
-8.000000000000000000e+00
-2.000000000000000000e+01
1.000000000000000000e+01
2.700000000000000000e+01
-1.100000000000000000e+01
-1.200000000000000000e+01
-7.000000000000000000e+00
2.400000000000000000e+01
-2.300000000000000000e+01
2.100000000000000000e+01
2.800000000000000000e+01
1.700000000000000000e+01
3.400000000000000000e+01
3.000000000000000000e+00
-1.400000000000000000e+01
-1.000000000000000000e+00
1.400000000000000000e+01
2.200000000000000000e+01
3.100000000000000000e+01
-1.400000000000000000e+01
-7.000000000000000000e+00
-3.600000000000000000e+01
1.700000000000000000e+01
-2.200000000000000000e+01
1.400000000000000000e+01
2.100000000000000000e+01
2.700000000000000000e+01
-8.000000000000000000e+00
1.700000000000000000e+01
1.000000000000000000e+00
2.700000000000000000e+01
1.700000000000000000e+01
1.100000000000000000e+01
1.900000000000000000e+01
-2.200000000000000000e+01
1.800000000000000000e+01
6.000000000000000000e+00
-2.000000000000000000e+00
1.800000000000000000e+01
2.100000000000000000e+01
1.700000000000000000e+01
-1.000000000000000000e+01
-9.000000000000000000e+00
-1.300000000000000000e+01
1.600000000000000000e+01
1.900000000000000000e+01
-1.000000000000000000e+01
-3.700000000000000000e+01
2.000000000000000000e+01
2.800000000000000000e+01
2.100000000000000000e+01
-1.500000000000000000e+01
-5.000000000000000000e+00
2.000000000000000000e+01
2.000000000000000000e+00
2.900000000000000000e+01
1.300000000000000000e+01
-5.000000000000000000e+00
3.900000000000000000e+01
-1.200000000000000000e+01
-1.700000000000000000e+01
4.000000000000000000e+00
-8.000000000000000000e+00
-6.000000000000000000e+00
5.000000000000000000e+00
-3.000000000000000000e+00
2.400000000000000000e+01
1.600000000000000000e+01
-2.000000000000000000e+01
2.300000000000000000e+01
-2.700000000000000000e+01
9.000000000000000000e+00
-1.000000000000000000e+01
4.500000000000000000e+01
2.200000000000000000e+01
8.000000000000000000e+00
3.000000000000000000e+00
3.000000000000000000e+01
1.000000000000000000e+00
-5.000000000000000000e+00
1.000000000000000000e+01
9.000000000000000000e+00
1.000000000000000000e+01
8.000000000000000000e+00
1.800000000000000000e+01
3.200000000000000000e+01
3.900000000000000000e+01
2.000000000000000000e+01
3.500000000000000000e+01
-5.000000000000000000e+00
2.300000000000000000e+01
1.700000000000000000e+01
-9.000000000000000000e+00
3.500000000000000000e+01
7.000000000000000000e+00
1.700000000000000000e+01
-1.700000000000000000e+01
6.000000000000000000e+00
7.000000000000000000e+00
3.000000000000000000e+00
-5.000000000000000000e+00
5.900000000000000000e+01
2.600000000000000000e+01
3.000000000000000000e+00
-1.700000000000000000e+01
1.300000000000000000e+01
5.000000000000000000e+00
3.800000000000000000e+01
-2.000000000000000000e+01
-2.000000000000000000e+00
9.000000000000000000e+00
2.700000000000000000e+01
7.000000000000000000e+00
6.000000000000000000e+00
1.600000000000000000e+01
1.000000000000000000e+00
-2.800000000000000000e+01
-7.000000000000000000e+00
1.900000000000000000e+01
-1.000000000000000000e+00
1.600000000000000000e+01
-4.000000000000000000e+00
3.100000000000000000e+01
1.300000000000000000e+01
0.000000000000000000e+00
3.800000000000000000e+01
3.000000000000000000e+01
1.800000000000000000e+01
2.200000000000000000e+01
5.000000000000000000e+00
-5.000000000000000000e+00
1.000000000000000000e+01
2.300000000000000000e+01
1.800000000000000000e+01
8.000000000000000000e+00
9.000000000000000000e+00
3.600000000000000000e+01
3.500000000000000000e+01
-2.600000000000000000e+01
2.700000000000000000e+01
2.000000000000000000e+01
3.900000000000000000e+01
-1.000000000000000000e+00
2.900000000000000000e+01
2.100000000000000000e+01
2.600000000000000000e+01
-1.100000000000000000e+01
8.000000000000000000e+00
-2.200000000000000000e+01
2.600000000000000000e+01
2.900000000000000000e+01
-7.000000000000000000e+00
2.700000000000000000e+01
1.600000000000000000e+01
2.500000000000000000e+01
-1.000000000000000000e+00
1.500000000000000000e+01
4.000000000000000000e+00
-2.000000000000000000e+01
-4.000000000000000000e+00
1.300000000000000000e+01
-2.000000000000000000e+00
2.000000000000000000e+01
-1.000000000000000000e+01
-6.000000000000000000e+00
5.000000000000000000e+00
2.000000000000000000e+01
-3.000000000000000000e+00
5.000000000000000000e+01
1.500000000000000000e+01
6.000000000000000000e+00
4.000000000000000000e+01
-4.000000000000000000e+00
4.200000000000000000e+01
-4.000000000000000000e+00
1.500000000000000000e+01
-2.000000000000000000e+01
-1.600000000000000000e+01
2.700000000000000000e+01
-1.400000000000000000e+01
1.900000000000000000e+01
1.400000000000000000e+01
2.600000000000000000e+01
4.400000000000000000e+01
-3.000000000000000000e+00
0.000000000000000000e+00
-1.000000000000000000e+01
1.300000000000000000e+01
1.600000000000000000e+01
1.300000000000000000e+01
1.200000000000000000e+01
-2.000000000000000000e+00
3.400000000000000000e+01
1.300000000000000000e+01
3.000000000000000000e+00
2.100000000000000000e+01
3.500000000000000000e+01
-4.000000000000000000e+00
2.500000000000000000e+01
-1.300000000000000000e+01
-1.000000000000000000e+00
-5.000000000000000000e+00
3.100000000000000000e+01
2.800000000000000000e+01
-1.100000000000000000e+01
3.000000000000000000e+00
2.400000000000000000e+01
6.000000000000000000e+00
-9.000000000000000000e+00
4.100000000000000000e+01
2.200000000000000000e+01
2.700000000000000000e+01
1.700000000000000000e+01
3.400000000000000000e+01
-1.200000000000000000e+01
4.000000000000000000e+00
2.400000000000000000e+01
3.100000000000000000e+01
4.100000000000000000e+01
3.500000000000000000e+01
9.000000000000000000e+00
2.300000000000000000e+01
4.200000000000000000e+01
-1.300000000000000000e+01
8.000000000000000000e+00
2.800000000000000000e+01
2.100000000000000000e+01
1.900000000000000000e+01
1.800000000000000000e+01
4.400000000000000000e+01
1.400000000000000000e+01
-1.900000000000000000e+01
5.500000000000000000e+01
6.000000000000000000e+00
2.900000000000000000e+01
7.000000000000000000e+00
3.900000000000000000e+01
9.000000000000000000e+00
1.500000000000000000e+01
1.800000000000000000e+01
3.300000000000000000e+01
1.500000000000000000e+01
6.300000000000000000e+01
3.000000000000000000e+01
3.500000000000000000e+01
5.500000000000000000e+01
7.400000000000000000e+01
6.200000000000000000e+01
5.700000000000000000e+01
3.200000000000000000e+01
7.200000000000000000e+01
5.800000000000000000e+01
5.300000000000000000e+01
6.300000000000000000e+01
7.700000000000000000e+01
8.800000000000000000e+01
9.400000000000000000e+01
8.700000000000000000e+01
9.400000000000000000e+01
9.400000000000000000e+01
1.060000000000000000e+02
1.210000000000000000e+02
1.630000000000000000e+02
1.390000000000000000e+02
1.590000000000000000e+02
1.830000000000000000e+02
1.990000000000000000e+02
2.630000000000000000e+02
2.020000000000000000e+02
2.610000000000000000e+02
3.160000000000000000e+02
3.480000000000000000e+02
3.660000000000000000e+02
4.330000000000000000e+02
5.120000000000000000e+02
5.980000000000000000e+02
6.070000000000000000e+02
6.600000000000000000e+02
7.090000000000000000e+02
8.520000000000000000e+02
8.910000000000000000e+02
1.010000000000000000e+03
1.094000000000000000e+03
1.158000000000000000e+03
1.198000000000000000e+03
1.389000000000000000e+03
1.443000000000000000e+03
1.522000000000000000e+03
1.643000000000000000e+03
1.745000000000000000e+03
1.805000000000000000e+03
1.932000000000000000e+03
2.009000000000000000e+03
2.072000000000000000e+03
2.191000000000000000e+03
2.250000000000000000e+03
2.354000000000000000e+03
2.402000000000000000e+03
2.421000000000000000e+03
2.503000000000000000e+03
2.494000000000000000e+03
2.577000000000000000e+03
2.644000000000000000e+03
2.573000000000000000e+03
2.625000000000000000e+03
2.608000000000000000e+03
2.585000000000000000e+03
2.568000000000000000e+03
2.571000000000000000e+03
2.506000000000000000e+03
2.469000000000000000e+03
2.405000000000000000e+03
2.314000000000000000e+03
2.302000000000000000e+03
2.171000000000000000e+03
2.159000000000000000e+03
2.054000000000000000e+03
1.983000000000000000e+03
1.930000000000000000e+03
1.883000000000000000e+03
1.715000000000000000e+03
1.615000000000000000e+03
1.541000000000000000e+03
1.445000000000000000e+03
1.376000000000000000e+03
1.328000000000000000e+03
1.181000000000000000e+03
1.100000000000000000e+03
1.072000000000000000e+03
9.320000000000000000e+02
8.760000000000000000e+02
8.700000000000000000e+02
7.470000000000000000e+02
6.990000000000000000e+02
5.990000000000000000e+02
5.910000000000000000e+02
4.770000000000000000e+02
4.580000000000000000e+02
4.130000000000000000e+02
3.500000000000000000e+02
3.100000000000000000e+02
3.000000000000000000e+02
2.700000000000000000e+02
2.410000000000000000e+02
2.110000000000000000e+02
1.760000000000000000e+02
1.760000000000000000e+02
1.140000000000000000e+02
1.170000000000000000e+02
1.040000000000000000e+02
7.400000000000000000e+01
8.900000000000000000e+01
8.600000000000000000e+01
7.700000000000000000e+01
2.600000000000000000e+01
4.500000000000000000e+01
2.900000000000000000e+01
3.000000000000000000e+00
2.100000000000000000e+01
4.400000000000000000e+01
2.600000000000000000e+01
-5.000000000000000000e+00
3.800000000000000000e+01
2.000000000000000000e+01
2.000000000000000000e+00
1.700000000000000000e+01
1.800000000000000000e+01
1.800000000000000000e+01
1.900000000000000000e+01
2.800000000000000000e+01
2.400000000000000000e+01
8.000000000000000000e+00
5.300000000000000000e+01
3.000000000000000000e+00
2.200000000000000000e+01
-3.300000000000000000e+01
1.200000000000000000e+01
2.000000000000000000e+00
9.000000000000000000e+00
1.500000000000000000e+01
1.600000000000000000e+01
3.000000000000000000e+01
1.300000000000000000e+01
1.100000000000000000e+01
-1.200000000000000000e+01
2.000000000000000000e+00
1.800000000000000000e+01
3.200000000000000000e+01
2.000000000000000000e+00
1.700000000000000000e+01
-2.000000000000000000e+00
-2.000000000000000000e+01
-3.000000000000000000e+00
2.000000000000000000e+01
3.200000000000000000e+01
8.000000000000000000e+00
8.000000000000000000e+00
2.700000000000000000e+01
2.100000000000000000e+01
-8.000000000000000000e+00
2.000000000000000000e+01
4.000000000000000000e+01
-1.500000000000000000e+01
1.700000000000000000e+01
1.000000000000000000e+01
-4.000000000000000000e+00
2.300000000000000000e+01
-2.000000000000000000e+00
3.100000000000000000e+01
-4.000000000000000000e+00
1.200000000000000000e+01
3.700000000000000000e+01
-1.100000000000000000e+01
3.800000000000000000e+01
4.000000000000000000e+00
2.100000000000000000e+01
3.300000000000000000e+01
-2.500000000000000000e+01
4.300000000000000000e+01
-1.000000000000000000e+01
1.900000000000000000e+01
3.500000000000000000e+01
0.000000000000000000e+00
-2.300000000000000000e+01
1.100000000000000000e+01
-3.000000000000000000e+00
1.700000000000000000e+01
0.000000000000000000e+00
4.000000000000000000e+01
2.000000000000000000e+00
8.000000000000000000e+00
3.500000000000000000e+01
2.000000000000000000e+00
9.000000000000000000e+00
1.600000000000000000e+01
1.800000000000000000e+01
-5.000000000000000000e+00
2.100000000000000000e+01
1.200000000000000000e+01
4.000000000000000000e+00
1.000000000000000000e+01
-6.000000000000000000e+00
2.000000000000000000e+00
1.200000000000000000e+01
2.500000000000000000e+01
3.500000000000000000e+01
1.000000000000000000e+00
2.300000000000000000e+01
4.000000000000000000e+00
6.000000000000000000e+00
1.300000000000000000e+01
3.100000000000000000e+01
9.000000000000000000e+00
2.100000000000000000e+01
-1.000000000000000000e+00
1.100000000000000000e+01
3.000000000000000000e+00
-7.000000000000000000e+00
1.300000000000000000e+01
-1.500000000000000000e+01
1.800000000000000000e+01
2.500000000000000000e+01
1.400000000000000000e+01
3.000000000000000000e+01
-1.200000000000000000e+01
3.200000000000000000e+01
1.900000000000000000e+01
5.000000000000000000e+00
6.000000000000000000e+00
-1.000000000000000000e+00
-3.000000000000000000e+00
-5.000000000000000000e+00
0.000000000000000000e+00
-1.000000000000000000e+00
3.000000000000000000e+01
-1.600000000000000000e+01
1.500000000000000000e+01
-1.500000000000000000e+01
2.200000000000000000e+01
7.000000000000000000e+00
1.600000000000000000e+01
1.000000000000000000e+00
9.000000000000000000e+00
-4.000000000000000000e+00
-8.000000000000000000e+00
1.100000000000000000e+01
2.400000000000000000e+01
9.000000000000000000e+00
1.500000000000000000e+01
2.100000000000000000e+01
3.100000000000000000e+01
-7.000000000000000000e+00
2.900000000000000000e+01
-1.800000000000000000e+01
-8.000000000000000000e+00
-2.100000000000000000e+01
2.600000000000000000e+01
-1.300000000000000000e+01
6.000000000000000000e+00
-1.400000000000000000e+01
1.700000000000000000e+01
2.600000000000000000e+01
8.000000000000000000e+00
-2.300000000000000000e+01
3.200000000000000000e+01
2.000000000000000000e+00
2.600000000000000000e+01
1.600000000000000000e+01
7.000000000000000000e+00
2.900000000000000000e+01
1.300000000000000000e+01
-1.000000000000000000e+00
-1.900000000000000000e+01
3.100000000000000000e+01
0.000000000000000000e+00
-1.000000000000000000e+00
1.000000000000000000e+00
-8.000000000000000000e+00
1.400000000000000000e+01
4.000000000000000000e+00
-1.300000000000000000e+01
1.500000000000000000e+01
1.700000000000000000e+01
2.300000000000000000e+01
1.100000000000000000e+01
3.000000000000000000e+01
-3.000000000000000000e+00
-7.000000000000000000e+00
1.900000000000000000e+01
2.700000000000000000e+01
2.800000000000000000e+01
3.000000000000000000e+00
2.600000000000000000e+01
3.000000000000000000e+00
-1.400000000000000000e+01
3.000000000000000000e+00
6.000000000000000000e+00
-4.000000000000000000e+00
5.000000000000000000e+00
1.400000000000000000e+01
9.000000000000000000e+00
3.100000000000000000e+01
-7.000000000000000000e+00
2.000000000000000000e+01
8.000000000000000000e+00
-2.400000000000000000e+01
3.500000000000000000e+01
1.100000000000000000e+01
-3.000000000000000000e+00
-3.200000000000000000e+01
-1.200000000000000000e+01
-4.000000000000000000e+00
-1.000000000000000000e+00
-1.000000000000000000e+01
1.100000000000000000e+01
3.800000000000000000e+01
4.000000000000000000e+01
3.600000000000000000e+01
1.400000000000000000e+01
1.300000000000000000e+01
5.000000000000000000e+00
-1.700000000000000000e+01
-1.900000000000000000e+01
-7.000000000000000000e+00
-2.000000000000000000e+00
-1.200000000000000000e+01
3.000000000000000000e+00
1.300000000000000000e+01
1.000000000000000000e+00
-5.000000000000000000e+00
3.000000000000000000e+00
-1.400000000000000000e+01
1.600000000000000000e+01
-3.000000000000000000e+00
4.000000000000000000e+00
4.000000000000000000e+00
2.000000000000000000e+00
2.700000000000000000e+01
-2.200000000000000000e+01
1.900000000000000000e+01
-1.300000000000000000e+01
-6.000000000000000000e+00
2.000000000000000000e+01
2.700000000000000000e+01
1.600000000000000000e+01
1.900000000000000000e+01
6.000000000000000000e+00
-2.000000000000000000e+01
-2.200000000000000000e+01
1.700000000000000000e+01
-5.000000000000000000e+00
-1.600000000000000000e+01
1.800000000000000000e+01
1.100000000000000000e+01
2.200000000000000000e+01
-3.000000000000000000e+00
-1.700000000000000000e+01
6.000000000000000000e+00
-2.100000000000000000e+01
1.000000000000000000e+01
1.600000000000000000e+01
-3.000000000000000000e+00
1.700000000000000000e+01
1.000000000000000000e+01
-1.200000000000000000e+01
2.100000000000000000e+01
7.000000000000000000e+00
-1.600000000000000000e+01
5.000000000000000000e+00
0.000000000000000000e+00
2.000000000000000000e+00
2.800000000000000000e+01
3.000000000000000000e+00
1.500000000000000000e+01
2.000000000000000000e+01
1.600000000000000000e+01
1.900000000000000000e+01
-3.000000000000000000e+01
5.000000000000000000e+00
1.100000000000000000e+01
3.000000000000000000e+00
2.100000000000000000e+01
-6.000000000000000000e+00
2.600000000000000000e+01
-1.000000000000000000e+00
1.000000000000000000e+00
-2.000000000000000000e+00
1.100000000000000000e+01
2.000000000000000000e+01
2.200000000000000000e+01
-1.200000000000000000e+01
-1.100000000000000000e+01
-1.200000000000000000e+01
2.300000000000000000e+01
2.000000000000000000e+01
6.000000000000000000e+00
1.700000000000000000e+01
-1.300000000000000000e+01
1.800000000000000000e+01
4.000000000000000000e+00
1.000000000000000000e+00
1.000000000000000000e+00
6.000000000000000000e+00
0.000000000000000000e+00
-1.900000000000000000e+01
0.000000000000000000e+00
9.000000000000000000e+00
1.200000000000000000e+01
1.900000000000000000e+01
3.600000000000000000e+01
-1.000000000000000000e+01
2.400000000000000000e+01
9.000000000000000000e+00
-7.000000000000000000e+00
5.000000000000000000e+00
4.000000000000000000e+00
1.000000000000000000e+00
1.400000000000000000e+01
-2.100000000000000000e+01
2.600000000000000000e+01
1.200000000000000000e+01
-4.000000000000000000e+00
1.100000000000000000e+01
2.000000000000000000e+00
5.000000000000000000e+00
2.200000000000000000e+01
-2.000000000000000000e+00
-1.100000000000000000e+01
5.000000000000000000e+00
-9.000000000000000000e+00
-8.000000000000000000e+00
-1.800000000000000000e+01
3.000000000000000000e+00
-1.500000000000000000e+01
6.000000000000000000e+00
-8.000000000000000000e+00
-1.200000000000000000e+01
-5.000000000000000000e+00
-1.200000000000000000e+01
-2.900000000000000000e+01
1.200000000000000000e+01
-1.400000000000000000e+01
-6.000000000000000000e+00
4.000000000000000000e+00
2.200000000000000000e+01
7.000000000000000000e+00
-3.000000000000000000e+00
8.000000000000000000e+00
4.000000000000000000e+00
-8.000000000000000000e+00
9.000000000000000000e+00
1.000000000000000000e+01
-1.800000000000000000e+01
-2.700000000000000000e+01
-8.000000000000000000e+00
1.800000000000000000e+01
5.000000000000000000e+00
-1.100000000000000000e+01
-1.700000000000000000e+01
-1.300000000000000000e+01
7.000000000000000000e+00
-1.300000000000000000e+01
4.100000000000000000e+01
6.000000000000000000e+00
2.300000000000000000e+01
2.500000000000000000e+01
6.000000000000000000e+00
-5.000000000000000000e+00
5.000000000000000000e+00
-1.000000000000000000e+00
-1.000000000000000000e+00
1.100000000000000000e+01
-1.000000000000000000e+00
8.000000000000000000e+00
-1.800000000000000000e+01
-1.200000000000000000e+01
-5.000000000000000000e+00
7.100000000000000000e+01
-1.000000000000000000e+01
8.000000000000000000e+00
7.000000000000000000e+00
2.500000000000000000e+01
-8.000000000000000000e+00
-1.800000000000000000e+01
-3.000000000000000000e+00
-1.700000000000000000e+01
4.000000000000000000e+00
2.200000000000000000e+01
1.600000000000000000e+01
-9.000000000000000000e+00
-3.500000000000000000e+01
-2.000000000000000000e+00
8.000000000000000000e+00
5.000000000000000000e+00
3.200000000000000000e+01
6.000000000000000000e+00
-2.400000000000000000e+01
4.000000000000000000e+00
2.000000000000000000e+00
0.000000000000000000e+00
-8.000000000000000000e+00
-1.200000000000000000e+01
-2.200000000000000000e+01
5.000000000000000000e+00
3.300000000000000000e+01
2.200000000000000000e+01
3.000000000000000000e+00
-3.000000000000000000e+00
2.100000000000000000e+01
9.000000000000000000e+00
1.500000000000000000e+01
1.000000000000000000e+01
1.600000000000000000e+01
-2.000000000000000000e+00
-9.000000000000000000e+00
3.700000000000000000e+01
3.000000000000000000e+00
-2.600000000000000000e+01
-7.000000000000000000e+00
4.000000000000000000e+00
1.500000000000000000e+01
-1.200000000000000000e+01
-5.000000000000000000e+00
-3.000000000000000000e+00
-1.200000000000000000e+01
1.500000000000000000e+01
4.200000000000000000e+01
-9.000000000000000000e+00
-2.000000000000000000e+01
-4.000000000000000000e+00
-2.100000000000000000e+01
1.200000000000000000e+01
-7.000000000000000000e+00
-2.000000000000000000e+00
1.500000000000000000e+01
8.000000000000000000e+00
1.400000000000000000e+01
1.000000000000000000e+01
-6.000000000000000000e+00
1.900000000000000000e+01
1.800000000000000000e+01
9.000000000000000000e+00
-2.200000000000000000e+01
-6.000000000000000000e+00
9.000000000000000000e+00
4.100000000000000000e+01
-2.700000000000000000e+01
-2.100000000000000000e+01
-2.100000000000000000e+01
-2.200000000000000000e+01
4.000000000000000000e+00
1.600000000000000000e+01
-1.000000000000000000e+00
1.600000000000000000e+01
1.000000000000000000e+00
-1.200000000000000000e+01
-6.000000000000000000e+00
2.100000000000000000e+01
2.800000000000000000e+01
-2.000000000000000000e+00
-1.900000000000000000e+01
9.000000000000000000e+00
0.000000000000000000e+00
1.300000000000000000e+01
3.000000000000000000e+00
-7.000000000000000000e+00
9.000000000000000000e+00
1.300000000000000000e+01
-6.000000000000000000e+00
1.700000000000000000e+01
4.000000000000000000e+00
1.000000000000000000e+01
3.000000000000000000e+00
-3.000000000000000000e+01
2.300000000000000000e+01
-3.100000000000000000e+01
-4.200000000000000000e+01
1.100000000000000000e+01
2.100000000000000000e+01
1.000000000000000000e+00
2.300000000000000000e+01
5.000000000000000000e+00
3.000000000000000000e+01
1.000000000000000000e+00
1.600000000000000000e+01
1.000000000000000000e+01
-8.000000000000000000e+00
1.300000000000000000e+01
-2.300000000000000000e+01
4.000000000000000000e+00
-6.000000000000000000e+00
-1.700000000000000000e+01
-1.400000000000000000e+01
-2.300000000000000000e+01
9.000000000000000000e+00
2.300000000000000000e+01
3.000000000000000000e+00
1.400000000000000000e+01
-6.000000000000000000e+00
-1.000000000000000000e+00
1.200000000000000000e+01
5.000000000000000000e+00
-2.100000000000000000e+01
9.000000000000000000e+00
-1.800000000000000000e+01
4.000000000000000000e+00
-9.000000000000000000e+00
-1.000000000000000000e+01
-1.800000000000000000e+01
-1.400000000000000000e+01
-1.000000000000000000e+00
1.100000000000000000e+01
-1.500000000000000000e+01
-1.900000000000000000e+01
4.000000000000000000e+00
1.400000000000000000e+01
1.200000000000000000e+01
-1.200000000000000000e+01
-1.000000000000000000e+00
-1.800000000000000000e+01
-3.400000000000000000e+01
1.000000000000000000e+01
-6.000000000000000000e+00
2.100000000000000000e+01
-4.000000000000000000e+00
-8.000000000000000000e+00
4.000000000000000000e+00
7.000000000000000000e+00
-7.000000000000000000e+00
-5.000000000000000000e+00
8.000000000000000000e+00
5.000000000000000000e+00
1.600000000000000000e+01
2.900000000000000000e+01
-1.400000000000000000e+01
4.100000000000000000e+01
1.600000000000000000e+01
-1.500000000000000000e+01
-1.800000000000000000e+01
1.200000000000000000e+01
1.300000000000000000e+01
-5.000000000000000000e+00
0.000000000000000000e+00
8.000000000000000000e+00
9.000000000000000000e+00
3.400000000000000000e+01
1.000000000000000000e+00
-3.000000000000000000e+00
3.000000000000000000e+00
1.000000000000000000e+01
-4.000000000000000000e+00
-2.100000000000000000e+01
-1.400000000000000000e+01
1.000000000000000000e+00
-3.000000000000000000e+00
-1.000000000000000000e+00
-1.900000000000000000e+01
1.900000000000000000e+01
-1.000000000000000000e+01
3.000000000000000000e+00
-1.900000000000000000e+01
-9.000000000000000000e+00
8.000000000000000000e+00
-3.000000000000000000e+00
6.000000000000000000e+00
1.900000000000000000e+01
-1.000000000000000000e+00
2.600000000000000000e+01
2.100000000000000000e+01
-1.900000000000000000e+01
1.500000000000000000e+01
2.400000000000000000e+01
1.800000000000000000e+01
-1.700000000000000000e+01
2.800000000000000000e+01
-1.500000000000000000e+01
-1.700000000000000000e+01
1.200000000000000000e+01
1.000000000000000000e+00
-2.600000000000000000e+01
1.500000000000000000e+01
9.000000000000000000e+00
2.500000000000000000e+01
-3.000000000000000000e+00
1.100000000000000000e+01
1.400000000000000000e+01
5.000000000000000000e+00
6.000000000000000000e+00
-2.400000000000000000e+01
2.000000000000000000e+01
1.200000000000000000e+01
8.000000000000000000e+00
-1.000000000000000000e+01
7.000000000000000000e+00
8.000000000000000000e+00
1.700000000000000000e+01
-2.000000000000000000e+00
4.000000000000000000e+00
-2.600000000000000000e+01
1.000000000000000000e+00
2.300000000000000000e+01
8.000000000000000000e+00
-5.000000000000000000e+00
8.000000000000000000e+00
1.600000000000000000e+01
1.500000000000000000e+01
2.000000000000000000e+00
0.000000000000000000e+00
1.100000000000000000e+01
-3.000000000000000000e+00
1.300000000000000000e+01
1.000000000000000000e+00
-2.700000000000000000e+01
2.000000000000000000e+00
1.400000000000000000e+01
-1.100000000000000000e+01
8.000000000000000000e+00
-6.000000000000000000e+00
2.400000000000000000e+01
-1.000000000000000000e+01
-2.300000000000000000e+01
8.000000000000000000e+00
5.000000000000000000e+00
3.000000000000000000e+00
-1.400000000000000000e+01
-1.200000000000000000e+01
3.700000000000000000e+01
5.000000000000000000e+00
3.000000000000000000e+00
-1.400000000000000000e+01
-4.000000000000000000e+00
-8.000000000000000000e+00
-2.300000000000000000e+01
2.600000000000000000e+01
2.000000000000000000e+00
6.000000000000000000e+00
-3.000000000000000000e+00
1.100000000000000000e+01
-9.000000000000000000e+00
1.600000000000000000e+01
-8.000000000000000000e+00
1.300000000000000000e+01
4.000000000000000000e+00
-5.000000000000000000e+00
8.000000000000000000e+00
-4.000000000000000000e+00
-9.000000000000000000e+00
-4.000000000000000000e+00
0.000000000000000000e+00
-1.300000000000000000e+01
-1.000000000000000000e+00
1.900000000000000000e+01
-1.000000000000000000e+01
1.600000000000000000e+01
2.000000000000000000e+00
2.700000000000000000e+01
-4.300000000000000000e+01
1.000000000000000000e+00
-2.500000000000000000e+01
-7.000000000000000000e+00
-4.100000000000000000e+01
3.200000000000000000e+01
1.000000000000000000e+00
9.000000000000000000e+00
5.000000000000000000e+00
1.300000000000000000e+01
-6.000000000000000000e+00
3.000000000000000000e+00
4.000000000000000000e+00
3.000000000000000000e+00
1.000000000000000000e+01
1.000000000000000000e+00
-3.800000000000000000e+01
2.500000000000000000e+01
-2.600000000000000000e+01
4.500000000000000000e+01
8.000000000000000000e+00
-1.100000000000000000e+01
1.500000000000000000e+01
-5.000000000000000000e+00
-5.000000000000000000e+00
3.000000000000000000e+00
-1.000000000000000000e+01
3.400000000000000000e+01
-5.000000000000000000e+00
3.000000000000000000e+00
3.000000000000000000e+00
-3.000000000000000000e+00
-4.000000000000000000e+00
3.600000000000000000e+01
-2.400000000000000000e+01
9.000000000000000000e+00
1.700000000000000000e+01
-7.000000000000000000e+00
1.400000000000000000e+01
1.000000000000000000e+01
7.000000000000000000e+00
-5.000000000000000000e+00
1.500000000000000000e+01
9.000000000000000000e+00
1.000000000000000000e+00
9.000000000000000000e+00
-1.200000000000000000e+01
4.000000000000000000e+00
4.000000000000000000e+00
-1.800000000000000000e+01
-1.000000000000000000e+01
-9.000000000000000000e+00
2.000000000000000000e+00
-1.800000000000000000e+01
-1.800000000000000000e+01
-3.000000000000000000e+00
2.000000000000000000e+00
-3.100000000000000000e+01
-2.000000000000000000e+00
-2.300000000000000000e+01
-1.000000000000000000e+00
-7.000000000000000000e+00
2.600000000000000000e+01
-1.700000000000000000e+01
7.000000000000000000e+00
-1.000000000000000000e+00
1.300000000000000000e+01
-1.500000000000000000e+01
3.300000000000000000e+01
3.000000000000000000e+00
1.000000000000000000e+01
-1.000000000000000000e+00
1.000000000000000000e+01
-3.000000000000000000e+00
0.000000000000000000e+00
1.100000000000000000e+01
1.700000000000000000e+01
-1.400000000000000000e+01
-5.000000000000000000e+00
-8.000000000000000000e+00
-9.000000000000000000e+00
1.200000000000000000e+01
2.000000000000000000e+00
-1.900000000000000000e+01
1.000000000000000000e+00
2.100000000000000000e+01
-1.000000000000000000e+01
3.200000000000000000e+01
-2.000000000000000000e+00
0.000000000000000000e+00
-6.000000000000000000e+00
7.000000000000000000e+00
-1.900000000000000000e+01
-1.000000000000000000e+01
-5.000000000000000000e+00
3.000000000000000000e+00
-2.000000000000000000e+01
6.000000000000000000e+00
1.400000000000000000e+01
2.000000000000000000e+00
2.900000000000000000e+01
3.000000000000000000e+01
3.600000000000000000e+01
9.000000000000000000e+00
1.000000000000000000e+01
2.800000000000000000e+01
1.100000000000000000e+01
-7.000000000000000000e+00
-6.000000000000000000e+00
-2.800000000000000000e+01
1.900000000000000000e+01
2.000000000000000000e+00
0.000000000000000000e+00
-1.500000000000000000e+01
1.200000000000000000e+01
3.000000000000000000e+00
-4.000000000000000000e+00
2.600000000000000000e+01
1.100000000000000000e+01
2.400000000000000000e+01
-4.000000000000000000e+00
1.600000000000000000e+01
-1.300000000000000000e+01
-8.000000000000000000e+00
-1.000000000000000000e+00
-1.200000000000000000e+01
3.000000000000000000e+00
1.800000000000000000e+01
1.000000000000000000e+01
8.000000000000000000e+00
1.900000000000000000e+01
3.500000000000000000e+01
2.000000000000000000e+01
3.200000000000000000e+01
4.100000000000000000e+01
2.500000000000000000e+01
5.100000000000000000e+01
1.200000000000000000e+01
4.000000000000000000e+01
4.500000000000000000e+01
3.700000000000000000e+01
5.000000000000000000e+01
4.100000000000000000e+01
2.600000000000000000e+01
6.800000000000000000e+01
5.700000000000000000e+01
5.300000000000000000e+01
6.200000000000000000e+01
6.400000000000000000e+01
5.700000000000000000e+01
8.600000000000000000e+01
5.700000000000000000e+01
8.700000000000000000e+01
5.700000000000000000e+01
6.800000000000000000e+01
9.900000000000000000e+01
1.130000000000000000e+02
8.400000000000000000e+01
9.300000000000000000e+01
9.600000000000000000e+01
1.390000000000000000e+02
1.080000000000000000e+02
1.420000000000000000e+02
1.660000000000000000e+02
1.440000000000000000e+02
1.650000000000000000e+02
1.310000000000000000e+02
1.910000000000000000e+02
1.880000000000000000e+02
2.090000000000000000e+02
2.090000000000000000e+02
2.280000000000000000e+02
2.480000000000000000e+02
2.840000000000000000e+02
2.570000000000000000e+02
2.880000000000000000e+02
3.030000000000000000e+02
3.270000000000000000e+02
3.180000000000000000e+02
3.070000000000000000e+02
3.490000000000000000e+02
3.990000000000000000e+02
3.520000000000000000e+02
3.970000000000000000e+02
4.200000000000000000e+02
4.210000000000000000e+02
4.740000000000000000e+02
4.530000000000000000e+02
4.440000000000000000e+02
5.280000000000000000e+02
5.050000000000000000e+02
5.490000000000000000e+02
6.100000000000000000e+02
6.510000000000000000e+02
6.220000000000000000e+02
6.230000000000000000e+02
7.000000000000000000e+02
6.970000000000000000e+02
7.590000000000000000e+02
7.160000000000000000e+02
7.740000000000000000e+02
8.200000000000000000e+02
8.090000000000000000e+02
8.570000000000000000e+02
8.750000000000000000e+02
8.390000000000000000e+02
8.990000000000000000e+02
9.240000000000000000e+02
9.560000000000000000e+02
9.550000000000000000e+02
9.640000000000000000e+02
9.570000000000000000e+02
1.021000000000000000e+03
1.017000000000000000e+03
1.078000000000000000e+03
1.071000000000000000e+03
1.146000000000000000e+03
1.083000000000000000e+03
1.121000000000000000e+03
1.110000000000000000e+03
1.159000000000000000e+03
1.170000000000000000e+03
1.197000000000000000e+03
1.207000000000000000e+03
1.200000000000000000e+03
1.226000000000000000e+03
1.206000000000000000e+03
1.210000000000000000e+03
1.270000000000000000e+03
1.337000000000000000e+03
1.309000000000000000e+03
1.301000000000000000e+03
1.285000000000000000e+03
1.306000000000000000e+03
1.333000000000000000e+03
1.331000000000000000e+03
1.317000000000000000e+03
1.310000000000000000e+03
1.351000000000000000e+03
1.275000000000000000e+03
1.315000000000000000e+03
1.279000000000000000e+03
1.299000000000000000e+03
1.274000000000000000e+03
1.272000000000000000e+03
1.202000000000000000e+03
1.241000000000000000e+03
1.223000000000000000e+03
1.232000000000000000e+03
1.166000000000000000e+03
1.155000000000000000e+03
1.115000000000000000e+03
1.125000000000000000e+03
1.127000000000000000e+03
1.125000000000000000e+03
1.103000000000000000e+03
1.089000000000000000e+03
1.030000000000000000e+03
1.082000000000000000e+03
1.035000000000000000e+03
1.049000000000000000e+03
1.024000000000000000e+03
1.043000000000000000e+03
9.660000000000000000e+02
9.920000000000000000e+02
9.590000000000000000e+02
9.540000000000000000e+02
9.870000000000000000e+02
9.090000000000000000e+02
9.170000000000000000e+02
9.280000000000000000e+02
9.100000000000000000e+02
8.500000000000000000e+02
7.870000000000000000e+02
8.090000000000000000e+02
8.140000000000000000e+02
7.560000000000000000e+02
7.420000000000000000e+02
7.210000000000000000e+02
7.300000000000000000e+02
6.560000000000000000e+02
6.570000000000000000e+02
5.990000000000000000e+02
6.150000000000000000e+02
5.750000000000000000e+02
5.750000000000000000e+02
5.420000000000000000e+02
5.430000000000000000e+02
5.290000000000000000e+02
4.890000000000000000e+02
4.840000000000000000e+02
4.580000000000000000e+02
4.800000000000000000e+02
4.120000000000000000e+02
4.000000000000000000e+02
4.260000000000000000e+02
4.060000000000000000e+02
4.080000000000000000e+02
3.660000000000000000e+02
3.720000000000000000e+02
3.410000000000000000e+02
3.040000000000000000e+02
2.910000000000000000e+02
2.960000000000000000e+02
3.020000000000000000e+02
2.510000000000000000e+02
2.510000000000000000e+02
2.720000000000000000e+02
2.020000000000000000e+02
2.450000000000000000e+02
1.870000000000000000e+02
1.830000000000000000e+02
2.040000000000000000e+02
1.910000000000000000e+02
1.830000000000000000e+02
1.620000000000000000e+02
1.630000000000000000e+02
1.500000000000000000e+02
1.610000000000000000e+02
1.590000000000000000e+02
1.360000000000000000e+02
1.140000000000000000e+02
1.200000000000000000e+02
1.310000000000000000e+02
9.600000000000000000e+01
1.130000000000000000e+02
1.050000000000000000e+02
8.200000000000000000e+01
7.900000000000000000e+01
9.900000000000000000e+01
7.000000000000000000e+01
6.500000000000000000e+01
8.200000000000000000e+01
7.500000000000000000e+01
3.900000000000000000e+01
7.000000000000000000e+01
6.500000000000000000e+01
4.900000000000000000e+01
7.200000000000000000e+01
3.100000000000000000e+01
4.900000000000000000e+01
5.700000000000000000e+01
2.400000000000000000e+01
4.100000000000000000e+01
5.000000000000000000e+01
3.600000000000000000e+01
1.000000000000000000e+00
4.600000000000000000e+01
-7.000000000000000000e+00
1.400000000000000000e+01
8.000000000000000000e+00
3.800000000000000000e+01
-9.000000000000000000e+00
8.000000000000000000e+00
2.500000000000000000e+01
2.300000000000000000e+01
0.000000000000000000e+00
-1.700000000000000000e+01
2.300000000000000000e+01
2.200000000000000000e+01
-1.900000000000000000e+01
2.600000000000000000e+01
1.800000000000000000e+01
1.300000000000000000e+01
2.200000000000000000e+01
2.600000000000000000e+01
-1.700000000000000000e+01
1.500000000000000000e+01
3.000000000000000000e+01
1.400000000000000000e+01
4.000000000000000000e+00
2.600000000000000000e+01
-2.000000000000000000e+00
-4.000000000000000000e+00
1.100000000000000000e+01
9.000000000000000000e+00
-4.000000000000000000e+00
-2.100000000000000000e+01
1.800000000000000000e+01
2.900000000000000000e+01
2.500000000000000000e+01
0.000000000000000000e+00
5.000000000000000000e+00
2.000000000000000000e+00
3.000000000000000000e+00
3.100000000000000000e+01
-2.000000000000000000e+00
0.000000000000000000e+00
3.000000000000000000e+01
-1.200000000000000000e+01
1.400000000000000000e+01
5.000000000000000000e+00
2.000000000000000000e+01
1.400000000000000000e+01
3.000000000000000000e+00
6.000000000000000000e+00
-4.000000000000000000e+00
-9.000000000000000000e+00
-2.000000000000000000e+00
-3.000000000000000000e+00
-1.000000000000000000e+00
4.000000000000000000e+00
-2.600000000000000000e+01
6.000000000000000000e+00
-1.700000000000000000e+01
-4.000000000000000000e+00
-2.000000000000000000e+01
1.600000000000000000e+01
5.600000000000000000e+01
1.600000000000000000e+01
-2.000000000000000000e+01
-4.000000000000000000e+00
4.000000000000000000e+00
-1.000000000000000000e+01
-1.900000000000000000e+01
-1.000000000000000000e+00
2.200000000000000000e+01
3.000000000000000000e+00
0.000000000000000000e+00
0.000000000000000000e+00
-2.500000000000000000e+01
2.900000000000000000e+01
-1.000000000000000000e+00
1.500000000000000000e+01
-8.000000000000000000e+00
-1.000000000000000000e+00
1.400000000000000000e+01
8.000000000000000000e+00
-9.000000000000000000e+00
-4.000000000000000000e+00
-1.000000000000000000e+01
-9.000000000000000000e+00
2.000000000000000000e+01
9.000000000000000000e+00
-1.600000000000000000e+01
1.400000000000000000e+01
-4.000000000000000000e+00
6.000000000000000000e+00
-1.000000000000000000e+01
2.400000000000000000e+01
-4.000000000000000000e+00
-1.000000000000000000e+00
-2.000000000000000000e+00
-3.000000000000000000e+00
