-2.000000000000000000e+00
1.000000000000000000e+00
5.000000000000000000e+00
5.000000000000000000e+00
-2.000000000000000000e+00
-1.100000000000000000e+01
-2.700000000000000000e+01
-2.000000000000000000e+00
-1.000000000000000000e+01
-1.100000000000000000e+01
-8.000000000000000000e+00
-1.000000000000000000e+00
2.000000000000000000e+00
-1.100000000000000000e+01
-4.000000000000000000e+00
2.000000000000000000e+01
1.400000000000000000e+01
1.800000000000000000e+01
-1.000000000000000000e+00
3.000000000000000000e+00
5.600000000000000000e+01
-1.000000000000000000e+01
-8.000000000000000000e+00
0.000000000000000000e+00
-2.900000000000000000e+01
-2.200000000000000000e+01
8.000000000000000000e+00
-1.100000000000000000e+01
2.100000000000000000e+01
-1.600000000000000000e+01
-1.700000000000000000e+01
-1.100000000000000000e+01
2.400000000000000000e+01
6.000000000000000000e+00
1.000000000000000000e+01
-3.000000000000000000e+00
-8.000000000000000000e+00
-1.000000000000000000e+00
-7.000000000000000000e+00
3.100000000000000000e+01
-3.000000000000000000e+01
-5.000000000000000000e+00
-6.000000000000000000e+00
-2.100000000000000000e+01
1.700000000000000000e+01
1.200000000000000000e+01
1.000000000000000000e+00
-9.000000000000000000e+00
8.000000000000000000e+00
5.000000000000000000e+00
-8.000000000000000000e+00
5.000000000000000000e+00
-2.900000000000000000e+01
1.400000000000000000e+01
1.000000000000000000e+00
6.000000000000000000e+00
7.000000000000000000e+00
-2.800000000000000000e+01
0.000000000000000000e+00
-6.000000000000000000e+00
4.000000000000000000e+00
1.000000000000000000e+01
-6.200000000000000000e+01
2.300000000000000000e+01
-1.600000000000000000e+01
-1.000000000000000000e+00
-1.800000000000000000e+01
-1.000000000000000000e+00
2.000000000000000000e+00
-7.000000000000000000e+00
1.600000000000000000e+01
-1.200000000000000000e+01
1.100000000000000000e+01
0.000000000000000000e+00
-1.200000000000000000e+01
1.700000000000000000e+01
-6.000000000000000000e+00
2.000000000000000000e+01
1.200000000000000000e+01
-2.400000000000000000e+01
4.000000000000000000e+00
-7.000000000000000000e+00
-1.700000000000000000e+01
6.000000000000000000e+00
-4.000000000000000000e+00
-4.000000000000000000e+00
1.000000000000000000e+01
-1.600000000000000000e+01
2.000000000000000000e+00
-2.700000000000000000e+01
-1.600000000000000000e+01
-2.000000000000000000e+01
0.000000000000000000e+00
-1.000000000000000000e+01
1.400000000000000000e+01
9.000000000000000000e+00
-1.700000000000000000e+01
1.300000000000000000e+01
9.000000000000000000e+00
2.000000000000000000e+00
1.300000000000000000e+01
7.000000000000000000e+00
2.000000000000000000e+01
-2.800000000000000000e+01
2.000000000000000000e+01
-1.100000000000000000e+01
-5.000000000000000000e+00
2.200000000000000000e+01
9.000000000000000000e+00
1.000000000000000000e+00
-2.300000000000000000e+01
-1.800000000000000000e+01
2.200000000000000000e+01
-1.900000000000000000e+01
-1.000000000000000000e+01
2.300000000000000000e+01
9.000000000000000000e+00
2.600000000000000000e+01
5.000000000000000000e+00
2.100000000000000000e+01
3.100000000000000000e+01
8.000000000000000000e+00
8.000000000000000000e+00
7.000000000000000000e+00
1.000000000000000000e+01
-1.700000000000000000e+01
-5.000000000000000000e+00
-5.000000000000000000e+00
1.400000000000000000e+01
1.000000000000000000e+01
1.500000000000000000e+01
2.800000000000000000e+01
4.000000000000000000e+00
1.600000000000000000e+01
-1.700000000000000000e+01
1.300000000000000000e+01
1.100000000000000000e+01
2.200000000000000000e+01
-8.000000000000000000e+00
-1.000000000000000000e+00
2.000000000000000000e+00
-1.500000000000000000e+01
-1.300000000000000000e+01
1.100000000000000000e+01
7.000000000000000000e+00
2.600000000000000000e+01
-1.200000000000000000e+01
-2.000000000000000000e+01
4.000000000000000000e+00
-1.000000000000000000e+01
-7.000000000000000000e+00
-8.000000000000000000e+00
-1.300000000000000000e+01
-1.000000000000000000e+00
-4.000000000000000000e+00
4.000000000000000000e+00
2.000000000000000000e+00
2.000000000000000000e+00
-3.000000000000000000e+00
-1.400000000000000000e+01
1.000000000000000000e+00
-7.000000000000000000e+00
-1.700000000000000000e+01
-1.200000000000000000e+01
-2.400000000000000000e+01
-1.500000000000000000e+01
-4.000000000000000000e+00
-2.200000000000000000e+01
-3.000000000000000000e+00
-1.800000000000000000e+01
1.300000000000000000e+01
-2.000000000000000000e+00
-3.000000000000000000e+00
6.000000000000000000e+00
1.000000000000000000e+01
-5.000000000000000000e+00
9.000000000000000000e+00
2.200000000000000000e+01
5.000000000000000000e+00
1.000000000000000000e+00
-4.000000000000000000e+00
2.800000000000000000e+01
7.000000000000000000e+00
-2.700000000000000000e+01
1.100000000000000000e+01
-2.000000000000000000e+01
1.000000000000000000e+01
8.000000000000000000e+00
-2.000000000000000000e+00
4.200000000000000000e+01
-5.000000000000000000e+00
-1.900000000000000000e+01
-1.200000000000000000e+01
1.000000000000000000e+00
1.000000000000000000e+00
-2.400000000000000000e+01
1.400000000000000000e+01
2.000000000000000000e+00
0.000000000000000000e+00
1.000000000000000000e+00
1.700000000000000000e+01
2.100000000000000000e+01
4.000000000000000000e+00
1.500000000000000000e+01
-1.100000000000000000e+01
-1.000000000000000000e+01
1.600000000000000000e+01
-1.200000000000000000e+01
-5.000000000000000000e+00
1.100000000000000000e+01
0.000000000000000000e+00
1.300000000000000000e+01
7.000000000000000000e+00
-1.200000000000000000e+01
-5.000000000000000000e+00
-2.300000000000000000e+01
1.900000000000000000e+01
-1.400000000000000000e+01
1.800000000000000000e+01
-7.000000000000000000e+00
1.800000000000000000e+01
-1.700000000000000000e+01
-6.000000000000000000e+00
6.000000000000000000e+00
-1.200000000000000000e+01
8.000000000000000000e+00
6.000000000000000000e+00
3.000000000000000000e+00
-1.100000000000000000e+01
1.800000000000000000e+01
-1.400000000000000000e+01
7.000000000000000000e+00
3.000000000000000000e+00
8.000000000000000000e+00
2.000000000000000000e+00
4.000000000000000000e+00
-1.000000000000000000e+00
-1.800000000000000000e+01
2.000000000000000000e+00
-5.000000000000000000e+00
6.000000000000000000e+00
0.000000000000000000e+00
9.000000000000000000e+00
1.700000000000000000e+01
2.500000000000000000e+01
2.100000000000000000e+01
-5.000000000000000000e+00
2.600000000000000000e+01
0.000000000000000000e+00
2.200000000000000000e+01
-1.000000000000000000e+00
6.000000000000000000e+00
-1.600000000000000000e+01
-7.000000000000000000e+00
-2.000000000000000000e+01
7.000000000000000000e+00
-1.800000000000000000e+01
-1.400000000000000000e+01
-4.300000000000000000e+01
-2.200000000000000000e+01
-4.000000000000000000e+00
4.000000000000000000e+00
1.500000000000000000e+01
-2.200000000000000000e+01
3.000000000000000000e+00
2.400000000000000000e+01
-9.000000000000000000e+00
-1.400000000000000000e+01
2.300000000000000000e+01
1.000000000000000000e+00
-1.100000000000000000e+01
-2.000000000000000000e+00
-2.900000000000000000e+01
-1.000000000000000000e+01
1.300000000000000000e+01
-1.000000000000000000e+00
1.400000000000000000e+01
-1.600000000000000000e+01
-2.500000000000000000e+01
2.100000000000000000e+01
8.000000000000000000e+00
-1.600000000000000000e+01
-1.700000000000000000e+01
-1.400000000000000000e+01
3.000000000000000000e+00
-1.300000000000000000e+01
-2.300000000000000000e+01
-2.500000000000000000e+01
-3.000000000000000000e+01
1.300000000000000000e+01
-9.000000000000000000e+00
3.000000000000000000e+00
3.000000000000000000e+00
1.700000000000000000e+01
1.200000000000000000e+01
3.500000000000000000e+01
-8.000000000000000000e+00
-3.000000000000000000e+00
1.000000000000000000e+00
1.900000000000000000e+01
-3.100000000000000000e+01
-1.600000000000000000e+01
-4.300000000000000000e+01
7.000000000000000000e+00
-6.000000000000000000e+00
-4.000000000000000000e+00
-5.000000000000000000e+00
-1.000000000000000000e+00
-2.100000000000000000e+01
-1.000000000000000000e+01
-1.300000000000000000e+01
1.600000000000000000e+01
1.200000000000000000e+01
-3.000000000000000000e+00
-2.400000000000000000e+01
-5.000000000000000000e+00
8.000000000000000000e+00
-6.000000000000000000e+00
3.000000000000000000e+00
-2.100000000000000000e+01
-2.500000000000000000e+01
2.800000000000000000e+01
-2.500000000000000000e+01
-1.100000000000000000e+01
2.000000000000000000e+00
-1.600000000000000000e+01
3.000000000000000000e+00
-1.900000000000000000e+01
1.000000000000000000e+01
0.000000000000000000e+00
1.500000000000000000e+01
2.500000000000000000e+01
-1.200000000000000000e+01
1.900000000000000000e+01
2.300000000000000000e+01
-2.400000000000000000e+01
-3.000000000000000000e+00
4.000000000000000000e+00
2.000000000000000000e+00
3.600000000000000000e+01
-6.000000000000000000e+00
-1.700000000000000000e+01
-8.000000000000000000e+00
9.000000000000000000e+00
2.300000000000000000e+01
-2.100000000000000000e+01
2.000000000000000000e+00
-2.700000000000000000e+01
-1.800000000000000000e+01
5.000000000000000000e+00
2.000000000000000000e+00
6.000000000000000000e+00
5.000000000000000000e+00
1.100000000000000000e+01
-1.000000000000000000e+01
1.100000000000000000e+01
4.000000000000000000e+00
1.100000000000000000e+01
-7.000000000000000000e+00
-3.200000000000000000e+01
-9.000000000000000000e+00
4.000000000000000000e+00
-3.000000000000000000e+00
1.700000000000000000e+01
-1.000000000000000000e+01
2.500000000000000000e+01
1.600000000000000000e+01
-1.500000000000000000e+01
3.200000000000000000e+01
-1.700000000000000000e+01
8.000000000000000000e+00
-9.000000000000000000e+00
-2.000000000000000000e+01
-2.700000000000000000e+01
7.000000000000000000e+00
2.000000000000000000e+00
-2.700000000000000000e+01
-3.000000000000000000e+01
7.000000000000000000e+00
6.000000000000000000e+00
3.600000000000000000e+01
0.000000000000000000e+00
-6.400000000000000000e+01
3.000000000000000000e+01
-2.400000000000000000e+01
1.900000000000000000e+01
-2.100000000000000000e+01
7.000000000000000000e+00
5.000000000000000000e+00
2.500000000000000000e+01
-5.000000000000000000e+00
4.000000000000000000e+00
4.000000000000000000e+00
-1.600000000000000000e+01
-5.000000000000000000e+00
1.900000000000000000e+01
0.000000000000000000e+00
1.400000000000000000e+01
1.200000000000000000e+01
3.300000000000000000e+01
2.300000000000000000e+01
2.200000000000000000e+01
-6.000000000000000000e+00
3.000000000000000000e+00
-1.500000000000000000e+01
-1.600000000000000000e+01
2.000000000000000000e+01
-1.000000000000000000e+01
-1.000000000000000000e+00
-1.700000000000000000e+01
-7.000000000000000000e+00
-3.000000000000000000e+00
-2.800000000000000000e+01
1.200000000000000000e+01
7.000000000000000000e+00
6.000000000000000000e+00
1.100000000000000000e+01
-1.200000000000000000e+01
-9.000000000000000000e+00
5.000000000000000000e+00
8.000000000000000000e+00
-5.000000000000000000e+00
-7.000000000000000000e+00
3.000000000000000000e+00
1.000000000000000000e+00
-9.000000000000000000e+00
-7.000000000000000000e+00
1.000000000000000000e+00
-4.000000000000000000e+00
1.800000000000000000e+01
-5.000000000000000000e+00
1.000000000000000000e+01
2.200000000000000000e+01
6.000000000000000000e+00
-6.000000000000000000e+00
0.000000000000000000e+00
-2.400000000000000000e+01
5.000000000000000000e+00
1.700000000000000000e+01
-2.000000000000000000e+00
7.000000000000000000e+00
-2.700000000000000000e+01
-1.200000000000000000e+01
9.000000000000000000e+00
2.100000000000000000e+01
1.100000000000000000e+01
2.000000000000000000e+00
-7.000000000000000000e+00
-3.500000000000000000e+01
6.000000000000000000e+00
2.800000000000000000e+01
1.900000000000000000e+01
1.000000000000000000e+01
-1.000000000000000000e+00
-6.000000000000000000e+00
3.000000000000000000e+01
2.600000000000000000e+01
2.500000000000000000e+01
-2.500000000000000000e+01
2.200000000000000000e+01
6.000000000000000000e+00
-4.000000000000000000e+00
-1.300000000000000000e+01
-2.200000000000000000e+01
1.000000000000000000e+00
-1.400000000000000000e+01
2.000000000000000000e+01
-1.500000000000000000e+01
-1.100000000000000000e+01
-1.100000000000000000e+01
0.000000000000000000e+00
1.500000000000000000e+01
2.400000000000000000e+01
-1.000000000000000000e+01
-2.400000000000000000e+01
5.000000000000000000e+00
1.500000000000000000e+01
-1.900000000000000000e+01
2.200000000000000000e+01
-2.700000000000000000e+01
-1.400000000000000000e+01
4.000000000000000000e+00
-5.000000000000000000e+00
-4.000000000000000000e+00
-3.100000000000000000e+01
-1.000000000000000000e+00
1.000000000000000000e+00
1.600000000000000000e+01
-8.000000000000000000e+00
3.000000000000000000e+00
3.500000000000000000e+01
-6.000000000000000000e+00
1.500000000000000000e+01
-1.400000000000000000e+01
-2.600000000000000000e+01
-2.000000000000000000e+00
3.000000000000000000e+00
-2.100000000000000000e+01
-3.000000000000000000e+00
-1.200000000000000000e+01
2.100000000000000000e+01
1.500000000000000000e+01
-8.000000000000000000e+00
3.000000000000000000e+00
0.000000000000000000e+00
-9.000000000000000000e+00
1.000000000000000000e+01
3.800000000000000000e+01
-2.000000000000000000e+01
2.000000000000000000e+01
-3.200000000000000000e+01
-8.000000000000000000e+00
-1.000000000000000000e+01
-3.600000000000000000e+01
1.800000000000000000e+01
-2.400000000000000000e+01
6.000000000000000000e+00
-6.000000000000000000e+00
1.000000000000000000e+01
-2.000000000000000000e+00
4.000000000000000000e+00
6.000000000000000000e+00
-2.700000000000000000e+01
-7.000000000000000000e+00
-1.700000000000000000e+01
-3.000000000000000000e+01
2.200000000000000000e+01
2.000000000000000000e+00
2.000000000000000000e+00
5.000000000000000000e+00
-1.000000000000000000e+00
1.800000000000000000e+01
5.000000000000000000e+00
3.900000000000000000e+01
4.700000000000000000e+01
-1.600000000000000000e+01
-3.500000000000000000e+01
-3.000000000000000000e+00
-1.500000000000000000e+01
-6.000000000000000000e+00
6.100000000000000000e+01
-9.000000000000000000e+00
2.600000000000000000e+01
-1.300000000000000000e+01
1.800000000000000000e+01
-1.900000000000000000e+01
4.900000000000000000e+01
-1.300000000000000000e+01
3.000000000000000000e+00
-2.000000000000000000e+00
-3.000000000000000000e+00
-2.200000000000000000e+01
0.000000000000000000e+00
-1.500000000000000000e+01
3.700000000000000000e+01
-9.000000000000000000e+00
1.100000000000000000e+01
3.000000000000000000e+00
2.100000000000000000e+01
2.200000000000000000e+01
-2.000000000000000000e+00
5.000000000000000000e+00
2.500000000000000000e+01
2.200000000000000000e+01
-1.000000000000000000e+00
-1.500000000000000000e+01
9.000000000000000000e+00
3.000000000000000000e+00
-2.000000000000000000e+01
1.900000000000000000e+01
0.000000000000000000e+00
4.000000000000000000e+00
1.800000000000000000e+01
-3.400000000000000000e+01
1.500000000000000000e+01
2.900000000000000000e+01
-2.200000000000000000e+01
1.200000000000000000e+01
4.000000000000000000e+01
-4.000000000000000000e+00
-7.000000000000000000e+00
1.000000000000000000e+00
1.900000000000000000e+01
2.900000000000000000e+01
1.000000000000000000e+01
5.600000000000000000e+01
-5.000000000000000000e+00
2.900000000000000000e+01
1.500000000000000000e+01
9.000000000000000000e+00
-1.800000000000000000e+01
-4.000000000000000000e+00
1.800000000000000000e+01
-9.000000000000000000e+00
7.000000000000000000e+00
2.500000000000000000e+01
-9.000000000000000000e+00
-8.000000000000000000e+00
1.100000000000000000e+01
2.200000000000000000e+01
-2.200000000000000000e+01
4.000000000000000000e+00
1.900000000000000000e+01
2.400000000000000000e+01
1.800000000000000000e+01
-6.000000000000000000e+00
4.000000000000000000e+01
2.000000000000000000e+01
-9.000000000000000000e+00
6.000000000000000000e+00
1.200000000000000000e+01
2.000000000000000000e+01
-1.100000000000000000e+01
1.400000000000000000e+01
2.000000000000000000e+00
7.000000000000000000e+00
3.000000000000000000e+00
-3.000000000000000000e+00
-6.000000000000000000e+00
0.000000000000000000e+00
-4.000000000000000000e+00
-1.100000000000000000e+01
1.400000000000000000e+01
-1.200000000000000000e+01
-9.000000000000000000e+00
-1.700000000000000000e+01
4.000000000000000000e+00
3.600000000000000000e+01
4.000000000000000000e+00
-2.700000000000000000e+01
3.300000000000000000e+01
-1.300000000000000000e+01
5.000000000000000000e+00
-1.600000000000000000e+01
-8.000000000000000000e+00
1.500000000000000000e+01
-1.400000000000000000e+01
1.500000000000000000e+01
-1.000000000000000000e+00
1.200000000000000000e+01
8.000000000000000000e+00
-3.300000000000000000e+01
-2.300000000000000000e+01
5.000000000000000000e+00
9.000000000000000000e+00
4.100000000000000000e+01
5.000000000000000000e+00
1.200000000000000000e+01
1.600000000000000000e+01
0.000000000000000000e+00
-9.000000000000000000e+00
2.000000000000000000e+00
3.900000000000000000e+01
2.700000000000000000e+01
-7.000000000000000000e+00
-3.400000000000000000e+01
6.000000000000000000e+00
-1.400000000000000000e+01
1.200000000000000000e+01
2.000000000000000000e+00
6.000000000000000000e+00
3.000000000000000000e+01
-3.100000000000000000e+01
2.500000000000000000e+01
-1.000000000000000000e+01
-8.000000000000000000e+00
-2.200000000000000000e+01
2.000000000000000000e+01
2.600000000000000000e+01
-9.000000000000000000e+00
1.000000000000000000e+00
-1.100000000000000000e+01
2.700000000000000000e+01
2.100000000000000000e+01
-2.500000000000000000e+01
-3.500000000000000000e+01
-1.000000000000000000e+01
3.500000000000000000e+01
-1.000000000000000000e+00
-4.000000000000000000e+00
-1.000000000000000000e+01
-4.000000000000000000e+00
8.000000000000000000e+00
6.000000000000000000e+00
-9.000000000000000000e+00
-9.000000000000000000e+00
2.700000000000000000e+01
3.600000000000000000e+01
6.000000000000000000e+00
-8.000000000000000000e+00
-2.200000000000000000e+01
1.400000000000000000e+01
2.200000000000000000e+01
-1.000000000000000000e+01
2.600000000000000000e+01
3.000000000000000000e+00
2.000000000000000000e+00
2.300000000000000000e+01
4.000000000000000000e+00
5.000000000000000000e+00
0.000000000000000000e+00
1.500000000000000000e+01
3.000000000000000000e+00
-9.000000000000000000e+00
2.400000000000000000e+01
3.900000000000000000e+01
-1.700000000000000000e+01
-6.000000000000000000e+00
1.700000000000000000e+01
1.800000000000000000e+01
1.200000000000000000e+01
8.000000000000000000e+00
1.600000000000000000e+01
5.000000000000000000e+00
1.400000000000000000e+01
-1.500000000000000000e+01
2.100000000000000000e+01
1.000000000000000000e+01
2.900000000000000000e+01
2.600000000000000000e+01
-7.000000000000000000e+00
2.200000000000000000e+01
-3.000000000000000000e+00
2.500000000000000000e+01
1.600000000000000000e+01
-2.000000000000000000e+01
-2.000000000000000000e+00
8.000000000000000000e+00
1.000000000000000000e+00
2.700000000000000000e+01
4.100000000000000000e+01
1.400000000000000000e+01
2.100000000000000000e+01
1.300000000000000000e+01
3.000000000000000000e+00
2.800000000000000000e+01
9.000000000000000000e+00
3.700000000000000000e+01
2.700000000000000000e+01
4.200000000000000000e+01
3.900000000000000000e+01
-2.700000000000000000e+01
1.400000000000000000e+01
1.900000000000000000e+01
-3.300000000000000000e+01
-5.000000000000000000e+00
6.000000000000000000e+00
1.600000000000000000e+01
2.100000000000000000e+01
1.000000000000000000e+01
1.100000000000000000e+01
2.800000000000000000e+01
1.400000000000000000e+01
3.500000000000000000e+01
3.100000000000000000e+01
5.000000000000000000e+00
7.000000000000000000e+00
1.100000000000000000e+01
-2.000000000000000000e+00
3.700000000000000000e+01
4.000000000000000000e+01
1.800000000000000000e+01
3.000000000000000000e+00
-9.000000000000000000e+00
1.400000000000000000e+01
2.600000000000000000e+01
-2.100000000000000000e+01
1.800000000000000000e+01
1.000000000000000000e+01
8.000000000000000000e+00
1.900000000000000000e+01
1.600000000000000000e+01
1.800000000000000000e+01
2.000000000000000000e+01
-1.800000000000000000e+01
5.000000000000000000e+00
-1.100000000000000000e+01
3.300000000000000000e+01
2.400000000000000000e+01
0.000000000000000000e+00
1.600000000000000000e+01
1.600000000000000000e+01
-1.200000000000000000e+01
3.000000000000000000e+01
2.600000000000000000e+01
3.300000000000000000e+01
0.000000000000000000e+00
2.900000000000000000e+01
1.500000000000000000e+01
1.800000000000000000e+01
-6.000000000000000000e+00
6.000000000000000000e+00
9.000000000000000000e+00
9.000000000000000000e+00
1.900000000000000000e+01
7.000000000000000000e+00
-1.400000000000000000e+01
4.000000000000000000e+00
-4.000000000000000000e+00
9.000000000000000000e+00
1.700000000000000000e+01
4.400000000000000000e+01
6.000000000000000000e+00
-9.000000000000000000e+00
-1.500000000000000000e+01
7.000000000000000000e+00
5.000000000000000000e+01
1.900000000000000000e+01
-1.400000000000000000e+01
3.200000000000000000e+01
1.500000000000000000e+01
4.400000000000000000e+01
1.000000000000000000e+01
3.300000000000000000e+01
-2.100000000000000000e+01
7.000000000000000000e+00
1.800000000000000000e+01
3.100000000000000000e+01
2.600000000000000000e+01
-1.300000000000000000e+01
5.000000000000000000e+00
4.300000000000000000e+01
1.800000000000000000e+01
1.600000000000000000e+01
2.100000000000000000e+01
6.000000000000000000e+00
2.300000000000000000e+01
3.000000000000000000e+01
-5.000000000000000000e+00
1.700000000000000000e+01
1.700000000000000000e+01
-9.000000000000000000e+00
-1.700000000000000000e+01
-4.000000000000000000e+01
1.900000000000000000e+01
5.000000000000000000e+00
2.000000000000000000e+00
-1.400000000000000000e+01
1.100000000000000000e+01
4.900000000000000000e+01
-1.600000000000000000e+01
1.600000000000000000e+01
-4.300000000000000000e+01
3.600000000000000000e+01
7.000000000000000000e+00
3.200000000000000000e+01
3.300000000000000000e+01
4.600000000000000000e+01
1.600000000000000000e+01
2.100000000000000000e+01
4.100000000000000000e+01
5.000000000000000000e+00
2.300000000000000000e+01
2.400000000000000000e+01
1.000000000000000000e+01
-1.000000000000000000e+01
2.300000000000000000e+01
2.600000000000000000e+01
-1.000000000000000000e+00
8.000000000000000000e+00
3.800000000000000000e+01
6.000000000000000000e+00
9.000000000000000000e+00
1.000000000000000000e+01
1.000000000000000000e+01
1.500000000000000000e+01
8.000000000000000000e+00
4.800000000000000000e+01
3.300000000000000000e+01
1.400000000000000000e+01
3.200000000000000000e+01
4.600000000000000000e+01
2.200000000000000000e+01
4.000000000000000000e+01
5.500000000000000000e+01
6.100000000000000000e+01
2.700000000000000000e+01
3.000000000000000000e+01
4.700000000000000000e+01
3.200000000000000000e+01
4.400000000000000000e+01
3.700000000000000000e+01
6.600000000000000000e+01
7.300000000000000000e+01
8.700000000000000000e+01
8.400000000000000000e+01
7.800000000000000000e+01
8.900000000000000000e+01
1.090000000000000000e+02
1.510000000000000000e+02
1.640000000000000000e+02
1.450000000000000000e+02
2.220000000000000000e+02
2.300000000000000000e+02
2.720000000000000000e+02
3.200000000000000000e+02
3.370000000000000000e+02
4.020000000000000000e+02
4.620000000000000000e+02
5.420000000000000000e+02
6.220000000000000000e+02
6.910000000000000000e+02
7.790000000000000000e+02
8.800000000000000000e+02
9.460000000000000000e+02
1.101000000000000000e+03
1.205000000000000000e+03
1.331000000000000000e+03
1.434000000000000000e+03
1.613000000000000000e+03
1.772000000000000000e+03
1.855000000000000000e+03
1.971000000000000000e+03
2.195000000000000000e+03
2.286000000000000000e+03
2.408000000000000000e+03
2.591000000000000000e+03
2.710000000000000000e+03
2.897000000000000000e+03
2.938000000000000000e+03
3.136000000000000000e+03
3.157000000000000000e+03
3.279000000000000000e+03
3.396000000000000000e+03
3.444000000000000000e+03
3.551000000000000000e+03
3.619000000000000000e+03
3.631000000000000000e+03
3.632000000000000000e+03
3.540000000000000000e+03
3.702000000000000000e+03
3.572000000000000000e+03
3.508000000000000000e+03
3.484000000000000000e+03
3.496000000000000000e+03
3.410000000000000000e+03
3.302000000000000000e+03
3.177000000000000000e+03
2.996000000000000000e+03
2.922000000000000000e+03
2.858000000000000000e+03
2.764000000000000000e+03
2.618000000000000000e+03
2.484000000000000000e+03
2.361000000000000000e+03
2.146000000000000000e+03
2.100000000000000000e+03
1.977000000000000000e+03
1.800000000000000000e+03
1.701000000000000000e+03
1.595000000000000000e+03
1.426000000000000000e+03
1.264000000000000000e+03
1.192000000000000000e+03
1.083000000000000000e+03
9.890000000000000000e+02
9.370000000000000000e+02
7.910000000000000000e+02
7.440000000000000000e+02
6.690000000000000000e+02
5.890000000000000000e+02
5.110000000000000000e+02
4.460000000000000000e+02
4.410000000000000000e+02
3.590000000000000000e+02
3.370000000000000000e+02
2.650000000000000000e+02
2.200000000000000000e+02
1.890000000000000000e+02
1.670000000000000000e+02
1.580000000000000000e+02
1.380000000000000000e+02
1.070000000000000000e+02
1.080000000000000000e+02
8.400000000000000000e+01
7.000000000000000000e+01
4.900000000000000000e+01
8.100000000000000000e+01
5.600000000000000000e+01
3.900000000000000000e+01
3.700000000000000000e+01
4.800000000000000000e+01
1.400000000000000000e+01
3.900000000000000000e+01
-4.000000000000000000e+00
1.200000000000000000e+01
2.900000000000000000e+01
3.900000000000000000e+01
2.200000000000000000e+01
3.200000000000000000e+01
2.800000000000000000e+01
2.600000000000000000e+01
1.100000000000000000e+01
1.000000000000000000e+01
1.700000000000000000e+01
3.100000000000000000e+01
1.000000000000000000e+00
3.400000000000000000e+01
2.700000000000000000e+01
9.000000000000000000e+00
4.500000000000000000e+01
8.000000000000000000e+00
2.400000000000000000e+01
-2.900000000000000000e+01
-1.300000000000000000e+01
1.100000000000000000e+01
-1.100000000000000000e+01
4.000000000000000000e+00
2.900000000000000000e+01
3.400000000000000000e+01
3.000000000000000000e+00
1.000000000000000000e+01
1.000000000000000000e+00
1.200000000000000000e+01
6.000000000000000000e+00
4.400000000000000000e+01
3.000000000000000000e+00
1.800000000000000000e+01
1.500000000000000000e+01
6.000000000000000000e+00
6.000000000000000000e+00
2.300000000000000000e+01
3.900000000000000000e+01
7.000000000000000000e+00
2.000000000000000000e+01
9.000000000000000000e+00
2.900000000000000000e+01
4.000000000000000000e+00
2.400000000000000000e+01
1.200000000000000000e+01
-1.500000000000000000e+01
1.100000000000000000e+01
1.400000000000000000e+01
-9.000000000000000000e+00
8.000000000000000000e+00
2.400000000000000000e+01
1.000000000000000000e+00
7.000000000000000000e+00
-1.600000000000000000e+01
2.000000000000000000e+01
-3.000000000000000000e+00
1.600000000000000000e+01
7.000000000000000000e+00
1.200000000000000000e+01
2.700000000000000000e+01
-1.900000000000000000e+01
-1.000000000000000000e+00
-1.000000000000000000e+00
6.000000000000000000e+00
1.600000000000000000e+01
6.000000000000000000e+00
8.000000000000000000e+00
0.000000000000000000e+00
1.800000000000000000e+01
2.200000000000000000e+01
3.600000000000000000e+01
3.300000000000000000e+01
6.000000000000000000e+00
5.000000000000000000e+00
1.800000000000000000e+01
-1.600000000000000000e+01
4.000000000000000000e+00
6.000000000000000000e+00
1.800000000000000000e+01
1.400000000000000000e+01
6.000000000000000000e+00
-8.000000000000000000e+00
3.000000000000000000e+00
3.000000000000000000e+00
-1.000000000000000000e+01
-5.000000000000000000e+00
4.000000000000000000e+00
1.700000000000000000e+01
2.900000000000000000e+01
1.700000000000000000e+01
2.800000000000000000e+01
3.000000000000000000e+00
1.900000000000000000e+01
2.700000000000000000e+01
3.600000000000000000e+01
-5.000000000000000000e+00
3.900000000000000000e+01
-3.000000000000000000e+00
1.500000000000000000e+01
-1.600000000000000000e+01
-2.000000000000000000e+00
1.500000000000000000e+01
-1.500000000000000000e+01
2.900000000000000000e+01
3.100000000000000000e+01
2.200000000000000000e+01
4.600000000000000000e+01
1.000000000000000000e+01
1.500000000000000000e+01
3.300000000000000000e+01
-1.200000000000000000e+01
2.000000000000000000e+01
1.000000000000000000e+00
2.000000000000000000e+01
1.900000000000000000e+01
-2.300000000000000000e+01
7.000000000000000000e+00
2.300000000000000000e+01
-4.000000000000000000e+00
2.100000000000000000e+01
-1.800000000000000000e+01
4.600000000000000000e+01
0.000000000000000000e+00
-3.000000000000000000e+00
3.300000000000000000e+01
1.200000000000000000e+01
1.000000000000000000e+01
1.100000000000000000e+01
0.000000000000000000e+00
9.000000000000000000e+00
2.600000000000000000e+01
2.400000000000000000e+01
1.300000000000000000e+01
2.300000000000000000e+01
-1.000000000000000000e+01
3.900000000000000000e+01
1.600000000000000000e+01
-2.800000000000000000e+01
1.800000000000000000e+01
2.200000000000000000e+01
-1.400000000000000000e+01
1.500000000000000000e+01
7.000000000000000000e+00
-5.000000000000000000e+00
1.000000000000000000e+01
-2.000000000000000000e+00
3.500000000000000000e+01
-4.000000000000000000e+00
1.100000000000000000e+01
-6.000000000000000000e+00
6.000000000000000000e+00
-5.000000000000000000e+00
2.000000000000000000e+01
-1.100000000000000000e+01
3.000000000000000000e+00
-3.900000000000000000e+01
1.600000000000000000e+01
1.600000000000000000e+01
3.000000000000000000e+00
2.800000000000000000e+01
6.000000000000000000e+00
3.400000000000000000e+01
1.900000000000000000e+01
-1.500000000000000000e+01
3.100000000000000000e+01
-8.000000000000000000e+00
1.300000000000000000e+01
1.800000000000000000e+01
3.200000000000000000e+01
-1.000000000000000000e+01
-1.800000000000000000e+01
2.300000000000000000e+01
1.900000000000000000e+01
8.000000000000000000e+00
-1.100000000000000000e+01
2.500000000000000000e+01
-3.000000000000000000e+00
6.000000000000000000e+00
2.700000000000000000e+01
2.200000000000000000e+01
-2.100000000000000000e+01
1.100000000000000000e+01
5.000000000000000000e+00
7.000000000000000000e+00
2.400000000000000000e+01
6.000000000000000000e+00
3.200000000000000000e+01
0.000000000000000000e+00
-4.000000000000000000e+00
1.100000000000000000e+01
-1.700000000000000000e+01
1.400000000000000000e+01
-2.300000000000000000e+01
-5.000000000000000000e+00
4.000000000000000000e+00
1.100000000000000000e+01
-7.000000000000000000e+00
1.500000000000000000e+01
1.900000000000000000e+01
4.600000000000000000e+01
1.300000000000000000e+01
9.000000000000000000e+00
1.700000000000000000e+01
1.500000000000000000e+01
-4.000000000000000000e+00
0.000000000000000000e+00
4.000000000000000000e+00
-1.000000000000000000e+00
-7.000000000000000000e+00
3.000000000000000000e+01
-7.000000000000000000e+00
1.200000000000000000e+01
-3.000000000000000000e+00
1.000000000000000000e+01
-8.000000000000000000e+00
-7.000000000000000000e+00
8.000000000000000000e+00
1.600000000000000000e+01
-5.000000000000000000e+00
1.900000000000000000e+01
2.200000000000000000e+01
-8.000000000000000000e+00
2.000000000000000000e+01
9.000000000000000000e+00
3.100000000000000000e+01
-2.400000000000000000e+01
-9.000000000000000000e+00
3.800000000000000000e+01
0.000000000000000000e+00
3.100000000000000000e+01
0.000000000000000000e+00
-2.800000000000000000e+01
1.500000000000000000e+01
1.100000000000000000e+01
1.000000000000000000e+00
1.800000000000000000e+01
-3.000000000000000000e+00
3.300000000000000000e+01
2.000000000000000000e+00
-2.100000000000000000e+01
1.300000000000000000e+01
0.000000000000000000e+00
-2.000000000000000000e+00
1.200000000000000000e+01
-7.000000000000000000e+00
1.000000000000000000e+00
0.000000000000000000e+00
-1.000000000000000000e+00
2.200000000000000000e+01
-9.000000000000000000e+00
-3.000000000000000000e+00
1.000000000000000000e+01
-3.400000000000000000e+01
2.400000000000000000e+01
2.500000000000000000e+01
0.000000000000000000e+00
2.000000000000000000e+00
2.300000000000000000e+01
1.600000000000000000e+01
3.200000000000000000e+01
-4.000000000000000000e+00
-6.000000000000000000e+00
1.000000000000000000e+00
-1.000000000000000000e+01
1.000000000000000000e+01
-2.200000000000000000e+01
9.000000000000000000e+00
-1.000000000000000000e+00
2.000000000000000000e+01
-9.000000000000000000e+00
1.100000000000000000e+01
6.000000000000000000e+00
5.000000000000000000e+00
-1.700000000000000000e+01
-1.000000000000000000e+01
1.900000000000000000e+01
9.000000000000000000e+00
1.200000000000000000e+01
1.400000000000000000e+01
-9.000000000000000000e+00
-9.000000000000000000e+00
1.600000000000000000e+01
-7.000000000000000000e+00
1.100000000000000000e+01
1.800000000000000000e+01
-7.000000000000000000e+00
-1.700000000000000000e+01
-1.300000000000000000e+01
1.800000000000000000e+01
-6.000000000000000000e+00
2.500000000000000000e+01
1.600000000000000000e+01
7.000000000000000000e+00
2.400000000000000000e+01
3.700000000000000000e+01
-3.000000000000000000e+00
5.000000000000000000e+00
1.300000000000000000e+01
2.000000000000000000e+01
-1.400000000000000000e+01
5.000000000000000000e+00
-9.000000000000000000e+00
1.200000000000000000e+01
1.600000000000000000e+01
-8.000000000000000000e+00
8.000000000000000000e+00
1.400000000000000000e+01
1.800000000000000000e+01
1.300000000000000000e+01
1.200000000000000000e+01
-1.000000000000000000e+00
3.000000000000000000e+00
-5.000000000000000000e+00
-3.900000000000000000e+01
-2.600000000000000000e+01
1.100000000000000000e+01
0.000000000000000000e+00
-1.200000000000000000e+01
7.000000000000000000e+00
2.500000000000000000e+01
1.400000000000000000e+01
-5.000000000000000000e+00
-3.600000000000000000e+01
3.300000000000000000e+01
-7.000000000000000000e+00
-6.000000000000000000e+00
-2.000000000000000000e+00
3.200000000000000000e+01
2.200000000000000000e+01
-2.700000000000000000e+01
-2.000000000000000000e+00
1.600000000000000000e+01
2.300000000000000000e+01
2.700000000000000000e+01
-3.000000000000000000e+00
-6.000000000000000000e+00
-3.000000000000000000e+01
-1.600000000000000000e+01
-4.000000000000000000e+00
1.200000000000000000e+01
-1.000000000000000000e+01
-1.400000000000000000e+01
-8.000000000000000000e+00
1.600000000000000000e+01
-1.000000000000000000e+00
2.100000000000000000e+01
1.900000000000000000e+01
2.400000000000000000e+01
1.500000000000000000e+01
5.000000000000000000e+00
2.100000000000000000e+01
-8.000000000000000000e+00
6.000000000000000000e+00
2.400000000000000000e+01
7.000000000000000000e+00
-1.300000000000000000e+01
5.000000000000000000e+00
-3.000000000000000000e+00
-8.000000000000000000e+00
-1.800000000000000000e+01
-9.000000000000000000e+00
-5.000000000000000000e+00
-3.000000000000000000e+00
7.000000000000000000e+00
2.500000000000000000e+01
1.000000000000000000e+01
6.000000000000000000e+00
-1.600000000000000000e+01
2.000000000000000000e+00
-3.000000000000000000e+00
4.000000000000000000e+00
1.100000000000000000e+01
6.000000000000000000e+00
-3.400000000000000000e+01
-1.200000000000000000e+01
7.000000000000000000e+00
1.000000000000000000e+01
1.900000000000000000e+01
2.400000000000000000e+01
-1.300000000000000000e+01
-5.000000000000000000e+00
7.000000000000000000e+00
-7.000000000000000000e+00
-2.200000000000000000e+01
-8.000000000000000000e+00
-2.100000000000000000e+01
-9.000000000000000000e+00
3.700000000000000000e+01
1.700000000000000000e+01
0.000000000000000000e+00
7.000000000000000000e+00
1.800000000000000000e+01
1.600000000000000000e+01
1.600000000000000000e+01
7.000000000000000000e+00
1.900000000000000000e+01
-5.000000000000000000e+00
1.500000000000000000e+01
1.800000000000000000e+01
2.800000000000000000e+01
-2.500000000000000000e+01
-7.000000000000000000e+00
7.000000000000000000e+00
1.500000000000000000e+01
1.300000000000000000e+01
-1.300000000000000000e+01
2.300000000000000000e+01
1.500000000000000000e+01
9.000000000000000000e+00
4.000000000000000000e+01
1.000000000000000000e+00
4.000000000000000000e+00
1.300000000000000000e+01
-1.700000000000000000e+01
8.000000000000000000e+00
1.400000000000000000e+01
-5.000000000000000000e+00
7.000000000000000000e+00
-7.200000000000000000e+01
1.200000000000000000e+01
1.400000000000000000e+01
-3.000000000000000000e+00
2.600000000000000000e+01
1.900000000000000000e+01
2.000000000000000000e+00
-4.000000000000000000e+00
-1.000000000000000000e+00
-1.000000000000000000e+00
1.200000000000000000e+01
-3.300000000000000000e+01
-9.000000000000000000e+00
-1.700000000000000000e+01
-1.300000000000000000e+01
2.500000000000000000e+01
-5.000000000000000000e+00
-1.000000000000000000e+01
8.000000000000000000e+00
-8.000000000000000000e+00
-1.700000000000000000e+01
1.600000000000000000e+01
1.000000000000000000e+00
1.000000000000000000e+01
1.500000000000000000e+01
-2.900000000000000000e+01
0.000000000000000000e+00
-1.000000000000000000e+00
1.800000000000000000e+01
-9.000000000000000000e+00
-8.000000000000000000e+00
2.000000000000000000e+00
0.000000000000000000e+00
2.300000000000000000e+01
2.800000000000000000e+01
5.000000000000000000e+00
1.100000000000000000e+01
-1.000000000000000000e+00
-4.200000000000000000e+01
1.600000000000000000e+01
-2.300000000000000000e+01
-2.300000000000000000e+01
1.100000000000000000e+01
1.300000000000000000e+01
5.000000000000000000e+00
-9.000000000000000000e+00
3.000000000000000000e+00
3.800000000000000000e+01
-1.200000000000000000e+01
5.000000000000000000e+00
2.500000000000000000e+01
-1.000000000000000000e+01
2.000000000000000000e+01
-2.000000000000000000e+01
1.000000000000000000e+00
2.000000000000000000e+01
-1.200000000000000000e+01
-8.000000000000000000e+00
9.000000000000000000e+00
-2.000000000000000000e+00
3.000000000000000000e+01
-5.000000000000000000e+00
1.800000000000000000e+01
0.000000000000000000e+00
-2.000000000000000000e+00
1.700000000000000000e+01
-1.600000000000000000e+01
0.000000000000000000e+00
1.700000000000000000e+01
-2.000000000000000000e+00
-4.000000000000000000e+00
-2.000000000000000000e+01
-8.000000000000000000e+00
5.000000000000000000e+00
-6.000000000000000000e+00
-5.000000000000000000e+00
1.200000000000000000e+01
-2.000000000000000000e+01
1.000000000000000000e+00
-1.100000000000000000e+01
2.000000000000000000e+01
1.500000000000000000e+01
-3.000000000000000000e+00
7.000000000000000000e+00
-2.000000000000000000e+01
-1.500000000000000000e+01
1.500000000000000000e+01
-3.100000000000000000e+01
1.200000000000000000e+01
3.400000000000000000e+01
-2.800000000000000000e+01
2.000000000000000000e+00
1.400000000000000000e+01
8.000000000000000000e+00
-5.000000000000000000e+00
1.500000000000000000e+01
-1.800000000000000000e+01
8.000000000000000000e+00
3.800000000000000000e+01
-1.700000000000000000e+01
1.400000000000000000e+01
1.000000000000000000e+00
-8.000000000000000000e+00
-1.000000000000000000e+01
-3.000000000000000000e+00
1.000000000000000000e+00
-7.000000000000000000e+00
4.000000000000000000e+00
9.000000000000000000e+00
1.200000000000000000e+01
2.000000000000000000e+01
2.000000000000000000e+00
-9.000000000000000000e+00
-4.000000000000000000e+00
1.600000000000000000e+01
6.000000000000000000e+00
-3.200000000000000000e+01
-2.000000000000000000e+01
-2.600000000000000000e+01
-5.000000000000000000e+00
-1.000000000000000000e+01
-1.800000000000000000e+01
-9.000000000000000000e+00
-2.500000000000000000e+01
0.000000000000000000e+00
-1.500000000000000000e+01
1.100000000000000000e+01
1.500000000000000000e+01
-2.000000000000000000e+00
8.000000000000000000e+00
1.000000000000000000e+00
-2.000000000000000000e+00
0.000000000000000000e+00
2.000000000000000000e+00
5.000000000000000000e+00
6.000000000000000000e+00
8.000000000000000000e+00
1.000000000000000000e+01
-2.100000000000000000e+01
6.000000000000000000e+00
1.700000000000000000e+01
-2.800000000000000000e+01
1.000000000000000000e+01
-2.200000000000000000e+01
-1.000000000000000000e+01
1.800000000000000000e+01
2.900000000000000000e+01
2.100000000000000000e+01
-2.000000000000000000e+00
-1.400000000000000000e+01
1.000000000000000000e+01
-5.000000000000000000e+00
2.000000000000000000e+00
-3.000000000000000000e+01
1.200000000000000000e+01
7.000000000000000000e+00
-1.000000000000000000e+00
-2.500000000000000000e+01
1.500000000000000000e+01
-1.200000000000000000e+01
1.300000000000000000e+01
1.300000000000000000e+01
-7.000000000000000000e+00
-1.100000000000000000e+01
-1.000000000000000000e+01
1.400000000000000000e+01
8.000000000000000000e+00
-1.200000000000000000e+01
7.000000000000000000e+00
0.000000000000000000e+00
2.500000000000000000e+01
-1.400000000000000000e+01
-2.000000000000000000e+00
9.000000000000000000e+00
-1.400000000000000000e+01
2.000000000000000000e+01
7.000000000000000000e+00
-1.500000000000000000e+01
-5.000000000000000000e+00
0.000000000000000000e+00
-1.900000000000000000e+01
9.000000000000000000e+00
-7.000000000000000000e+00
1.600000000000000000e+01
-1.000000000000000000e+01
-1.300000000000000000e+01
9.000000000000000000e+00
-1.200000000000000000e+01
1.100000000000000000e+01
1.100000000000000000e+01
-8.000000000000000000e+00
-5.000000000000000000e+00
0.000000000000000000e+00
-5.000000000000000000e+00
4.000000000000000000e+00
2.000000000000000000e+01
-1.400000000000000000e+01
-2.300000000000000000e+01
-1.000000000000000000e+01
-5.000000000000000000e+00
1.700000000000000000e+01
-6.000000000000000000e+00
7.000000000000000000e+00
2.300000000000000000e+01
8.000000000000000000e+00
4.000000000000000000e+00
4.000000000000000000e+00
2.000000000000000000e+00
-3.000000000000000000e+00
6.000000000000000000e+00
-3.000000000000000000e+00
-2.700000000000000000e+01
8.000000000000000000e+00
1.800000000000000000e+01
-1.300000000000000000e+01
9.000000000000000000e+00
-2.000000000000000000e+00
3.000000000000000000e+00
-7.000000000000000000e+00
1.400000000000000000e+01
2.000000000000000000e+00
-1.400000000000000000e+01
-6.000000000000000000e+00
-2.700000000000000000e+01
2.000000000000000000e+00
-2.700000000000000000e+01
9.000000000000000000e+00
3.000000000000000000e+00
-3.000000000000000000e+00
8.000000000000000000e+00
1.000000000000000000e+00
-1.800000000000000000e+01
-4.000000000000000000e+00
7.000000000000000000e+00
1.000000000000000000e+00
-1.600000000000000000e+01
-8.000000000000000000e+00
-8.000000000000000000e+00
-5.000000000000000000e+00
-2.900000000000000000e+01
1.200000000000000000e+01
-1.800000000000000000e+01
-1.900000000000000000e+01
8.000000000000000000e+00
-7.000000000000000000e+00
-1.600000000000000000e+01
2.000000000000000000e+01
-5.000000000000000000e+00
4.800000000000000000e+01
-1.200000000000000000e+01
1.900000000000000000e+01
-1.900000000000000000e+01
-3.000000000000000000e+00
-1.000000000000000000e+01
6.000000000000000000e+00
-9.000000000000000000e+00
7.000000000000000000e+00
2.800000000000000000e+01
-1.200000000000000000e+01
-5.000000000000000000e+00
-5.000000000000000000e+00
-5.000000000000000000e+00
1.000000000000000000e+00
2.000000000000000000e+00
2.000000000000000000e+00
2.000000000000000000e+00
-9.000000000000000000e+00
1.000000000000000000e+00
-6.000000000000000000e+00
-1.100000000000000000e+01
-1.600000000000000000e+01
1.200000000000000000e+01
5.000000000000000000e+00
2.400000000000000000e+01
-1.700000000000000000e+01
-1.000000000000000000e+00
-1.200000000000000000e+01
9.000000000000000000e+00
-4.100000000000000000e+01
-2.000000000000000000e+00
6.000000000000000000e+00
2.100000000000000000e+01
2.000000000000000000e+00
9.000000000000000000e+00
-1.400000000000000000e+01
1.700000000000000000e+01
8.000000000000000000e+00
5.000000000000000000e+00
8.000000000000000000e+00
-3.000000000000000000e+00
1.700000000000000000e+01
5.000000000000000000e+00
0.000000000000000000e+00
1.200000000000000000e+01
1.600000000000000000e+01
-8.000000000000000000e+00
9.000000000000000000e+00
2.000000000000000000e+00
6.000000000000000000e+00
-6.000000000000000000e+00
-2.000000000000000000e+00
-1.400000000000000000e+01
-1.400000000000000000e+01
-7.000000000000000000e+00
-3.500000000000000000e+01
6.000000000000000000e+00
3.500000000000000000e+01
-7.000000000000000000e+00
3.700000000000000000e+01
5.000000000000000000e+00
-3.000000000000000000e+00
1.800000000000000000e+01
-4.000000000000000000e+00
5.000000000000000000e+00
-1.900000000000000000e+01
1.600000000000000000e+01
2.000000000000000000e+00
2.000000000000000000e+00
-1.300000000000000000e+01
1.700000000000000000e+01
7.000000000000000000e+00
2.600000000000000000e+01
9.000000000000000000e+00
7.000000000000000000e+00
4.000000000000000000e+00
-5.000000000000000000e+00
2.400000000000000000e+01
1.000000000000000000e+00
-1.200000000000000000e+01
-4.000000000000000000e+00
-6.000000000000000000e+00
-2.000000000000000000e+00
-5.000000000000000000e+00
0.000000000000000000e+00
-1.300000000000000000e+01
7.000000000000000000e+00
3.000000000000000000e+00
8.000000000000000000e+00
-3.000000000000000000e+00
1.000000000000000000e+01
2.800000000000000000e+01
3.000000000000000000e+01
-4.000000000000000000e+00
7.000000000000000000e+00
4.000000000000000000e+00
-1.000000000000000000e+01
2.900000000000000000e+01
2.600000000000000000e+01
2.800000000000000000e+01
1.600000000000000000e+01
1.200000000000000000e+01
9.000000000000000000e+00
4.700000000000000000e+01
2.200000000000000000e+01
3.600000000000000000e+01
4.700000000000000000e+01
-1.400000000000000000e+01
3.100000000000000000e+01
3.600000000000000000e+01
4.600000000000000000e+01
2.400000000000000000e+01
3.500000000000000000e+01
5.100000000000000000e+01
4.700000000000000000e+01
4.200000000000000000e+01
2.700000000000000000e+01
6.300000000000000000e+01
3.800000000000000000e+01
4.400000000000000000e+01
6.600000000000000000e+01
5.400000000000000000e+01
8.500000000000000000e+01
4.700000000000000000e+01
6.800000000000000000e+01
5.200000000000000000e+01
6.400000000000000000e+01
8.100000000000000000e+01
8.200000000000000000e+01
5.700000000000000000e+01
1.100000000000000000e+02
1.070000000000000000e+02
1.300000000000000000e+02
1.130000000000000000e+02
1.140000000000000000e+02
1.060000000000000000e+02
1.210000000000000000e+02
1.130000000000000000e+02
1.380000000000000000e+02
1.540000000000000000e+02
1.760000000000000000e+02
1.780000000000000000e+02
2.000000000000000000e+02
1.940000000000000000e+02
2.230000000000000000e+02
2.450000000000000000e+02
2.590000000000000000e+02
2.580000000000000000e+02
2.690000000000000000e+02
2.890000000000000000e+02
3.110000000000000000e+02
3.230000000000000000e+02
2.980000000000000000e+02
3.490000000000000000e+02
3.110000000000000000e+02
3.470000000000000000e+02
3.750000000000000000e+02
3.750000000000000000e+02
4.180000000000000000e+02
4.460000000000000000e+02
4.300000000000000000e+02
4.700000000000000000e+02
4.860000000000000000e+02
5.300000000000000000e+02
5.400000000000000000e+02
5.990000000000000000e+02
5.920000000000000000e+02
6.120000000000000000e+02
6.250000000000000000e+02
6.690000000000000000e+02
6.800000000000000000e+02
7.120000000000000000e+02
7.280000000000000000e+02
7.390000000000000000e+02
7.890000000000000000e+02
7.560000000000000000e+02
8.420000000000000000e+02
8.470000000000000000e+02
8.980000000000000000e+02
8.810000000000000000e+02
9.430000000000000000e+02
8.840000000000000000e+02
9.490000000000000000e+02
9.790000000000000000e+02
9.590000000000000000e+02
9.930000000000000000e+02
1.043000000000000000e+03
9.760000000000000000e+02
1.045000000000000000e+03
1.041000000000000000e+03
1.055000000000000000e+03
1.089000000000000000e+03
1.125000000000000000e+03
1.083000000000000000e+03
1.153000000000000000e+03
1.138000000000000000e+03
1.127000000000000000e+03
1.217000000000000000e+03
1.187000000000000000e+03
1.159000000000000000e+03
1.217000000000000000e+03
1.223000000000000000e+03
1.269000000000000000e+03
1.296000000000000000e+03
1.228000000000000000e+03
1.302000000000000000e+03
1.327000000000000000e+03
1.308000000000000000e+03
1.298000000000000000e+03
1.277000000000000000e+03
1.323000000000000000e+03
1.299000000000000000e+03
1.352000000000000000e+03
1.328000000000000000e+03
1.321000000000000000e+03
1.252000000000000000e+03
1.280000000000000000e+03
1.204000000000000000e+03
1.192000000000000000e+03
1.193000000000000000e+03
1.172000000000000000e+03
1.137000000000000000e+03
1.109000000000000000e+03
1.040000000000000000e+03
1.089000000000000000e+03
1.080000000000000000e+03
1.090000000000000000e+03
1.058000000000000000e+03
1.058000000000000000e+03
1.001000000000000000e+03
1.006000000000000000e+03
9.950000000000000000e+02
1.044000000000000000e+03
1.062000000000000000e+03
9.870000000000000000e+02
9.600000000000000000e+02
8.860000000000000000e+02
9.400000000000000000e+02
9.000000000000000000e+02
8.960000000000000000e+02
9.020000000000000000e+02
8.730000000000000000e+02
8.630000000000000000e+02
8.390000000000000000e+02
8.320000000000000000e+02
7.880000000000000000e+02
7.580000000000000000e+02
7.700000000000000000e+02
7.330000000000000000e+02
7.040000000000000000e+02
7.060000000000000000e+02
6.850000000000000000e+02
6.390000000000000000e+02
5.880000000000000000e+02
5.950000000000000000e+02
5.730000000000000000e+02
5.780000000000000000e+02
5.430000000000000000e+02
5.160000000000000000e+02
4.980000000000000000e+02
4.910000000000000000e+02
4.690000000000000000e+02
4.840000000000000000e+02
4.600000000000000000e+02
4.580000000000000000e+02
4.420000000000000000e+02
3.840000000000000000e+02
4.160000000000000000e+02
4.080000000000000000e+02
4.000000000000000000e+02
3.580000000000000000e+02
3.620000000000000000e+02
3.120000000000000000e+02
3.280000000000000000e+02
3.130000000000000000e+02
3.160000000000000000e+02
2.680000000000000000e+02
2.520000000000000000e+02
2.620000000000000000e+02
2.700000000000000000e+02
2.070000000000000000e+02
2.530000000000000000e+02
2.020000000000000000e+02
1.810000000000000000e+02
1.880000000000000000e+02
1.880000000000000000e+02
1.640000000000000000e+02
1.690000000000000000e+02
1.610000000000000000e+02
1.750000000000000000e+02
1.490000000000000000e+02
1.540000000000000000e+02
1.300000000000000000e+02
1.380000000000000000e+02
1.340000000000000000e+02
1.210000000000000000e+02
1.070000000000000000e+02
1.270000000000000000e+02
9.900000000000000000e+01
1.100000000000000000e+02
8.200000000000000000e+01
9.600000000000000000e+01
7.400000000000000000e+01
8.800000000000000000e+01
6.500000000000000000e+01
7.500000000000000000e+01
7.000000000000000000e+01
4.600000000000000000e+01
7.500000000000000000e+01
6.000000000000000000e+01
4.000000000000000000e+01
2.700000000000000000e+01
4.000000000000000000e+01
6.300000000000000000e+01
2.500000000000000000e+01
5.900000000000000000e+01
6.700000000000000000e+01
4.000000000000000000e+01
1.800000000000000000e+01
1.600000000000000000e+01
1.000000000000000000e+00
4.000000000000000000e+00
1.200000000000000000e+01
3.600000000000000000e+01
2.600000000000000000e+01
2.200000000000000000e+01
5.400000000000000000e+01
3.500000000000000000e+01
1.400000000000000000e+01
-3.000000000000000000e+00
1.200000000000000000e+01
4.500000000000000000e+01
7.000000000000000000e+00
2.800000000000000000e+01
2.000000000000000000e+01
2.000000000000000000e+01
3.500000000000000000e+01
2.300000000000000000e+01
-7.000000000000000000e+00
6.000000000000000000e+00
-6.000000000000000000e+00
1.600000000000000000e+01
1.000000000000000000e+00
4.300000000000000000e+01
1.400000000000000000e+01
-2.800000000000000000e+01
4.000000000000000000e+00
-1.000000000000000000e+00
1.600000000000000000e+01
8.000000000000000000e+00
0.000000000000000000e+00
2.700000000000000000e+01
1.500000000000000000e+01
3.400000000000000000e+01
-1.200000000000000000e+01
-1.200000000000000000e+01
3.000000000000000000e+00
1.000000000000000000e+01
2.000000000000000000e+01
5.000000000000000000e+00
2.000000000000000000e+00
-8.000000000000000000e+00
2.200000000000000000e+01
1.700000000000000000e+01
9.000000000000000000e+00
2.000000000000000000e+01
1.500000000000000000e+01
6.000000000000000000e+00
-7.000000000000000000e+00
-1.800000000000000000e+01
-1.000000000000000000e+00
1.200000000000000000e+01
-1.500000000000000000e+01
1.100000000000000000e+01
-4.000000000000000000e+00
-4.000000000000000000e+00
1.600000000000000000e+01
-2.300000000000000000e+01
-8.000000000000000000e+00
1.000000000000000000e+01
1.000000000000000000e+01
-1.800000000000000000e+01
1.200000000000000000e+01
-2.000000000000000000e+00
0.000000000000000000e+00
-1.500000000000000000e+01
-8.000000000000000000e+00
4.000000000000000000e+00
1.400000000000000000e+01
8.000000000000000000e+00
8.000000000000000000e+00
1.900000000000000000e+01
5.000000000000000000e+00
1.100000000000000000e+01
-1.900000000000000000e+01
4.000000000000000000e+00
-1.000000000000000000e+00
-5.000000000000000000e+01
-9.000000000000000000e+00
-1.600000000000000000e+01
-9.000000000000000000e+00
-5.000000000000000000e+00
2.000000000000000000e+00
-3.000000000000000000e+00
1.000000000000000000e+01
1.200000000000000000e+01
-3.400000000000000000e+01
1.000000000000000000e+01
0.000000000000000000e+00
1.900000000000000000e+01
-5.000000000000000000e+00
1.400000000000000000e+01
3.000000000000000000e+00
1.000000000000000000e+00
-5.000000000000000000e+00
-2.000000000000000000e+00
