2.000000000000000000e+00
-3.000000000000000000e+00
2.000000000000000000e+00
3.000000000000000000e+00
-1.900000000000000000e+01
-1.400000000000000000e+01
-2.000000000000000000e+01
-3.000000000000000000e+00
1.200000000000000000e+01
-2.700000000000000000e+01
-6.000000000000000000e+00
3.100000000000000000e+01
-3.000000000000000000e+01
-9.000000000000000000e+00
1.700000000000000000e+01
-7.000000000000000000e+00
9.000000000000000000e+00
1.000000000000000000e+00
-4.000000000000000000e+00
2.000000000000000000e+00
-1.000000000000000000e+00
-3.000000000000000000e+00
-4.000000000000000000e+00
9.000000000000000000e+00
8.000000000000000000e+00
-2.600000000000000000e+01
-6.000000000000000000e+00
1.400000000000000000e+01
1.000000000000000000e+01
-3.000000000000000000e+00
-4.100000000000000000e+01
2.300000000000000000e+01
1.600000000000000000e+01
-1.700000000000000000e+01
1.300000000000000000e+01
-7.000000000000000000e+00
3.000000000000000000e+00
0.000000000000000000e+00
-7.000000000000000000e+00
3.000000000000000000e+01
1.100000000000000000e+01
9.000000000000000000e+00
-2.000000000000000000e+01
3.000000000000000000e+00
8.000000000000000000e+00
-5.000000000000000000e+00
-4.000000000000000000e+00
-3.300000000000000000e+01
7.000000000000000000e+00
-1.500000000000000000e+01
2.400000000000000000e+01
1.100000000000000000e+01
-2.700000000000000000e+01
-6.000000000000000000e+00
-2.500000000000000000e+01
2.300000000000000000e+01
-2.100000000000000000e+01
-9.000000000000000000e+00
-2.000000000000000000e+00
1.000000000000000000e+01
7.000000000000000000e+00
-1.300000000000000000e+01
1.000000000000000000e+00
1.200000000000000000e+01
-2.000000000000000000e+00
1.000000000000000000e+01
9.000000000000000000e+00
1.100000000000000000e+01
-2.100000000000000000e+01
4.000000000000000000e+00
5.000000000000000000e+00
-2.500000000000000000e+01
-9.000000000000000000e+00
-4.000000000000000000e+00
-6.000000000000000000e+00
-1.000000000000000000e+00
3.000000000000000000e+00
-2.600000000000000000e+01
-6.000000000000000000e+00
2.300000000000000000e+01
-2.100000000000000000e+01
-1.500000000000000000e+01
-3.000000000000000000e+00
6.000000000000000000e+00
4.000000000000000000e+00
-1.800000000000000000e+01
-3.000000000000000000e+00
6.000000000000000000e+00
-2.300000000000000000e+01
2.200000000000000000e+01
-1.500000000000000000e+01
-3.000000000000000000e+00
1.000000000000000000e+00
-1.800000000000000000e+01
-5.000000000000000000e+00
1.000000000000000000e+01
1.000000000000000000e+00
8.000000000000000000e+00
2.000000000000000000e+00
-5.000000000000000000e+00
-3.000000000000000000e+01
-7.000000000000000000e+00
1.000000000000000000e+00
-3.100000000000000000e+01
-2.900000000000000000e+01
2.800000000000000000e+01
-2.100000000000000000e+01
-2.000000000000000000e+01
-1.100000000000000000e+01
3.300000000000000000e+01
-2.400000000000000000e+01
3.100000000000000000e+01
-1.000000000000000000e+01
9.000000000000000000e+00
5.000000000000000000e+00
5.000000000000000000e+00
3.000000000000000000e+00
1.400000000000000000e+01
1.400000000000000000e+01
-2.600000000000000000e+01
-1.400000000000000000e+01
9.000000000000000000e+00
7.000000000000000000e+00
6.000000000000000000e+00
-5.000000000000000000e+00
-2.100000000000000000e+01
-5.000000000000000000e+00
1.600000000000000000e+01
-4.100000000000000000e+01
2.900000000000000000e+01
-2.500000000000000000e+01
3.500000000000000000e+01
-1.200000000000000000e+01
3.800000000000000000e+01
1.000000000000000000e+01
6.000000000000000000e+00
-1.300000000000000000e+01
3.500000000000000000e+01
-1.400000000000000000e+01
1.500000000000000000e+01
-3.000000000000000000e+00
0.000000000000000000e+00
-2.000000000000000000e+00
2.000000000000000000e+00
1.200000000000000000e+01
1.000000000000000000e+01
2.000000000000000000e+00
0.000000000000000000e+00
3.000000000000000000e+01
1.300000000000000000e+01
2.100000000000000000e+01
-1.000000000000000000e+01
-1.000000000000000000e+01
9.000000000000000000e+00
-8.000000000000000000e+00
-4.100000000000000000e+01
1.300000000000000000e+01
1.000000000000000000e+01
-1.200000000000000000e+01
1.700000000000000000e+01
-1.400000000000000000e+01
-6.000000000000000000e+00
8.000000000000000000e+00
-1.500000000000000000e+01
1.000000000000000000e+01
-2.100000000000000000e+01
-1.800000000000000000e+01
-2.000000000000000000e+00
-2.900000000000000000e+01
4.000000000000000000e+00
3.500000000000000000e+01
2.500000000000000000e+01
-1.500000000000000000e+01
1.000000000000000000e+00
9.000000000000000000e+00
-3.200000000000000000e+01
1.000000000000000000e+00
7.000000000000000000e+00
-1.100000000000000000e+01
9.000000000000000000e+00
-1.300000000000000000e+01
7.000000000000000000e+00
-4.000000000000000000e+00
-5.000000000000000000e+00
-8.000000000000000000e+00
1.500000000000000000e+01
-2.700000000000000000e+01
-1.900000000000000000e+01
-1.000000000000000000e+00
-3.000000000000000000e+00
-3.000000000000000000e+00
-1.400000000000000000e+01
2.300000000000000000e+01
-2.400000000000000000e+01
-1.600000000000000000e+01
-3.000000000000000000e+01
-1.400000000000000000e+01
3.200000000000000000e+01
2.200000000000000000e+01
3.800000000000000000e+01
-1.500000000000000000e+01
-9.000000000000000000e+00
-3.000000000000000000e+01
-1.300000000000000000e+01
-2.300000000000000000e+01
-1.400000000000000000e+01
-3.000000000000000000e+00
-3.400000000000000000e+01
4.000000000000000000e+00
-1.400000000000000000e+01
4.000000000000000000e+00
-2.300000000000000000e+01
1.300000000000000000e+01
1.000000000000000000e+00
4.000000000000000000e+00
6.000000000000000000e+00
-2.700000000000000000e+01
1.200000000000000000e+01
-2.700000000000000000e+01
-2.700000000000000000e+01
-2.800000000000000000e+01
-9.000000000000000000e+00
-1.000000000000000000e+00
-5.000000000000000000e+00
2.000000000000000000e+00
-2.300000000000000000e+01
-2.600000000000000000e+01
-1.000000000000000000e+01
-8.000000000000000000e+00
-1.100000000000000000e+01
-2.000000000000000000e+01
-7.000000000000000000e+00
3.200000000000000000e+01
5.000000000000000000e+00
-2.000000000000000000e+00
5.000000000000000000e+00
4.000000000000000000e+00
0.000000000000000000e+00
-2.600000000000000000e+01
1.100000000000000000e+01
-8.000000000000000000e+00
-1.100000000000000000e+01
-6.000000000000000000e+00
0.000000000000000000e+00
-3.300000000000000000e+01
2.500000000000000000e+01
-9.000000000000000000e+00
-1.600000000000000000e+01
2.000000000000000000e+01
-4.000000000000000000e+00
2.100000000000000000e+01
0.000000000000000000e+00
-2.900000000000000000e+01
-1.100000000000000000e+01
-1.500000000000000000e+01
5.000000000000000000e+00
9.000000000000000000e+00
-6.000000000000000000e+00
1.200000000000000000e+01
2.500000000000000000e+01
3.000000000000000000e+00
-3.500000000000000000e+01
1.200000000000000000e+01
-2.000000000000000000e+00
2.600000000000000000e+01
-8.000000000000000000e+00
6.000000000000000000e+00
3.000000000000000000e+01
-3.000000000000000000e+00
-1.200000000000000000e+01
3.300000000000000000e+01
-2.400000000000000000e+01
6.000000000000000000e+00
-2.800000000000000000e+01
-1.500000000000000000e+01
-1.000000000000000000e+00
-2.000000000000000000e+00
2.300000000000000000e+01
-4.000000000000000000e+00
1.400000000000000000e+01
0.000000000000000000e+00
1.200000000000000000e+01
-2.200000000000000000e+01
-2.000000000000000000e+00
1.000000000000000000e+01
1.300000000000000000e+01
1.400000000000000000e+01
1.400000000000000000e+01
2.000000000000000000e+00
-2.700000000000000000e+01
2.500000000000000000e+01
-1.700000000000000000e+01
-2.000000000000000000e+01
6.000000000000000000e+00
-3.400000000000000000e+01
-8.000000000000000000e+00
2.000000000000000000e+01
2.300000000000000000e+01
1.000000000000000000e+01
-1.200000000000000000e+01
-6.000000000000000000e+00
2.700000000000000000e+01
-1.900000000000000000e+01
2.900000000000000000e+01
1.000000000000000000e+00
4.400000000000000000e+01
-1.800000000000000000e+01
6.000000000000000000e+00
4.000000000000000000e+00
6.000000000000000000e+00
-1.100000000000000000e+01
2.000000000000000000e+00
-3.400000000000000000e+01
-2.100000000000000000e+01
-3.700000000000000000e+01
-1.100000000000000000e+01
-8.000000000000000000e+00
-1.000000000000000000e+00
3.400000000000000000e+01
-4.000000000000000000e+00
-2.100000000000000000e+01
-2.000000000000000000e+00
3.000000000000000000e+00
9.000000000000000000e+00
7.000000000000000000e+00
3.500000000000000000e+01
0.000000000000000000e+00
0.000000000000000000e+00
6.000000000000000000e+00
-1.700000000000000000e+01
-9.000000000000000000e+00
-9.000000000000000000e+00
-1.600000000000000000e+01
3.000000000000000000e+00
-3.500000000000000000e+01
1.000000000000000000e+01
-4.000000000000000000e+00
9.000000000000000000e+00
1.100000000000000000e+01
-1.400000000000000000e+01
7.000000000000000000e+00
0.000000000000000000e+00
8.000000000000000000e+00
-1.600000000000000000e+01
-1.400000000000000000e+01
-2.100000000000000000e+01
-1.000000000000000000e+01
-1.300000000000000000e+01
4.000000000000000000e+00
1.500000000000000000e+01
-1.200000000000000000e+01
1.000000000000000000e+00
-1.900000000000000000e+01
-1.400000000000000000e+01
1.400000000000000000e+01
-1.500000000000000000e+01
-4.000000000000000000e+00
1.900000000000000000e+01
2.300000000000000000e+01
-1.400000000000000000e+01
2.100000000000000000e+01
0.000000000000000000e+00
-1.700000000000000000e+01
3.000000000000000000e+00
-1.400000000000000000e+01
1.200000000000000000e+01
-2.800000000000000000e+01
-8.000000000000000000e+00
-7.000000000000000000e+00
-1.600000000000000000e+01
-7.000000000000000000e+00
1.000000000000000000e+00
-1.400000000000000000e+01
-7.000000000000000000e+00
-6.000000000000000000e+00
-2.100000000000000000e+01
-8.000000000000000000e+00
1.000000000000000000e+01
1.400000000000000000e+01
-3.000000000000000000e+00
1.100000000000000000e+01
-9.000000000000000000e+00
-1.500000000000000000e+01
-1.400000000000000000e+01
1.000000000000000000e+00
-1.100000000000000000e+01
3.200000000000000000e+01
2.400000000000000000e+01
2.000000000000000000e+00
-1.200000000000000000e+01
-1.100000000000000000e+01
-1.300000000000000000e+01
6.000000000000000000e+00
2.600000000000000000e+01
1.300000000000000000e+01
-2.100000000000000000e+01
-1.900000000000000000e+01
6.000000000000000000e+00
8.000000000000000000e+00
7.000000000000000000e+00
-1.000000000000000000e+00
2.000000000000000000e+00
-1.400000000000000000e+01
1.500000000000000000e+01
-2.300000000000000000e+01
8.000000000000000000e+00
-9.000000000000000000e+00
-3.000000000000000000e+00
-7.000000000000000000e+00
1.700000000000000000e+01
0.000000000000000000e+00
1.000000000000000000e+00
5.000000000000000000e+00
-3.100000000000000000e+01
2.500000000000000000e+01
1.000000000000000000e+01
1.700000000000000000e+01
-3.700000000000000000e+01
-5.000000000000000000e+00
-1.800000000000000000e+01
-4.000000000000000000e+00
7.000000000000000000e+00
1.600000000000000000e+01
-6.000000000000000000e+00
-1.200000000000000000e+01
-1.000000000000000000e+00
4.000000000000000000e+00
8.000000000000000000e+00
1.700000000000000000e+01
7.000000000000000000e+00
8.000000000000000000e+00
-2.000000000000000000e+00
3.700000000000000000e+01
7.000000000000000000e+00
1.300000000000000000e+01
-1.900000000000000000e+01
-3.000000000000000000e+00
-1.000000000000000000e+01
-2.700000000000000000e+01
-5.000000000000000000e+00
-1.000000000000000000e+01
-9.000000000000000000e+00
1.600000000000000000e+01
-1.100000000000000000e+01
2.200000000000000000e+01
5.000000000000000000e+00
5.000000000000000000e+00
-2.600000000000000000e+01
1.000000000000000000e+01
2.000000000000000000e+00
-1.000000000000000000e+01
-7.000000000000000000e+00
4.000000000000000000e+00
9.000000000000000000e+00
-2.100000000000000000e+01
-8.000000000000000000e+00
1.200000000000000000e+01
3.000000000000000000e+00
2.000000000000000000e+01
-1.000000000000000000e+00
1.900000000000000000e+01
2.900000000000000000e+01
1.000000000000000000e+01
2.200000000000000000e+01
0.000000000000000000e+00
2.200000000000000000e+01
-8.000000000000000000e+00
1.900000000000000000e+01
1.000000000000000000e+00
-8.000000000000000000e+00
1.000000000000000000e+00
-2.600000000000000000e+01
2.000000000000000000e+00
-6.000000000000000000e+00
-1.400000000000000000e+01
-5.000000000000000000e+00
-1.100000000000000000e+01
2.900000000000000000e+01
-2.000000000000000000e+00
2.000000000000000000e+01
-8.000000000000000000e+00
-2.300000000000000000e+01
-3.800000000000000000e+01
5.000000000000000000e+00
-1.900000000000000000e+01
-8.000000000000000000e+00
-2.000000000000000000e+00
-1.400000000000000000e+01
1.100000000000000000e+01
2.100000000000000000e+01
-1.400000000000000000e+01
1.000000000000000000e+00
-6.000000000000000000e+00
1.200000000000000000e+01
-9.000000000000000000e+00
1.600000000000000000e+01
0.000000000000000000e+00
2.100000000000000000e+01
1.200000000000000000e+01
2.000000000000000000e+00
-2.100000000000000000e+01
-6.000000000000000000e+00
1.300000000000000000e+01
-1.600000000000000000e+01
-3.000000000000000000e+00
-1.300000000000000000e+01
1.000000000000000000e+00
-4.400000000000000000e+01
7.000000000000000000e+00
8.000000000000000000e+00
-2.000000000000000000e+00
2.400000000000000000e+01
-6.000000000000000000e+00
-1.600000000000000000e+01
-3.000000000000000000e+00
-1.000000000000000000e+00
1.100000000000000000e+01
9.000000000000000000e+00
2.000000000000000000e+00
9.000000000000000000e+00
9.000000000000000000e+00
-1.000000000000000000e+01
1.700000000000000000e+01
-7.000000000000000000e+00
2.900000000000000000e+01
4.500000000000000000e+01
-1.900000000000000000e+01
1.700000000000000000e+01
5.000000000000000000e+00
-2.000000000000000000e+00
0.000000000000000000e+00
7.000000000000000000e+00
3.700000000000000000e+01
1.900000000000000000e+01
1.400000000000000000e+01
3.200000000000000000e+01
1.400000000000000000e+01
2.200000000000000000e+01
4.100000000000000000e+01
2.400000000000000000e+01
9.000000000000000000e+00
2.600000000000000000e+01
2.700000000000000000e+01
5.000000000000000000e+00
6.000000000000000000e+00
4.000000000000000000e+00
-1.300000000000000000e+01
-2.000000000000000000e+00
1.100000000000000000e+01
3.000000000000000000e+00
0.000000000000000000e+00
2.000000000000000000e+00
1.500000000000000000e+01
-2.300000000000000000e+01
2.500000000000000000e+01
-1.000000000000000000e+00
-3.500000000000000000e+01
0.000000000000000000e+00
0.000000000000000000e+00
-5.000000000000000000e+00
-4.400000000000000000e+01
1.000000000000000000e+00
1.200000000000000000e+01
3.000000000000000000e+00
1.200000000000000000e+01
3.000000000000000000e+00
-1.500000000000000000e+01
-2.400000000000000000e+01
-8.000000000000000000e+00
3.800000000000000000e+01
-2.200000000000000000e+01
1.000000000000000000e+01
0.000000000000000000e+00
-1.200000000000000000e+01
-8.000000000000000000e+00
-9.000000000000000000e+00
1.500000000000000000e+01
1.300000000000000000e+01
1.000000000000000000e+00
4.000000000000000000e+00
-4.000000000000000000e+00
1.300000000000000000e+01
1.700000000000000000e+01
7.000000000000000000e+00
1.900000000000000000e+01
1.200000000000000000e+01
-1.200000000000000000e+01
-1.000000000000000000e+01
1.000000000000000000e+00
-3.600000000000000000e+01
1.600000000000000000e+01
-1.800000000000000000e+01
2.000000000000000000e+01
-1.500000000000000000e+01
-9.000000000000000000e+00
-7.000000000000000000e+00
7.000000000000000000e+00
8.000000000000000000e+00
-1.000000000000000000e+01
-1.200000000000000000e+01
1.800000000000000000e+01
-2.300000000000000000e+01
-1.200000000000000000e+01
-1.100000000000000000e+01
-9.000000000000000000e+00
3.000000000000000000e+00
4.000000000000000000e+00
-2.800000000000000000e+01
-4.000000000000000000e+00
-2.000000000000000000e+00
-8.000000000000000000e+00
-8.000000000000000000e+00
1.900000000000000000e+01
2.000000000000000000e+01
2.000000000000000000e+01
-1.000000000000000000e+01
6.000000000000000000e+00
-5.000000000000000000e+00
3.100000000000000000e+01
9.000000000000000000e+00
1.000000000000000000e+01
1.800000000000000000e+01
6.000000000000000000e+00
-6.000000000000000000e+00
2.000000000000000000e+00
2.900000000000000000e+01
3.300000000000000000e+01
-4.000000000000000000e+00
2.000000000000000000e+00
1.200000000000000000e+01
-6.000000000000000000e+00
-1.700000000000000000e+01
2.600000000000000000e+01
7.000000000000000000e+00
1.900000000000000000e+01
3.300000000000000000e+01
9.000000000000000000e+00
-9.000000000000000000e+00
-2.100000000000000000e+01
3.800000000000000000e+01
3.000000000000000000e+00
2.000000000000000000e+00
3.400000000000000000e+01
2.500000000000000000e+01
1.900000000000000000e+01
-2.200000000000000000e+01
2.300000000000000000e+01
3.000000000000000000e+01
-3.400000000000000000e+01
2.600000000000000000e+01
3.200000000000000000e+01
-1.200000000000000000e+01
3.700000000000000000e+01
2.000000000000000000e+01
4.000000000000000000e+00
4.000000000000000000e+00
1.000000000000000000e+00
4.100000000000000000e+01
1.600000000000000000e+01
5.000000000000000000e+00
4.100000000000000000e+01
-8.000000000000000000e+00
7.000000000000000000e+00
3.000000000000000000e+00
-2.100000000000000000e+01
3.900000000000000000e+01
1.000000000000000000e+01
0.000000000000000000e+00
2.600000000000000000e+01
-7.000000000000000000e+00
7.000000000000000000e+00
2.000000000000000000e+01
1.000000000000000000e+01
0.000000000000000000e+00
7.000000000000000000e+00
1.400000000000000000e+01
2.000000000000000000e+00
-1.100000000000000000e+01
-1.200000000000000000e+01
1.800000000000000000e+01
1.300000000000000000e+01
1.300000000000000000e+01
2.900000000000000000e+01
2.300000000000000000e+01
-1.600000000000000000e+01
5.000000000000000000e+00
-2.000000000000000000e+00
1.200000000000000000e+01
2.000000000000000000e+01
1.700000000000000000e+01
1.500000000000000000e+01
-1.000000000000000000e+01
2.500000000000000000e+01
1.900000000000000000e+01
2.400000000000000000e+01
4.300000000000000000e+01
8.000000000000000000e+00
-6.000000000000000000e+00
4.000000000000000000e+00
-2.300000000000000000e+01
1.700000000000000000e+01
4.200000000000000000e+01
0.000000000000000000e+00
-1.600000000000000000e+01
2.200000000000000000e+01
1.900000000000000000e+01
-7.000000000000000000e+00
4.100000000000000000e+01
0.000000000000000000e+00
2.400000000000000000e+01
-7.000000000000000000e+00
-9.000000000000000000e+00
3.900000000000000000e+01
4.100000000000000000e+01
5.600000000000000000e+01
3.400000000000000000e+01
-1.000000000000000000e+00
6.000000000000000000e+00
2.600000000000000000e+01
1.000000000000000000e+00
-2.100000000000000000e+01
5.000000000000000000e+00
2.500000000000000000e+01
-2.600000000000000000e+01
1.400000000000000000e+01
3.000000000000000000e+00
0.000000000000000000e+00
-5.000000000000000000e+00
5.000000000000000000e+00
2.500000000000000000e+01
8.000000000000000000e+00
7.000000000000000000e+00
-1.000000000000000000e+00
2.500000000000000000e+01
1.000000000000000000e+00
1.100000000000000000e+01
1.800000000000000000e+01
1.500000000000000000e+01
-2.800000000000000000e+01
1.300000000000000000e+01
2.300000000000000000e+01
3.800000000000000000e+01
0.000000000000000000e+00
1.000000000000000000e+00
1.300000000000000000e+01
1.100000000000000000e+01
1.600000000000000000e+01
2.000000000000000000e+01
1.300000000000000000e+01
2.800000000000000000e+01
1.200000000000000000e+01
4.500000000000000000e+01
4.100000000000000000e+01
2.800000000000000000e+01
2.400000000000000000e+01
2.500000000000000000e+01
1.800000000000000000e+01
1.500000000000000000e+01
2.700000000000000000e+01
1.600000000000000000e+01
2.100000000000000000e+01
3.100000000000000000e+01
-2.000000000000000000e+00
3.100000000000000000e+01
1.700000000000000000e+01
9.000000000000000000e+00
3.400000000000000000e+01
2.200000000000000000e+01
-1.400000000000000000e+01
1.500000000000000000e+01
-4.000000000000000000e+00
3.800000000000000000e+01
-1.500000000000000000e+01
1.900000000000000000e+01
0.000000000000000000e+00
1.300000000000000000e+01
2.600000000000000000e+01
2.000000000000000000e+00
2.700000000000000000e+01
2.000000000000000000e+00
-4.000000000000000000e+00
2.700000000000000000e+01
2.700000000000000000e+01
1.000000000000000000e+00
2.800000000000000000e+01
1.400000000000000000e+01
7.000000000000000000e+00
1.900000000000000000e+01
3.800000000000000000e+01
2.700000000000000000e+01
-4.000000000000000000e+00
4.000000000000000000e+01
3.600000000000000000e+01
4.600000000000000000e+01
1.900000000000000000e+01
-3.000000000000000000e+00
4.200000000000000000e+01
1.500000000000000000e+01
9.000000000000000000e+00
4.000000000000000000e+00
2.400000000000000000e+01
2.100000000000000000e+01
1.600000000000000000e+01
4.200000000000000000e+01
-8.000000000000000000e+00
1.200000000000000000e+01
-7.000000000000000000e+00
3.600000000000000000e+01
4.000000000000000000e+00
1.300000000000000000e+01
1.800000000000000000e+01
3.200000000000000000e+01
1.800000000000000000e+01
1.800000000000000000e+01
1.900000000000000000e+01
1.800000000000000000e+01
2.900000000000000000e+01
-2.100000000000000000e+01
4.400000000000000000e+01
3.100000000000000000e+01
4.000000000000000000e+01
3.200000000000000000e+01
1.400000000000000000e+01
3.700000000000000000e+01
6.300000000000000000e+01
-1.400000000000000000e+01
1.000000000000000000e+01
3.900000000000000000e+01
2.800000000000000000e+01
3.000000000000000000e+01
2.200000000000000000e+01
2.300000000000000000e+01
2.200000000000000000e+01
2.200000000000000000e+01
1.200000000000000000e+01
4.200000000000000000e+01
4.300000000000000000e+01
1.500000000000000000e+01
4.000000000000000000e+00
1.400000000000000000e+01
1.300000000000000000e+01
2.900000000000000000e+01
3.700000000000000000e+01
1.900000000000000000e+01
1.900000000000000000e+01
5.300000000000000000e+01
4.000000000000000000e+00
4.900000000000000000e+01
2.500000000000000000e+01
1.100000000000000000e+01
2.700000000000000000e+01
2.800000000000000000e+01
2.200000000000000000e+01
1.000000000000000000e+00
5.000000000000000000e+01
1.200000000000000000e+01
2.100000000000000000e+01
1.000000000000000000e+00
1.800000000000000000e+01
5.700000000000000000e+01
3.400000000000000000e+01
9.000000000000000000e+00
0.000000000000000000e+00
6.800000000000000000e+01
4.500000000000000000e+01
4.000000000000000000e+01
-1.400000000000000000e+01
1.700000000000000000e+01
6.300000000000000000e+01
5.200000000000000000e+01
1.600000000000000000e+01
3.200000000000000000e+01
6.200000000000000000e+01
6.200000000000000000e+01
5.000000000000000000e+01
4.800000000000000000e+01
3.700000000000000000e+01
6.000000000000000000e+01
4.100000000000000000e+01
4.700000000000000000e+01
5.100000000000000000e+01
8.500000000000000000e+01
1.140000000000000000e+02
9.700000000000000000e+01
1.050000000000000000e+02
8.200000000000000000e+01
9.800000000000000000e+01
1.420000000000000000e+02
1.400000000000000000e+02
1.560000000000000000e+02
1.810000000000000000e+02
2.030000000000000000e+02
2.310000000000000000e+02
2.330000000000000000e+02
2.580000000000000000e+02
2.920000000000000000e+02
3.040000000000000000e+02
3.750000000000000000e+02
4.300000000000000000e+02
4.990000000000000000e+02
5.360000000000000000e+02
6.160000000000000000e+02
6.510000000000000000e+02
7.580000000000000000e+02
8.290000000000000000e+02
9.070000000000000000e+02
9.860000000000000000e+02
1.127000000000000000e+03
1.267000000000000000e+03
1.405000000000000000e+03
1.498000000000000000e+03
1.642000000000000000e+03
1.782000000000000000e+03
1.889000000000000000e+03
2.049000000000000000e+03
2.173000000000000000e+03
2.403000000000000000e+03
2.531000000000000000e+03
2.675000000000000000e+03
2.806000000000000000e+03
2.957000000000000000e+03
3.067000000000000000e+03
3.302000000000000000e+03
3.378000000000000000e+03
3.427000000000000000e+03
3.553000000000000000e+03
3.759000000000000000e+03
3.806000000000000000e+03
3.865000000000000000e+03
3.962000000000000000e+03
3.977000000000000000e+03
4.020000000000000000e+03
3.986000000000000000e+03
4.080000000000000000e+03
4.004000000000000000e+03
4.030000000000000000e+03
4.034000000000000000e+03
3.960000000000000000e+03
3.973000000000000000e+03
3.862000000000000000e+03
3.748000000000000000e+03
3.715000000000000000e+03
3.625000000000000000e+03
3.541000000000000000e+03
3.422000000000000000e+03
3.168000000000000000e+03
3.141000000000000000e+03
2.947000000000000000e+03
2.890000000000000000e+03
2.677000000000000000e+03
2.568000000000000000e+03
2.413000000000000000e+03
2.219000000000000000e+03
2.111000000000000000e+03
1.982000000000000000e+03
1.892000000000000000e+03
1.720000000000000000e+03
1.601000000000000000e+03
1.441000000000000000e+03
1.368000000000000000e+03
1.194000000000000000e+03
1.120000000000000000e+03
1.049000000000000000e+03
9.380000000000000000e+02
8.460000000000000000e+02
7.210000000000000000e+02
6.760000000000000000e+02
5.940000000000000000e+02
5.870000000000000000e+02
4.670000000000000000e+02
4.410000000000000000e+02
3.680000000000000000e+02
3.200000000000000000e+02
2.770000000000000000e+02
2.630000000000000000e+02
2.280000000000000000e+02
2.230000000000000000e+02
1.500000000000000000e+02
1.570000000000000000e+02
9.000000000000000000e+01
8.600000000000000000e+01
8.600000000000000000e+01
6.200000000000000000e+01
8.100000000000000000e+01
6.300000000000000000e+01
7.400000000000000000e+01
4.000000000000000000e+01
2.000000000000000000e+01
3.900000000000000000e+01
2.600000000000000000e+01
2.500000000000000000e+01
7.000000000000000000e+00
5.900000000000000000e+01
6.000000000000000000e+00
1.800000000000000000e+01
6.000000000000000000e+00
4.100000000000000000e+01
4.100000000000000000e+01
2.300000000000000000e+01
1.300000000000000000e+01
-7.000000000000000000e+00
1.200000000000000000e+01
1.300000000000000000e+01
4.400000000000000000e+01
0.000000000000000000e+00
1.400000000000000000e+01
1.000000000000000000e+00
1.400000000000000000e+01
2.000000000000000000e+00
1.100000000000000000e+01
3.600000000000000000e+01
-2.000000000000000000e+00
-4.000000000000000000e+00
7.000000000000000000e+00
1.900000000000000000e+01
-4.000000000000000000e+00
1.900000000000000000e+01
-5.000000000000000000e+00
-3.100000000000000000e+01
8.000000000000000000e+00
4.500000000000000000e+01
5.000000000000000000e+00
1.900000000000000000e+01
-2.000000000000000000e+00
2.900000000000000000e+01
2.000000000000000000e+00
3.200000000000000000e+01
1.100000000000000000e+01
-2.000000000000000000e+00
2.900000000000000000e+01
8.000000000000000000e+00
2.100000000000000000e+01
4.200000000000000000e+01
-3.000000000000000000e+01
5.100000000000000000e+01
-4.000000000000000000e+00
3.600000000000000000e+01
3.600000000000000000e+01
3.600000000000000000e+01
3.200000000000000000e+01
1.500000000000000000e+01
2.100000000000000000e+01
-2.400000000000000000e+01
1.600000000000000000e+01
3.200000000000000000e+01
-1.100000000000000000e+01
1.400000000000000000e+01
1.800000000000000000e+01
1.200000000000000000e+01
1.300000000000000000e+01
2.600000000000000000e+01
1.800000000000000000e+01
4.600000000000000000e+01
3.300000000000000000e+01
2.100000000000000000e+01
2.400000000000000000e+01
3.600000000000000000e+01
-1.200000000000000000e+01
6.000000000000000000e+00
1.900000000000000000e+01
-2.000000000000000000e+01
1.200000000000000000e+01
5.000000000000000000e+00
2.000000000000000000e+01
3.500000000000000000e+01
4.000000000000000000e+01
5.000000000000000000e+00
1.100000000000000000e+01
-1.000000000000000000e+01
7.000000000000000000e+00
8.000000000000000000e+00
5.000000000000000000e+00
-8.000000000000000000e+00
2.000000000000000000e+00
-1.700000000000000000e+01
1.000000000000000000e+00
6.000000000000000000e+00
-1.800000000000000000e+01
2.500000000000000000e+01
-5.000000000000000000e+00
2.000000000000000000e+00
1.900000000000000000e+01
-6.000000000000000000e+00
-4.500000000000000000e+01
3.200000000000000000e+01
4.000000000000000000e+00
-1.700000000000000000e+01
2.300000000000000000e+01
6.000000000000000000e+00
8.000000000000000000e+00
5.000000000000000000e+00
-1.700000000000000000e+01
2.200000000000000000e+01
2.100000000000000000e+01
9.000000000000000000e+00
3.400000000000000000e+01
3.500000000000000000e+01
2.000000000000000000e+00
2.200000000000000000e+01
3.000000000000000000e+00
1.900000000000000000e+01
2.000000000000000000e+00
2.300000000000000000e+01
1.500000000000000000e+01
-1.300000000000000000e+01
9.000000000000000000e+00
-3.000000000000000000e+00
2.300000000000000000e+01
-4.000000000000000000e+00
1.000000000000000000e+01
1.000000000000000000e+01
1.700000000000000000e+01
-3.000000000000000000e+00
1.700000000000000000e+01
3.800000000000000000e+01
-1.100000000000000000e+01
1.300000000000000000e+01
1.100000000000000000e+01
3.000000000000000000e+00
-9.000000000000000000e+00
3.200000000000000000e+01
-1.300000000000000000e+01
7.000000000000000000e+00
1.800000000000000000e+01
2.200000000000000000e+01
2.300000000000000000e+01
1.700000000000000000e+01
2.000000000000000000e+01
-7.000000000000000000e+00
7.000000000000000000e+00
1.600000000000000000e+01
2.000000000000000000e+01
1.300000000000000000e+01
6.000000000000000000e+00
2.500000000000000000e+01
7.000000000000000000e+00
1.000000000000000000e+00
-8.000000000000000000e+00
1.000000000000000000e+00
1.700000000000000000e+01
2.000000000000000000e+00
1.400000000000000000e+01
2.000000000000000000e+01
1.300000000000000000e+01
2.500000000000000000e+01
1.600000000000000000e+01
-1.000000000000000000e+00
2.200000000000000000e+01
2.400000000000000000e+01
-1.400000000000000000e+01
2.000000000000000000e+00
2.800000000000000000e+01
3.300000000000000000e+01
1.500000000000000000e+01
2.200000000000000000e+01
-1.100000000000000000e+01
-1.000000000000000000e+01
2.400000000000000000e+01
3.000000000000000000e+00
-1.300000000000000000e+01
1.300000000000000000e+01
3.500000000000000000e+01
1.700000000000000000e+01
1.000000000000000000e+01
-2.100000000000000000e+01
2.500000000000000000e+01
3.000000000000000000e+00
3.100000000000000000e+01
3.100000000000000000e+01
3.300000000000000000e+01
2.500000000000000000e+01
1.200000000000000000e+01
0.000000000000000000e+00
-7.000000000000000000e+00
-1.200000000000000000e+01
-2.400000000000000000e+01
6.000000000000000000e+00
5.000000000000000000e+00
1.500000000000000000e+01
-1.200000000000000000e+01
3.000000000000000000e+00
-9.000000000000000000e+00
6.000000000000000000e+00
2.300000000000000000e+01
-1.800000000000000000e+01
1.100000000000000000e+01
-1.800000000000000000e+01
-2.500000000000000000e+01
1.100000000000000000e+01
-4.000000000000000000e+00
-2.200000000000000000e+01
-1.900000000000000000e+01
-2.900000000000000000e+01
-1.300000000000000000e+01
1.900000000000000000e+01
-1.400000000000000000e+01
1.800000000000000000e+01
1.000000000000000000e+01
1.800000000000000000e+01
1.000000000000000000e+00
1.200000000000000000e+01
1.300000000000000000e+01
1.200000000000000000e+01
-7.000000000000000000e+00
1.500000000000000000e+01
-2.000000000000000000e+01
9.000000000000000000e+00
1.600000000000000000e+01
-6.000000000000000000e+00
9.000000000000000000e+00
-3.000000000000000000e+00
-2.000000000000000000e+01
4.000000000000000000e+00
2.000000000000000000e+00
3.300000000000000000e+01
1.200000000000000000e+01
-1.300000000000000000e+01
1.500000000000000000e+01
-8.000000000000000000e+00
-1.000000000000000000e+00
2.100000000000000000e+01
1.100000000000000000e+01
-5.000000000000000000e+00
-1.100000000000000000e+01
2.300000000000000000e+01
2.400000000000000000e+01
-7.000000000000000000e+00
-2.600000000000000000e+01
-1.100000000000000000e+01
1.500000000000000000e+01
-2.500000000000000000e+01
3.300000000000000000e+01
1.400000000000000000e+01
1.000000000000000000e+00
1.600000000000000000e+01
-1.500000000000000000e+01
0.000000000000000000e+00
-7.000000000000000000e+00
-6.000000000000000000e+00
1.600000000000000000e+01
1.000000000000000000e+00
-1.000000000000000000e+01
-1.000000000000000000e+00
4.900000000000000000e+01
9.000000000000000000e+00
1.700000000000000000e+01
1.800000000000000000e+01
6.000000000000000000e+00
2.100000000000000000e+01
0.000000000000000000e+00
-1.100000000000000000e+01
-1.100000000000000000e+01
3.000000000000000000e+00
1.000000000000000000e+01
2.300000000000000000e+01
2.500000000000000000e+01
2.000000000000000000e+01
-4.100000000000000000e+01
1.300000000000000000e+01
2.500000000000000000e+01
3.300000000000000000e+01
1.500000000000000000e+01
1.000000000000000000e+01
2.500000000000000000e+01
1.200000000000000000e+01
2.400000000000000000e+01
-6.000000000000000000e+00
1.000000000000000000e+00
2.000000000000000000e+01
-9.000000000000000000e+00
1.900000000000000000e+01
4.000000000000000000e+00
2.200000000000000000e+01
1.100000000000000000e+01
0.000000000000000000e+00
-1.400000000000000000e+01
9.000000000000000000e+00
-1.300000000000000000e+01
-4.000000000000000000e+00
2.600000000000000000e+01
2.100000000000000000e+01
4.000000000000000000e+00
1.000000000000000000e+00
1.400000000000000000e+01
5.000000000000000000e+00
1.800000000000000000e+01
1.400000000000000000e+01
1.300000000000000000e+01
8.000000000000000000e+00
1.800000000000000000e+01
-3.000000000000000000e+00
-1.200000000000000000e+01
-1.100000000000000000e+01
2.000000000000000000e+00
5.500000000000000000e+01
-2.200000000000000000e+01
-6.000000000000000000e+00
6.000000000000000000e+00
5.000000000000000000e+00
-2.000000000000000000e+00
2.400000000000000000e+01
-2.200000000000000000e+01
2.000000000000000000e+00
2.000000000000000000e+01
3.100000000000000000e+01
9.000000000000000000e+00
-1.800000000000000000e+01
1.000000000000000000e+01
-1.700000000000000000e+01
2.200000000000000000e+01
3.000000000000000000e+00
-1.200000000000000000e+01
1.800000000000000000e+01
-7.000000000000000000e+00
-1.300000000000000000e+01
-6.000000000000000000e+00
-6.000000000000000000e+00
-1.900000000000000000e+01
1.000000000000000000e+00
-1.300000000000000000e+01
-1.500000000000000000e+01
-3.000000000000000000e+01
-2.900000000000000000e+01
8.000000000000000000e+00
7.000000000000000000e+00
3.000000000000000000e+01
0.000000000000000000e+00
6.000000000000000000e+00
2.000000000000000000e+00
-7.000000000000000000e+00
-9.000000000000000000e+00
-8.000000000000000000e+00
-7.000000000000000000e+00
-1.400000000000000000e+01
2.000000000000000000e+01
6.000000000000000000e+00
-1.500000000000000000e+01
-1.000000000000000000e+00
1.100000000000000000e+01
-2.200000000000000000e+01
1.300000000000000000e+01
-1.700000000000000000e+01
2.000000000000000000e+00
-4.000000000000000000e+00
1.100000000000000000e+01
1.930000000000000000e+02
1.500000000000000000e+01
1.000000000000000000e+01
-2.200000000000000000e+01
6.000000000000000000e+00
-1.900000000000000000e+01
4.000000000000000000e+00
-7.000000000000000000e+00
-2.900000000000000000e+01
-1.000000000000000000e+00
1.900000000000000000e+01
-3.900000000000000000e+01
1.200000000000000000e+01
-2.900000000000000000e+01
-5.000000000000000000e+00
1.000000000000000000e+01
8.000000000000000000e+00
6.000000000000000000e+00
-9.000000000000000000e+00
1.600000000000000000e+01
9.000000000000000000e+00
3.500000000000000000e+01
6.000000000000000000e+00
-1.400000000000000000e+01
6.000000000000000000e+00
1.800000000000000000e+01
2.800000000000000000e+01
-1.600000000000000000e+01
1.000000000000000000e+01
1.400000000000000000e+01
-4.000000000000000000e+00
2.800000000000000000e+01
1.100000000000000000e+01
9.000000000000000000e+00
-6.000000000000000000e+00
-1.100000000000000000e+01
3.000000000000000000e+00
5.000000000000000000e+00
6.000000000000000000e+00
-3.000000000000000000e+00
-1.500000000000000000e+01
-1.400000000000000000e+01
1.000000000000000000e+00
-2.500000000000000000e+01
1.900000000000000000e+01
-2.000000000000000000e+00
8.000000000000000000e+00
1.300000000000000000e+01
1.800000000000000000e+01
1.200000000000000000e+01
4.000000000000000000e+00
0.000000000000000000e+00
0.000000000000000000e+00
2.000000000000000000e+00
-2.900000000000000000e+01
-1.000000000000000000e+01
-1.400000000000000000e+01
4.000000000000000000e+00
-6.700000000000000000e+01
-2.500000000000000000e+01
9.000000000000000000e+00
8.000000000000000000e+00
-1.400000000000000000e+01
5.000000000000000000e+00
1.400000000000000000e+01
3.700000000000000000e+01
1.400000000000000000e+01
7.000000000000000000e+00
1.300000000000000000e+01
1.000000000000000000e+00
7.000000000000000000e+00
8.000000000000000000e+00
-1.400000000000000000e+01
6.000000000000000000e+00
-2.900000000000000000e+01
-1.600000000000000000e+01
-1.800000000000000000e+01
-1.100000000000000000e+01
6.000000000000000000e+00
-2.100000000000000000e+01
-1.100000000000000000e+01
3.000000000000000000e+00
-3.000000000000000000e+01
1.200000000000000000e+01
7.000000000000000000e+00
2.800000000000000000e+01
-1.000000000000000000e+00
1.400000000000000000e+01
-9.000000000000000000e+00
7.000000000000000000e+00
-2.500000000000000000e+01
2.300000000000000000e+01
3.000000000000000000e+00
-3.800000000000000000e+01
0.000000000000000000e+00
1.000000000000000000e+00
8.000000000000000000e+00
3.000000000000000000e+00
-2.000000000000000000e+00
-1.300000000000000000e+01
-2.900000000000000000e+01
9.000000000000000000e+00
3.000000000000000000e+00
-2.000000000000000000e+01
1.900000000000000000e+01
-1.700000000000000000e+01
2.700000000000000000e+01
-2.000000000000000000e+00
-1.500000000000000000e+01
-1.000000000000000000e+01
-3.200000000000000000e+01
-1.000000000000000000e+00
-2.800000000000000000e+01
-8.000000000000000000e+00
1.000000000000000000e+00
-6.000000000000000000e+00
-3.000000000000000000e+00
1.000000000000000000e+01
3.700000000000000000e+01
3.000000000000000000e+00
8.000000000000000000e+00
1.700000000000000000e+01
1.000000000000000000e+01
2.700000000000000000e+01
-1.200000000000000000e+01
6.000000000000000000e+00
-1.200000000000000000e+01
0.000000000000000000e+00
2.200000000000000000e+01
2.100000000000000000e+01
5.000000000000000000e+00
8.000000000000000000e+00
-5.000000000000000000e+00
-2.000000000000000000e+00
1.700000000000000000e+01
-2.300000000000000000e+01
-4.000000000000000000e+00
4.000000000000000000e+00
-2.300000000000000000e+01
-1.000000000000000000e+00
-2.200000000000000000e+01
2.400000000000000000e+01
4.000000000000000000e+00
-2.200000000000000000e+01
1.400000000000000000e+01
3.000000000000000000e+01
-9.000000000000000000e+00
7.000000000000000000e+00
1.100000000000000000e+01
2.000000000000000000e+01
-3.000000000000000000e+00
1.800000000000000000e+01
-1.300000000000000000e+01
1.400000000000000000e+01
-4.000000000000000000e+00
4.000000000000000000e+00
4.000000000000000000e+00
-2.200000000000000000e+01
0.000000000000000000e+00
-1.500000000000000000e+01
5.000000000000000000e+00
2.700000000000000000e+01
1.200000000000000000e+01
0.000000000000000000e+00
1.100000000000000000e+01
5.000000000000000000e+00
-1.500000000000000000e+01
-4.000000000000000000e+00
3.800000000000000000e+01
5.000000000000000000e+00
8.000000000000000000e+00
-2.300000000000000000e+01
-7.000000000000000000e+00
-2.200000000000000000e+01
5.000000000000000000e+00
-2.700000000000000000e+01
-3.000000000000000000e+00
1.200000000000000000e+01
1.400000000000000000e+01
1.000000000000000000e+00
0.000000000000000000e+00
-1.400000000000000000e+01
2.000000000000000000e+00
-3.100000000000000000e+01
-1.000000000000000000e+01
2.000000000000000000e+00
-3.000000000000000000e+00
1.000000000000000000e+00
1.000000000000000000e+00
-1.500000000000000000e+01
-6.000000000000000000e+00
2.000000000000000000e+00
-7.000000000000000000e+00
-3.700000000000000000e+01
2.200000000000000000e+01
3.000000000000000000e+00
-2.000000000000000000e+01
1.000000000000000000e+01
-7.000000000000000000e+00
1.100000000000000000e+01
-2.100000000000000000e+01
-1.900000000000000000e+01
1.600000000000000000e+01
2.800000000000000000e+01
-1.700000000000000000e+01
-8.000000000000000000e+00
-1.000000000000000000e+00
-2.000000000000000000e+00
-1.000000000000000000e+00
3.000000000000000000e+00
1.500000000000000000e+01
1.300000000000000000e+01
9.000000000000000000e+00
1.600000000000000000e+01
1.600000000000000000e+01
2.100000000000000000e+01
-2.000000000000000000e+00
4.000000000000000000e+00
-1.200000000000000000e+01
8.000000000000000000e+00
-1.600000000000000000e+01
4.000000000000000000e+00
1.300000000000000000e+01
1.000000000000000000e+00
-4.000000000000000000e+00
-1.000000000000000000e+01
-1.600000000000000000e+01
-2.100000000000000000e+01
1.000000000000000000e+00
1.800000000000000000e+01
-2.000000000000000000e+00
2.000000000000000000e+00
-1.700000000000000000e+01
-2.100000000000000000e+01
-1.800000000000000000e+01
-1.600000000000000000e+01
1.700000000000000000e+01
-4.000000000000000000e+00
6.000000000000000000e+00
2.000000000000000000e+01
-3.100000000000000000e+01
-4.000000000000000000e+00
1.300000000000000000e+01
1.600000000000000000e+01
1.000000000000000000e+00
-2.500000000000000000e+01
5.000000000000000000e+00
-8.000000000000000000e+00
-3.300000000000000000e+01
1.300000000000000000e+01
-1.100000000000000000e+01
-1.100000000000000000e+01
-1.900000000000000000e+01
-3.600000000000000000e+01
-1.300000000000000000e+01
-6.000000000000000000e+00
2.700000000000000000e+01
-2.000000000000000000e+00
5.000000000000000000e+00
-5.000000000000000000e+00
1.300000000000000000e+01
-1.000000000000000000e+00
2.000000000000000000e+00
-1.400000000000000000e+01
-4.000000000000000000e+00
1.000000000000000000e+00
-2.000000000000000000e+00
1.200000000000000000e+01
1.100000000000000000e+01
6.000000000000000000e+00
-1.500000000000000000e+01
-1.000000000000000000e+00
-1.000000000000000000e+00
1.100000000000000000e+01
-1.800000000000000000e+01
-1.100000000000000000e+01
-1.500000000000000000e+01
-1.200000000000000000e+01
-1.700000000000000000e+01
-1.200000000000000000e+01
1.100000000000000000e+01
-2.000000000000000000e+01
1.600000000000000000e+01
-4.000000000000000000e+00
2.000000000000000000e+00
-3.000000000000000000e+00
0.000000000000000000e+00
-2.500000000000000000e+01
9.000000000000000000e+00
-2.400000000000000000e+01
1.400000000000000000e+01
2.000000000000000000e+00
8.000000000000000000e+00
-1.000000000000000000e+00
3.000000000000000000e+00
2.000000000000000000e+01
2.000000000000000000e+00
7.000000000000000000e+00
5.000000000000000000e+00
5.000000000000000000e+00
2.800000000000000000e+01
-4.000000000000000000e+00
-2.300000000000000000e+01
-2.000000000000000000e+00
1.800000000000000000e+01
-1.600000000000000000e+01
3.000000000000000000e+00
-1.100000000000000000e+01
-2.000000000000000000e+00
2.400000000000000000e+01
-2.300000000000000000e+01
-2.300000000000000000e+01
-2.900000000000000000e+01
2.000000000000000000e+00
1.400000000000000000e+01
-6.000000000000000000e+00
-1.000000000000000000e+01
0.000000000000000000e+00
-8.000000000000000000e+00
1.000000000000000000e+00
6.000000000000000000e+00
2.100000000000000000e+01
-1.900000000000000000e+01
6.000000000000000000e+00
0.000000000000000000e+00
-2.000000000000000000e+00
-3.300000000000000000e+01
-1.100000000000000000e+01
-1.800000000000000000e+01
-7.000000000000000000e+00
1.000000000000000000e+01
-2.000000000000000000e+00
1.800000000000000000e+01
-6.000000000000000000e+00
-1.000000000000000000e+01
-1.000000000000000000e+00
-2.000000000000000000e+00
7.000000000000000000e+00
-3.200000000000000000e+01
-1.200000000000000000e+01
0.000000000000000000e+00
1.000000000000000000e+01
-1.400000000000000000e+01
3.800000000000000000e+01
-2.400000000000000000e+01
-3.000000000000000000e+00
-2.000000000000000000e+00
1.800000000000000000e+01
2.000000000000000000e+00
2.300000000000000000e+01
1.100000000000000000e+01
3.900000000000000000e+01
-9.000000000000000000e+00
1.300000000000000000e+01
5.000000000000000000e+00
-2.300000000000000000e+01
-3.700000000000000000e+01
1.400000000000000000e+01
0.000000000000000000e+00
-8.000000000000000000e+00
4.100000000000000000e+01
-9.000000000000000000e+00
2.100000000000000000e+01
-1.600000000000000000e+01
9.000000000000000000e+00
1.300000000000000000e+01
2.000000000000000000e+00
-1.900000000000000000e+01
1.600000000000000000e+01
-2.400000000000000000e+01
8.000000000000000000e+00
2.700000000000000000e+01
2.300000000000000000e+01
8.000000000000000000e+00
1.500000000000000000e+01
5.000000000000000000e+00
0.000000000000000000e+00
-3.000000000000000000e+00
-1.600000000000000000e+01
-1.400000000000000000e+01
1.400000000000000000e+01
3.500000000000000000e+01
2.400000000000000000e+01
-8.000000000000000000e+00
1.900000000000000000e+01
4.400000000000000000e+01
2.000000000000000000e+01
-1.500000000000000000e+01
1.900000000000000000e+01
-7.000000000000000000e+00
2.900000000000000000e+01
-8.000000000000000000e+00
2.800000000000000000e+01
6.000000000000000000e+00
-6.000000000000000000e+00
2.000000000000000000e+00
-1.100000000000000000e+01
1.900000000000000000e+01
2.500000000000000000e+01
2.900000000000000000e+01
8.000000000000000000e+00
1.500000000000000000e+01
4.600000000000000000e+01
2.300000000000000000e+01
2.800000000000000000e+01
1.000000000000000000e+01
1.300000000000000000e+01
1.100000000000000000e+01
2.100000000000000000e+01
-6.000000000000000000e+00
8.000000000000000000e+00
3.000000000000000000e+01
4.000000000000000000e+01
3.200000000000000000e+01
4.400000000000000000e+01
4.100000000000000000e+01
4.000000000000000000e+01
1.100000000000000000e+01
3.100000000000000000e+01
3.000000000000000000e+01
2.600000000000000000e+01
2.800000000000000000e+01
6.000000000000000000e+01
4.800000000000000000e+01
3.000000000000000000e+01
6.500000000000000000e+01
7.200000000000000000e+01
9.400000000000000000e+01
7.900000000000000000e+01
8.300000000000000000e+01
1.020000000000000000e+02
8.000000000000000000e+01
1.110000000000000000e+02
1.110000000000000000e+02
1.010000000000000000e+02
1.170000000000000000e+02
9.700000000000000000e+01
1.030000000000000000e+02
1.390000000000000000e+02
1.370000000000000000e+02
1.590000000000000000e+02
1.790000000000000000e+02
1.610000000000000000e+02
1.750000000000000000e+02
1.860000000000000000e+02
2.360000000000000000e+02
2.130000000000000000e+02
2.470000000000000000e+02
2.380000000000000000e+02
2.360000000000000000e+02
2.790000000000000000e+02
2.650000000000000000e+02
2.840000000000000000e+02
2.850000000000000000e+02
2.980000000000000000e+02
3.450000000000000000e+02
3.890000000000000000e+02
3.410000000000000000e+02
3.680000000000000000e+02
4.330000000000000000e+02
4.040000000000000000e+02
3.960000000000000000e+02
4.630000000000000000e+02
4.750000000000000000e+02
4.880000000000000000e+02
5.020000000000000000e+02
5.480000000000000000e+02
5.510000000000000000e+02
5.970000000000000000e+02
6.310000000000000000e+02
6.370000000000000000e+02
6.630000000000000000e+02
7.040000000000000000e+02
7.150000000000000000e+02
7.410000000000000000e+02
7.370000000000000000e+02
8.230000000000000000e+02
8.180000000000000000e+02
8.400000000000000000e+02
8.620000000000000000e+02
8.600000000000000000e+02
9.420000000000000000e+02
9.320000000000000000e+02
9.510000000000000000e+02
9.580000000000000000e+02
1.066000000000000000e+03
1.047000000000000000e+03
1.093000000000000000e+03
1.115000000000000000e+03
1.103000000000000000e+03
1.132000000000000000e+03
1.170000000000000000e+03
1.173000000000000000e+03
1.156000000000000000e+03
1.262000000000000000e+03
1.253000000000000000e+03
1.263000000000000000e+03
1.311000000000000000e+03
1.280000000000000000e+03
1.315000000000000000e+03
1.328000000000000000e+03
1.327000000000000000e+03
1.344000000000000000e+03
1.309000000000000000e+03
1.388000000000000000e+03
1.357000000000000000e+03
1.410000000000000000e+03
1.463000000000000000e+03
1.415000000000000000e+03
1.477000000000000000e+03
1.470000000000000000e+03
1.478000000000000000e+03
1.484000000000000000e+03
1.463000000000000000e+03
1.537000000000000000e+03
1.545000000000000000e+03
1.536000000000000000e+03
1.565000000000000000e+03
1.523000000000000000e+03
1.492000000000000000e+03
1.424000000000000000e+03
1.536000000000000000e+03
1.486000000000000000e+03
1.455000000000000000e+03
1.424000000000000000e+03
1.429000000000000000e+03
1.426000000000000000e+03
1.374000000000000000e+03
1.371000000000000000e+03
1.388000000000000000e+03
1.358000000000000000e+03
1.347000000000000000e+03
1.313000000000000000e+03
1.303000000000000000e+03
1.291000000000000000e+03
1.258000000000000000e+03
1.258000000000000000e+03
1.246000000000000000e+03
1.263000000000000000e+03
1.204000000000000000e+03
1.184000000000000000e+03
1.153000000000000000e+03
1.248000000000000000e+03
1.214000000000000000e+03
1.170000000000000000e+03
1.172000000000000000e+03
1.154000000000000000e+03
1.116000000000000000e+03
1.084000000000000000e+03
1.101000000000000000e+03
1.046000000000000000e+03
1.000000000000000000e+03
1.047000000000000000e+03
9.690000000000000000e+02
9.550000000000000000e+02
9.370000000000000000e+02
8.640000000000000000e+02
8.800000000000000000e+02
8.330000000000000000e+02
8.210000000000000000e+02
8.150000000000000000e+02
7.790000000000000000e+02
7.470000000000000000e+02
7.610000000000000000e+02
6.610000000000000000e+02
7.060000000000000000e+02
6.690000000000000000e+02
6.940000000000000000e+02
6.020000000000000000e+02
6.050000000000000000e+02
6.080000000000000000e+02
5.900000000000000000e+02
5.620000000000000000e+02
5.600000000000000000e+02
5.290000000000000000e+02
5.110000000000000000e+02
4.790000000000000000e+02
4.370000000000000000e+02
4.630000000000000000e+02
4.180000000000000000e+02
4.360000000000000000e+02
4.110000000000000000e+02
4.040000000000000000e+02
3.770000000000000000e+02
3.860000000000000000e+02
3.480000000000000000e+02
3.270000000000000000e+02
2.870000000000000000e+02
2.950000000000000000e+02
2.510000000000000000e+02
2.910000000000000000e+02
2.520000000000000000e+02
2.950000000000000000e+02
2.610000000000000000e+02
2.340000000000000000e+02
2.040000000000000000e+02
2.040000000000000000e+02
1.870000000000000000e+02
1.990000000000000000e+02
1.810000000000000000e+02
1.990000000000000000e+02
1.690000000000000000e+02
1.760000000000000000e+02
1.500000000000000000e+02
1.370000000000000000e+02
1.230000000000000000e+02
1.230000000000000000e+02
7.300000000000000000e+01
1.210000000000000000e+02
8.700000000000000000e+01
1.370000000000000000e+02
1.070000000000000000e+02
9.200000000000000000e+01
1.130000000000000000e+02
6.500000000000000000e+01
4.100000000000000000e+01
9.800000000000000000e+01
5.900000000000000000e+01
5.800000000000000000e+01
7.700000000000000000e+01
6.600000000000000000e+01
5.100000000000000000e+01
4.700000000000000000e+01
5.700000000000000000e+01
4.900000000000000000e+01
3.800000000000000000e+01
6.000000000000000000e+01
4.500000000000000000e+01
3.400000000000000000e+01
4.400000000000000000e+01
3.100000000000000000e+01
2.500000000000000000e+01
3.700000000000000000e+01
3.800000000000000000e+01
3.100000000000000000e+01
7.000000000000000000e+00
8.000000000000000000e+00
2.000000000000000000e+01
2.000000000000000000e+01
7.000000000000000000e+00
7.000000000000000000e+00
3.900000000000000000e+01
-8.000000000000000000e+00
1.700000000000000000e+01
2.800000000000000000e+01
5.000000000000000000e+00
1.600000000000000000e+01
4.400000000000000000e+01
-1.100000000000000000e+01
2.700000000000000000e+01
1.600000000000000000e+01
1.900000000000000000e+01
2.000000000000000000e+01
4.000000000000000000e+01
2.100000000000000000e+01
1.700000000000000000e+01
4.400000000000000000e+01
-5.000000000000000000e+00
1.900000000000000000e+01
1.300000000000000000e+01
1.600000000000000000e+01
1.500000000000000000e+01
2.400000000000000000e+01
-2.800000000000000000e+01
-2.200000000000000000e+01
8.000000000000000000e+00
1.700000000000000000e+01
9.000000000000000000e+00
2.100000000000000000e+01
-1.100000000000000000e+01
-1.800000000000000000e+01
1.600000000000000000e+01
2.200000000000000000e+01
1.000000000000000000e+01
0.000000000000000000e+00
2.000000000000000000e+01
-1.000000000000000000e+00
0.000000000000000000e+00
1.400000000000000000e+01
6.000000000000000000e+00
2.900000000000000000e+01
-3.000000000000000000e+00
0.000000000000000000e+00
-4.000000000000000000e+00
-7.000000000000000000e+00
-7.000000000000000000e+00
-2.000000000000000000e+00
8.000000000000000000e+00
-7.000000000000000000e+00
2.000000000000000000e+00
1.900000000000000000e+01
1.100000000000000000e+01
1.000000000000000000e+00
-6.000000000000000000e+00
1.300000000000000000e+01
-2.000000000000000000e+00
-2.100000000000000000e+01
-2.200000000000000000e+01
1.000000000000000000e+00
-3.000000000000000000e+00
-1.200000000000000000e+01
1.900000000000000000e+01
-1.500000000000000000e+01
3.000000000000000000e+00
7.300000000000000000e+01
0.000000000000000000e+00
1.000000000000000000e+01
-9.000000000000000000e+00
-2.000000000000000000e+00
1.000000000000000000e+00
-2.800000000000000000e+01
-2.700000000000000000e+01
1.000000000000000000e+00
-1.000000000000000000e+00
1.000000000000000000e+01
-1.300000000000000000e+01
-5.000000000000000000e+00
-5.000000000000000000e+00
2.200000000000000000e+01
-7.000000000000000000e+00
-2.000000000000000000e+00
2.000000000000000000e+00
1.000000000000000000e+00
