-3.000000000000000000e+00
-1.000000000000000000e+00
2.000000000000000000e+00
-1.000000000000000000e+00
9.000000000000000000e+00
-2.200000000000000000e+01
0.000000000000000000e+00
3.000000000000000000e+00
-8.000000000000000000e+00
-5.000000000000000000e+00
1.100000000000000000e+01
-2.800000000000000000e+01
-9.000000000000000000e+00
7.000000000000000000e+00
-1.100000000000000000e+01
8.000000000000000000e+00
1.400000000000000000e+01
1.400000000000000000e+01
5.000000000000000000e+00
-1.400000000000000000e+01
1.900000000000000000e+01
-5.000000000000000000e+00
-1.100000000000000000e+01
1.100000000000000000e+01
-3.100000000000000000e+01
-2.600000000000000000e+01
-5.000000000000000000e+00
-1.100000000000000000e+01
-5.000000000000000000e+00
-1.200000000000000000e+01
3.000000000000000000e+00
2.000000000000000000e+00
1.100000000000000000e+01
7.000000000000000000e+00
2.000000000000000000e+00
-2.800000000000000000e+01
1.500000000000000000e+01
0.000000000000000000e+00
-7.000000000000000000e+00
1.500000000000000000e+01
-1.000000000000000000e+01
-5.000000000000000000e+00
-1.400000000000000000e+01
3.000000000000000000e+00
2.000000000000000000e+00
-5.000000000000000000e+00
0.000000000000000000e+00
-1.000000000000000000e+01
7.000000000000000000e+00
-2.000000000000000000e+01
1.400000000000000000e+01
1.000000000000000000e+00
1.800000000000000000e+01
1.700000000000000000e+01
7.000000000000000000e+00
1.400000000000000000e+01
4.000000000000000000e+00
-2.800000000000000000e+01
-1.600000000000000000e+01
-1.100000000000000000e+01
-5.000000000000000000e+00
-8.000000000000000000e+00
-2.200000000000000000e+01
1.800000000000000000e+01
9.000000000000000000e+00
1.300000000000000000e+01
-1.400000000000000000e+01
-4.000000000000000000e+00
0.000000000000000000e+00
-2.000000000000000000e+00
-1.400000000000000000e+01
-4.000000000000000000e+00
-3.000000000000000000e+01
-3.900000000000000000e+01
6.000000000000000000e+00
3.000000000000000000e+00
-1.100000000000000000e+01
7.000000000000000000e+00
-2.000000000000000000e+00
-1.100000000000000000e+01
-6.000000000000000000e+00
3.900000000000000000e+01
-8.000000000000000000e+00
0.000000000000000000e+00
1.900000000000000000e+01
-1.600000000000000000e+01
9.000000000000000000e+00
-1.600000000000000000e+01
2.200000000000000000e+01
-3.200000000000000000e+01
-8.000000000000000000e+00
-1.100000000000000000e+01
3.000000000000000000e+00
-3.000000000000000000e+00
-4.000000000000000000e+00
8.000000000000000000e+00
1.900000000000000000e+01
-1.000000000000000000e+01
-2.200000000000000000e+01
1.100000000000000000e+01
1.000000000000000000e+01
1.000000000000000000e+01
-1.500000000000000000e+01
-2.600000000000000000e+01
-1.000000000000000000e+01
-9.000000000000000000e+00
-1.300000000000000000e+01
3.800000000000000000e+01
6.000000000000000000e+00
1.400000000000000000e+01
-2.000000000000000000e+00
8.000000000000000000e+00
3.800000000000000000e+01
2.000000000000000000e+00
2.000000000000000000e+00
5.000000000000000000e+00
-1.000000000000000000e+00
-2.100000000000000000e+01
-1.500000000000000000e+01
2.300000000000000000e+01
2.000000000000000000e+01
-5.000000000000000000e+00
5.000000000000000000e+00
7.000000000000000000e+00
5.900000000000000000e+01
-4.500000000000000000e+01
-5.000000000000000000e+00
-1.700000000000000000e+01
1.100000000000000000e+01
-3.000000000000000000e+00
1.600000000000000000e+01
2.700000000000000000e+01
1.000000000000000000e+00
0.000000000000000000e+00
-8.000000000000000000e+00
1.100000000000000000e+01
6.000000000000000000e+00
2.700000000000000000e+01
-3.000000000000000000e+00
0.000000000000000000e+00
-1.000000000000000000e+00
-2.200000000000000000e+01
-4.000000000000000000e+00
1.200000000000000000e+01
7.000000000000000000e+00
4.000000000000000000e+00
-6.000000000000000000e+00
-1.000000000000000000e+01
-1.000000000000000000e+00
-2.400000000000000000e+01
2.700000000000000000e+01
6.000000000000000000e+00
4.000000000000000000e+00
-6.000000000000000000e+00
-1.300000000000000000e+01
-8.000000000000000000e+00
1.700000000000000000e+01
3.700000000000000000e+01
0.000000000000000000e+00
-5.000000000000000000e+00
1.000000000000000000e+00
-2.000000000000000000e+00
-3.300000000000000000e+01
-9.000000000000000000e+00
2.000000000000000000e+00
-2.300000000000000000e+01
5.000000000000000000e+00
0.000000000000000000e+00
1.000000000000000000e+00
-1.500000000000000000e+01
-8.000000000000000000e+00
-1.300000000000000000e+01
-3.000000000000000000e+00
1.500000000000000000e+01
7.000000000000000000e+00
-1.500000000000000000e+01
-3.000000000000000000e+00
2.000000000000000000e+00
-4.000000000000000000e+00
7.000000000000000000e+00
-1.500000000000000000e+01
-1.000000000000000000e+00
3.800000000000000000e+01
-1.200000000000000000e+01
1.100000000000000000e+01
-3.400000000000000000e+01
-2.500000000000000000e+01
-7.000000000000000000e+00
2.200000000000000000e+01
2.700000000000000000e+01
-3.000000000000000000e+00
-2.600000000000000000e+01
1.000000000000000000e+00
-2.200000000000000000e+01
-4.000000000000000000e+00
-1.200000000000000000e+01
-7.000000000000000000e+00
9.000000000000000000e+00
1.600000000000000000e+01
-2.000000000000000000e+00
3.000000000000000000e+00
1.400000000000000000e+01
1.900000000000000000e+01
5.500000000000000000e+01
1.200000000000000000e+01
-2.000000000000000000e+01
9.000000000000000000e+00
1.700000000000000000e+01
9.000000000000000000e+00
4.000000000000000000e+00
4.000000000000000000e+00
1.000000000000000000e+01
-6.000000000000000000e+00
-9.000000000000000000e+00
-3.000000000000000000e+00
1.800000000000000000e+01
4.000000000000000000e+00
2.000000000000000000e+00
1.000000000000000000e+01
-1.500000000000000000e+01
4.800000000000000000e+01
-3.000000000000000000e+01
-2.200000000000000000e+01
1.900000000000000000e+01
-1.100000000000000000e+01
1.400000000000000000e+01
-3.000000000000000000e+00
1.400000000000000000e+01
1.800000000000000000e+01
1.800000000000000000e+01
-5.000000000000000000e+00
1.900000000000000000e+01
1.000000000000000000e+00
2.700000000000000000e+01
2.100000000000000000e+01
-1.000000000000000000e+01
9.000000000000000000e+00
-1.000000000000000000e+00
1.000000000000000000e+00
-4.000000000000000000e+00
1.400000000000000000e+01
-2.000000000000000000e+00
2.300000000000000000e+01
-5.000000000000000000e+00
2.100000000000000000e+01
6.000000000000000000e+00
1.300000000000000000e+01
3.700000000000000000e+01
-6.000000000000000000e+00
2.100000000000000000e+01
-2.000000000000000000e+00
-1.100000000000000000e+01
-1.000000000000000000e+00
-3.000000000000000000e+00
-3.800000000000000000e+01
-1.600000000000000000e+01
3.400000000000000000e+01
-2.000000000000000000e+00
-2.200000000000000000e+01
-1.000000000000000000e+00
1.000000000000000000e+01
1.100000000000000000e+01
1.300000000000000000e+01
4.000000000000000000e+00
1.000000000000000000e+01
2.600000000000000000e+01
3.000000000000000000e+00
3.000000000000000000e+00
-6.000000000000000000e+00
-3.000000000000000000e+00
-7.000000000000000000e+00
-6.000000000000000000e+00
-2.000000000000000000e+01
1.300000000000000000e+01
3.000000000000000000e+01
9.000000000000000000e+00
1.800000000000000000e+01
-2.300000000000000000e+01
-2.200000000000000000e+01
1.300000000000000000e+01
-4.000000000000000000e+00
-6.000000000000000000e+00
-3.000000000000000000e+00
6.000000000000000000e+00
-1.000000000000000000e+01
-9.000000000000000000e+00
-1.700000000000000000e+01
-3.900000000000000000e+01
-1.600000000000000000e+01
-1.000000000000000000e+01
-1.800000000000000000e+01
2.900000000000000000e+01
-1.700000000000000000e+01
-7.000000000000000000e+00
1.700000000000000000e+01
3.000000000000000000e+00
-1.800000000000000000e+01
-1.100000000000000000e+01
1.400000000000000000e+01
2.500000000000000000e+01
0.000000000000000000e+00
-2.600000000000000000e+01
-5.000000000000000000e+00
-3.000000000000000000e+00
-2.400000000000000000e+01
-1.300000000000000000e+01
-1.000000000000000000e+00
-1.500000000000000000e+01
-1.200000000000000000e+01
-6.000000000000000000e+00
-2.900000000000000000e+01
2.300000000000000000e+01
2.600000000000000000e+01
3.000000000000000000e+00
-1.100000000000000000e+01
1.800000000000000000e+01
-1.600000000000000000e+01
4.000000000000000000e+00
-1.000000000000000000e+00
1.900000000000000000e+01
-1.300000000000000000e+01
-1.100000000000000000e+01
-1.000000000000000000e+01
-4.000000000000000000e+00
3.200000000000000000e+01
-2.200000000000000000e+01
9.000000000000000000e+00
9.000000000000000000e+00
3.000000000000000000e+00
1.400000000000000000e+01
1.700000000000000000e+01
3.400000000000000000e+01
-6.000000000000000000e+00
-1.500000000000000000e+01
-2.000000000000000000e+00
-1.500000000000000000e+01
1.000000000000000000e+00
8.000000000000000000e+00
5.000000000000000000e+00
4.600000000000000000e+01
-5.000000000000000000e+00
-3.500000000000000000e+01
7.000000000000000000e+00
2.100000000000000000e+01
2.100000000000000000e+01
-1.300000000000000000e+01
2.000000000000000000e+00
-2.000000000000000000e+01
-1.800000000000000000e+01
-2.300000000000000000e+01
1.000000000000000000e+00
5.000000000000000000e+00
1.500000000000000000e+01
-2.200000000000000000e+01
3.300000000000000000e+01
1.700000000000000000e+01
1.000000000000000000e+00
-6.000000000000000000e+00
-8.000000000000000000e+00
-1.700000000000000000e+01
-6.000000000000000000e+00
1.700000000000000000e+01
-2.400000000000000000e+01
1.200000000000000000e+01
-2.900000000000000000e+01
4.000000000000000000e+00
-1.800000000000000000e+01
0.000000000000000000e+00
3.000000000000000000e+01
-1.400000000000000000e+01
-1.100000000000000000e+01
-3.000000000000000000e+00
-4.000000000000000000e+00
-1.500000000000000000e+01
-3.000000000000000000e+00
-2.200000000000000000e+01
-2.000000000000000000e+01
-5.000000000000000000e+00
-6.000000000000000000e+00
7.000000000000000000e+00
2.000000000000000000e+01
2.000000000000000000e+00
-3.300000000000000000e+01
2.100000000000000000e+01
-2.000000000000000000e+01
1.900000000000000000e+01
1.000000000000000000e+00
-1.000000000000000000e+01
-5.000000000000000000e+00
3.700000000000000000e+01
5.000000000000000000e+00
0.000000000000000000e+00
2.000000000000000000e+00
-1.200000000000000000e+01
1.400000000000000000e+01
4.100000000000000000e+01
2.000000000000000000e+01
4.000000000000000000e+00
2.000000000000000000e+00
3.300000000000000000e+01
-6.000000000000000000e+00
-1.900000000000000000e+01
-1.000000000000000000e+01
2.000000000000000000e+00
-2.900000000000000000e+01
-3.000000000000000000e+00
1.700000000000000000e+01
-2.400000000000000000e+01
4.000000000000000000e+00
-2.000000000000000000e+01
-1.700000000000000000e+01
1.500000000000000000e+01
-7.000000000000000000e+00
-1.200000000000000000e+01
2.900000000000000000e+01
1.000000000000000000e+00
2.100000000000000000e+01
-2.000000000000000000e+01
-1.000000000000000000e+01
1.100000000000000000e+01
4.000000000000000000e+00
-8.000000000000000000e+00
-2.600000000000000000e+01
-1.200000000000000000e+01
1.500000000000000000e+01
7.000000000000000000e+00
4.000000000000000000e+00
-2.000000000000000000e+00
-1.000000000000000000e+01
0.000000000000000000e+00
9.000000000000000000e+00
1.200000000000000000e+01
1.400000000000000000e+01
-8.000000000000000000e+00
2.000000000000000000e+00
-1.000000000000000000e+00
-1.000000000000000000e+01
1.200000000000000000e+01
-1.000000000000000000e+00
1.500000000000000000e+01
1.800000000000000000e+01
-3.100000000000000000e+01
-3.000000000000000000e+00
-9.000000000000000000e+00
1.200000000000000000e+01
2.900000000000000000e+01
9.000000000000000000e+00
-3.300000000000000000e+01
-8.000000000000000000e+00
1.300000000000000000e+01
1.400000000000000000e+01
-1.000000000000000000e+00
-1.800000000000000000e+01
-2.100000000000000000e+01
-2.300000000000000000e+01
2.000000000000000000e+01
3.700000000000000000e+01
-9.000000000000000000e+00
1.200000000000000000e+01
-2.000000000000000000e+00
-2.400000000000000000e+01
-8.000000000000000000e+00
-6.000000000000000000e+00
-2.700000000000000000e+01
4.000000000000000000e+00
1.000000000000000000e+01
6.000000000000000000e+00
7.000000000000000000e+00
-2.700000000000000000e+01
1.700000000000000000e+01
-5.000000000000000000e+00
-1.500000000000000000e+01
-1.700000000000000000e+01
-6.000000000000000000e+00
-2.100000000000000000e+01
-7.000000000000000000e+00
2.000000000000000000e+01
-5.000000000000000000e+00
1.000000000000000000e+01
-7.000000000000000000e+00
-2.800000000000000000e+01
5.000000000000000000e+00
-1.700000000000000000e+01
-2.600000000000000000e+01
1.100000000000000000e+01
1.600000000000000000e+01
-2.800000000000000000e+01
1.400000000000000000e+01
1.400000000000000000e+01
1.700000000000000000e+01
1.200000000000000000e+01
1.300000000000000000e+01
9.000000000000000000e+00
-1.100000000000000000e+01
5.000000000000000000e+00
2.000000000000000000e+00
-2.000000000000000000e+00
2.000000000000000000e+00
-2.800000000000000000e+01
-2.300000000000000000e+01
1.400000000000000000e+01
1.500000000000000000e+01
3.000000000000000000e+00
-4.000000000000000000e+00
-1.400000000000000000e+01
4.000000000000000000e+00
0.000000000000000000e+00
-3.000000000000000000e+00
-2.100000000000000000e+01
5.000000000000000000e+00
4.000000000000000000e+00
1.800000000000000000e+01
-5.000000000000000000e+00
-1.100000000000000000e+01
-7.000000000000000000e+00
7.000000000000000000e+00
6.000000000000000000e+00
1.800000000000000000e+01
1.700000000000000000e+01
3.000000000000000000e+00
3.000000000000000000e+00
-1.000000000000000000e+00
-2.100000000000000000e+01
0.000000000000000000e+00
-2.500000000000000000e+01
-2.400000000000000000e+01
3.000000000000000000e+00
1.800000000000000000e+01
-3.000000000000000000e+00
-2.600000000000000000e+01
2.900000000000000000e+01
3.000000000000000000e+00
3.400000000000000000e+01
7.000000000000000000e+00
1.000000000000000000e+01
-1.900000000000000000e+01
-1.800000000000000000e+01
-5.000000000000000000e+00
7.000000000000000000e+00
2.500000000000000000e+01
3.800000000000000000e+01
2.300000000000000000e+01
2.800000000000000000e+01
-5.000000000000000000e+00
-1.200000000000000000e+01
-1.500000000000000000e+01
2.900000000000000000e+01
-2.200000000000000000e+01
2.800000000000000000e+01
-7.000000000000000000e+00
1.700000000000000000e+01
-9.000000000000000000e+00
9.000000000000000000e+00
-7.000000000000000000e+00
2.700000000000000000e+01
-3.200000000000000000e+01
6.000000000000000000e+00
4.000000000000000000e+00
-2.000000000000000000e+00
3.000000000000000000e+00
-2.000000000000000000e+00
-4.000000000000000000e+00
-1.000000000000000000e+00
3.200000000000000000e+01
-1.000000000000000000e+00
-2.100000000000000000e+01
1.700000000000000000e+01
3.000000000000000000e+00
-1.500000000000000000e+01
2.000000000000000000e+00
-4.000000000000000000e+00
2.000000000000000000e+00
-5.000000000000000000e+00
9.000000000000000000e+00
1.800000000000000000e+01
3.500000000000000000e+01
-2.300000000000000000e+01
-1.100000000000000000e+01
2.600000000000000000e+01
-1.000000000000000000e+00
-2.100000000000000000e+01
5.000000000000000000e+00
-2.000000000000000000e+00
2.000000000000000000e+00
-5.000000000000000000e+00
3.500000000000000000e+01
1.600000000000000000e+01
6.000000000000000000e+00
9.000000000000000000e+00
1.400000000000000000e+01
-2.000000000000000000e+01
3.000000000000000000e+00
-1.000000000000000000e+00
6.000000000000000000e+00
-6.000000000000000000e+00
-9.000000000000000000e+00
8.000000000000000000e+00
-1.700000000000000000e+01
3.200000000000000000e+01
-7.000000000000000000e+00
1.400000000000000000e+01
8.000000000000000000e+00
1.800000000000000000e+01
2.400000000000000000e+01
1.000000000000000000e+01
-2.300000000000000000e+01
-5.000000000000000000e+00
2.300000000000000000e+01
-1.300000000000000000e+01
-9.000000000000000000e+00
4.000000000000000000e+00
3.500000000000000000e+01
-4.000000000000000000e+01
2.100000000000000000e+01
9.000000000000000000e+00
-1.200000000000000000e+01
3.000000000000000000e+00
-1.500000000000000000e+01
-1.000000000000000000e+00
-1.100000000000000000e+01
3.900000000000000000e+01
-2.100000000000000000e+01
2.100000000000000000e+01
-2.400000000000000000e+01
1.600000000000000000e+01
-2.600000000000000000e+01
9.000000000000000000e+00
3.100000000000000000e+01
4.000000000000000000e+00
-3.100000000000000000e+01
7.000000000000000000e+00
7.000000000000000000e+00
-1.400000000000000000e+01
4.000000000000000000e+00
1.000000000000000000e+00
8.000000000000000000e+00
-1.000000000000000000e+01
8.000000000000000000e+00
8.000000000000000000e+00
-3.000000000000000000e+00
-2.000000000000000000e+00
-1.500000000000000000e+01
-1.600000000000000000e+01
-1.200000000000000000e+01
1.000000000000000000e+01
1.000000000000000000e+01
-9.000000000000000000e+00
1.700000000000000000e+01
-1.000000000000000000e+00
2.500000000000000000e+01
-5.000000000000000000e+00
-2.400000000000000000e+01
3.400000000000000000e+01
2.100000000000000000e+01
5.000000000000000000e+00
-4.200000000000000000e+01
2.300000000000000000e+01
-1.100000000000000000e+01
-5.000000000000000000e+00
1.700000000000000000e+01
2.100000000000000000e+01
2.500000000000000000e+01
-5.400000000000000000e+01
3.600000000000000000e+01
1.500000000000000000e+01
-1.500000000000000000e+01
-1.500000000000000000e+01
2.700000000000000000e+01
2.100000000000000000e+01
-1.000000000000000000e+00
-4.700000000000000000e+01
-2.400000000000000000e+01
1.400000000000000000e+01
8.000000000000000000e+00
2.500000000000000000e+01
-2.700000000000000000e+01
6.000000000000000000e+00
1.700000000000000000e+01
2.600000000000000000e+01
-1.700000000000000000e+01
8.000000000000000000e+00
2.900000000000000000e+01
-5.000000000000000000e+00
1.000000000000000000e+01
1.500000000000000000e+01
-4.100000000000000000e+01
2.100000000000000000e+01
7.000000000000000000e+00
-5.000000000000000000e+00
1.100000000000000000e+01
1.800000000000000000e+01
-1.800000000000000000e+01
3.600000000000000000e+01
0.000000000000000000e+00
-4.000000000000000000e+00
7.000000000000000000e+00
-9.000000000000000000e+00
2.800000000000000000e+01
1.200000000000000000e+01
1.300000000000000000e+01
-1.000000000000000000e+00
3.600000000000000000e+01
1.500000000000000000e+01
-2.000000000000000000e+00
2.000000000000000000e+00
4.500000000000000000e+01
1.100000000000000000e+01
9.000000000000000000e+00
3.000000000000000000e+01
1.900000000000000000e+01
-6.000000000000000000e+00
-1.000000000000000000e+00
1.800000000000000000e+01
3.900000000000000000e+01
2.300000000000000000e+01
-7.000000000000000000e+00
4.300000000000000000e+01
-3.700000000000000000e+01
-1.500000000000000000e+01
3.200000000000000000e+01
-6.000000000000000000e+00
1.100000000000000000e+01
-1.800000000000000000e+01
-1.000000000000000000e+00
9.000000000000000000e+00
-1.000000000000000000e+00
3.300000000000000000e+01
2.000000000000000000e+00
5.000000000000000000e+00
1.300000000000000000e+01
1.600000000000000000e+01
1.100000000000000000e+01
2.000000000000000000e+01
2.000000000000000000e+00
-1.000000000000000000e+01
8.000000000000000000e+00
-4.000000000000000000e+00
2.500000000000000000e+01
-5.000000000000000000e+00
2.700000000000000000e+01
2.200000000000000000e+01
-1.100000000000000000e+01
2.300000000000000000e+01
2.700000000000000000e+01
-1.300000000000000000e+01
-1.300000000000000000e+01
-2.400000000000000000e+01
1.100000000000000000e+01
2.600000000000000000e+01
7.000000000000000000e+00
3.000000000000000000e+01
-1.000000000000000000e+00
2.000000000000000000e+00
2.400000000000000000e+01
3.300000000000000000e+01
-1.000000000000000000e+00
4.000000000000000000e+00
-1.500000000000000000e+01
-1.700000000000000000e+01
2.600000000000000000e+01
2.900000000000000000e+01
1.100000000000000000e+01
-4.000000000000000000e+00
7.000000000000000000e+00
2.200000000000000000e+01
2.400000000000000000e+01
-1.100000000000000000e+01
3.300000000000000000e+01
-1.700000000000000000e+01
3.400000000000000000e+01
-4.000000000000000000e+00
2.100000000000000000e+01
2.000000000000000000e+00
2.100000000000000000e+01
0.000000000000000000e+00
1.300000000000000000e+01
1.300000000000000000e+01
3.000000000000000000e+01
2.000000000000000000e+01
-6.000000000000000000e+00
3.200000000000000000e+01
3.800000000000000000e+01
1.500000000000000000e+01
5.000000000000000000e+00
2.300000000000000000e+01
1.500000000000000000e+01
2.000000000000000000e+00
2.800000000000000000e+01
2.700000000000000000e+01
5.800000000000000000e+01
1.800000000000000000e+01
1.800000000000000000e+01
1.000000000000000000e+01
-1.300000000000000000e+01
2.000000000000000000e+01
0.000000000000000000e+00
1.200000000000000000e+01
1.000000000000000000e+01
-7.000000000000000000e+00
3.800000000000000000e+01
-1.100000000000000000e+01
5.600000000000000000e+01
1.200000000000000000e+01
0.000000000000000000e+00
-5.000000000000000000e+00
4.000000000000000000e+00
2.500000000000000000e+01
-1.000000000000000000e+00
3.000000000000000000e+00
1.000000000000000000e+01
3.700000000000000000e+01
5.600000000000000000e+01
-3.000000000000000000e+00
1.800000000000000000e+01
-1.200000000000000000e+01
3.600000000000000000e+01
3.100000000000000000e+01
-4.000000000000000000e+00
3.200000000000000000e+01
-1.100000000000000000e+01
1.400000000000000000e+01
3.500000000000000000e+01
7.000000000000000000e+00
5.000000000000000000e+00
4.900000000000000000e+01
8.000000000000000000e+00
4.100000000000000000e+01
3.000000000000000000e+00
1.400000000000000000e+01
-6.000000000000000000e+00
2.100000000000000000e+01
1.000000000000000000e+01
1.000000000000000000e+00
-1.300000000000000000e+01
2.200000000000000000e+01
-8.000000000000000000e+00
-1.400000000000000000e+01
1.000000000000000000e+00
2.100000000000000000e+01
3.700000000000000000e+01
-2.000000000000000000e+00
4.000000000000000000e+00
-2.500000000000000000e+01
3.500000000000000000e+01
1.700000000000000000e+01
3.900000000000000000e+01
4.400000000000000000e+01
4.200000000000000000e+01
1.800000000000000000e+01
2.400000000000000000e+01
3.100000000000000000e+01
6.000000000000000000e+00
-6.000000000000000000e+00
3.400000000000000000e+01
1.200000000000000000e+01
1.000000000000000000e+00
4.100000000000000000e+01
2.000000000000000000e+01
2.400000000000000000e+01
-7.000000000000000000e+00
2.100000000000000000e+01
1.600000000000000000e+01
2.900000000000000000e+01
9.000000000000000000e+00
2.900000000000000000e+01
1.900000000000000000e+01
2.900000000000000000e+01
1.800000000000000000e+01
1.300000000000000000e+01
1.900000000000000000e+01
3.900000000000000000e+01
3.800000000000000000e+01
4.000000000000000000e+00
3.500000000000000000e+01
3.900000000000000000e+01
5.800000000000000000e+01
4.700000000000000000e+01
2.600000000000000000e+01
5.100000000000000000e+01
3.200000000000000000e+01
7.300000000000000000e+01
3.100000000000000000e+01
6.200000000000000000e+01
9.700000000000000000e+01
8.200000000000000000e+01
5.600000000000000000e+01
7.900000000000000000e+01
5.100000000000000000e+01
8.400000000000000000e+01
1.440000000000000000e+02
1.480000000000000000e+02
1.070000000000000000e+02
1.630000000000000000e+02
1.940000000000000000e+02
2.110000000000000000e+02
2.580000000000000000e+02
2.590000000000000000e+02
2.910000000000000000e+02
3.910000000000000000e+02
4.480000000000000000e+02
4.430000000000000000e+02
5.250000000000000000e+02
6.240000000000000000e+02
7.320000000000000000e+02
7.850000000000000000e+02
8.400000000000000000e+02
9.810000000000000000e+02
1.079000000000000000e+03
1.222000000000000000e+03
1.288000000000000000e+03
1.459000000000000000e+03
1.518000000000000000e+03
1.665000000000000000e+03
1.836000000000000000e+03
1.983000000000000000e+03
2.072000000000000000e+03
2.298000000000000000e+03
2.370000000000000000e+03
2.484000000000000000e+03
2.693000000000000000e+03
2.827000000000000000e+03
2.867000000000000000e+03
2.956000000000000000e+03
3.103000000000000000e+03
3.231000000000000000e+03
3.263000000000000000e+03
3.333000000000000000e+03
3.444000000000000000e+03
3.542000000000000000e+03
3.462000000000000000e+03
3.524000000000000000e+03
3.512000000000000000e+03
3.529000000000000000e+03
3.512000000000000000e+03
3.503000000000000000e+03
3.410000000000000000e+03
3.389000000000000000e+03
3.402000000000000000e+03
3.250000000000000000e+03
3.159000000000000000e+03
3.024000000000000000e+03
2.926000000000000000e+03
2.841000000000000000e+03
2.714000000000000000e+03
2.628000000000000000e+03
2.466000000000000000e+03
2.383000000000000000e+03
2.277000000000000000e+03
2.104000000000000000e+03
2.004000000000000000e+03
1.877000000000000000e+03
1.754000000000000000e+03
1.594000000000000000e+03
1.493000000000000000e+03
1.368000000000000000e+03
1.255000000000000000e+03
1.153000000000000000e+03
1.025000000000000000e+03
1.001000000000000000e+03
8.580000000000000000e+02
7.970000000000000000e+02
7.090000000000000000e+02
6.810000000000000000e+02
5.590000000000000000e+02
4.930000000000000000e+02
4.020000000000000000e+02
3.460000000000000000e+02
3.160000000000000000e+02
3.260000000000000000e+02
2.420000000000000000e+02
2.460000000000000000e+02
2.060000000000000000e+02
1.910000000000000000e+02
1.380000000000000000e+02
1.010000000000000000e+02
9.100000000000000000e+01
9.900000000000000000e+01
9.200000000000000000e+01
7.900000000000000000e+01
4.700000000000000000e+01
3.200000000000000000e+01
6.000000000000000000e+01
2.300000000000000000e+01
3.000000000000000000e+01
2.400000000000000000e+01
1.200000000000000000e+01
2.700000000000000000e+01
2.400000000000000000e+01
1.400000000000000000e+01
3.600000000000000000e+01
3.400000000000000000e+01
1.700000000000000000e+01
1.000000000000000000e+00
2.200000000000000000e+01
2.900000000000000000e+01
-4.000000000000000000e+00
1.500000000000000000e+01
1.300000000000000000e+01
2.600000000000000000e+01
2.300000000000000000e+01
3.400000000000000000e+01
-1.800000000000000000e+01
4.400000000000000000e+01
-1.700000000000000000e+01
-1.000000000000000000e+00
0.000000000000000000e+00
7.000000000000000000e+00
-2.000000000000000000e+00
6.000000000000000000e+00
4.400000000000000000e+01
8.000000000000000000e+00
3.300000000000000000e+01
-1.000000000000000000e+01
1.300000000000000000e+01
3.100000000000000000e+01
1.100000000000000000e+01
-3.000000000000000000e+00
1.200000000000000000e+01
4.000000000000000000e+00
2.600000000000000000e+01
7.000000000000000000e+00
1.800000000000000000e+01
2.700000000000000000e+01
1.800000000000000000e+01
3.400000000000000000e+01
3.600000000000000000e+01
2.700000000000000000e+01
-8.000000000000000000e+00
3.100000000000000000e+01
1.500000000000000000e+01
-3.000000000000000000e+01
1.200000000000000000e+01
-1.000000000000000000e+00
-2.000000000000000000e+00
-7.000000000000000000e+00
1.400000000000000000e+01
1.100000000000000000e+01
7.000000000000000000e+00
2.000000000000000000e+01
4.300000000000000000e+01
9.000000000000000000e+00
4.500000000000000000e+01
6.000000000000000000e+00
3.500000000000000000e+01
2.400000000000000000e+01
5.000000000000000000e+00
1.300000000000000000e+01
1.000000000000000000e+00
2.800000000000000000e+01
4.000000000000000000e+01
1.100000000000000000e+01
-1.700000000000000000e+01
1.500000000000000000e+01
9.000000000000000000e+00
1.000000000000000000e+00
4.400000000000000000e+01
2.800000000000000000e+01
1.000000000000000000e+01
-1.400000000000000000e+01
3.200000000000000000e+01
1.000000000000000000e+00
1.000000000000000000e+00
3.900000000000000000e+01
-3.000000000000000000e+00
2.900000000000000000e+01
1.200000000000000000e+01
1.600000000000000000e+01
1.200000000000000000e+01
9.000000000000000000e+00
3.000000000000000000e+00
8.000000000000000000e+00
3.400000000000000000e+01
1.000000000000000000e+01
-6.000000000000000000e+00
5.000000000000000000e+00
3.000000000000000000e+00
2.000000000000000000e+01
1.900000000000000000e+01
2.200000000000000000e+01
2.400000000000000000e+01
8.000000000000000000e+00
2.100000000000000000e+01
-2.900000000000000000e+01
7.000000000000000000e+00
-1.000000000000000000e+00
9.000000000000000000e+00
5.900000000000000000e+01
2.000000000000000000e+00
4.200000000000000000e+01
9.000000000000000000e+00
-1.500000000000000000e+01
2.400000000000000000e+01
-1.600000000000000000e+01
1.500000000000000000e+01
7.000000000000000000e+00
-4.000000000000000000e+00
1.900000000000000000e+01
4.000000000000000000e+00
-8.000000000000000000e+00
-7.000000000000000000e+00
7.000000000000000000e+00
1.000000000000000000e+01
1.300000000000000000e+01
-1.200000000000000000e+01
2.200000000000000000e+01
1.000000000000000000e+01
3.800000000000000000e+01
-4.000000000000000000e+00
1.900000000000000000e+01
1.200000000000000000e+01
6.000000000000000000e+00
5.000000000000000000e+00
-4.000000000000000000e+00
1.000000000000000000e+01
-1.000000000000000000e+00
9.000000000000000000e+00
1.100000000000000000e+01
7.000000000000000000e+00
2.800000000000000000e+01
-1.000000000000000000e+00
2.700000000000000000e+01
2.300000000000000000e+01
-1.700000000000000000e+01
-6.000000000000000000e+00
2.300000000000000000e+01
-1.200000000000000000e+01
3.000000000000000000e+00
6.000000000000000000e+00
2.500000000000000000e+01
3.500000000000000000e+01
2.000000000000000000e+00
1.300000000000000000e+01
-5.000000000000000000e+00
-1.200000000000000000e+01
2.000000000000000000e+00
1.000000000000000000e+01
1.000000000000000000e+00
1.700000000000000000e+01
7.000000000000000000e+00
4.000000000000000000e+00
-1.900000000000000000e+01
2.800000000000000000e+01
8.000000000000000000e+00
-2.000000000000000000e+00
1.200000000000000000e+01
1.100000000000000000e+01
1.000000000000000000e+01
3.000000000000000000e+00
-4.100000000000000000e+01
1.600000000000000000e+01
-1.800000000000000000e+01
-8.000000000000000000e+00
1.100000000000000000e+01
1.700000000000000000e+01
5.000000000000000000e+00
-3.000000000000000000e+00
-9.000000000000000000e+00
1.800000000000000000e+01
1.300000000000000000e+01
-6.000000000000000000e+00
1.300000000000000000e+01
1.000000000000000000e+01
-5.000000000000000000e+00
3.400000000000000000e+01
2.100000000000000000e+01
4.000000000000000000e+00
9.000000000000000000e+00
7.000000000000000000e+00
4.700000000000000000e+01
2.200000000000000000e+01
1.600000000000000000e+01
4.000000000000000000e+00
1.700000000000000000e+01
-2.100000000000000000e+01
1.800000000000000000e+01
-3.600000000000000000e+01
2.900000000000000000e+01
-3.000000000000000000e+01
4.000000000000000000e+00
-1.000000000000000000e+01
-7.000000000000000000e+00
-1.600000000000000000e+01
2.200000000000000000e+01
2.700000000000000000e+01
1.600000000000000000e+01
1.000000000000000000e+00
9.000000000000000000e+00
3.200000000000000000e+01
-9.000000000000000000e+00
-4.000000000000000000e+00
-7.000000000000000000e+00
-6.000000000000000000e+00
8.000000000000000000e+00
-2.300000000000000000e+01
2.300000000000000000e+01
-7.000000000000000000e+00
2.300000000000000000e+01
-3.000000000000000000e+00
3.000000000000000000e+00
1.000000000000000000e+00
7.000000000000000000e+00
7.000000000000000000e+00
1.100000000000000000e+01
-1.700000000000000000e+01
3.800000000000000000e+01
2.100000000000000000e+01
5.000000000000000000e+00
2.900000000000000000e+01
-7.000000000000000000e+00
2.400000000000000000e+01
-1.500000000000000000e+01
2.000000000000000000e+00
2.200000000000000000e+01
1.500000000000000000e+01
-8.000000000000000000e+00
1.000000000000000000e+00
-2.000000000000000000e+01
-1.000000000000000000e+00
2.000000000000000000e+01
1.000000000000000000e+01
-2.700000000000000000e+01
1.300000000000000000e+01
2.300000000000000000e+01
-1.000000000000000000e+00
-3.000000000000000000e+01
2.000000000000000000e+01
7.000000000000000000e+00
1.300000000000000000e+01
1.000000000000000000e+01
2.000000000000000000e+00
-4.000000000000000000e+00
1.000000000000000000e+00
3.000000000000000000e+00
2.500000000000000000e+01
-7.000000000000000000e+00
1.000000000000000000e+01
0.000000000000000000e+00
1.100000000000000000e+01
4.000000000000000000e+00
1.900000000000000000e+01
-2.000000000000000000e+00
-7.000000000000000000e+00
2.600000000000000000e+01
9.000000000000000000e+00
1.900000000000000000e+01
-7.000000000000000000e+00
9.000000000000000000e+00
3.000000000000000000e+00
3.000000000000000000e+00
-1.000000000000000000e+00
3.000000000000000000e+00
-5.000000000000000000e+00
-1.200000000000000000e+01
-2.400000000000000000e+01
-2.500000000000000000e+01
2.500000000000000000e+01
-8.000000000000000000e+00
2.100000000000000000e+01
-2.400000000000000000e+01
-1.200000000000000000e+01
-1.400000000000000000e+01
3.800000000000000000e+01
3.200000000000000000e+01
3.100000000000000000e+01
-3.000000000000000000e+00
-9.000000000000000000e+00
2.400000000000000000e+01
0.000000000000000000e+00
1.000000000000000000e+00
-1.200000000000000000e+01
0.000000000000000000e+00
-1.700000000000000000e+01
1.000000000000000000e+00
1.100000000000000000e+01
3.000000000000000000e+00
0.000000000000000000e+00
6.000000000000000000e+00
1.200000000000000000e+01
-3.000000000000000000e+00
8.000000000000000000e+00
2.300000000000000000e+01
5.000000000000000000e+00
3.200000000000000000e+01
2.100000000000000000e+01
-2.500000000000000000e+01
2.100000000000000000e+01
-2.000000000000000000e+00
-7.000000000000000000e+00
-4.000000000000000000e+00
-2.500000000000000000e+01
-5.000000000000000000e+00
1.100000000000000000e+01
1.500000000000000000e+01
7.000000000000000000e+00
-1.300000000000000000e+01
-9.000000000000000000e+00
-6.000000000000000000e+00
6.000000000000000000e+00
-1.600000000000000000e+01
-1.400000000000000000e+01
2.000000000000000000e+00
1.000000000000000000e+00
-2.000000000000000000e+00
-1.600000000000000000e+01
-5.000000000000000000e+00
-4.000000000000000000e+00
1.400000000000000000e+01
-1.600000000000000000e+01
6.000000000000000000e+00
1.700000000000000000e+01
-3.000000000000000000e+00
-1.000000000000000000e+00
4.200000000000000000e+01
2.000000000000000000e+01
6.000000000000000000e+00
0.000000000000000000e+00
-6.000000000000000000e+00
-1.000000000000000000e+00
2.300000000000000000e+01
9.000000000000000000e+00
1.500000000000000000e+01
-4.000000000000000000e+01
9.000000000000000000e+00
4.000000000000000000e+00
2.300000000000000000e+01
-2.400000000000000000e+01
-3.000000000000000000e+01
-9.000000000000000000e+00
1.400000000000000000e+01
-2.200000000000000000e+01
2.600000000000000000e+01
-1.000000000000000000e+00
1.500000000000000000e+01
1.200000000000000000e+01
1.400000000000000000e+01
2.100000000000000000e+01
-8.000000000000000000e+00
2.000000000000000000e+01
8.000000000000000000e+00
1.400000000000000000e+01
-2.600000000000000000e+01
-1.000000000000000000e+00
-1.000000000000000000e+00
8.000000000000000000e+00
1.000000000000000000e+00
-8.500000000000000000e+01
2.000000000000000000e+01
5.000000000000000000e+00
1.400000000000000000e+01
2.700000000000000000e+01
-1.000000000000000000e+00
-1.600000000000000000e+01
5.000000000000000000e+00
-8.000000000000000000e+00
-3.000000000000000000e+00
1.000000000000000000e+01
1.500000000000000000e+01
7.000000000000000000e+00
-2.400000000000000000e+01
-1.400000000000000000e+01
1.500000000000000000e+01
1.500000000000000000e+01
3.700000000000000000e+01
1.000000000000000000e+01
-1.300000000000000000e+01
1.600000000000000000e+01
-4.000000000000000000e+00
-3.100000000000000000e+01
-1.200000000000000000e+01
-4.000000000000000000e+00
-2.300000000000000000e+01
-2.000000000000000000e+00
2.200000000000000000e+01
-5.000000000000000000e+00
-1.600000000000000000e+01
-2.300000000000000000e+01
1.900000000000000000e+01
-3.000000000000000000e+00
1.400000000000000000e+01
1.700000000000000000e+01
1.500000000000000000e+01
-1.800000000000000000e+01
0.000000000000000000e+00
3.000000000000000000e+00
-4.000000000000000000e+00
-2.200000000000000000e+01
9.000000000000000000e+00
-1.200000000000000000e+01
8.000000000000000000e+00
6.000000000000000000e+00
-1.200000000000000000e+01
1.000000000000000000e+01
1.600000000000000000e+01
-2.000000000000000000e+00
4.300000000000000000e+01
6.000000000000000000e+00
0.000000000000000000e+00
8.000000000000000000e+00
-1.500000000000000000e+01
-1.500000000000000000e+01
2.000000000000000000e+00
4.000000000000000000e+00
1.800000000000000000e+01
6.000000000000000000e+00
5.000000000000000000e+00
-8.000000000000000000e+00
1.400000000000000000e+01
1.500000000000000000e+01
1.800000000000000000e+01
1.200000000000000000e+01
-2.800000000000000000e+01
-8.000000000000000000e+00
4.000000000000000000e+00
1.700000000000000000e+01
-2.500000000000000000e+01
3.000000000000000000e+00
-1.000000000000000000e+01
7.000000000000000000e+00
9.000000000000000000e+00
6.000000000000000000e+00
-1.100000000000000000e+01
1.400000000000000000e+01
-1.800000000000000000e+01
3.000000000000000000e+00
6.000000000000000000e+00
1.000000000000000000e+01
1.300000000000000000e+01
1.600000000000000000e+01
-1.700000000000000000e+01
6.000000000000000000e+00
2.300000000000000000e+01
1.200000000000000000e+01
4.000000000000000000e+00
1.000000000000000000e+01
1.300000000000000000e+01
1.800000000000000000e+01
-5.000000000000000000e+00
1.200000000000000000e+01
-1.500000000000000000e+01
-7.000000000000000000e+00
1.400000000000000000e+01
-2.200000000000000000e+01
1.100000000000000000e+01
-1.500000000000000000e+01
-2.000000000000000000e+01
2.700000000000000000e+01
2.000000000000000000e+00
2.900000000000000000e+01
0.000000000000000000e+00
3.000000000000000000e+00
7.000000000000000000e+00
-5.000000000000000000e+00
-3.000000000000000000e+00
4.000000000000000000e+00
-8.000000000000000000e+00
-3.000000000000000000e+00
-8.000000000000000000e+00
-5.000000000000000000e+00
1.000000000000000000e+01
-4.000000000000000000e+00
5.000000000000000000e+00
-2.000000000000000000e+00
5.000000000000000000e+00
1.600000000000000000e+01
0.000000000000000000e+00
2.100000000000000000e+01
3.000000000000000000e+00
-1.000000000000000000e+01
-1.900000000000000000e+01
1.100000000000000000e+01
0.000000000000000000e+00
1.000000000000000000e+00
1.000000000000000000e+01
6.000000000000000000e+00
-5.000000000000000000e+00
7.000000000000000000e+00
-5.000000000000000000e+00
-6.000000000000000000e+00
1.200000000000000000e+01
2.000000000000000000e+00
-1.000000000000000000e+01
1.500000000000000000e+01
-6.000000000000000000e+00
-1.600000000000000000e+01
3.000000000000000000e+00
-8.000000000000000000e+00
7.000000000000000000e+00
-1.900000000000000000e+01
-2.700000000000000000e+01
-1.100000000000000000e+01
-9.000000000000000000e+00
5.000000000000000000e+00
-9.000000000000000000e+00
-1.500000000000000000e+01
-6.000000000000000000e+00
-1.500000000000000000e+01
-1.500000000000000000e+01
-7.000000000000000000e+00
2.300000000000000000e+01
1.700000000000000000e+01
1.300000000000000000e+01
3.000000000000000000e+01
2.100000000000000000e+01
1.100000000000000000e+01
-1.500000000000000000e+01
-7.000000000000000000e+00
-1.400000000000000000e+01
1.600000000000000000e+01
-1.000000000000000000e+00
-4.000000000000000000e+00
3.000000000000000000e+00
9.000000000000000000e+00
1.400000000000000000e+01
3.600000000000000000e+01
1.900000000000000000e+01
-4.000000000000000000e+00
-1.000000000000000000e+01
1.200000000000000000e+01
-2.800000000000000000e+01
-2.400000000000000000e+01
2.200000000000000000e+01
-3.100000000000000000e+01
2.400000000000000000e+01
-4.000000000000000000e+00
-3.300000000000000000e+01
1.100000000000000000e+01
-2.900000000000000000e+01
4.000000000000000000e+00
-1.700000000000000000e+01
-5.000000000000000000e+00
-3.000000000000000000e+00
4.000000000000000000e+00
-2.100000000000000000e+01
2.000000000000000000e+00
-3.000000000000000000e+00
1.400000000000000000e+01
8.000000000000000000e+00
-2.200000000000000000e+01
-6.000000000000000000e+00
1.000000000000000000e+01
2.200000000000000000e+01
-1.200000000000000000e+01
-8.000000000000000000e+00
-3.000000000000000000e+00
-1.900000000000000000e+01
4.000000000000000000e+00
-2.200000000000000000e+01
-1.400000000000000000e+01
2.300000000000000000e+01
8.000000000000000000e+00
3.000000000000000000e+00
-7.000000000000000000e+00
1.400000000000000000e+01
2.000000000000000000e+00
0.000000000000000000e+00
8.000000000000000000e+00
-9.000000000000000000e+00
1.800000000000000000e+01
1.300000000000000000e+01
-4.000000000000000000e+00
-3.000000000000000000e+00
-5.000000000000000000e+00
5.000000000000000000e+00
8.000000000000000000e+00
-3.000000000000000000e+00
3.100000000000000000e+01
-1.000000000000000000e+01
-6.000000000000000000e+00
6.000000000000000000e+00
9.000000000000000000e+00
1.100000000000000000e+01
5.000000000000000000e+00
-9.000000000000000000e+00
2.500000000000000000e+01
1.600000000000000000e+01
-1.100000000000000000e+01
7.000000000000000000e+00
-5.000000000000000000e+00
1.000000000000000000e+01
6.000000000000000000e+00
2.300000000000000000e+01
1.900000000000000000e+01
1.000000000000000000e+01
-2.000000000000000000e+01
2.000000000000000000e+00
-4.000000000000000000e+00
1.500000000000000000e+01
-3.600000000000000000e+01
-2.100000000000000000e+01
0.000000000000000000e+00
1.700000000000000000e+01
-2.000000000000000000e+00
0.000000000000000000e+00
-1.000000000000000000e+00
1.200000000000000000e+01
-2.000000000000000000e+00
-1.000000000000000000e+01
1.000000000000000000e+01
1.700000000000000000e+01
-4.000000000000000000e+00
-4.000000000000000000e+00
2.000000000000000000e+00
7.000000000000000000e+00
0.000000000000000000e+00
-1.700000000000000000e+01
1.500000000000000000e+01
-1.400000000000000000e+01
1.700000000000000000e+01
9.000000000000000000e+00
1.300000000000000000e+01
2.600000000000000000e+01
2.000000000000000000e+00
3.000000000000000000e+00
1.000000000000000000e+01
-1.800000000000000000e+01
1.000000000000000000e+01
1.700000000000000000e+01
-9.000000000000000000e+00
8.000000000000000000e+00
5.000000000000000000e+00
-2.000000000000000000e+00
-5.000000000000000000e+00
1.300000000000000000e+01
5.000000000000000000e+00
-2.000000000000000000e+00
-8.000000000000000000e+00
-1.000000000000000000e+01
-1.500000000000000000e+01
-1.000000000000000000e+01
0.000000000000000000e+00
-1.100000000000000000e+01
1.700000000000000000e+01
-4.000000000000000000e+00
2.000000000000000000e+00
-4.000000000000000000e+00
1.100000000000000000e+01
1.200000000000000000e+01
0.000000000000000000e+00
-3.000000000000000000e+00
1.300000000000000000e+01
-1.900000000000000000e+01
-5.000000000000000000e+00
-4.000000000000000000e+00
1.600000000000000000e+01
1.000000000000000000e+01
-7.000000000000000000e+00
1.400000000000000000e+01
-4.000000000000000000e+00
-8.000000000000000000e+00
3.300000000000000000e+01
-1.400000000000000000e+01
1.500000000000000000e+01
8.000000000000000000e+00
4.000000000000000000e+00
2.000000000000000000e+01
0.000000000000000000e+00
-8.000000000000000000e+00
1.800000000000000000e+01
-1.900000000000000000e+01
2.000000000000000000e+00
2.800000000000000000e+01
-3.000000000000000000e+00
2.100000000000000000e+01
1.600000000000000000e+01
3.000000000000000000e+00
-2.000000000000000000e+01
1.900000000000000000e+01
-9.000000000000000000e+00
-7.000000000000000000e+00
2.700000000000000000e+01
-6.000000000000000000e+00
0.000000000000000000e+00
-1.000000000000000000e+00
-1.900000000000000000e+01
1.200000000000000000e+01
3.200000000000000000e+01
9.000000000000000000e+00
-5.000000000000000000e+00
2.000000000000000000e+00
-9.000000000000000000e+00
7.000000000000000000e+00
-3.400000000000000000e+01
1.200000000000000000e+01
-2.300000000000000000e+01
8.000000000000000000e+00
-7.000000000000000000e+00
1.700000000000000000e+01
-5.000000000000000000e+00
4.000000000000000000e+00
-7.000000000000000000e+00
1.000000000000000000e+00
-1.000000000000000000e+00
2.500000000000000000e+01
9.000000000000000000e+00
8.000000000000000000e+00
-6.000000000000000000e+00
2.900000000000000000e+01
-9.000000000000000000e+00
-9.000000000000000000e+00
1.000000000000000000e+01
1.300000000000000000e+01
1.000000000000000000e+00
-1.200000000000000000e+01
-6.000000000000000000e+00
-2.000000000000000000e+01
1.700000000000000000e+01
-1.300000000000000000e+01
-1.700000000000000000e+01
1.000000000000000000e+01
1.400000000000000000e+01
2.000000000000000000e+01
4.200000000000000000e+01
5.000000000000000000e+00
3.000000000000000000e+00
-1.000000000000000000e+00
-4.000000000000000000e+00
-8.000000000000000000e+00
-6.000000000000000000e+00
4.000000000000000000e+00
-1.000000000000000000e+00
-2.200000000000000000e+01
-1.400000000000000000e+01
2.200000000000000000e+01
1.800000000000000000e+01
3.000000000000000000e+01
1.300000000000000000e+01
3.700000000000000000e+01
1.100000000000000000e+01
-2.000000000000000000e+01
2.000000000000000000e+01
1.500000000000000000e+01
-1.100000000000000000e+01
1.100000000000000000e+01
6.000000000000000000e+00
1.000000000000000000e+01
-5.000000000000000000e+00
3.000000000000000000e+01
-3.000000000000000000e+00
-1.100000000000000000e+01
1.400000000000000000e+01
7.000000000000000000e+00
3.600000000000000000e+01
1.900000000000000000e+01
8.000000000000000000e+00
-2.000000000000000000e+00
1.300000000000000000e+01
-9.000000000000000000e+00
-1.900000000000000000e+01
-2.000000000000000000e+00
-5.000000000000000000e+00
-1.500000000000000000e+01
3.100000000000000000e+01
4.000000000000000000e+00
-4.000000000000000000e+00
1.100000000000000000e+01
3.600000000000000000e+01
3.100000000000000000e+01
3.400000000000000000e+01
2.900000000000000000e+01
5.000000000000000000e+00
3.800000000000000000e+01
3.000000000000000000e+00
4.700000000000000000e+01
1.400000000000000000e+01
3.400000000000000000e+01
4.100000000000000000e+01
5.300000000000000000e+01
2.600000000000000000e+01
1.400000000000000000e+01
3.400000000000000000e+01
3.000000000000000000e+00
4.700000000000000000e+01
5.700000000000000000e+01
4.600000000000000000e+01
7.200000000000000000e+01
5.300000000000000000e+01
6.300000000000000000e+01
5.500000000000000000e+01
6.300000000000000000e+01
7.700000000000000000e+01
7.500000000000000000e+01
8.100000000000000000e+01
7.600000000000000000e+01
8.300000000000000000e+01
1.040000000000000000e+02
1.030000000000000000e+02
1.270000000000000000e+02
1.160000000000000000e+02
1.140000000000000000e+02
1.190000000000000000e+02
1.270000000000000000e+02
1.440000000000000000e+02
1.490000000000000000e+02
1.560000000000000000e+02
1.620000000000000000e+02
1.620000000000000000e+02
1.770000000000000000e+02
2.210000000000000000e+02
1.930000000000000000e+02
2.350000000000000000e+02
2.850000000000000000e+02
2.520000000000000000e+02
2.820000000000000000e+02
2.770000000000000000e+02
2.810000000000000000e+02
3.020000000000000000e+02
2.740000000000000000e+02
3.190000000000000000e+02
3.440000000000000000e+02
3.620000000000000000e+02
4.010000000000000000e+02
3.860000000000000000e+02
3.740000000000000000e+02
4.130000000000000000e+02
4.400000000000000000e+02
4.510000000000000000e+02
4.810000000000000000e+02
5.040000000000000000e+02
5.280000000000000000e+02
5.130000000000000000e+02
5.780000000000000000e+02
5.810000000000000000e+02
5.870000000000000000e+02
5.990000000000000000e+02
6.140000000000000000e+02
6.500000000000000000e+02
6.410000000000000000e+02
6.870000000000000000e+02
7.090000000000000000e+02
7.180000000000000000e+02
7.850000000000000000e+02
7.970000000000000000e+02
8.280000000000000000e+02
7.750000000000000000e+02
8.810000000000000000e+02
8.790000000000000000e+02
8.620000000000000000e+02
9.010000000000000000e+02
9.200000000000000000e+02
9.350000000000000000e+02
9.540000000000000000e+02
9.800000000000000000e+02
9.730000000000000000e+02
9.680000000000000000e+02
9.950000000000000000e+02
1.034000000000000000e+03
1.058000000000000000e+03
1.063000000000000000e+03
9.870000000000000000e+02
1.056000000000000000e+03
1.061000000000000000e+03
1.067000000000000000e+03
1.084000000000000000e+03
1.149000000000000000e+03
1.185000000000000000e+03
1.136000000000000000e+03
1.149000000000000000e+03
1.152000000000000000e+03
1.238000000000000000e+03
1.158000000000000000e+03
1.225000000000000000e+03
1.177000000000000000e+03
1.203000000000000000e+03
1.190000000000000000e+03
1.174000000000000000e+03
1.203000000000000000e+03
1.200000000000000000e+03
1.149000000000000000e+03
1.149000000000000000e+03
1.148000000000000000e+03
1.130000000000000000e+03
1.118000000000000000e+03
1.061000000000000000e+03
1.068000000000000000e+03
1.035000000000000000e+03
1.019000000000000000e+03
1.032000000000000000e+03
1.034000000000000000e+03
9.960000000000000000e+02
9.690000000000000000e+02
1.010000000000000000e+03
9.670000000000000000e+02
9.950000000000000000e+02
9.360000000000000000e+02
9.510000000000000000e+02
9.300000000000000000e+02
9.390000000000000000e+02
9.110000000000000000e+02
8.630000000000000000e+02
8.770000000000000000e+02
8.970000000000000000e+02
8.630000000000000000e+02
8.680000000000000000e+02
8.580000000000000000e+02
8.570000000000000000e+02
7.950000000000000000e+02
8.080000000000000000e+02
7.330000000000000000e+02
7.490000000000000000e+02
7.460000000000000000e+02
7.300000000000000000e+02
6.830000000000000000e+02
7.050000000000000000e+02
6.900000000000000000e+02
6.280000000000000000e+02
5.960000000000000000e+02
6.060000000000000000e+02
5.620000000000000000e+02
5.360000000000000000e+02
5.370000000000000000e+02
5.160000000000000000e+02
5.090000000000000000e+02
4.860000000000000000e+02
4.730000000000000000e+02
5.000000000000000000e+02
4.400000000000000000e+02
4.700000000000000000e+02
4.250000000000000000e+02
3.860000000000000000e+02
4.180000000000000000e+02
4.240000000000000000e+02
3.890000000000000000e+02
3.410000000000000000e+02
3.440000000000000000e+02
3.440000000000000000e+02
3.360000000000000000e+02
3.300000000000000000e+02
3.060000000000000000e+02
2.950000000000000000e+02
2.560000000000000000e+02
2.920000000000000000e+02
2.610000000000000000e+02
2.350000000000000000e+02
2.420000000000000000e+02
2.050000000000000000e+02
1.760000000000000000e+02
1.800000000000000000e+02
1.860000000000000000e+02
1.920000000000000000e+02
1.710000000000000000e+02
1.560000000000000000e+02
1.340000000000000000e+02
1.490000000000000000e+02
1.470000000000000000e+02
1.430000000000000000e+02
1.450000000000000000e+02
1.390000000000000000e+02
1.080000000000000000e+02
1.410000000000000000e+02
1.320000000000000000e+02
1.270000000000000000e+02
9.400000000000000000e+01
1.120000000000000000e+02
1.180000000000000000e+02
6.500000000000000000e+01
8.300000000000000000e+01
9.200000000000000000e+01
8.700000000000000000e+01
7.100000000000000000e+01
5.900000000000000000e+01
7.900000000000000000e+01
6.500000000000000000e+01
6.000000000000000000e+01
5.200000000000000000e+01
7.300000000000000000e+01
8.000000000000000000e+01
2.400000000000000000e+01
4.800000000000000000e+01
3.300000000000000000e+01
4.100000000000000000e+01
6.000000000000000000e+00
3.700000000000000000e+01
8.000000000000000000e+00
-5.000000000000000000e+00
1.900000000000000000e+01
2.900000000000000000e+01
2.700000000000000000e+01
1.000000000000000000e+01
4.000000000000000000e+01
5.000000000000000000e+01
1.500000000000000000e+01
-7.000000000000000000e+00
2.600000000000000000e+01
2.400000000000000000e+01
-9.000000000000000000e+00
-1.100000000000000000e+01
2.700000000000000000e+01
8.000000000000000000e+00
4.100000000000000000e+01
1.200000000000000000e+01
-1.500000000000000000e+01
1.600000000000000000e+01
1.200000000000000000e+01
-3.000000000000000000e+00
-2.000000000000000000e+00
2.200000000000000000e+01
1.000000000000000000e+00
-2.000000000000000000e+01
8.000000000000000000e+00
8.000000000000000000e+00
-2.100000000000000000e+01
3.000000000000000000e+00
-3.000000000000000000e+00
2.100000000000000000e+01
1.500000000000000000e+01
1.500000000000000000e+01
-1.400000000000000000e+01
-9.000000000000000000e+00
6.000000000000000000e+00
1.800000000000000000e+01
2.400000000000000000e+01
9.000000000000000000e+00
8.000000000000000000e+00
-1.700000000000000000e+01
-4.000000000000000000e+00
1.700000000000000000e+01
8.000000000000000000e+00
1.900000000000000000e+01
8.000000000000000000e+00
4.000000000000000000e+00
1.400000000000000000e+01
-1.300000000000000000e+01
2.700000000000000000e+01
-1.200000000000000000e+01
1.500000000000000000e+01
-9.000000000000000000e+00
-1.600000000000000000e+01
-2.300000000000000000e+01
1.100000000000000000e+01
-1.800000000000000000e+01
7.000000000000000000e+00
2.500000000000000000e+01
4.500000000000000000e+01
2.500000000000000000e+01
1.100000000000000000e+01
-1.900000000000000000e+01
3.000000000000000000e+00
-1.500000000000000000e+01
-8.000000000000000000e+00
5.000000000000000000e+00
6.000000000000000000e+00
8.000000000000000000e+00
1.300000000000000000e+01
-6.000000000000000000e+00
1.000000000000000000e+00
5.000000000000000000e+00
-1.000000000000000000e+00
-1.000000000000000000e+00
-1.600000000000000000e+01
-1.700000000000000000e+01
7.000000000000000000e+00
-1.500000000000000000e+01
-1.900000000000000000e+01
7.000000000000000000e+00
1.300000000000000000e+01
-9.000000000000000000e+00
1.800000000000000000e+01
8.000000000000000000e+00
-1.100000000000000000e+01
1.100000000000000000e+01
5.000000000000000000e+00
4.000000000000000000e+00
-1.000000000000000000e+01
1.300000000000000000e+01
0.000000000000000000e+00
1.000000000000000000e+00
-1.000000000000000000e+00
-4.000000000000000000e+00
