-3.000000000000000000e+00
4.000000000000000000e+00
-6.000000000000000000e+00
2.000000000000000000e+00
-2.000000000000000000e+00
-3.300000000000000000e+01
-1.400000000000000000e+01
-1.100000000000000000e+01
-1.300000000000000000e+01
-1.300000000000000000e+01
-2.600000000000000000e+01
1.900000000000000000e+01
6.000000000000000000e+00
-3.000000000000000000e+00
-1.600000000000000000e+01
-3.000000000000000000e+00
-1.500000000000000000e+01
-1.200000000000000000e+01
-1.500000000000000000e+01
-8.000000000000000000e+00
-1.100000000000000000e+01
-6.000000000000000000e+00
-5.000000000000000000e+00
2.600000000000000000e+01
-6.000000000000000000e+00
0.000000000000000000e+00
-6.000000000000000000e+00
-1.500000000000000000e+01
-1.900000000000000000e+01
-3.000000000000000000e+01
-2.400000000000000000e+01
-2.700000000000000000e+01
-1.000000000000000000e+01
-4.000000000000000000e+00
1.400000000000000000e+01
-1.800000000000000000e+01
0.000000000000000000e+00
-1.000000000000000000e+00
1.100000000000000000e+01
0.000000000000000000e+00
-2.000000000000000000e+01
1.100000000000000000e+01
-2.100000000000000000e+01
-5.000000000000000000e+00
4.000000000000000000e+00
-3.500000000000000000e+01
-1.200000000000000000e+01
-1.900000000000000000e+01
-2.400000000000000000e+01
2.800000000000000000e+01
-7.000000000000000000e+00
-2.700000000000000000e+01
-2.700000000000000000e+01
-1.200000000000000000e+01
-2.000000000000000000e+01
-2.500000000000000000e+01
-3.500000000000000000e+01
-3.900000000000000000e+01
3.400000000000000000e+01
-1.800000000000000000e+01
-2.000000000000000000e+00
-4.100000000000000000e+01
-2.500000000000000000e+01
1.000000000000000000e+00
-3.000000000000000000e+00
-4.000000000000000000e+00
-1.700000000000000000e+01
-2.200000000000000000e+01
-1.600000000000000000e+01
1.000000000000000000e+01
-3.700000000000000000e+01
-1.900000000000000000e+01
1.700000000000000000e+01
-2.500000000000000000e+01
-2.600000000000000000e+01
-7.000000000000000000e+00
1.300000000000000000e+01
-1.600000000000000000e+01
-4.000000000000000000e+00
-2.100000000000000000e+01
-1.200000000000000000e+01
-2.400000000000000000e+01
-1.400000000000000000e+01
8.000000000000000000e+00
7.000000000000000000e+00
-1.700000000000000000e+01
1.700000000000000000e+01
8.000000000000000000e+00
2.000000000000000000e+00
5.000000000000000000e+00
-3.200000000000000000e+01
-1.700000000000000000e+01
-4.000000000000000000e+00
-8.000000000000000000e+00
5.000000000000000000e+00
8.000000000000000000e+00
-2.900000000000000000e+01
-3.900000000000000000e+01
-1.000000000000000000e+01
6.000000000000000000e+00
-1.500000000000000000e+01
3.000000000000000000e+00
-4.200000000000000000e+01
-1.200000000000000000e+01
-5.000000000000000000e+00
-9.000000000000000000e+00
-4.100000000000000000e+01
-4.000000000000000000e+01
-2.000000000000000000e+01
-2.600000000000000000e+01
-1.500000000000000000e+01
-1.700000000000000000e+01
-4.800000000000000000e+01
-1.700000000000000000e+01
-1.000000000000000000e+01
-2.600000000000000000e+01
-5.000000000000000000e+00
-3.400000000000000000e+01
8.000000000000000000e+00
-8.000000000000000000e+00
4.400000000000000000e+01
1.300000000000000000e+01
2.000000000000000000e+00
1.000000000000000000e+00
3.400000000000000000e+01
-1.400000000000000000e+01
-2.000000000000000000e+01
8.000000000000000000e+00
-2.800000000000000000e+01
-2.500000000000000000e+01
-1.600000000000000000e+01
-1.100000000000000000e+01
9.000000000000000000e+00
0.000000000000000000e+00
-3.000000000000000000e+00
-3.000000000000000000e+00
-2.400000000000000000e+01
-3.300000000000000000e+01
-2.000000000000000000e+00
-2.600000000000000000e+01
-1.600000000000000000e+01
-1.100000000000000000e+01
2.700000000000000000e+01
-2.400000000000000000e+01
1.000000000000000000e+01
1.300000000000000000e+01
-2.500000000000000000e+01
-1.100000000000000000e+01
-3.900000000000000000e+01
0.000000000000000000e+00
-2.100000000000000000e+01
-2.100000000000000000e+01
-1.100000000000000000e+01
1.000000000000000000e+01
6.000000000000000000e+00
-4.800000000000000000e+01
-3.800000000000000000e+01
-1.700000000000000000e+01
-1.500000000000000000e+01
-1.200000000000000000e+01
7.000000000000000000e+00
2.200000000000000000e+01
4.000000000000000000e+00
-3.200000000000000000e+01
-2.800000000000000000e+01
3.600000000000000000e+01
-4.100000000000000000e+01
3.000000000000000000e+00
-4.000000000000000000e+00
-1.800000000000000000e+01
-6.400000000000000000e+01
-3.300000000000000000e+01
-2.300000000000000000e+01
-1.000000000000000000e+00
-1.300000000000000000e+01
0.000000000000000000e+00
-1.400000000000000000e+01
-3.600000000000000000e+01
1.200000000000000000e+01
-2.600000000000000000e+01
9.000000000000000000e+00
-1.000000000000000000e+00
-3.300000000000000000e+01
-2.000000000000000000e+01
-8.000000000000000000e+00
-2.500000000000000000e+01
1.000000000000000000e+00
5.000000000000000000e+00
-1.100000000000000000e+01
0.000000000000000000e+00
-6.000000000000000000e+00
-2.600000000000000000e+01
-1.500000000000000000e+01
2.000000000000000000e+00
-1.100000000000000000e+01
-6.000000000000000000e+00
0.000000000000000000e+00
2.400000000000000000e+01
3.000000000000000000e+00
-2.200000000000000000e+01
4.000000000000000000e+00
-1.300000000000000000e+01
-9.000000000000000000e+00
1.700000000000000000e+01
-1.100000000000000000e+01
-3.000000000000000000e+00
-2.200000000000000000e+01
-1.600000000000000000e+01
-3.000000000000000000e+01
7.000000000000000000e+00
-1.300000000000000000e+01
-2.100000000000000000e+01
-4.400000000000000000e+01
3.000000000000000000e+00
2.000000000000000000e+00
8.000000000000000000e+00
-9.000000000000000000e+00
2.000000000000000000e+00
-3.300000000000000000e+01
-2.500000000000000000e+01
-2.900000000000000000e+01
1.500000000000000000e+01
-2.300000000000000000e+01
-1.400000000000000000e+01
-2.700000000000000000e+01
-2.100000000000000000e+01
-2.600000000000000000e+01
-2.300000000000000000e+01
-3.100000000000000000e+01
1.000000000000000000e+01
3.500000000000000000e+01
-1.500000000000000000e+01
-2.000000000000000000e+01
2.000000000000000000e+00
3.000000000000000000e+00
1.000000000000000000e+00
-1.400000000000000000e+01
8.000000000000000000e+00
-1.200000000000000000e+01
-3.200000000000000000e+01
-1.300000000000000000e+01
-3.900000000000000000e+01
-2.700000000000000000e+01
2.200000000000000000e+01
-2.300000000000000000e+01
-2.400000000000000000e+01
-1.700000000000000000e+01
1.200000000000000000e+01
-7.000000000000000000e+00
-2.300000000000000000e+01
-2.200000000000000000e+01
-1.500000000000000000e+01
-7.000000000000000000e+00
4.000000000000000000e+00
-1.200000000000000000e+01
-3.100000000000000000e+01
2.400000000000000000e+01
-3.000000000000000000e+00
-9.000000000000000000e+00
3.800000000000000000e+01
-3.000000000000000000e+00
-1.300000000000000000e+01
-1.400000000000000000e+01
-3.600000000000000000e+01
-1.800000000000000000e+01
-6.000000000000000000e+00
-6.000000000000000000e+00
-2.900000000000000000e+01
-2.000000000000000000e+01
-1.200000000000000000e+01
9.000000000000000000e+00
4.000000000000000000e+00
2.000000000000000000e+00
2.200000000000000000e+01
-6.000000000000000000e+00
-2.200000000000000000e+01
-2.000000000000000000e+01
0.000000000000000000e+00
-2.000000000000000000e+01
-1.200000000000000000e+01
-3.200000000000000000e+01
-1.700000000000000000e+01
-3.900000000000000000e+01
1.400000000000000000e+01
2.000000000000000000e+00
-8.000000000000000000e+00
-3.000000000000000000e+00
-1.600000000000000000e+01
-1.400000000000000000e+01
-2.600000000000000000e+01
-1.500000000000000000e+01
-2.000000000000000000e+01
9.000000000000000000e+00
2.000000000000000000e+00
-3.700000000000000000e+01
4.000000000000000000e+00
-9.000000000000000000e+00
1.900000000000000000e+01
-1.000000000000000000e+01
-2.600000000000000000e+01
-8.000000000000000000e+00
-3.800000000000000000e+01
-9.000000000000000000e+00
-2.800000000000000000e+01
-1.000000000000000000e+00
2.100000000000000000e+01
0.000000000000000000e+00
-1.400000000000000000e+01
-2.500000000000000000e+01
-2.700000000000000000e+01
-1.700000000000000000e+01
1.000000000000000000e+00
-1.200000000000000000e+01
-2.800000000000000000e+01
3.000000000000000000e+00
-2.500000000000000000e+01
7.000000000000000000e+00
1.000000000000000000e+00
-1.000000000000000000e+00
-4.300000000000000000e+01
-2.200000000000000000e+01
-1.800000000000000000e+01
9.000000000000000000e+00
-1.300000000000000000e+01
4.000000000000000000e+00
-1.900000000000000000e+01
-7.000000000000000000e+00
1.300000000000000000e+01
-2.300000000000000000e+01
-1.100000000000000000e+01
7.000000000000000000e+00
1.200000000000000000e+01
-4.400000000000000000e+01
-6.000000000000000000e+00
-2.400000000000000000e+01
1.400000000000000000e+01
-1.000000000000000000e+00
-3.700000000000000000e+01
7.000000000000000000e+00
1.000000000000000000e+00
0.000000000000000000e+00
-1.800000000000000000e+01
7.000000000000000000e+00
-8.000000000000000000e+00
-3.500000000000000000e+01
-7.000000000000000000e+00
-1.200000000000000000e+01
-1.800000000000000000e+01
2.700000000000000000e+01
1.400000000000000000e+01
-9.000000000000000000e+00
-4.400000000000000000e+01
-1.800000000000000000e+01
-2.700000000000000000e+01
1.900000000000000000e+01
2.000000000000000000e+00
-6.000000000000000000e+00
-1.000000000000000000e+01
-1.500000000000000000e+01
-1.000000000000000000e+00
-2.500000000000000000e+01
-1.100000000000000000e+01
0.000000000000000000e+00
1.000000000000000000e+00
2.000000000000000000e+01
2.400000000000000000e+01
-1.300000000000000000e+01
1.700000000000000000e+01
-1.300000000000000000e+01
-2.200000000000000000e+01
-2.000000000000000000e+01
-2.000000000000000000e+00
1.500000000000000000e+01
-6.000000000000000000e+00
0.000000000000000000e+00
-1.200000000000000000e+01
-3.300000000000000000e+01
-1.300000000000000000e+01
-2.000000000000000000e+01
1.300000000000000000e+01
-4.000000000000000000e+01
-4.200000000000000000e+01
1.100000000000000000e+01
-2.400000000000000000e+01
-1.100000000000000000e+01
-2.700000000000000000e+01
-6.000000000000000000e+00
8.000000000000000000e+00
6.000000000000000000e+00
-1.300000000000000000e+01
-1.800000000000000000e+01
0.000000000000000000e+00
-2.600000000000000000e+01
-4.100000000000000000e+01
-3.400000000000000000e+01
-1.100000000000000000e+01
3.000000000000000000e+00
-2.100000000000000000e+01
-1.600000000000000000e+01
-1.000000000000000000e+00
-5.000000000000000000e+00
-2.300000000000000000e+01
-6.300000000000000000e+01
1.600000000000000000e+01
-6.000000000000000000e+00
-3.000000000000000000e+01
-3.000000000000000000e+01
6.000000000000000000e+00
5.000000000000000000e+00
-1.000000000000000000e+00
8.000000000000000000e+00
1.700000000000000000e+01
-2.700000000000000000e+01
4.000000000000000000e+00
-3.000000000000000000e+00
-5.500000000000000000e+01
4.000000000000000000e+00
-6.000000000000000000e+00
8.000000000000000000e+00
-4.300000000000000000e+01
-1.500000000000000000e+01
-1.300000000000000000e+01
-1.000000000000000000e+00
1.000000000000000000e+00
-3.000000000000000000e+00
-2.100000000000000000e+01
-2.000000000000000000e+01
7.000000000000000000e+00
-5.000000000000000000e+00
-9.000000000000000000e+00
-2.500000000000000000e+01
-2.100000000000000000e+01
-2.800000000000000000e+01
9.000000000000000000e+00
3.000000000000000000e+00
-4.000000000000000000e+01
9.000000000000000000e+00
-2.200000000000000000e+01
4.700000000000000000e+01
-2.400000000000000000e+01
2.000000000000000000e+00
9.000000000000000000e+00
-1.200000000000000000e+01
-3.800000000000000000e+01
-4.200000000000000000e+01
-1.400000000000000000e+01
1.000000000000000000e+01
-3.000000000000000000e+01
-3.800000000000000000e+01
-9.000000000000000000e+00
7.000000000000000000e+00
-4.000000000000000000e+01
-2.000000000000000000e+01
-3.200000000000000000e+01
-1.100000000000000000e+01
-2.900000000000000000e+01
-5.000000000000000000e+00
1.000000000000000000e+01
-1.400000000000000000e+01
-1.700000000000000000e+01
-2.000000000000000000e+00
-4.000000000000000000e+00
1.400000000000000000e+01
-2.400000000000000000e+01
-5.000000000000000000e+00
-1.000000000000000000e+01
-7.000000000000000000e+00
-2.400000000000000000e+01
-1.100000000000000000e+01
1.700000000000000000e+01
-1.500000000000000000e+01
-1.800000000000000000e+01
4.800000000000000000e+01
-1.300000000000000000e+01
-1.700000000000000000e+01
-4.000000000000000000e+00
-1.000000000000000000e+01
1.000000000000000000e+01
-4.000000000000000000e+00
-2.400000000000000000e+01
-2.800000000000000000e+01
-2.000000000000000000e+00
2.700000000000000000e+01
-3.200000000000000000e+01
3.000000000000000000e+00
-2.900000000000000000e+01
1.600000000000000000e+01
-9.000000000000000000e+00
7.000000000000000000e+00
-3.500000000000000000e+01
-4.400000000000000000e+01
7.000000000000000000e+00
-2.300000000000000000e+01
8.000000000000000000e+00
-1.100000000000000000e+01
4.000000000000000000e+00
-5.000000000000000000e+00
-1.000000000000000000e+00
3.000000000000000000e+00
-3.000000000000000000e+01
2.600000000000000000e+01
-7.000000000000000000e+00
0.000000000000000000e+00
2.600000000000000000e+01
2.900000000000000000e+01
-2.000000000000000000e+00
-2.000000000000000000e+01
1.400000000000000000e+01
-1.900000000000000000e+01
-3.800000000000000000e+01
-3.200000000000000000e+01
-2.500000000000000000e+01
-2.000000000000000000e+01
1.900000000000000000e+01
2.000000000000000000e+01
-1.800000000000000000e+01
-1.400000000000000000e+01
-1.900000000000000000e+01
-7.000000000000000000e+00
-2.000000000000000000e+01
-3.000000000000000000e+00
-1.300000000000000000e+01
2.000000000000000000e+00
-4.600000000000000000e+01
-6.000000000000000000e+00
1.600000000000000000e+01
9.000000000000000000e+00
-2.000000000000000000e+00
-1.900000000000000000e+01
-1.500000000000000000e+01
8.000000000000000000e+00
2.200000000000000000e+01
1.000000000000000000e+00
6.000000000000000000e+00
1.500000000000000000e+01
-5.000000000000000000e+00
3.300000000000000000e+01
4.000000000000000000e+00
1.500000000000000000e+01
-5.000000000000000000e+00
-1.900000000000000000e+01
2.600000000000000000e+01
-3.600000000000000000e+01
1.800000000000000000e+01
6.000000000000000000e+00
-4.100000000000000000e+01
-1.000000000000000000e+00
-2.700000000000000000e+01
-3.000000000000000000e+00
2.000000000000000000e+00
4.000000000000000000e+00
-2.200000000000000000e+01
1.200000000000000000e+01
-6.000000000000000000e+00
1.300000000000000000e+01
-3.300000000000000000e+01
2.400000000000000000e+01
1.000000000000000000e+01
-4.800000000000000000e+01
-9.000000000000000000e+00
-5.000000000000000000e+01
-2.700000000000000000e+01
-3.100000000000000000e+01
-4.000000000000000000e+00
-8.000000000000000000e+00
-1.900000000000000000e+01
-1.300000000000000000e+01
2.000000000000000000e+00
-2.000000000000000000e+01
-1.500000000000000000e+01
1.000000000000000000e+01
3.000000000000000000e+00
-2.100000000000000000e+01
3.000000000000000000e+00
3.000000000000000000e+00
-3.900000000000000000e+01
-1.200000000000000000e+01
-1.500000000000000000e+01
-1.000000000000000000e+01
-2.900000000000000000e+01
-5.000000000000000000e+00
-2.100000000000000000e+01
-3.000000000000000000e+00
-3.900000000000000000e+01
5.000000000000000000e+00
-2.400000000000000000e+01
-6.000000000000000000e+00
-5.000000000000000000e+00
7.000000000000000000e+00
5.000000000000000000e+00
-2.000000000000000000e+01
0.000000000000000000e+00
2.000000000000000000e+01
-1.700000000000000000e+01
-6.000000000000000000e+00
1.000000000000000000e+00
-5.000000000000000000e+00
1.200000000000000000e+01
-1.000000000000000000e+00
-3.000000000000000000e+00
-2.800000000000000000e+01
-5.800000000000000000e+01
-8.000000000000000000e+00
-1.000000000000000000e+00
1.200000000000000000e+01
9.000000000000000000e+00
-7.000000000000000000e+00
0.000000000000000000e+00
-1.100000000000000000e+01
-1.800000000000000000e+01
1.000000000000000000e+00
-1.700000000000000000e+01
-5.000000000000000000e+00
6.000000000000000000e+00
-4.000000000000000000e+00
-1.400000000000000000e+01
-1.000000000000000000e+00
0.000000000000000000e+00
-2.000000000000000000e+01
2.000000000000000000e+00
7.000000000000000000e+00
1.000000000000000000e+01
-1.900000000000000000e+01
-3.000000000000000000e+00
1.200000000000000000e+01
-2.000000000000000000e+00
-1.300000000000000000e+01
-3.000000000000000000e+00
1.000000000000000000e+00
-3.100000000000000000e+01
-5.500000000000000000e+01
-1.700000000000000000e+01
-3.000000000000000000e+00
1.700000000000000000e+01
-9.000000000000000000e+00
-1.500000000000000000e+01
1.200000000000000000e+01
1.900000000000000000e+01
1.300000000000000000e+01
-2.100000000000000000e+01
1.000000000000000000e+01
4.000000000000000000e+00
-2.500000000000000000e+01
-2.300000000000000000e+01
-4.000000000000000000e+00
-1.000000000000000000e+00
-5.000000000000000000e+00
-2.900000000000000000e+01
2.100000000000000000e+01
3.700000000000000000e+01
1.000000000000000000e+01
2.200000000000000000e+01
-2.800000000000000000e+01
4.000000000000000000e+00
-2.800000000000000000e+01
-3.000000000000000000e+00
5.000000000000000000e+00
-1.800000000000000000e+01
-2.000000000000000000e+01
-1.000000000000000000e+00
-1.400000000000000000e+01
-5.500000000000000000e+01
-1.200000000000000000e+01
2.400000000000000000e+01
-2.900000000000000000e+01
-5.000000000000000000e+00
-3.000000000000000000e+00
3.000000000000000000e+00
2.000000000000000000e+00
1.800000000000000000e+01
-3.000000000000000000e+00
-1.100000000000000000e+01
5.000000000000000000e+00
4.300000000000000000e+01
5.000000000000000000e+00
-9.000000000000000000e+00
-2.500000000000000000e+01
7.000000000000000000e+00
9.000000000000000000e+00
1.300000000000000000e+01
9.000000000000000000e+00
-3.300000000000000000e+01
2.100000000000000000e+01
2.000000000000000000e+00
-1.500000000000000000e+01
-2.000000000000000000e+01
4.000000000000000000e+00
-1.100000000000000000e+01
5.000000000000000000e+00
-1.000000000000000000e+00
-1.900000000000000000e+01
5.000000000000000000e+00
-1.700000000000000000e+01
-1.400000000000000000e+01
-1.800000000000000000e+01
1.400000000000000000e+01
-1.400000000000000000e+01
1.200000000000000000e+01
-6.000000000000000000e+00
2.000000000000000000e+00
5.000000000000000000e+00
-1.200000000000000000e+01
-3.100000000000000000e+01
2.000000000000000000e+00
-1.400000000000000000e+01
1.000000000000000000e+01
-3.100000000000000000e+01
1.500000000000000000e+01
-3.000000000000000000e+00
-9.000000000000000000e+00
-9.000000000000000000e+00
1.200000000000000000e+01
2.100000000000000000e+01
-2.100000000000000000e+01
-1.800000000000000000e+01
2.300000000000000000e+01
-1.500000000000000000e+01
-1.100000000000000000e+01
6.000000000000000000e+00
-1.700000000000000000e+01
-4.000000000000000000e+00
-7.000000000000000000e+00
-1.300000000000000000e+01
5.000000000000000000e+00
-5.000000000000000000e+00
1.200000000000000000e+01
7.000000000000000000e+00
-2.900000000000000000e+01
2.100000000000000000e+01
2.000000000000000000e+00
1.000000000000000000e+01
-1.600000000000000000e+01
-3.000000000000000000e+01
1.200000000000000000e+01
2.500000000000000000e+01
-3.400000000000000000e+01
4.000000000000000000e+00
6.000000000000000000e+00
1.100000000000000000e+01
-1.900000000000000000e+01
2.000000000000000000e+00
2.200000000000000000e+01
1.200000000000000000e+01
3.000000000000000000e+01
2.700000000000000000e+01
1.000000000000000000e+00
2.100000000000000000e+01
-2.000000000000000000e+00
-1.400000000000000000e+01
9.000000000000000000e+00
-7.000000000000000000e+00
3.400000000000000000e+01
4.000000000000000000e+01
-3.000000000000000000e+01
2.600000000000000000e+01
-1.200000000000000000e+01
7.000000000000000000e+00
1.000000000000000000e+00
9.000000000000000000e+00
-1.200000000000000000e+01
1.500000000000000000e+01
6.000000000000000000e+00
1.000000000000000000e+00
2.900000000000000000e+01
-6.000000000000000000e+00
-1.600000000000000000e+01
1.000000000000000000e+00
4.800000000000000000e+01
1.900000000000000000e+01
2.000000000000000000e+00
-2.200000000000000000e+01
1.100000000000000000e+01
-2.700000000000000000e+01
-1.200000000000000000e+01
4.000000000000000000e+00
1.800000000000000000e+01
-1.900000000000000000e+01
2.400000000000000000e+01
4.000000000000000000e+00
3.200000000000000000e+01
-7.000000000000000000e+00
-1.000000000000000000e+01
-5.000000000000000000e+00
3.500000000000000000e+01
6.000000000000000000e+00
1.100000000000000000e+01
9.000000000000000000e+00
-2.600000000000000000e+01
1.000000000000000000e+01
1.600000000000000000e+01
-7.000000000000000000e+00
-8.000000000000000000e+00
7.000000000000000000e+00
1.800000000000000000e+01
1.700000000000000000e+01
4.700000000000000000e+01
2.000000000000000000e+00
-9.000000000000000000e+00
4.000000000000000000e+00
2.500000000000000000e+01
-6.000000000000000000e+00
1.500000000000000000e+01
1.000000000000000000e+00
-1.600000000000000000e+01
1.300000000000000000e+01
-2.700000000000000000e+01
-7.000000000000000000e+00
-1.500000000000000000e+01
-1.500000000000000000e+01
4.100000000000000000e+01
-1.200000000000000000e+01
1.300000000000000000e+01
2.800000000000000000e+01
2.000000000000000000e+00
-1.000000000000000000e+00
-9.000000000000000000e+00
2.500000000000000000e+01
2.200000000000000000e+01
1.000000000000000000e+01
1.000000000000000000e+01
1.800000000000000000e+01
2.700000000000000000e+01
8.000000000000000000e+00
-1.700000000000000000e+01
1.000000000000000000e+00
2.300000000000000000e+01
2.600000000000000000e+01
3.700000000000000000e+01
1.700000000000000000e+01
-1.500000000000000000e+01
-1.500000000000000000e+01
6.000000000000000000e+00
7.000000000000000000e+00
1.400000000000000000e+01
2.900000000000000000e+01
0.000000000000000000e+00
4.300000000000000000e+01
1.000000000000000000e+00
2.500000000000000000e+01
3.500000000000000000e+01
1.700000000000000000e+01
3.400000000000000000e+01
9.000000000000000000e+00
3.100000000000000000e+01
-2.000000000000000000e+00
1.700000000000000000e+01
4.000000000000000000e+00
-3.000000000000000000e+00
2.300000000000000000e+01
1.700000000000000000e+01
1.000000000000000000e+01
-1.700000000000000000e+01
1.100000000000000000e+01
8.000000000000000000e+00
2.200000000000000000e+01
7.000000000000000000e+00
3.200000000000000000e+01
-1.100000000000000000e+01
4.000000000000000000e+00
1.800000000000000000e+01
1.200000000000000000e+01
-4.000000000000000000e+00
1.200000000000000000e+01
1.900000000000000000e+01
2.200000000000000000e+01
4.000000000000000000e+00
1.200000000000000000e+01
2.600000000000000000e+01
1.300000000000000000e+01
3.000000000000000000e+01
2.300000000000000000e+01
-2.000000000000000000e+00
2.200000000000000000e+01
4.000000000000000000e+00
1.300000000000000000e+01
3.700000000000000000e+01
3.900000000000000000e+01
6.700000000000000000e+01
4.300000000000000000e+01
4.200000000000000000e+01
2.800000000000000000e+01
5.100000000000000000e+01
5.200000000000000000e+01
5.400000000000000000e+01
3.700000000000000000e+01
3.200000000000000000e+01
7.300000000000000000e+01
1.160000000000000000e+02
8.900000000000000000e+01
9.700000000000000000e+01
1.140000000000000000e+02
1.420000000000000000e+02
1.220000000000000000e+02
1.810000000000000000e+02
2.170000000000000000e+02
2.850000000000000000e+02
3.010000000000000000e+02
3.500000000000000000e+02
4.260000000000000000e+02
4.180000000000000000e+02
5.090000000000000000e+02
5.820000000000000000e+02
6.530000000000000000e+02
7.150000000000000000e+02
8.010000000000000000e+02
8.740000000000000000e+02
1.002000000000000000e+03
1.105000000000000000e+03
1.213000000000000000e+03
1.354000000000000000e+03
1.467000000000000000e+03
1.673000000000000000e+03
1.800000000000000000e+03
1.922000000000000000e+03
2.126000000000000000e+03
2.266000000000000000e+03
2.433000000000000000e+03
2.620000000000000000e+03
2.717000000000000000e+03
2.894000000000000000e+03
3.103000000000000000e+03
3.205000000000000000e+03
3.347000000000000000e+03
3.504000000000000000e+03
3.620000000000000000e+03
3.777000000000000000e+03
3.800000000000000000e+03
3.935000000000000000e+03
4.047000000000000000e+03
4.121000000000000000e+03
4.194000000000000000e+03
4.195000000000000000e+03
4.189000000000000000e+03
4.163000000000000000e+03
4.239000000000000000e+03
4.200000000000000000e+03
4.169000000000000000e+03
4.048000000000000000e+03
4.109000000000000000e+03
4.042000000000000000e+03
3.865000000000000000e+03
3.735000000000000000e+03
3.701000000000000000e+03
3.551000000000000000e+03
3.424000000000000000e+03
3.291000000000000000e+03
3.133000000000000000e+03
3.094000000000000000e+03
2.828000000000000000e+03
2.672000000000000000e+03
2.583000000000000000e+03
2.411000000000000000e+03
2.226000000000000000e+03
2.142000000000000000e+03
1.921000000000000000e+03
1.737000000000000000e+03
1.650000000000000000e+03
1.475000000000000000e+03
1.436000000000000000e+03
1.323000000000000000e+03
1.151000000000000000e+03
1.056000000000000000e+03
9.130000000000000000e+02
8.490000000000000000e+02
7.750000000000000000e+02
6.450000000000000000e+02
5.730000000000000000e+02
5.480000000000000000e+02
4.890000000000000000e+02
4.090000000000000000e+02
3.830000000000000000e+02
3.110000000000000000e+02
2.630000000000000000e+02
2.060000000000000000e+02
2.010000000000000000e+02
1.820000000000000000e+02
1.320000000000000000e+02
1.410000000000000000e+02
1.220000000000000000e+02
7.900000000000000000e+01
6.900000000000000000e+01
7.500000000000000000e+01
6.100000000000000000e+01
2.200000000000000000e+01
2.600000000000000000e+01
4.000000000000000000e+01
1.300000000000000000e+01
3.600000000000000000e+01
1.900000000000000000e+01
8.000000000000000000e+00
1.800000000000000000e+01
-1.700000000000000000e+01
1.300000000000000000e+01
-1.300000000000000000e+01
2.000000000000000000e+01
-1.400000000000000000e+01
-4.000000000000000000e+00
1.600000000000000000e+01
-1.000000000000000000e+00
-3.800000000000000000e+01
1.100000000000000000e+01
1.600000000000000000e+01
2.200000000000000000e+01
-3.000000000000000000e+00
1.900000000000000000e+01
2.300000000000000000e+01
-3.200000000000000000e+01
-2.500000000000000000e+01
7.000000000000000000e+00
3.500000000000000000e+01
-1.700000000000000000e+01
-2.000000000000000000e+00
-3.000000000000000000e+00
2.300000000000000000e+01
7.000000000000000000e+00
2.000000000000000000e+00
8.000000000000000000e+00
2.300000000000000000e+01
0.000000000000000000e+00
-6.000000000000000000e+00
-1.200000000000000000e+01
-5.000000000000000000e+00
-1.000000000000000000e+01
1.300000000000000000e+01
-1.000000000000000000e+01
-1.200000000000000000e+01
3.500000000000000000e+01
-2.000000000000000000e+00
1.000000000000000000e+01
1.300000000000000000e+01
3.300000000000000000e+01
4.000000000000000000e+00
3.000000000000000000e+00
7.000000000000000000e+00
6.000000000000000000e+00
1.800000000000000000e+01
-1.600000000000000000e+01
6.000000000000000000e+00
6.000000000000000000e+00
-6.000000000000000000e+00
1.400000000000000000e+01
5.000000000000000000e+00
-6.000000000000000000e+00
1.600000000000000000e+01
-2.000000000000000000e+01
1.000000000000000000e+00
-3.000000000000000000e+00
-2.400000000000000000e+01
1.300000000000000000e+01
1.900000000000000000e+01
-1.100000000000000000e+01
3.300000000000000000e+01
2.400000000000000000e+01
4.400000000000000000e+01
-1.300000000000000000e+01
1.500000000000000000e+01
-1.800000000000000000e+01
-8.000000000000000000e+00
0.000000000000000000e+00
6.000000000000000000e+00
-1.200000000000000000e+01
0.000000000000000000e+00
7.000000000000000000e+00
4.000000000000000000e+00
9.000000000000000000e+00
-3.000000000000000000e+00
2.400000000000000000e+01
3.100000000000000000e+01
2.500000000000000000e+01
-9.000000000000000000e+00
-2.100000000000000000e+01
1.000000000000000000e+01
3.600000000000000000e+01
2.500000000000000000e+01
7.000000000000000000e+00
1.900000000000000000e+01
2.800000000000000000e+01
-2.400000000000000000e+01
2.500000000000000000e+01
-4.000000000000000000e+00
1.300000000000000000e+01
-2.000000000000000000e+00
-1.700000000000000000e+01
1.200000000000000000e+01
1.500000000000000000e+01
3.000000000000000000e+00
4.000000000000000000e+00
1.100000000000000000e+01
-1.500000000000000000e+01
4.000000000000000000e+00
-1.100000000000000000e+01
-1.400000000000000000e+01
9.000000000000000000e+00
-2.000000000000000000e+00
3.200000000000000000e+01
-3.000000000000000000e+00
1.000000000000000000e+00
2.000000000000000000e+00
-1.700000000000000000e+01
3.700000000000000000e+01
2.500000000000000000e+01
-3.000000000000000000e+00
-8.000000000000000000e+00
5.000000000000000000e+00
-6.000000000000000000e+00
-4.000000000000000000e+00
-1.000000000000000000e+00
5.000000000000000000e+00
1.300000000000000000e+01
-1.800000000000000000e+01
6.000000000000000000e+00
-8.000000000000000000e+00
1.300000000000000000e+01
-2.000000000000000000e+00
2.000000000000000000e+01
-1.400000000000000000e+01
1.400000000000000000e+01
-2.400000000000000000e+01
-1.300000000000000000e+01
-2.200000000000000000e+01
-3.000000000000000000e+00
3.000000000000000000e+00
1.100000000000000000e+01
-1.600000000000000000e+01
1.000000000000000000e+01
1.600000000000000000e+01
3.200000000000000000e+01
5.000000000000000000e+00
2.700000000000000000e+01
8.000000000000000000e+00
8.000000000000000000e+00
-1.700000000000000000e+01
-1.400000000000000000e+01
1.000000000000000000e+00
1.500000000000000000e+01
1.000000000000000000e+01
-2.000000000000000000e+00
-4.000000000000000000e+00
-2.800000000000000000e+01
-1.800000000000000000e+01
-1.100000000000000000e+01
1.600000000000000000e+01
-1.500000000000000000e+01
3.600000000000000000e+01
8.000000000000000000e+00
1.900000000000000000e+01
-6.000000000000000000e+00
7.000000000000000000e+00
2.600000000000000000e+01
-1.000000000000000000e+00
-1.000000000000000000e+00
-2.000000000000000000e+01
5.000000000000000000e+00
1.000000000000000000e+01
8.000000000000000000e+00
-1.100000000000000000e+01
-9.000000000000000000e+00
-1.600000000000000000e+01
-1.000000000000000000e+01
-2.600000000000000000e+01
-2.000000000000000000e+00
-2.000000000000000000e+00
3.200000000000000000e+01
-2.000000000000000000e+00
2.800000000000000000e+01
0.000000000000000000e+00
-4.000000000000000000e+00
1.900000000000000000e+01
4.000000000000000000e+00
-1.100000000000000000e+01
1.000000000000000000e+01
3.000000000000000000e+00
-9.000000000000000000e+00
0.000000000000000000e+00
-4.000000000000000000e+00
-5.000000000000000000e+00
-6.000000000000000000e+00
6.000000000000000000e+00
-1.800000000000000000e+01
1.000000000000000000e+00
4.000000000000000000e+00
-6.000000000000000000e+00
3.000000000000000000e+00
-1.000000000000000000e+00
1.300000000000000000e+01
-1.100000000000000000e+01
-2.000000000000000000e+00
-2.600000000000000000e+01
-2.200000000000000000e+01
1.900000000000000000e+01
-1.900000000000000000e+01
-1.100000000000000000e+01
-1.400000000000000000e+01
1.900000000000000000e+01
-2.000000000000000000e+00
3.800000000000000000e+01
-4.000000000000000000e+00
1.800000000000000000e+01
1.200000000000000000e+01
-5.000000000000000000e+00
-2.500000000000000000e+01
3.000000000000000000e+00
2.400000000000000000e+01
-2.600000000000000000e+01
-2.000000000000000000e+00
-1.600000000000000000e+01
-2.000000000000000000e+01
-3.000000000000000000e+00
-8.000000000000000000e+00
-3.400000000000000000e+01
-1.100000000000000000e+01
-2.700000000000000000e+01
-1.200000000000000000e+01
-2.000000000000000000e+00
-1.800000000000000000e+01
-8.000000000000000000e+00
-1.000000000000000000e+01
1.100000000000000000e+01
6.000000000000000000e+00
-1.400000000000000000e+01
0.000000000000000000e+00
4.000000000000000000e+00
-1.500000000000000000e+01
2.000000000000000000e+01
-2.200000000000000000e+01
-2.100000000000000000e+01
4.000000000000000000e+00
-1.900000000000000000e+01
7.000000000000000000e+00
7.000000000000000000e+00
-7.000000000000000000e+00
1.100000000000000000e+01
-2.400000000000000000e+01
-9.000000000000000000e+00
-2.400000000000000000e+01
-5.000000000000000000e+00
-2.600000000000000000e+01
5.000000000000000000e+00
-2.400000000000000000e+01
1.000000000000000000e+00
1.200000000000000000e+01
1.100000000000000000e+01
-2.000000000000000000e+00
3.000000000000000000e+00
-1.800000000000000000e+01
5.000000000000000000e+00
-7.000000000000000000e+00
1.000000000000000000e+01
0.000000000000000000e+00
-1.400000000000000000e+01
1.100000000000000000e+01
1.200000000000000000e+01
-1.400000000000000000e+01
-1.300000000000000000e+01
7.000000000000000000e+00
3.800000000000000000e+01
4.000000000000000000e+00
-4.300000000000000000e+01
6.000000000000000000e+00
-5.000000000000000000e+00
-1.200000000000000000e+01
-1.100000000000000000e+01
1.200000000000000000e+01
-1.200000000000000000e+01
-1.400000000000000000e+01
-1.500000000000000000e+01
-1.000000000000000000e+01
-1.700000000000000000e+01
-2.400000000000000000e+01
-1.000000000000000000e+01
-2.700000000000000000e+01
-7.000000000000000000e+00
1.200000000000000000e+01
-1.900000000000000000e+01
-1.700000000000000000e+01
-1.000000000000000000e+01
-1.000000000000000000e+01
3.000000000000000000e+00
7.000000000000000000e+00
4.000000000000000000e+00
-1.900000000000000000e+01
2.800000000000000000e+01
0.000000000000000000e+00
4.000000000000000000e+01
-5.000000000000000000e+00
1.500000000000000000e+01
-2.000000000000000000e+01
2.100000000000000000e+01
-1.800000000000000000e+01
2.500000000000000000e+01
-9.000000000000000000e+00
3.100000000000000000e+01
1.500000000000000000e+01
0.000000000000000000e+00
-5.000000000000000000e+00
-1.100000000000000000e+01
-9.000000000000000000e+00
-6.000000000000000000e+00
6.000000000000000000e+00
2.300000000000000000e+01
1.400000000000000000e+01
3.300000000000000000e+01
-2.700000000000000000e+01
5.000000000000000000e+00
-1.200000000000000000e+01
-1.800000000000000000e+01
1.400000000000000000e+01
-5.000000000000000000e+00
1.000000000000000000e+00
-1.700000000000000000e+01
3.000000000000000000e+00
2.600000000000000000e+01
-1.300000000000000000e+01
-8.000000000000000000e+00
8.000000000000000000e+00
9.000000000000000000e+00
-2.000000000000000000e+00
-1.400000000000000000e+01
-1.100000000000000000e+01
-1.600000000000000000e+01
7.000000000000000000e+00
5.000000000000000000e+00
-8.000000000000000000e+00
-2.100000000000000000e+01
1.200000000000000000e+01
-4.600000000000000000e+01
-2.200000000000000000e+01
-1.200000000000000000e+01
-1.000000000000000000e+01
-8.000000000000000000e+00
-2.000000000000000000e+01
-6.000000000000000000e+00
-2.300000000000000000e+01
7.000000000000000000e+00
-1.500000000000000000e+01
1.300000000000000000e+01
-2.000000000000000000e+00
-1.300000000000000000e+01
2.100000000000000000e+01
-1.000000000000000000e+00
6.000000000000000000e+00
-1.600000000000000000e+01
6.000000000000000000e+00
1.000000000000000000e+01
-1.700000000000000000e+01
-3.330000000000000000e+02
1.000000000000000000e+00
-3.300000000000000000e+01
-1.100000000000000000e+01
-1.000000000000000000e+00
-2.000000000000000000e+01
-2.000000000000000000e+01
7.000000000000000000e+00
-1.000000000000000000e+00
1.900000000000000000e+01
-1.000000000000000000e+01
-3.400000000000000000e+01
1.300000000000000000e+01
-1.800000000000000000e+01
-1.900000000000000000e+01
-5.000000000000000000e+00
-1.600000000000000000e+01
-1.500000000000000000e+01
-2.800000000000000000e+01
-1.700000000000000000e+01
-1.400000000000000000e+01
1.700000000000000000e+01
-2.000000000000000000e+00
-1.200000000000000000e+01
1.100000000000000000e+01
-8.000000000000000000e+00
2.100000000000000000e+01
-2.700000000000000000e+01
1.300000000000000000e+01
-2.600000000000000000e+01
-3.400000000000000000e+01
-1.000000000000000000e+00
-9.000000000000000000e+00
1.100000000000000000e+01
-3.400000000000000000e+01
-4.000000000000000000e+00
-1.000000000000000000e+01
-4.000000000000000000e+00
-6.000000000000000000e+00
5.000000000000000000e+00
-3.000000000000000000e+00
-3.000000000000000000e+01
-2.000000000000000000e+00
-1.600000000000000000e+01
-2.000000000000000000e+00
-1.900000000000000000e+01
-3.200000000000000000e+01
7.000000000000000000e+00
9.000000000000000000e+00
-2.500000000000000000e+01
-4.000000000000000000e+00
-1.000000000000000000e+00
-3.000000000000000000e+00
5.000000000000000000e+00
-1.000000000000000000e+00
0.000000000000000000e+00
8.000000000000000000e+00
-1.700000000000000000e+01
5.700000000000000000e+01
-1.600000000000000000e+01
4.000000000000000000e+00
-1.600000000000000000e+01
-1.700000000000000000e+01
-1.800000000000000000e+01
-1.600000000000000000e+01
1.900000000000000000e+01
2.100000000000000000e+01
2.000000000000000000e+00
-1.200000000000000000e+01
-1.300000000000000000e+01
-8.000000000000000000e+00
-6.000000000000000000e+00
-2.100000000000000000e+01
-2.000000000000000000e+01
-1.600000000000000000e+01
-9.000000000000000000e+00
-2.300000000000000000e+01
-3.300000000000000000e+01
-2.200000000000000000e+01
-1.400000000000000000e+01
-2.100000000000000000e+01
-4.200000000000000000e+01
-1.000000000000000000e+00
-6.000000000000000000e+00
-2.000000000000000000e+00
8.000000000000000000e+00
-7.000000000000000000e+00
1.600000000000000000e+01
-9.000000000000000000e+00
5.000000000000000000e+00
-2.000000000000000000e+00
-1.500000000000000000e+01
-7.000000000000000000e+00
-8.000000000000000000e+00
-1.800000000000000000e+01
-2.500000000000000000e+01
-1.300000000000000000e+01
-5.000000000000000000e+00
-3.000000000000000000e+00
0.000000000000000000e+00
-3.000000000000000000e+00
5.000000000000000000e+00
-1.200000000000000000e+01
-2.100000000000000000e+01
7.000000000000000000e+00
-1.200000000000000000e+01
-7.000000000000000000e+00
-1.500000000000000000e+01
-1.100000000000000000e+01
-6.000000000000000000e+00
-1.000000000000000000e+01
-1.300000000000000000e+01
-2.200000000000000000e+01
-5.000000000000000000e+00
-2.000000000000000000e+00
-2.000000000000000000e+00
1.400000000000000000e+01
-1.400000000000000000e+01
-9.000000000000000000e+00
5.000000000000000000e+00
-2.500000000000000000e+01
-1.200000000000000000e+01
4.000000000000000000e+00
-3.000000000000000000e+01
-2.600000000000000000e+01
1.700000000000000000e+01
-6.000000000000000000e+00
-1.000000000000000000e+01
-2.400000000000000000e+01
-2.500000000000000000e+01
-1.800000000000000000e+01
1.000000000000000000e+01
6.000000000000000000e+00
4.000000000000000000e+00
-3.500000000000000000e+01
-2.500000000000000000e+01
-1.700000000000000000e+01
-1.300000000000000000e+01
-3.700000000000000000e+01
7.000000000000000000e+00
-2.900000000000000000e+01
-1.100000000000000000e+01
-1.500000000000000000e+01
0.000000000000000000e+00
2.400000000000000000e+01
1.500000000000000000e+01
-6.000000000000000000e+00
-5.000000000000000000e+00
-1.500000000000000000e+01
1.700000000000000000e+01
-2.300000000000000000e+01
-6.000000000000000000e+00
-2.000000000000000000e+00
-5.000000000000000000e+01
9.000000000000000000e+00
-2.000000000000000000e+00
8.000000000000000000e+00
-1.400000000000000000e+01
-2.000000000000000000e+01
5.000000000000000000e+00
-1.000000000000000000e+01
-2.000000000000000000e+00
-3.000000000000000000e+00
1.600000000000000000e+01
-3.000000000000000000e+00
-2.200000000000000000e+01
3.300000000000000000e+01
1.000000000000000000e+00
-1.900000000000000000e+01
2.000000000000000000e+00
6.000000000000000000e+00
-8.000000000000000000e+00
1.200000000000000000e+01
-4.000000000000000000e+00
-6.000000000000000000e+00
-3.000000000000000000e+00
-2.700000000000000000e+01
7.000000000000000000e+00
4.000000000000000000e+00
3.000000000000000000e+00
-5.000000000000000000e+00
5.000000000000000000e+00
-3.000000000000000000e+00
-2.000000000000000000e+00
-3.000000000000000000e+00
1.300000000000000000e+01
-3.500000000000000000e+01
7.000000000000000000e+00
-2.300000000000000000e+01
-3.400000000000000000e+01
-2.500000000000000000e+01
1.200000000000000000e+01
3.000000000000000000e+00
-2.900000000000000000e+01
2.100000000000000000e+01
-1.700000000000000000e+01
-4.000000000000000000e+00
-1.900000000000000000e+01
2.200000000000000000e+01
-1.500000000000000000e+01
-4.900000000000000000e+01
1.100000000000000000e+01
-3.100000000000000000e+01
-2.500000000000000000e+01
-5.000000000000000000e+00
-1.300000000000000000e+01
-2.000000000000000000e+00
-2.300000000000000000e+01
-9.000000000000000000e+00
-1.100000000000000000e+01
-1.900000000000000000e+01
1.600000000000000000e+01
1.500000000000000000e+01
-4.000000000000000000e+00
5.000000000000000000e+00
-9.000000000000000000e+00
-1.300000000000000000e+01
-4.000000000000000000e+00
-2.800000000000000000e+01
1.000000000000000000e+01
2.000000000000000000e+00
-7.000000000000000000e+00
-1.200000000000000000e+01
5.000000000000000000e+00
-1.000000000000000000e+01
-2.600000000000000000e+01
-1.500000000000000000e+01
1.400000000000000000e+01
-4.900000000000000000e+01
2.000000000000000000e+00
-3.000000000000000000e+00
-2.000000000000000000e+00
8.000000000000000000e+00
-9.000000000000000000e+00
-1.100000000000000000e+01
4.000000000000000000e+00
1.600000000000000000e+01
-1.000000000000000000e+01
-3.900000000000000000e+01
-2.300000000000000000e+01
-1.100000000000000000e+01
4.000000000000000000e+00
-2.400000000000000000e+01
0.000000000000000000e+00
-1.200000000000000000e+01
9.000000000000000000e+00
-1.400000000000000000e+01
-4.300000000000000000e+01
-3.100000000000000000e+01
-9.000000000000000000e+00
-1.000000000000000000e+00
-2.600000000000000000e+01
-1.400000000000000000e+01
-9.000000000000000000e+00
1.000000000000000000e+00
-1.200000000000000000e+01
-7.000000000000000000e+00
-5.000000000000000000e+00
-4.000000000000000000e+00
2.800000000000000000e+01
-2.000000000000000000e+00
-1.300000000000000000e+01
-3.000000000000000000e+00
-2.700000000000000000e+01
-1.200000000000000000e+01
-2.200000000000000000e+01
-2.000000000000000000e+00
1.400000000000000000e+01
9.000000000000000000e+00
-1.500000000000000000e+01
1.200000000000000000e+01
-1.400000000000000000e+01
-5.200000000000000000e+01
-1.300000000000000000e+01
-1.300000000000000000e+01
-6.000000000000000000e+00
-1.100000000000000000e+01
-1.100000000000000000e+01
-3.500000000000000000e+01
-2.400000000000000000e+01
-2.200000000000000000e+01
-1.000000000000000000e+00
1.100000000000000000e+01
-2.800000000000000000e+01
1.000000000000000000e+00
-1.800000000000000000e+01
1.200000000000000000e+01
-1.100000000000000000e+01
-2.400000000000000000e+01
-1.200000000000000000e+01
-3.500000000000000000e+01
-2.700000000000000000e+01
-3.100000000000000000e+01
-3.000000000000000000e+01
-1.000000000000000000e+01
-1.300000000000000000e+01
3.000000000000000000e+00
-1.300000000000000000e+01
-1.600000000000000000e+01
-8.000000000000000000e+00
-9.000000000000000000e+00
2.200000000000000000e+01
-1.300000000000000000e+01
-1.300000000000000000e+01
-1.400000000000000000e+01
-9.000000000000000000e+00
-2.300000000000000000e+01
8.000000000000000000e+00
-1.500000000000000000e+01
-2.900000000000000000e+01
-9.000000000000000000e+00
-1.000000000000000000e+00
9.000000000000000000e+00
1.200000000000000000e+01
-3.000000000000000000e+00
-3.200000000000000000e+01
-1.000000000000000000e+01
-1.700000000000000000e+01
-1.800000000000000000e+01
-3.900000000000000000e+01
1.600000000000000000e+01
-1.700000000000000000e+01
-1.100000000000000000e+01
-1.200000000000000000e+01
-2.800000000000000000e+01
-2.500000000000000000e+01
-1.500000000000000000e+01
-3.400000000000000000e+01
-2.200000000000000000e+01
-4.000000000000000000e+00
-1.400000000000000000e+01
2.400000000000000000e+01
-1.100000000000000000e+01
-9.000000000000000000e+00
-1.100000000000000000e+01
-3.000000000000000000e+00
7.000000000000000000e+00
4.000000000000000000e+00
-3.500000000000000000e+01
-1.300000000000000000e+01
-1.400000000000000000e+01
-6.000000000000000000e+00
-1.800000000000000000e+01
-4.300000000000000000e+01
-1.200000000000000000e+01
3.000000000000000000e+00
0.000000000000000000e+00
-3.000000000000000000e+00
-4.000000000000000000e+00
-1.600000000000000000e+01
-1.100000000000000000e+01
7.000000000000000000e+00
-1.700000000000000000e+01
-1.000000000000000000e+00
1.400000000000000000e+01
-9.000000000000000000e+00
8.000000000000000000e+00
-2.100000000000000000e+01
-9.000000000000000000e+00
1.400000000000000000e+01
9.000000000000000000e+00
-2.000000000000000000e+01
-1.000000000000000000e+00
-1.600000000000000000e+01
-2.000000000000000000e+00
-7.000000000000000000e+00
-8.000000000000000000e+00
-8.000000000000000000e+00
-1.200000000000000000e+01
-1.200000000000000000e+01
-2.000000000000000000e+01
-3.000000000000000000e+00
4.600000000000000000e+01
-1.400000000000000000e+01
3.000000000000000000e+00
1.200000000000000000e+01
-2.700000000000000000e+01
2.600000000000000000e+01
6.000000000000000000e+00
1.500000000000000000e+01
-1.000000000000000000e+01
-1.500000000000000000e+01
-1.900000000000000000e+01
-1.000000000000000000e+00
-1.000000000000000000e+00
-1.900000000000000000e+01
1.900000000000000000e+01
-2.700000000000000000e+01
-2.000000000000000000e+00
1.400000000000000000e+01
-1.200000000000000000e+01
1.300000000000000000e+01
1.300000000000000000e+01
6.000000000000000000e+00
-2.000000000000000000e+01
1.000000000000000000e+01
-1.300000000000000000e+01
-2.000000000000000000e+00
1.700000000000000000e+01
3.000000000000000000e+00
-1.500000000000000000e+01
-1.400000000000000000e+01
4.300000000000000000e+01
2.000000000000000000e+00
-2.000000000000000000e+00
-1.000000000000000000e+01
-1.100000000000000000e+01
2.000000000000000000e+00
6.000000000000000000e+00
-1.600000000000000000e+01
3.300000000000000000e+01
1.900000000000000000e+01
2.600000000000000000e+01
1.600000000000000000e+01
1.800000000000000000e+01
-1.100000000000000000e+01
2.400000000000000000e+01
4.700000000000000000e+01
5.400000000000000000e+01
-8.000000000000000000e+00
1.200000000000000000e+01
3.700000000000000000e+01
3.000000000000000000e+00
3.700000000000000000e+01
0.000000000000000000e+00
1.000000000000000000e+00
3.300000000000000000e+01
2.900000000000000000e+01
4.300000000000000000e+01
5.600000000000000000e+01
5.200000000000000000e+01
5.300000000000000000e+01
6.900000000000000000e+01
4.000000000000000000e+01
6.500000000000000000e+01
8.800000000000000000e+01
7.000000000000000000e+01
7.700000000000000000e+01
8.000000000000000000e+01
6.200000000000000000e+01
1.000000000000000000e+02
8.000000000000000000e+01
1.030000000000000000e+02
1.020000000000000000e+02
1.420000000000000000e+02
1.230000000000000000e+02
1.590000000000000000e+02
1.220000000000000000e+02
1.620000000000000000e+02
1.750000000000000000e+02
1.950000000000000000e+02
2.170000000000000000e+02
1.940000000000000000e+02
2.200000000000000000e+02
2.430000000000000000e+02
2.390000000000000000e+02
2.460000000000000000e+02
2.390000000000000000e+02
2.820000000000000000e+02
2.880000000000000000e+02
3.020000000000000000e+02
3.290000000000000000e+02
3.510000000000000000e+02
3.360000000000000000e+02
3.690000000000000000e+02
3.940000000000000000e+02
3.860000000000000000e+02
4.210000000000000000e+02
4.560000000000000000e+02
4.380000000000000000e+02
5.050000000000000000e+02
4.870000000000000000e+02
5.230000000000000000e+02
5.370000000000000000e+02
5.360000000000000000e+02
5.620000000000000000e+02
5.710000000000000000e+02
6.670000000000000000e+02
6.060000000000000000e+02
6.500000000000000000e+02
7.050000000000000000e+02
7.100000000000000000e+02
7.760000000000000000e+02
7.530000000000000000e+02
7.620000000000000000e+02
8.050000000000000000e+02
8.130000000000000000e+02
8.240000000000000000e+02
8.820000000000000000e+02
8.310000000000000000e+02
9.340000000000000000e+02
9.220000000000000000e+02
9.670000000000000000e+02
9.800000000000000000e+02
1.016000000000000000e+03
1.033000000000000000e+03
1.040000000000000000e+03
1.057000000000000000e+03
1.042000000000000000e+03
1.050000000000000000e+03
1.105000000000000000e+03
1.071000000000000000e+03
1.112000000000000000e+03
1.117000000000000000e+03
1.114000000000000000e+03
1.180000000000000000e+03
1.160000000000000000e+03
1.188000000000000000e+03
1.123000000000000000e+03
1.203000000000000000e+03
1.234000000000000000e+03
1.255000000000000000e+03
1.263000000000000000e+03
1.227000000000000000e+03
1.260000000000000000e+03
1.261000000000000000e+03
1.315000000000000000e+03
1.270000000000000000e+03
1.276000000000000000e+03
1.311000000000000000e+03
1.293000000000000000e+03
1.373000000000000000e+03
1.282000000000000000e+03
1.260000000000000000e+03
1.286000000000000000e+03
1.193000000000000000e+03
1.210000000000000000e+03
1.203000000000000000e+03
1.222000000000000000e+03
1.139000000000000000e+03
1.121000000000000000e+03
1.114000000000000000e+03
1.129000000000000000e+03
1.111000000000000000e+03
1.167000000000000000e+03
1.103000000000000000e+03
1.067000000000000000e+03
1.040000000000000000e+03
1.076000000000000000e+03
1.079000000000000000e+03
1.068000000000000000e+03
1.047000000000000000e+03
1.041000000000000000e+03
1.039000000000000000e+03
1.071000000000000000e+03
1.036000000000000000e+03
1.050000000000000000e+03
9.890000000000000000e+02
9.370000000000000000e+02
9.390000000000000000e+02
9.030000000000000000e+02
9.490000000000000000e+02
9.060000000000000000e+02
8.830000000000000000e+02
8.660000000000000000e+02
8.370000000000000000e+02
7.930000000000000000e+02
8.220000000000000000e+02
7.820000000000000000e+02
7.870000000000000000e+02
6.840000000000000000e+02
6.920000000000000000e+02
6.800000000000000000e+02
6.480000000000000000e+02
6.420000000000000000e+02
6.490000000000000000e+02
6.270000000000000000e+02
6.370000000000000000e+02
5.580000000000000000e+02
5.270000000000000000e+02
5.260000000000000000e+02
5.150000000000000000e+02
5.140000000000000000e+02
5.180000000000000000e+02
4.410000000000000000e+02
4.750000000000000000e+02
4.330000000000000000e+02
4.400000000000000000e+02
4.170000000000000000e+02
4.350000000000000000e+02
3.980000000000000000e+02
4.210000000000000000e+02
3.830000000000000000e+02
3.590000000000000000e+02
3.410000000000000000e+02
3.160000000000000000e+02
3.450000000000000000e+02
3.120000000000000000e+02
2.780000000000000000e+02
2.490000000000000000e+02
2.540000000000000000e+02
2.520000000000000000e+02
2.510000000000000000e+02
2.530000000000000000e+02
2.280000000000000000e+02
2.340000000000000000e+02
1.840000000000000000e+02
1.770000000000000000e+02
1.730000000000000000e+02
1.580000000000000000e+02
1.480000000000000000e+02
1.710000000000000000e+02
1.670000000000000000e+02
1.120000000000000000e+02
1.670000000000000000e+02
1.390000000000000000e+02
1.500000000000000000e+02
1.160000000000000000e+02
1.230000000000000000e+02
8.100000000000000000e+01
6.800000000000000000e+01
1.020000000000000000e+02
7.700000000000000000e+01
1.040000000000000000e+02
7.000000000000000000e+01
6.600000000000000000e+01
8.200000000000000000e+01
4.000000000000000000e+01
7.600000000000000000e+01
6.200000000000000000e+01
7.400000000000000000e+01
5.000000000000000000e+01
6.600000000000000000e+01
3.000000000000000000e+01
4.700000000000000000e+01
5.700000000000000000e+01
2.700000000000000000e+01
2.600000000000000000e+01
1.200000000000000000e+01
3.700000000000000000e+01
3.600000000000000000e+01
4.100000000000000000e+01
5.400000000000000000e+01
2.400000000000000000e+01
1.700000000000000000e+01
4.100000000000000000e+01
-1.000000000000000000e+00
2.700000000000000000e+01
3.800000000000000000e+01
1.300000000000000000e+01
1.200000000000000000e+01
2.300000000000000000e+01
7.000000000000000000e+00
1.500000000000000000e+01
-1.900000000000000000e+01
-1.100000000000000000e+01
3.400000000000000000e+01
2.200000000000000000e+01
2.700000000000000000e+01
7.000000000000000000e+00
-5.000000000000000000e+00
-1.000000000000000000e+01
3.000000000000000000e+01
-1.300000000000000000e+01
-2.300000000000000000e+01
-8.000000000000000000e+00
-4.000000000000000000e+00
9.000000000000000000e+00
-9.000000000000000000e+00
1.800000000000000000e+01
-4.000000000000000000e+00
-2.700000000000000000e+01
2.700000000000000000e+01
5.000000000000000000e+00
2.800000000000000000e+01
-2.500000000000000000e+01
-1.800000000000000000e+01
-1.900000000000000000e+01
-6.000000000000000000e+00
1.500000000000000000e+01
-1.100000000000000000e+01
-2.000000000000000000e+00
-1.000000000000000000e+00
-2.000000000000000000e+00
-6.000000000000000000e+00
-1.800000000000000000e+01
-1.300000000000000000e+01
-2.000000000000000000e+00
-1.800000000000000000e+01
5.000000000000000000e+00
-1.500000000000000000e+01
1.100000000000000000e+01
2.500000000000000000e+01
-3.300000000000000000e+01
-2.300000000000000000e+01
-1.900000000000000000e+01
-2.000000000000000000e+01
-1.000000000000000000e+00
-8.000000000000000000e+00
4.000000000000000000e+00
1.600000000000000000e+01
2.600000000000000000e+01
-3.000000000000000000e+00
-1.400000000000000000e+01
-4.000000000000000000e+00
-2.200000000000000000e+01
-8.000000000000000000e+00
-1.000000000000000000e+01
-1.700000000000000000e+01
1.600000000000000000e+01
7.000000000000000000e+00
1.300000000000000000e+01
-1.000000000000000000e+01
-1.800000000000000000e+01
8.600000000000000000e+01
-1.200000000000000000e+01
0.000000000000000000e+00
-2.300000000000000000e+01
-2.200000000000000000e+01
-1.700000000000000000e+01
-6.000000000000000000e+00
1.100000000000000000e+01
-5.000000000000000000e+00
-8.000000000000000000e+00
-2.100000000000000000e+01
2.000000000000000000e+00
-1.000000000000000000e+00
-2.500000000000000000e+01
-3.100000000000000000e+01
-3.000000000000000000e+00
3.000000000000000000e+00
-4.000000000000000000e+00
0.000000000000000000e+00
