2.000000000000000000e+00
-1.000000000000000000e+00
-3.000000000000000000e+00
-2.000000000000000000e+00
-1.200000000000000000e+01
1.000000000000000000e+00
7.000000000000000000e+00
-6.000000000000000000e+00
-7.000000000000000000e+00
-1.300000000000000000e+01
-2.000000000000000000e+00
6.000000000000000000e+00
-7.000000000000000000e+00
-2.000000000000000000e+00
-1.600000000000000000e+01
-5.000000000000000000e+00
6.000000000000000000e+00
-1.000000000000000000e+01
2.000000000000000000e+00
-3.000000000000000000e+00
-5.000000000000000000e+00
1.700000000000000000e+01
1.000000000000000000e+00
-2.600000000000000000e+01
4.000000000000000000e+00
1.500000000000000000e+01
-5.000000000000000000e+00
2.000000000000000000e+01
2.000000000000000000e+00
2.200000000000000000e+01
-3.200000000000000000e+01
-7.000000000000000000e+00
-1.000000000000000000e+00
-2.100000000000000000e+01
1.900000000000000000e+01
-9.000000000000000000e+00
9.000000000000000000e+00
2.000000000000000000e+00
-4.000000000000000000e+01
-1.300000000000000000e+01
5.000000000000000000e+00
-1.300000000000000000e+01
0.000000000000000000e+00
-1.900000000000000000e+01
1.800000000000000000e+01
-1.300000000000000000e+01
-4.000000000000000000e+00
-1.500000000000000000e+01
-2.600000000000000000e+01
0.000000000000000000e+00
-1.100000000000000000e+01
8.000000000000000000e+00
2.100000000000000000e+01
-1.100000000000000000e+01
-4.000000000000000000e+00
-2.700000000000000000e+01
-1.400000000000000000e+01
-2.400000000000000000e+01
8.000000000000000000e+00
-2.600000000000000000e+01
-1.000000000000000000e+01
-7.000000000000000000e+00
-2.500000000000000000e+01
-1.000000000000000000e+00
9.000000000000000000e+00
-6.000000000000000000e+00
-2.800000000000000000e+01
1.000000000000000000e+01
-7.000000000000000000e+00
-5.000000000000000000e+00
-3.000000000000000000e+01
-2.500000000000000000e+01
4.100000000000000000e+01
2.800000000000000000e+01
1.300000000000000000e+01
3.000000000000000000e+00
-2.000000000000000000e+01
-2.300000000000000000e+01
-1.800000000000000000e+01
3.600000000000000000e+01
-6.000000000000000000e+00
-1.300000000000000000e+01
6.000000000000000000e+00
-7.000000000000000000e+00
2.600000000000000000e+01
-7.000000000000000000e+00
3.000000000000000000e+00
-9.000000000000000000e+00
6.000000000000000000e+00
4.000000000000000000e+00
-8.000000000000000000e+00
1.000000000000000000e+00
1.100000000000000000e+01
-4.300000000000000000e+01
1.200000000000000000e+01
1.500000000000000000e+01
5.000000000000000000e+00
-3.300000000000000000e+01
1.000000000000000000e+01
-2.600000000000000000e+01
1.000000000000000000e+01
-3.100000000000000000e+01
-8.000000000000000000e+00
4.000000000000000000e+00
2.000000000000000000e+01
-4.000000000000000000e+00
2.900000000000000000e+01
-3.600000000000000000e+01
2.700000000000000000e+01
2.900000000000000000e+01
-2.000000000000000000e+01
4.000000000000000000e+00
-4.000000000000000000e+00
4.100000000000000000e+01
-2.000000000000000000e+00
1.000000000000000000e+01
-4.200000000000000000e+01
-3.000000000000000000e+00
1.500000000000000000e+01
-2.400000000000000000e+01
1.600000000000000000e+01
4.000000000000000000e+00
-4.400000000000000000e+01
9.000000000000000000e+00
-8.000000000000000000e+00
1.700000000000000000e+01
5.000000000000000000e+00
-1.100000000000000000e+01
1.300000000000000000e+01
-9.000000000000000000e+00
-1.600000000000000000e+01
-2.000000000000000000e+01
-2.000000000000000000e+01
3.300000000000000000e+01
-2.000000000000000000e+00
-2.900000000000000000e+01
-3.000000000000000000e+00
-2.100000000000000000e+01
-8.000000000000000000e+00
1.000000000000000000e+00
1.500000000000000000e+01
0.000000000000000000e+00
-1.400000000000000000e+01
-1.300000000000000000e+01
3.000000000000000000e+00
3.000000000000000000e+01
-1.500000000000000000e+01
-2.000000000000000000e+01
8.000000000000000000e+00
-1.000000000000000000e+00
-5.000000000000000000e+00
-1.200000000000000000e+01
-1.700000000000000000e+01
-8.000000000000000000e+00
-1.000000000000000000e+01
-1.600000000000000000e+01
-3.300000000000000000e+01
-1.300000000000000000e+01
2.900000000000000000e+01
-1.400000000000000000e+01
3.500000000000000000e+01
-5.000000000000000000e+00
-1.900000000000000000e+01
-2.100000000000000000e+01
-4.000000000000000000e+00
1.800000000000000000e+01
-4.000000000000000000e+00
-2.000000000000000000e+00
-4.000000000000000000e+00
-1.700000000000000000e+01
3.000000000000000000e+00
-1.600000000000000000e+01
-8.000000000000000000e+00
1.000000000000000000e+01
9.000000000000000000e+00
-2.100000000000000000e+01
-4.000000000000000000e+00
-2.700000000000000000e+01
6.000000000000000000e+00
-2.000000000000000000e+00
1.100000000000000000e+01
-1.600000000000000000e+01
1.700000000000000000e+01
-7.000000000000000000e+00
-2.400000000000000000e+01
0.000000000000000000e+00
-2.000000000000000000e+00
-1.900000000000000000e+01
-4.000000000000000000e+00
2.700000000000000000e+01
-4.800000000000000000e+01
5.000000000000000000e+00
-2.300000000000000000e+01
1.000000000000000000e+00
2.000000000000000000e+00
-1.500000000000000000e+01
-6.000000000000000000e+00
8.000000000000000000e+00
1.700000000000000000e+01
-9.000000000000000000e+00
1.000000000000000000e+00
-1.200000000000000000e+01
2.400000000000000000e+01
3.000000000000000000e+01
-1.300000000000000000e+01
-1.300000000000000000e+01
2.000000000000000000e+00
-2.200000000000000000e+01
-2.000000000000000000e+00
-7.000000000000000000e+00
7.000000000000000000e+00
-2.400000000000000000e+01
1.400000000000000000e+01
2.000000000000000000e+00
2.000000000000000000e+00
-2.900000000000000000e+01
-7.000000000000000000e+00
-4.000000000000000000e+00
-4.500000000000000000e+01
-1.200000000000000000e+01
1.200000000000000000e+01
-6.000000000000000000e+00
-1.100000000000000000e+01
-6.000000000000000000e+00
1.000000000000000000e+01
1.800000000000000000e+01
5.000000000000000000e+00
-2.000000000000000000e+01
1.800000000000000000e+01
5.300000000000000000e+01
-3.100000000000000000e+01
-1.000000000000000000e+00
-1.800000000000000000e+01
1.200000000000000000e+01
-2.800000000000000000e+01
5.000000000000000000e+00
-2.300000000000000000e+01
-1.200000000000000000e+01
2.100000000000000000e+01
2.400000000000000000e+01
-3.400000000000000000e+01
-7.000000000000000000e+00
7.000000000000000000e+00
-2.000000000000000000e+00
-2.900000000000000000e+01
-6.000000000000000000e+00
3.000000000000000000e+00
1.300000000000000000e+01
-2.000000000000000000e+00
2.300000000000000000e+01
-2.500000000000000000e+01
-1.000000000000000000e+01
2.000000000000000000e+01
1.300000000000000000e+01
8.000000000000000000e+00
-6.000000000000000000e+00
-2.000000000000000000e+01
6.000000000000000000e+00
1.800000000000000000e+01
2.200000000000000000e+01
3.100000000000000000e+01
1.100000000000000000e+01
1.000000000000000000e+01
-3.400000000000000000e+01
-4.000000000000000000e+00
2.100000000000000000e+01
1.000000000000000000e+01
-1.000000000000000000e+01
1.300000000000000000e+01
1.000000000000000000e+00
-2.000000000000000000e+01
8.000000000000000000e+00
9.000000000000000000e+00
1.300000000000000000e+01
3.000000000000000000e+00
-1.000000000000000000e+00
-4.100000000000000000e+01
4.600000000000000000e+01
-2.000000000000000000e+00
-1.400000000000000000e+01
-1.900000000000000000e+01
5.000000000000000000e+00
-1.000000000000000000e+00
0.000000000000000000e+00
-1.600000000000000000e+01
5.000000000000000000e+00
2.000000000000000000e+01
-2.100000000000000000e+01
1.300000000000000000e+01
1.000000000000000000e+00
-2.000000000000000000e+00
7.000000000000000000e+00
0.000000000000000000e+00
-2.000000000000000000e+00
-2.000000000000000000e+00
2.600000000000000000e+01
1.600000000000000000e+01
-1.000000000000000000e+01
-1.300000000000000000e+01
6.000000000000000000e+00
3.800000000000000000e+01
-3.600000000000000000e+01
2.100000000000000000e+01
-3.200000000000000000e+01
4.000000000000000000e+00
1.800000000000000000e+01
1.100000000000000000e+01
4.600000000000000000e+01
1.500000000000000000e+01
-3.000000000000000000e+00
4.000000000000000000e+00
-1.200000000000000000e+01
1.200000000000000000e+01
-9.000000000000000000e+00
2.200000000000000000e+01
6.000000000000000000e+00
2.400000000000000000e+01
6.000000000000000000e+00
2.400000000000000000e+01
-3.500000000000000000e+01
-1.000000000000000000e+01
-6.000000000000000000e+00
-7.000000000000000000e+00
1.400000000000000000e+01
1.700000000000000000e+01
-6.000000000000000000e+00
-5.000000000000000000e+00
1.600000000000000000e+01
7.000000000000000000e+00
-3.300000000000000000e+01
2.800000000000000000e+01
-5.000000000000000000e+00
-8.000000000000000000e+00
-4.000000000000000000e+00
1.000000000000000000e+00
-2.400000000000000000e+01
-1.900000000000000000e+01
-2.400000000000000000e+01
2.200000000000000000e+01
6.000000000000000000e+00
-4.000000000000000000e+00
1.200000000000000000e+01
5.000000000000000000e+00
4.000000000000000000e+00
-1.600000000000000000e+01
7.000000000000000000e+00
7.000000000000000000e+00
-2.400000000000000000e+01
1.100000000000000000e+01
-6.000000000000000000e+00
2.800000000000000000e+01
-2.100000000000000000e+01
-2.300000000000000000e+01
-1.700000000000000000e+01
-2.400000000000000000e+01
-5.000000000000000000e+00
-1.300000000000000000e+01
1.700000000000000000e+01
2.000000000000000000e+00
3.900000000000000000e+01
-2.000000000000000000e+01
-3.900000000000000000e+01
-2.500000000000000000e+01
-1.900000000000000000e+01
2.600000000000000000e+01
-2.000000000000000000e+00
-3.600000000000000000e+01
-3.000000000000000000e+00
-2.000000000000000000e+00
8.000000000000000000e+00
1.000000000000000000e+01
1.200000000000000000e+01
-1.300000000000000000e+01
-8.000000000000000000e+00
1.200000000000000000e+01
-2.100000000000000000e+01
3.500000000000000000e+01
2.400000000000000000e+01
-9.000000000000000000e+00
3.800000000000000000e+01
-1.400000000000000000e+01
2.000000000000000000e+00
1.700000000000000000e+01
-2.300000000000000000e+01
-2.000000000000000000e+01
8.000000000000000000e+00
-7.000000000000000000e+00
1.300000000000000000e+01
-6.000000000000000000e+00
0.000000000000000000e+00
1.000000000000000000e+01
3.600000000000000000e+01
-8.000000000000000000e+00
1.400000000000000000e+01
1.800000000000000000e+01
1.900000000000000000e+01
1.500000000000000000e+01
-2.000000000000000000e+01
-2.300000000000000000e+01
-1.400000000000000000e+01
-1.600000000000000000e+01
7.000000000000000000e+00
-2.100000000000000000e+01
-5.000000000000000000e+00
-2.300000000000000000e+01
1.000000000000000000e+01
-1.200000000000000000e+01
-2.400000000000000000e+01
-6.000000000000000000e+00
3.100000000000000000e+01
2.000000000000000000e+01
-1.700000000000000000e+01
-3.000000000000000000e+00
2.000000000000000000e+00
1.500000000000000000e+01
1.000000000000000000e+01
2.100000000000000000e+01
2.800000000000000000e+01
1.000000000000000000e+01
-1.200000000000000000e+01
5.100000000000000000e+01
1.000000000000000000e+01
0.000000000000000000e+00
5.000000000000000000e+00
-3.100000000000000000e+01
1.500000000000000000e+01
-2.500000000000000000e+01
-2.700000000000000000e+01
1.600000000000000000e+01
1.000000000000000000e+00
-1.800000000000000000e+01
1.000000000000000000e+01
-3.600000000000000000e+01
-1.900000000000000000e+01
7.000000000000000000e+00
1.000000000000000000e+00
1.000000000000000000e+01
-1.800000000000000000e+01
8.000000000000000000e+00
3.000000000000000000e+00
3.800000000000000000e+01
4.000000000000000000e+00
1.700000000000000000e+01
1.000000000000000000e+01
-1.500000000000000000e+01
1.400000000000000000e+01
-7.000000000000000000e+00
7.000000000000000000e+00
2.100000000000000000e+01
2.000000000000000000e+00
1.100000000000000000e+01
-4.400000000000000000e+01
-4.500000000000000000e+01
1.400000000000000000e+01
-1.600000000000000000e+01
1.200000000000000000e+01
1.500000000000000000e+01
-5.000000000000000000e+00
1.500000000000000000e+01
1.100000000000000000e+01
-1.200000000000000000e+01
-2.800000000000000000e+01
-1.000000000000000000e+01
-3.800000000000000000e+01
-6.000000000000000000e+00
1.800000000000000000e+01
1.200000000000000000e+01
2.000000000000000000e+00
2.400000000000000000e+01
-6.000000000000000000e+00
2.100000000000000000e+01
-3.000000000000000000e+00
8.400000000000000000e+01
-2.800000000000000000e+01
1.000000000000000000e+00
1.300000000000000000e+01
-1.300000000000000000e+01
-1.600000000000000000e+01
-1.000000000000000000e+00
1.500000000000000000e+01
9.000000000000000000e+00
1.000000000000000000e+00
2.900000000000000000e+01
2.100000000000000000e+01
-1.700000000000000000e+01
-1.000000000000000000e+00
5.300000000000000000e+01
5.000000000000000000e+00
1.400000000000000000e+01
3.200000000000000000e+01
-9.000000000000000000e+00
-2.200000000000000000e+01
-1.400000000000000000e+01
3.100000000000000000e+01
3.500000000000000000e+01
-2.800000000000000000e+01
3.300000000000000000e+01
-2.700000000000000000e+01
-3.000000000000000000e+00
2.500000000000000000e+01
2.400000000000000000e+01
3.000000000000000000e+00
-4.000000000000000000e+00
2.000000000000000000e+01
8.000000000000000000e+00
6.000000000000000000e+00
1.200000000000000000e+01
1.700000000000000000e+01
6.000000000000000000e+00
-4.000000000000000000e+00
1.800000000000000000e+01
-5.000000000000000000e+00
3.000000000000000000e+00
-1.200000000000000000e+01
9.000000000000000000e+00
-1.600000000000000000e+01
7.000000000000000000e+00
-1.000000000000000000e+00
-1.800000000000000000e+01
2.500000000000000000e+01
9.000000000000000000e+00
3.000000000000000000e+01
4.200000000000000000e+01
5.200000000000000000e+01
3.300000000000000000e+01
2.400000000000000000e+01
3.700000000000000000e+01
6.200000000000000000e+01
4.500000000000000000e+01
4.000000000000000000e+01
4.500000000000000000e+01
5.000000000000000000e+01
7.800000000000000000e+01
1.060000000000000000e+02
9.300000000000000000e+01
7.100000000000000000e+01
9.400000000000000000e+01
8.600000000000000000e+01
1.230000000000000000e+02
9.900000000000000000e+01
9.100000000000000000e+01
9.000000000000000000e+01
1.240000000000000000e+02
4.700000000000000000e+01
8.100000000000000000e+01
7.300000000000000000e+01
1.040000000000000000e+02
2.600000000000000000e+01
6.800000000000000000e+01
1.170000000000000000e+02
7.600000000000000000e+01
5.600000000000000000e+01
1.900000000000000000e+01
2.100000000000000000e+01
3.400000000000000000e+01
2.600000000000000000e+01
2.400000000000000000e+01
2.600000000000000000e+01
5.000000000000000000e+00
6.000000000000000000e+00
1.900000000000000000e+01
2.300000000000000000e+01
7.000000000000000000e+00
-7.000000000000000000e+00
2.900000000000000000e+01
4.000000000000000000e+00
-3.000000000000000000e+00
2.800000000000000000e+01
1.600000000000000000e+01
2.000000000000000000e+01
2.100000000000000000e+01
1.000000000000000000e+00
-9.000000000000000000e+00
-1.100000000000000000e+01
4.100000000000000000e+01
2.700000000000000000e+01
7.000000000000000000e+00
-2.400000000000000000e+01
2.000000000000000000e+00
1.300000000000000000e+01
5.000000000000000000e+00
-2.900000000000000000e+01
3.500000000000000000e+01
1.500000000000000000e+01
2.000000000000000000e+01
2.600000000000000000e+01
3.500000000000000000e+01
1.100000000000000000e+01
-5.000000000000000000e+00
1.000000000000000000e+01
6.000000000000000000e+00
-3.000000000000000000e+00
-2.900000000000000000e+01
-3.000000000000000000e+00
2.000000000000000000e+00
2.000000000000000000e+01
1.200000000000000000e+01
1.400000000000000000e+01
9.000000000000000000e+00
-5.000000000000000000e+00
3.000000000000000000e+00
5.000000000000000000e+00
-2.700000000000000000e+01
4.000000000000000000e+01
-1.300000000000000000e+01
-2.900000000000000000e+01
1.300000000000000000e+01
-2.400000000000000000e+01
3.300000000000000000e+01
5.200000000000000000e+01
3.600000000000000000e+01
-3.000000000000000000e+00
2.300000000000000000e+01
1.000000000000000000e+00
1.300000000000000000e+01
1.600000000000000000e+01
-6.000000000000000000e+00
5.000000000000000000e+00
1.900000000000000000e+01
-2.000000000000000000e+00
-8.000000000000000000e+00
4.000000000000000000e+01
9.000000000000000000e+00
3.100000000000000000e+01
2.400000000000000000e+01
1.100000000000000000e+01
-8.000000000000000000e+00
2.600000000000000000e+01
3.200000000000000000e+01
6.000000000000000000e+00
-1.600000000000000000e+01
2.700000000000000000e+01
2.300000000000000000e+01
-1.100000000000000000e+01
0.000000000000000000e+00
-1.000000000000000000e+00
9.000000000000000000e+00
6.000000000000000000e+00
-8.000000000000000000e+00
2.200000000000000000e+01
-8.000000000000000000e+00
-9.000000000000000000e+00
-4.000000000000000000e+00
-2.500000000000000000e+01
9.000000000000000000e+00
4.400000000000000000e+01
0.000000000000000000e+00
-6.000000000000000000e+00
1.600000000000000000e+01
4.000000000000000000e+00
1.900000000000000000e+01
-1.500000000000000000e+01
-8.000000000000000000e+00
-2.200000000000000000e+01
3.000000000000000000e+01
-1.200000000000000000e+01
4.000000000000000000e+00
-1.600000000000000000e+01
3.300000000000000000e+01
1.300000000000000000e+01
3.200000000000000000e+01
0.000000000000000000e+00
0.000000000000000000e+00
4.600000000000000000e+01
1.800000000000000000e+01
-1.800000000000000000e+01
1.400000000000000000e+01
3.300000000000000000e+01
1.000000000000000000e+01
1.100000000000000000e+01
1.700000000000000000e+01
-2.300000000000000000e+01
7.000000000000000000e+00
8.000000000000000000e+00
-1.300000000000000000e+01
2.600000000000000000e+01
-2.700000000000000000e+01
-6.000000000000000000e+00
-1.900000000000000000e+01
2.200000000000000000e+01
-1.000000000000000000e+01
-1.200000000000000000e+01
0.000000000000000000e+00
1.900000000000000000e+01
2.900000000000000000e+01
5.000000000000000000e+00
-2.000000000000000000e+00
1.600000000000000000e+01
1.500000000000000000e+01
2.200000000000000000e+01
-9.000000000000000000e+00
6.000000000000000000e+00
-5.000000000000000000e+00
4.600000000000000000e+01
1.900000000000000000e+01
-2.900000000000000000e+01
2.700000000000000000e+01
-1.500000000000000000e+01
1.000000000000000000e+01
-2.600000000000000000e+01
1.900000000000000000e+01
2.900000000000000000e+01
1.800000000000000000e+01
6.000000000000000000e+00
-1.100000000000000000e+01
2.200000000000000000e+01
3.300000000000000000e+01
2.000000000000000000e+01
1.300000000000000000e+01
1.600000000000000000e+01
-6.000000000000000000e+00
-1.000000000000000000e+00
0.000000000000000000e+00
-1.500000000000000000e+01
-1.900000000000000000e+01
-1.500000000000000000e+01
-8.000000000000000000e+00
-4.000000000000000000e+00
4.000000000000000000e+00
2.300000000000000000e+01
-5.000000000000000000e+00
1.200000000000000000e+01
1.300000000000000000e+01
3.000000000000000000e+00
8.000000000000000000e+00
-1.400000000000000000e+01
1.100000000000000000e+01
-2.500000000000000000e+01
1.300000000000000000e+01
4.600000000000000000e+01
2.100000000000000000e+01
4.000000000000000000e+00
1.500000000000000000e+01
-5.000000000000000000e+00
-4.300000000000000000e+01
2.500000000000000000e+01
-1.400000000000000000e+01
1.300000000000000000e+01
1.800000000000000000e+01
2.200000000000000000e+01
1.700000000000000000e+01
-5.000000000000000000e+00
1.600000000000000000e+01
2.400000000000000000e+01
4.300000000000000000e+01
1.900000000000000000e+01
1.100000000000000000e+01
1.500000000000000000e+01
2.600000000000000000e+01
2.200000000000000000e+01
2.300000000000000000e+01
6.100000000000000000e+01
1.000000000000000000e+01
2.700000000000000000e+01
6.000000000000000000e+01
1.100000000000000000e+01
1.500000000000000000e+01
2.100000000000000000e+01
4.000000000000000000e+00
1.800000000000000000e+01
-7.000000000000000000e+00
2.800000000000000000e+01
1.000000000000000000e+00
3.100000000000000000e+01
5.300000000000000000e+01
2.800000000000000000e+01
2.600000000000000000e+01
5.000000000000000000e+00
-1.100000000000000000e+01
1.700000000000000000e+01
1.700000000000000000e+01
-1.000000000000000000e+01
-2.000000000000000000e+00
-1.000000000000000000e+00
3.300000000000000000e+01
1.000000000000000000e+00
-4.000000000000000000e+00
2.000000000000000000e+01
9.000000000000000000e+00
2.000000000000000000e+00
1.300000000000000000e+01
3.600000000000000000e+01
8.000000000000000000e+00
4.000000000000000000e+00
1.600000000000000000e+01
1.700000000000000000e+01
2.700000000000000000e+01
2.500000000000000000e+01
1.300000000000000000e+01
2.700000000000000000e+01
-1.200000000000000000e+01
6.000000000000000000e+00
-2.000000000000000000e+00
1.800000000000000000e+01
-3.000000000000000000e+00
5.000000000000000000e+00
-2.100000000000000000e+01
-5.000000000000000000e+00
9.000000000000000000e+00
4.700000000000000000e+01
5.300000000000000000e+01
2.000000000000000000e+01
1.000000000000000000e+01
2.900000000000000000e+01
4.000000000000000000e+00
-9.000000000000000000e+00
4.300000000000000000e+01
2.100000000000000000e+01
8.000000000000000000e+01
6.000000000000000000e+00
4.700000000000000000e+01
7.000000000000000000e+00
8.000000000000000000e+00
0.000000000000000000e+00
3.300000000000000000e+01
3.900000000000000000e+01
2.900000000000000000e+01
-2.000000000000000000e+01
4.000000000000000000e+00
1.000000000000000000e+01
3.500000000000000000e+01
-7.000000000000000000e+00
2.600000000000000000e+01
4.100000000000000000e+01
2.200000000000000000e+01
5.000000000000000000e+01
2.100000000000000000e+01
3.300000000000000000e+01
2.600000000000000000e+01
1.800000000000000000e+01
2.300000000000000000e+01
8.000000000000000000e+00
4.400000000000000000e+01
2.000000000000000000e+01
1.600000000000000000e+01
-7.000000000000000000e+00
4.400000000000000000e+01
-4.000000000000000000e+00
1.000000000000000000e+01
4.600000000000000000e+01
3.200000000000000000e+01
5.000000000000000000e+01
2.600000000000000000e+01
8.000000000000000000e+00
2.800000000000000000e+01
3.900000000000000000e+01
5.500000000000000000e+01
1.800000000000000000e+01
1.500000000000000000e+01
4.200000000000000000e+01
7.000000000000000000e+00
3.000000000000000000e+01
8.000000000000000000e+00
5.000000000000000000e+01
-3.000000000000000000e+00
5.100000000000000000e+01
3.500000000000000000e+01
8.300000000000000000e+01
4.400000000000000000e+01
5.400000000000000000e+01
6.700000000000000000e+01
5.200000000000000000e+01
2.900000000000000000e+01
3.600000000000000000e+01
4.600000000000000000e+01
7.800000000000000000e+01
8.700000000000000000e+01
6.900000000000000000e+01
4.900000000000000000e+01
9.000000000000000000e+01
1.110000000000000000e+02
1.060000000000000000e+02
9.100000000000000000e+01
1.420000000000000000e+02
1.280000000000000000e+02
1.350000000000000000e+02
1.330000000000000000e+02
1.400000000000000000e+02
1.410000000000000000e+02
1.480000000000000000e+02
2.050000000000000000e+02
2.130000000000000000e+02
2.320000000000000000e+02
2.730000000000000000e+02
2.930000000000000000e+02
2.680000000000000000e+02
2.900000000000000000e+02
3.340000000000000000e+02
3.650000000000000000e+02
4.440000000000000000e+02
4.400000000000000000e+02
4.590000000000000000e+02
4.870000000000000000e+02
5.350000000000000000e+02
5.650000000000000000e+02
5.690000000000000000e+02
6.790000000000000000e+02
7.200000000000000000e+02
7.900000000000000000e+02
8.150000000000000000e+02
9.160000000000000000e+02
9.790000000000000000e+02
1.022000000000000000e+03
1.106000000000000000e+03
1.174000000000000000e+03
1.248000000000000000e+03
1.329000000000000000e+03
1.448000000000000000e+03
1.529000000000000000e+03
1.643000000000000000e+03
1.758000000000000000e+03
1.868000000000000000e+03
2.055000000000000000e+03
2.143000000000000000e+03
2.293000000000000000e+03
2.434000000000000000e+03
2.581000000000000000e+03
2.768000000000000000e+03
2.845000000000000000e+03
3.044000000000000000e+03
3.219000000000000000e+03
3.361000000000000000e+03
3.492000000000000000e+03
3.644000000000000000e+03
3.856000000000000000e+03
3.995000000000000000e+03
4.090000000000000000e+03
4.270000000000000000e+03
4.520000000000000000e+03
4.557000000000000000e+03
4.696000000000000000e+03
4.847000000000000000e+03
4.822000000000000000e+03
5.074000000000000000e+03
5.102000000000000000e+03
5.110000000000000000e+03
5.181000000000000000e+03
5.205000000000000000e+03
5.256000000000000000e+03
5.154000000000000000e+03
5.128000000000000000e+03
5.197000000000000000e+03
5.065000000000000000e+03
5.039000000000000000e+03
4.944000000000000000e+03
4.833000000000000000e+03
4.747000000000000000e+03
4.642000000000000000e+03
4.472000000000000000e+03
4.290000000000000000e+03
4.212000000000000000e+03
4.033000000000000000e+03
3.860000000000000000e+03
3.609000000000000000e+03
3.483000000000000000e+03
3.332000000000000000e+03
3.077000000000000000e+03
2.923000000000000000e+03
2.734000000000000000e+03
2.571000000000000000e+03
2.397000000000000000e+03
2.158000000000000000e+03
2.125000000000000000e+03
1.921000000000000000e+03
1.710000000000000000e+03
1.598000000000000000e+03
1.494000000000000000e+03
1.288000000000000000e+03
1.245000000000000000e+03
1.110000000000000000e+03
9.860000000000000000e+02
8.670000000000000000e+02
8.020000000000000000e+02
7.400000000000000000e+02
6.180000000000000000e+02
5.900000000000000000e+02
5.050000000000000000e+02
4.440000000000000000e+02
3.840000000000000000e+02
3.530000000000000000e+02
3.050000000000000000e+02
3.110000000000000000e+02
2.430000000000000000e+02
2.100000000000000000e+02
2.090000000000000000e+02
1.690000000000000000e+02
1.460000000000000000e+02
1.580000000000000000e+02
1.400000000000000000e+02
1.010000000000000000e+02
7.900000000000000000e+01
7.700000000000000000e+01
9.500000000000000000e+01
2.800000000000000000e+01
5.100000000000000000e+01
8.400000000000000000e+01
4.900000000000000000e+01
7.300000000000000000e+01
6.200000000000000000e+01
4.400000000000000000e+01
1.300000000000000000e+01
4.800000000000000000e+01
5.800000000000000000e+01
2.700000000000000000e+01
2.300000000000000000e+01
4.000000000000000000e+00
4.200000000000000000e+01
2.900000000000000000e+01
4.800000000000000000e+01
5.600000000000000000e+01
3.000000000000000000e+00
2.300000000000000000e+01
6.700000000000000000e+01
-1.500000000000000000e+01
2.200000000000000000e+01
2.000000000000000000e+01
2.000000000000000000e+00
1.200000000000000000e+01
4.500000000000000000e+01
3.300000000000000000e+01
0.000000000000000000e+00
6.000000000000000000e+00
1.600000000000000000e+01
2.300000000000000000e+01
2.300000000000000000e+01
0.000000000000000000e+00
1.400000000000000000e+01
3.800000000000000000e+01
-2.000000000000000000e+00
7.000000000000000000e+00
2.400000000000000000e+01
1.300000000000000000e+01
1.900000000000000000e+01
2.600000000000000000e+01
2.500000000000000000e+01
3.800000000000000000e+01
3.400000000000000000e+01
1.600000000000000000e+01
1.300000000000000000e+01
1.300000000000000000e+01
-9.000000000000000000e+00
1.800000000000000000e+01
4.000000000000000000e+00
-1.000000000000000000e+00
3.600000000000000000e+01
1.000000000000000000e+01
-5.000000000000000000e+00
8.000000000000000000e+00
1.900000000000000000e+01
3.200000000000000000e+01
2.000000000000000000e+01
4.500000000000000000e+01
4.600000000000000000e+01
4.900000000000000000e+01
-1.400000000000000000e+01
1.900000000000000000e+01
1.900000000000000000e+01
3.000000000000000000e+01
1.700000000000000000e+01
4.000000000000000000e+01
1.600000000000000000e+01
-3.000000000000000000e+00
2.800000000000000000e+01
-1.600000000000000000e+01
0.000000000000000000e+00
4.600000000000000000e+01
2.400000000000000000e+01
2.400000000000000000e+01
2.700000000000000000e+01
2.400000000000000000e+01
3.300000000000000000e+01
-1.100000000000000000e+01
1.200000000000000000e+01
1.300000000000000000e+01
1.100000000000000000e+01
3.900000000000000000e+01
6.000000000000000000e+00
-3.000000000000000000e+00
1.200000000000000000e+01
1.700000000000000000e+01
1.700000000000000000e+01
4.000000000000000000e+00
0.000000000000000000e+00
2.400000000000000000e+01
2.400000000000000000e+01
1.000000000000000000e+01
1.900000000000000000e+01
1.800000000000000000e+01
2.500000000000000000e+01
1.200000000000000000e+01
3.300000000000000000e+01
4.700000000000000000e+01
2.300000000000000000e+01
2.400000000000000000e+01
-1.000000000000000000e+00
3.400000000000000000e+01
6.000000000000000000e+00
-7.000000000000000000e+00
1.500000000000000000e+01
1.600000000000000000e+01
1.000000000000000000e+00
-1.000000000000000000e+00
4.000000000000000000e+00
8.000000000000000000e+00
-9.000000000000000000e+00
1.500000000000000000e+01
1.800000000000000000e+01
2.400000000000000000e+01
1.500000000000000000e+01
5.000000000000000000e+00
3.000000000000000000e+00
1.200000000000000000e+01
3.000000000000000000e+00
-3.000000000000000000e+00
3.200000000000000000e+01
2.900000000000000000e+01
3.100000000000000000e+01
2.100000000000000000e+01
3.600000000000000000e+01
2.300000000000000000e+01
-7.000000000000000000e+00
4.000000000000000000e+00
2.800000000000000000e+01
4.200000000000000000e+01
2.500000000000000000e+01
2.000000000000000000e+00
-2.600000000000000000e+01
1.100000000000000000e+01
2.500000000000000000e+01
2.400000000000000000e+01
2.100000000000000000e+01
1.200000000000000000e+01
3.300000000000000000e+01
-1.100000000000000000e+01
1.000000000000000000e+00
2.500000000000000000e+01
6.000000000000000000e+00
1.000000000000000000e+00
1.600000000000000000e+01
2.600000000000000000e+01
1.500000000000000000e+01
1.300000000000000000e+01
2.000000000000000000e+01
-4.000000000000000000e+00
5.000000000000000000e+00
1.400000000000000000e+01
2.500000000000000000e+01
1.200000000000000000e+01
4.200000000000000000e+01
3.100000000000000000e+01
-1.000000000000000000e+00
3.700000000000000000e+01
5.500000000000000000e+01
0.000000000000000000e+00
3.500000000000000000e+01
9.000000000000000000e+00
4.200000000000000000e+01
0.000000000000000000e+00
2.600000000000000000e+01
0.000000000000000000e+00
4.000000000000000000e+01
1.000000000000000000e+01
0.000000000000000000e+00
1.200000000000000000e+01
7.000000000000000000e+00
4.100000000000000000e+01
1.400000000000000000e+01
1.700000000000000000e+01
5.400000000000000000e+01
2.000000000000000000e+00
1.100000000000000000e+01
3.800000000000000000e+01
-5.000000000000000000e+00
1.300000000000000000e+01
-1.200000000000000000e+01
0.000000000000000000e+00
-1.400000000000000000e+01
3.200000000000000000e+01
1.000000000000000000e+01
-6.000000000000000000e+00
4.100000000000000000e+01
2.100000000000000000e+01
2.100000000000000000e+01
2.500000000000000000e+01
1.400000000000000000e+01
-1.000000000000000000e+00
3.000000000000000000e+00
1.100000000000000000e+01
2.600000000000000000e+01
8.000000000000000000e+00
1.700000000000000000e+01
-7.000000000000000000e+00
5.000000000000000000e+01
4.000000000000000000e+01
-3.000000000000000000e+00
1.000000000000000000e+01
-1.000000000000000000e+01
3.100000000000000000e+01
1.400000000000000000e+01
2.000000000000000000e+00
3.300000000000000000e+01
2.100000000000000000e+01
2.800000000000000000e+01
2.200000000000000000e+01
-1.500000000000000000e+01
0.000000000000000000e+00
2.600000000000000000e+01
-7.000000000000000000e+00
1.400000000000000000e+01
5.100000000000000000e+01
-7.000000000000000000e+00
1.400000000000000000e+01
1.600000000000000000e+01
1.000000000000000000e+01
3.200000000000000000e+01
3.000000000000000000e+01
-6.000000000000000000e+00
1.300000000000000000e+01
2.700000000000000000e+01
1.800000000000000000e+01
7.000000000000000000e+00
1.400000000000000000e+01
1.000000000000000000e+01
4.000000000000000000e+00
3.300000000000000000e+01
-1.400000000000000000e+01
-1.300000000000000000e+01
1.000000000000000000e+00
2.600000000000000000e+01
1.400000000000000000e+01
2.300000000000000000e+01
-1.800000000000000000e+01
3.000000000000000000e+00
8.000000000000000000e+00
2.100000000000000000e+01
2.800000000000000000e+01
3.500000000000000000e+01
-4.000000000000000000e+00
3.000000000000000000e+00
1.800000000000000000e+01
2.000000000000000000e+00
9.000000000000000000e+00
-7.000000000000000000e+00
1.300000000000000000e+01
6.000000000000000000e+00
8.000000000000000000e+00
7.000000000000000000e+00
-2.000000000000000000e+01
-1.000000000000000000e+01
2.000000000000000000e+00
8.000000000000000000e+00
3.500000000000000000e+01
1.000000000000000000e+00
-7.000000000000000000e+00
-1.000000000000000000e+00
2.700000000000000000e+01
3.700000000000000000e+01
-2.300000000000000000e+01
3.200000000000000000e+01
2.600000000000000000e+01
4.300000000000000000e+01
2.900000000000000000e+01
-6.000000000000000000e+00
2.100000000000000000e+01
6.000000000000000000e+00
2.800000000000000000e+01
5.000000000000000000e+00
1.600000000000000000e+01
2.000000000000000000e+01
8.000000000000000000e+00
-2.000000000000000000e+01
1.500000000000000000e+01
2.100000000000000000e+01
-4.000000000000000000e+00
3.500000000000000000e+01
3.100000000000000000e+01
2.300000000000000000e+01
2.600000000000000000e+01
2.200000000000000000e+01
5.000000000000000000e+00
9.000000000000000000e+00
3.600000000000000000e+01
2.100000000000000000e+01
1.300000000000000000e+01
2.200000000000000000e+01
1.400000000000000000e+01
3.600000000000000000e+01
1.500000000000000000e+01
5.000000000000000000e+00
-1.000000000000000000e+01
-1.600000000000000000e+01
2.000000000000000000e+00
3.000000000000000000e+00
5.000000000000000000e+00
-5.000000000000000000e+00
4.000000000000000000e+00
1.300000000000000000e+01
-2.300000000000000000e+01
1.200000000000000000e+01
-1.600000000000000000e+01
1.400000000000000000e+01
-3.000000000000000000e+00
2.200000000000000000e+01
-2.700000000000000000e+01
1.300000000000000000e+01
-1.300000000000000000e+01
-1.400000000000000000e+01
7.000000000000000000e+00
-3.000000000000000000e+00
2.000000000000000000e+01
-6.000000000000000000e+00
1.600000000000000000e+01
-1.800000000000000000e+01
-2.000000000000000000e+00
9.000000000000000000e+00
-8.000000000000000000e+00
2.500000000000000000e+01
-7.000000000000000000e+00
-1.100000000000000000e+01
3.100000000000000000e+01
-2.500000000000000000e+01
1.900000000000000000e+01
-9.000000000000000000e+00
-2.000000000000000000e+01
-8.000000000000000000e+00
-5.000000000000000000e+00
9.000000000000000000e+00
4.000000000000000000e+00
9.000000000000000000e+00
1.500000000000000000e+01
-1.200000000000000000e+01
-3.700000000000000000e+01
1.000000000000000000e+01
-2.700000000000000000e+01
1.900000000000000000e+01
-1.200000000000000000e+01
-1.500000000000000000e+01
2.800000000000000000e+01
-1.000000000000000000e+01
-1.000000000000000000e+01
-8.000000000000000000e+00
1.900000000000000000e+01
-2.200000000000000000e+01
1.900000000000000000e+01
1.400000000000000000e+01
1.090000000000000000e+02
-1.300000000000000000e+01
2.200000000000000000e+01
1.200000000000000000e+01
0.000000000000000000e+00
1.600000000000000000e+01
-1.600000000000000000e+01
2.600000000000000000e+01
-5.000000000000000000e+00
-3.000000000000000000e+00
-1.500000000000000000e+01
-1.000000000000000000e+00
1.200000000000000000e+01
-1.300000000000000000e+01
9.000000000000000000e+00
-1.300000000000000000e+01
-1.000000000000000000e+01
3.000000000000000000e+00
1.700000000000000000e+01
1.000000000000000000e+00
-2.400000000000000000e+01
1.500000000000000000e+01
2.900000000000000000e+01
4.400000000000000000e+01
0.000000000000000000e+00
8.000000000000000000e+00
1.300000000000000000e+01
8.000000000000000000e+00
2.600000000000000000e+01
-3.000000000000000000e+00
-2.600000000000000000e+01
-1.800000000000000000e+01
-1.900000000000000000e+01
-2.200000000000000000e+01
3.000000000000000000e+00
-2.500000000000000000e+01
-1.500000000000000000e+01
2.000000000000000000e+00
-1.200000000000000000e+01
1.100000000000000000e+01
7.000000000000000000e+00
-1.000000000000000000e+00
1.200000000000000000e+01
7.000000000000000000e+00
8.000000000000000000e+00
-1.400000000000000000e+01
2.800000000000000000e+01
7.000000000000000000e+00
-4.000000000000000000e+00
2.900000000000000000e+01
-2.000000000000000000e+00
4.000000000000000000e+00
1.200000000000000000e+01
-9.000000000000000000e+00
2.600000000000000000e+01
-2.400000000000000000e+01
1.900000000000000000e+01
1.000000000000000000e+01
6.000000000000000000e+01
-1.400000000000000000e+01
3.000000000000000000e+00
0.000000000000000000e+00
-1.200000000000000000e+01
5.000000000000000000e+00
-1.600000000000000000e+01
0.000000000000000000e+00
-1.100000000000000000e+01
-1.200000000000000000e+01
-6.000000000000000000e+00
1.700000000000000000e+01
5.000000000000000000e+00
-2.100000000000000000e+01
-2.100000000000000000e+01
-1.800000000000000000e+01
-4.000000000000000000e+01
5.000000000000000000e+00
1.200000000000000000e+01
-8.000000000000000000e+00
-1.200000000000000000e+01
1.000000000000000000e+01
-5.000000000000000000e+00
-2.600000000000000000e+01
2.600000000000000000e+01
-2.600000000000000000e+01
-1.000000000000000000e+00
-5.000000000000000000e+00
2.600000000000000000e+01
-4.000000000000000000e+00
1.900000000000000000e+01
-2.000000000000000000e+00
2.000000000000000000e+01
2.200000000000000000e+01
2.000000000000000000e+00
-2.400000000000000000e+01
5.000000000000000000e+00
-3.100000000000000000e+01
4.000000000000000000e+00
7.000000000000000000e+00
-1.100000000000000000e+01
1.000000000000000000e+01
-1.600000000000000000e+01
1.000000000000000000e+01
-2.000000000000000000e+01
2.000000000000000000e+01
3.100000000000000000e+01
-7.000000000000000000e+00
9.000000000000000000e+00
-2.100000000000000000e+01
1.600000000000000000e+01
2.200000000000000000e+01
-2.300000000000000000e+01
-1.700000000000000000e+01
-2.400000000000000000e+01
1.700000000000000000e+01
2.400000000000000000e+01
-2.400000000000000000e+01
1.000000000000000000e+01
-1.300000000000000000e+01
2.000000000000000000e+00
2.200000000000000000e+01
-2.300000000000000000e+01
-4.000000000000000000e+00
-1.200000000000000000e+01
-2.000000000000000000e+01
1.400000000000000000e+01
-2.000000000000000000e+01
3.400000000000000000e+01
1.200000000000000000e+01
1.800000000000000000e+01
-3.400000000000000000e+01
1.100000000000000000e+01
-1.500000000000000000e+01
8.000000000000000000e+00
9.000000000000000000e+00
-1.300000000000000000e+01
4.000000000000000000e+00
-1.300000000000000000e+01
3.000000000000000000e+00
-2.000000000000000000e+01
4.400000000000000000e+01
-9.000000000000000000e+00
-2.000000000000000000e+01
2.000000000000000000e+00
-5.000000000000000000e+00
2.500000000000000000e+01
6.000000000000000000e+00
-9.000000000000000000e+00
1.300000000000000000e+01
-1.300000000000000000e+01
1.900000000000000000e+01
3.400000000000000000e+01
-2.000000000000000000e+00
1.500000000000000000e+01
-5.000000000000000000e+00
-1.400000000000000000e+01
-1.100000000000000000e+01
7.000000000000000000e+00
-2.000000000000000000e+00
1.700000000000000000e+01
-7.000000000000000000e+00
-6.000000000000000000e+00
-3.000000000000000000e+00
1.000000000000000000e+01
7.000000000000000000e+00
-8.000000000000000000e+00
1.000000000000000000e+01
-2.000000000000000000e+00
-3.200000000000000000e+01
1.300000000000000000e+01
-8.000000000000000000e+00
-8.000000000000000000e+00
1.400000000000000000e+01
-1.000000000000000000e+01
6.000000000000000000e+00
-1.200000000000000000e+01
1.400000000000000000e+01
-1.000000000000000000e+01
2.400000000000000000e+01
-7.000000000000000000e+00
-5.000000000000000000e+00
2.200000000000000000e+01
-3.200000000000000000e+01
-1.100000000000000000e+01
8.000000000000000000e+00
1.400000000000000000e+01
-1.600000000000000000e+01
-1.800000000000000000e+01
-1.200000000000000000e+01
2.900000000000000000e+01
9.000000000000000000e+00
1.500000000000000000e+01
8.000000000000000000e+00
5.000000000000000000e+00
4.900000000000000000e+01
1.500000000000000000e+01
-5.000000000000000000e+00
1.300000000000000000e+01
-1.200000000000000000e+01
1.900000000000000000e+01
3.400000000000000000e+01
6.000000000000000000e+00
-2.600000000000000000e+01
-6.000000000000000000e+00
1.100000000000000000e+01
1.600000000000000000e+01
8.000000000000000000e+00
3.200000000000000000e+01
-1.700000000000000000e+01
2.400000000000000000e+01
8.000000000000000000e+00
1.200000000000000000e+01
1.900000000000000000e+01
-1.900000000000000000e+01
-1.000000000000000000e+01
-6.000000000000000000e+00
2.000000000000000000e+01
-6.000000000000000000e+00
-5.000000000000000000e+00
3.000000000000000000e+00
9.000000000000000000e+00
-6.000000000000000000e+00
1.500000000000000000e+01
-2.100000000000000000e+01
8.000000000000000000e+00
-3.000000000000000000e+00
2.900000000000000000e+01
-5.000000000000000000e+00
1.900000000000000000e+01
2.000000000000000000e+00
-1.100000000000000000e+01
-1.100000000000000000e+01
-1.600000000000000000e+01
-5.000000000000000000e+00
4.100000000000000000e+01
1.400000000000000000e+01
3.000000000000000000e+00
1.400000000000000000e+01
-1.000000000000000000e+00
1.400000000000000000e+01
-1.900000000000000000e+01
-4.000000000000000000e+00
-1.200000000000000000e+01
-1.100000000000000000e+01
1.400000000000000000e+01
-1.200000000000000000e+01
-2.700000000000000000e+01
-4.000000000000000000e+00
1.500000000000000000e+01
-2.300000000000000000e+01
-5.000000000000000000e+00
3.000000000000000000e+00
-2.000000000000000000e+00
-1.800000000000000000e+01
1.400000000000000000e+01
-1.100000000000000000e+01
-1.000000000000000000e+01
-9.000000000000000000e+00
7.000000000000000000e+00
1.000000000000000000e+00
1.000000000000000000e+00
-3.000000000000000000e+00
-1.200000000000000000e+01
-2.000000000000000000e+00
-5.000000000000000000e+00
3.000000000000000000e+00
2.000000000000000000e+01
1.300000000000000000e+01
-1.600000000000000000e+01
-2.000000000000000000e+00
-1.000000000000000000e+00
7.000000000000000000e+00
-1.500000000000000000e+01
-9.000000000000000000e+00
3.600000000000000000e+01
2.800000000000000000e+01
-1.100000000000000000e+01
-1.500000000000000000e+01
-1.200000000000000000e+01
-1.300000000000000000e+01
-7.000000000000000000e+00
-1.900000000000000000e+01
4.000000000000000000e+00
-1.300000000000000000e+01
-4.000000000000000000e+00
1.300000000000000000e+01
-1.100000000000000000e+01
2.200000000000000000e+01
5.000000000000000000e+00
-1.600000000000000000e+01
0.000000000000000000e+00
2.000000000000000000e+01
-6.000000000000000000e+00
2.600000000000000000e+01
4.000000000000000000e+00
2.400000000000000000e+01
-1.700000000000000000e+01
-6.000000000000000000e+00
1.000000000000000000e+00
2.500000000000000000e+01
-1.100000000000000000e+01
1.000000000000000000e+00
-3.000000000000000000e+00
2.500000000000000000e+01
1.300000000000000000e+01
-1.400000000000000000e+01
6.000000000000000000e+00
8.000000000000000000e+00
2.000000000000000000e+01
2.000000000000000000e+01
-1.000000000000000000e+01
2.600000000000000000e+01
-4.100000000000000000e+01
1.900000000000000000e+01
-1.000000000000000000e+01
-1.100000000000000000e+01
1.300000000000000000e+01
7.000000000000000000e+00
2.000000000000000000e+00
-6.000000000000000000e+00
2.200000000000000000e+01
-1.000000000000000000e+01
-7.000000000000000000e+00
1.000000000000000000e+00
-5.000000000000000000e+00
9.000000000000000000e+00
1.000000000000000000e+00
-6.000000000000000000e+00
5.000000000000000000e+00
-1.000000000000000000e+01
1.700000000000000000e+01
-3.000000000000000000e+00
1.700000000000000000e+01
-1.000000000000000000e+00
1.400000000000000000e+01
4.000000000000000000e+00
2.200000000000000000e+01
2.100000000000000000e+01
-8.000000000000000000e+00
8.000000000000000000e+00
-9.000000000000000000e+00
1.200000000000000000e+01
-8.000000000000000000e+00
6.000000000000000000e+00
3.000000000000000000e+01
8.000000000000000000e+00
1.000000000000000000e+00
8.000000000000000000e+00
-1.800000000000000000e+01
-8.000000000000000000e+00
1.400000000000000000e+01
1.600000000000000000e+01
2.000000000000000000e+01
-1.400000000000000000e+01
-1.300000000000000000e+01
1.200000000000000000e+01
2.200000000000000000e+01
-2.200000000000000000e+01
8.000000000000000000e+00
1.400000000000000000e+01
3.300000000000000000e+01
-3.400000000000000000e+01
-7.000000000000000000e+00
-2.100000000000000000e+01
1.300000000000000000e+01
1.400000000000000000e+01
-5.000000000000000000e+00
4.700000000000000000e+01
-7.000000000000000000e+00
5.000000000000000000e+00
-4.000000000000000000e+00
2.100000000000000000e+01
1.500000000000000000e+01
1.100000000000000000e+01
1.200000000000000000e+01
-1.100000000000000000e+01
-1.100000000000000000e+01
3.000000000000000000e+01
-2.000000000000000000e+00
1.800000000000000000e+01
1.100000000000000000e+01
2.200000000000000000e+01
2.200000000000000000e+01
-1.600000000000000000e+01
-5.000000000000000000e+00
3.100000000000000000e+01
2.800000000000000000e+01
5.000000000000000000e+00
3.000000000000000000e+00
1.300000000000000000e+01
2.000000000000000000e+00
1.000000000000000000e+00
9.000000000000000000e+00
2.800000000000000000e+01
-4.000000000000000000e+00
1.900000000000000000e+01
4.000000000000000000e+01
2.000000000000000000e+01
2.900000000000000000e+01
2.400000000000000000e+01
1.300000000000000000e+01
1.700000000000000000e+01
1.900000000000000000e+01
1.300000000000000000e+01
3.600000000000000000e+01
4.500000000000000000e+01
4.400000000000000000e+01
2.100000000000000000e+01
4.800000000000000000e+01
4.800000000000000000e+01
6.100000000000000000e+01
1.800000000000000000e+01
4.200000000000000000e+01
6.000000000000000000e+01
5.200000000000000000e+01
4.100000000000000000e+01
5.000000000000000000e+00
4.400000000000000000e+01
1.900000000000000000e+01
5.400000000000000000e+01
6.800000000000000000e+01
8.800000000000000000e+01
5.000000000000000000e+01
8.800000000000000000e+01
5.000000000000000000e+01
8.400000000000000000e+01
9.100000000000000000e+01
5.500000000000000000e+01
1.260000000000000000e+02
1.010000000000000000e+02
1.120000000000000000e+02
8.700000000000000000e+01
1.540000000000000000e+02
1.520000000000000000e+02
1.460000000000000000e+02
1.550000000000000000e+02
1.440000000000000000e+02
1.880000000000000000e+02
1.680000000000000000e+02
1.750000000000000000e+02
1.940000000000000000e+02
2.210000000000000000e+02
2.400000000000000000e+02
2.450000000000000000e+02
2.370000000000000000e+02
2.690000000000000000e+02
2.680000000000000000e+02
3.370000000000000000e+02
2.910000000000000000e+02
3.210000000000000000e+02
3.530000000000000000e+02
3.370000000000000000e+02
3.890000000000000000e+02
4.290000000000000000e+02
5.020000000000000000e+02
4.810000000000000000e+02
4.860000000000000000e+02
4.930000000000000000e+02
5.450000000000000000e+02
5.840000000000000000e+02
5.960000000000000000e+02
6.290000000000000000e+02
6.270000000000000000e+02
6.350000000000000000e+02
6.160000000000000000e+02
6.780000000000000000e+02
7.630000000000000000e+02
7.150000000000000000e+02
8.290000000000000000e+02
8.380000000000000000e+02
8.760000000000000000e+02
9.420000000000000000e+02
9.480000000000000000e+02
9.920000000000000000e+02
1.066000000000000000e+03
1.094000000000000000e+03
1.134000000000000000e+03
1.185000000000000000e+03
1.222000000000000000e+03
1.270000000000000000e+03
1.273000000000000000e+03
1.347000000000000000e+03
1.376000000000000000e+03
1.427000000000000000e+03
1.492000000000000000e+03
1.484000000000000000e+03
1.596000000000000000e+03
1.598000000000000000e+03
1.570000000000000000e+03
1.634000000000000000e+03
1.654000000000000000e+03
1.748000000000000000e+03
1.761000000000000000e+03
1.855000000000000000e+03
1.885000000000000000e+03
1.880000000000000000e+03
1.954000000000000000e+03
1.938000000000000000e+03
2.025000000000000000e+03
2.017000000000000000e+03
2.069000000000000000e+03
2.052000000000000000e+03
2.120000000000000000e+03
2.155000000000000000e+03
2.160000000000000000e+03
2.123000000000000000e+03
2.209000000000000000e+03
2.206000000000000000e+03
2.295000000000000000e+03
2.359000000000000000e+03
2.340000000000000000e+03
2.412000000000000000e+03
2.407000000000000000e+03
2.507000000000000000e+03
2.472000000000000000e+03
2.499000000000000000e+03
2.567000000000000000e+03
2.514000000000000000e+03
2.558000000000000000e+03
2.559000000000000000e+03
2.529000000000000000e+03
2.546000000000000000e+03
2.519000000000000000e+03
2.576000000000000000e+03
2.509000000000000000e+03
2.484000000000000000e+03
2.498000000000000000e+03
2.425000000000000000e+03
2.455000000000000000e+03
2.417000000000000000e+03
2.317000000000000000e+03
2.361000000000000000e+03
2.331000000000000000e+03
2.266000000000000000e+03
2.230000000000000000e+03
2.305000000000000000e+03
2.263000000000000000e+03
2.292000000000000000e+03
2.279000000000000000e+03
2.275000000000000000e+03
2.266000000000000000e+03
2.213000000000000000e+03
2.256000000000000000e+03
2.224000000000000000e+03
2.229000000000000000e+03
2.222000000000000000e+03
2.034000000000000000e+03
2.135000000000000000e+03
2.054000000000000000e+03
2.089000000000000000e+03
2.017000000000000000e+03
1.977000000000000000e+03
1.925000000000000000e+03
1.871000000000000000e+03
1.805000000000000000e+03
1.764000000000000000e+03
1.785000000000000000e+03
1.696000000000000000e+03
1.641000000000000000e+03
1.593000000000000000e+03
1.629000000000000000e+03
1.527000000000000000e+03
1.464000000000000000e+03
1.417000000000000000e+03
1.359000000000000000e+03
1.322000000000000000e+03
1.277000000000000000e+03
1.286000000000000000e+03
1.201000000000000000e+03
1.228000000000000000e+03
1.180000000000000000e+03
1.149000000000000000e+03
1.126000000000000000e+03
1.118000000000000000e+03
1.055000000000000000e+03
1.030000000000000000e+03
1.017000000000000000e+03
9.800000000000000000e+02
8.810000000000000000e+02
9.200000000000000000e+02
8.390000000000000000e+02
8.390000000000000000e+02
7.940000000000000000e+02
7.420000000000000000e+02
7.080000000000000000e+02
6.570000000000000000e+02
6.580000000000000000e+02
5.940000000000000000e+02
5.850000000000000000e+02
5.670000000000000000e+02
5.410000000000000000e+02
5.350000000000000000e+02
4.790000000000000000e+02
4.650000000000000000e+02
4.730000000000000000e+02
4.390000000000000000e+02
3.880000000000000000e+02
3.830000000000000000e+02
4.050000000000000000e+02
3.660000000000000000e+02
3.320000000000000000e+02
3.360000000000000000e+02
3.080000000000000000e+02
3.100000000000000000e+02
3.280000000000000000e+02
2.820000000000000000e+02
2.710000000000000000e+02
2.250000000000000000e+02
2.610000000000000000e+02
2.250000000000000000e+02
1.770000000000000000e+02
2.050000000000000000e+02
1.740000000000000000e+02
1.680000000000000000e+02
1.610000000000000000e+02
1.740000000000000000e+02
1.490000000000000000e+02
1.640000000000000000e+02
1.000000000000000000e+02
1.210000000000000000e+02
1.660000000000000000e+02
1.020000000000000000e+02
1.270000000000000000e+02
8.600000000000000000e+01
9.500000000000000000e+01
1.040000000000000000e+02
1.190000000000000000e+02
8.700000000000000000e+01
7.900000000000000000e+01
9.800000000000000000e+01
5.200000000000000000e+01
1.050000000000000000e+02
6.800000000000000000e+01
5.200000000000000000e+01
7.300000000000000000e+01
3.800000000000000000e+01
2.800000000000000000e+01
3.900000000000000000e+01
5.000000000000000000e+01
4.800000000000000000e+01
2.800000000000000000e+01
2.600000000000000000e+01
4.300000000000000000e+01
4.700000000000000000e+01
2.400000000000000000e+01
1.800000000000000000e+01
3.000000000000000000e+01
4.300000000000000000e+01
3.500000000000000000e+01
4.100000000000000000e+01
3.800000000000000000e+01
4.000000000000000000e+00
3.000000000000000000e+00
1.400000000000000000e+01
2.700000000000000000e+01
0.000000000000000000e+00
1.900000000000000000e+01
2.400000000000000000e+01
5.000000000000000000e+00
1.600000000000000000e+01
9.000000000000000000e+00
2.200000000000000000e+01
3.700000000000000000e+01
-4.000000000000000000e+00
1.800000000000000000e+01
6.000000000000000000e+00
2.500000000000000000e+01
3.400000000000000000e+01
1.200000000000000000e+01
9.000000000000000000e+00
1.000000000000000000e+01
-1.500000000000000000e+01
-3.000000000000000000e+00
3.900000000000000000e+01
1.600000000000000000e+01
1.500000000000000000e+01
-1.300000000000000000e+01
2.000000000000000000e+01
1.200000000000000000e+01
2.100000000000000000e+01
1.000000000000000000e+00
-4.000000000000000000e+00
4.000000000000000000e+00
2.400000000000000000e+01
1.000000000000000000e+00
6.000000000000000000e+00
1.000000000000000000e+00
-1.000000000000000000e+00
-2.000000000000000000e+00
2.600000000000000000e+01
-4.000000000000000000e+00
-6.000000000000000000e+00
2.600000000000000000e+01
-1.700000000000000000e+01
-7.000000000000000000e+00
-1.500000000000000000e+01
2.800000000000000000e+01
-6.000000000000000000e+00
1.000000000000000000e+00
-1.700000000000000000e+01
-1.900000000000000000e+01
2.600000000000000000e+01
-5.000000000000000000e+00
-2.000000000000000000e+00
-6.000000000000000000e+00
-3.000000000000000000e+01
6.000000000000000000e+00
-1.200000000000000000e+01
-1.000000000000000000e+00
-9.000000000000000000e+00
6.000000000000000000e+00
-3.000000000000000000e+00
-4.000000000000000000e+00
-6.000000000000000000e+00
6.000000000000000000e+00
2.000000000000000000e+00
1.200000000000000000e+01
4.000000000000000000e+00
-3.000000000000000000e+00
-8.000000000000000000e+00
8.000000000000000000e+00
-2.000000000000000000e+00
0.000000000000000000e+00
0.000000000000000000e+00
