-1.000000000000000000e+00
0.000000000000000000e+00
-7.000000000000000000e+00
1.000000000000000000e+00
-2.200000000000000000e+01
-2.500000000000000000e+01
-8.000000000000000000e+00
-3.200000000000000000e+01
-2.000000000000000000e+00
-5.000000000000000000e+00
-1.900000000000000000e+01
-2.000000000000000000e+00
-3.000000000000000000e+00
-2.000000000000000000e+00
-1.000000000000000000e+00
-1.100000000000000000e+01
-6.000000000000000000e+00
-4.000000000000000000e+00
-8.000000000000000000e+00
-1.600000000000000000e+01
-3.600000000000000000e+01
-7.000000000000000000e+00
-1.000000000000000000e+01
2.100000000000000000e+01
1.000000000000000000e+00
-6.000000000000000000e+00
-1.300000000000000000e+01
-1.800000000000000000e+01
-1.600000000000000000e+01
-4.600000000000000000e+01
-3.800000000000000000e+01
-2.300000000000000000e+01
-4.000000000000000000e+00
-1.400000000000000000e+01
-4.000000000000000000e+00
-3.600000000000000000e+01
-1.000000000000000000e+01
8.000000000000000000e+00
7.000000000000000000e+00
-3.900000000000000000e+01
-8.000000000000000000e+00
-7.000000000000000000e+00
-3.700000000000000000e+01
1.900000000000000000e+01
-1.100000000000000000e+01
-2.000000000000000000e+01
1.300000000000000000e+01
-3.200000000000000000e+01
-3.400000000000000000e+01
9.000000000000000000e+00
-4.000000000000000000e+00
-2.000000000000000000e+01
-1.300000000000000000e+01
0.000000000000000000e+00
-2.600000000000000000e+01
-1.300000000000000000e+01
-3.700000000000000000e+01
-3.700000000000000000e+01
5.000000000000000000e+00
1.000000000000000000e+00
-7.000000000000000000e+00
-4.800000000000000000e+01
-3.100000000000000000e+01
-6.000000000000000000e+00
-1.100000000000000000e+01
-4.000000000000000000e+00
-1.600000000000000000e+01
-1.700000000000000000e+01
-1.400000000000000000e+01
-4.000000000000000000e+00
-2.300000000000000000e+01
-2.300000000000000000e+01
6.000000000000000000e+00
-2.600000000000000000e+01
-1.200000000000000000e+01
-2.100000000000000000e+01
-8.000000000000000000e+00
-3.400000000000000000e+01
-3.000000000000000000e+00
-5.000000000000000000e+01
-2.400000000000000000e+01
7.000000000000000000e+00
-3.500000000000000000e+01
-2.200000000000000000e+01
-6.000000000000000000e+00
-3.000000000000000000e+01
-9.000000000000000000e+00
-1.000000000000000000e+00
2.000000000000000000e+00
-1.400000000000000000e+01
-4.700000000000000000e+01
-9.000000000000000000e+00
5.000000000000000000e+00
-1.300000000000000000e+01
2.500000000000000000e+01
5.000000000000000000e+00
-3.000000000000000000e+01
-1.600000000000000000e+01
-1.000000000000000000e+01
9.000000000000000000e+00
-1.900000000000000000e+01
-2.800000000000000000e+01
-3.700000000000000000e+01
-8.000000000000000000e+00
6.000000000000000000e+00
-7.000000000000000000e+00
-4.800000000000000000e+01
0.000000000000000000e+00
-1.400000000000000000e+01
-1.200000000000000000e+01
-1.000000000000000000e+00
-3.800000000000000000e+01
-3.300000000000000000e+01
-3.100000000000000000e+01
-2.100000000000000000e+01
-2.000000000000000000e+01
-3.100000000000000000e+01
-4.900000000000000000e+01
-1.000000000000000000e+00
-2.300000000000000000e+01
2.000000000000000000e+01
-1.500000000000000000e+01
1.000000000000000000e+00
-3.600000000000000000e+01
2.300000000000000000e+01
-1.800000000000000000e+01
-1.200000000000000000e+01
-2.200000000000000000e+01
-3.200000000000000000e+01
-1.300000000000000000e+01
-2.400000000000000000e+01
-4.000000000000000000e+00
4.000000000000000000e+00
0.000000000000000000e+00
-1.400000000000000000e+01
-9.000000000000000000e+00
-1.100000000000000000e+01
-2.600000000000000000e+01
9.000000000000000000e+00
-3.500000000000000000e+01
-4.100000000000000000e+01
-5.000000000000000000e+01
7.000000000000000000e+00
-4.000000000000000000e+00
-4.000000000000000000e+00
-2.400000000000000000e+01
-1.700000000000000000e+01
-1.600000000000000000e+01
-3.100000000000000000e+01
3.000000000000000000e+00
-2.000000000000000000e+01
-3.200000000000000000e+01
-3.500000000000000000e+01
-1.000000000000000000e+01
1.300000000000000000e+01
-2.200000000000000000e+01
-3.200000000000000000e+01
-2.100000000000000000e+01
-3.300000000000000000e+01
-3.700000000000000000e+01
-1.000000000000000000e+01
2.300000000000000000e+01
-3.000000000000000000e+00
-3.800000000000000000e+01
-2.500000000000000000e+01
8.000000000000000000e+00
-1.300000000000000000e+01
3.000000000000000000e+00
-1.600000000000000000e+01
-2.900000000000000000e+01
-4.000000000000000000e+01
-2.100000000000000000e+01
-4.100000000000000000e+01
-2.100000000000000000e+01
-3.000000000000000000e+00
-2.800000000000000000e+01
-3.900000000000000000e+01
-3.000000000000000000e+01
1.000000000000000000e+00
-1.500000000000000000e+01
-4.000000000000000000e+00
2.000000000000000000e+00
-3.500000000000000000e+01
-6.000000000000000000e+00
1.100000000000000000e+01
-4.000000000000000000e+01
-2.400000000000000000e+01
-3.000000000000000000e+01
-2.000000000000000000e+01
-2.000000000000000000e+01
-4.000000000000000000e+00
-1.000000000000000000e+01
-1.100000000000000000e+01
2.000000000000000000e+00
-1.400000000000000000e+01
2.400000000000000000e+01
-1.900000000000000000e+01
-1.400000000000000000e+01
-1.500000000000000000e+01
-3.200000000000000000e+01
7.000000000000000000e+00
-2.900000000000000000e+01
-1.700000000000000000e+01
-1.000000000000000000e+00
7.000000000000000000e+00
-1.200000000000000000e+01
-2.700000000000000000e+01
-4.100000000000000000e+01
-3.400000000000000000e+01
1.000000000000000000e+00
-2.000000000000000000e+01
-1.000000000000000000e+00
-3.000000000000000000e+01
9.000000000000000000e+00
4.000000000000000000e+00
-2.300000000000000000e+01
-1.700000000000000000e+01
1.000000000000000000e+00
-4.000000000000000000e+00
-2.300000000000000000e+01
-2.700000000000000000e+01
1.900000000000000000e+01
-2.100000000000000000e+01
-6.000000000000000000e+00
-1.900000000000000000e+01
-4.100000000000000000e+01
-3.500000000000000000e+01
-3.000000000000000000e+01
-1.900000000000000000e+01
7.000000000000000000e+00
2.700000000000000000e+01
-1.800000000000000000e+01
-6.000000000000000000e+00
-2.600000000000000000e+01
-9.000000000000000000e+00
-1.200000000000000000e+01
-6.000000000000000000e+00
3.000000000000000000e+00
-2.200000000000000000e+01
-1.000000000000000000e+01
-3.100000000000000000e+01
-3.200000000000000000e+01
-2.000000000000000000e+00
7.000000000000000000e+00
-5.000000000000000000e+00
-7.000000000000000000e+00
0.000000000000000000e+00
-9.000000000000000000e+00
5.000000000000000000e+00
-6.000000000000000000e+00
-2.600000000000000000e+01
-2.100000000000000000e+01
7.000000000000000000e+00
-1.600000000000000000e+01
-1.500000000000000000e+01
-2.100000000000000000e+01
7.000000000000000000e+00
-1.700000000000000000e+01
-1.700000000000000000e+01
1.300000000000000000e+01
-1.200000000000000000e+01
-3.500000000000000000e+01
-1.900000000000000000e+01
-3.700000000000000000e+01
-4.000000000000000000e+00
-2.600000000000000000e+01
-1.000000000000000000e+01
-3.200000000000000000e+01
-1.600000000000000000e+01
-8.000000000000000000e+00
1.000000000000000000e+00
-3.400000000000000000e+01
1.300000000000000000e+01
2.800000000000000000e+01
-9.000000000000000000e+00
-3.000000000000000000e+01
-2.100000000000000000e+01
-2.000000000000000000e+00
-2.800000000000000000e+01
6.000000000000000000e+00
-1.200000000000000000e+01
-4.000000000000000000e+00
-4.200000000000000000e+01
-1.200000000000000000e+01
1.100000000000000000e+01
-2.500000000000000000e+01
-2.800000000000000000e+01
-3.100000000000000000e+01
-1.000000000000000000e+01
-3.700000000000000000e+01
6.000000000000000000e+00
-2.200000000000000000e+01
-2.800000000000000000e+01
-2.100000000000000000e+01
-3.000000000000000000e+01
-6.000000000000000000e+00
-1.000000000000000000e+00
-7.000000000000000000e+00
-1.400000000000000000e+01
-3.000000000000000000e+01
-1.200000000000000000e+01
-3.300000000000000000e+01
-2.000000000000000000e+00
-4.600000000000000000e+01
-4.300000000000000000e+01
5.000000000000000000e+00
-1.000000000000000000e+01
-1.400000000000000000e+01
-7.000000000000000000e+00
-5.200000000000000000e+01
-4.000000000000000000e+00
1.000000000000000000e+00
-3.200000000000000000e+01
-3.700000000000000000e+01
-1.000000000000000000e+00
-2.600000000000000000e+01
-1.400000000000000000e+01
-3.100000000000000000e+01
-2.300000000000000000e+01
-3.700000000000000000e+01
-3.300000000000000000e+01
-2.000000000000000000e+01
1.600000000000000000e+01
1.300000000000000000e+01
-2.200000000000000000e+01
-4.100000000000000000e+01
-5.400000000000000000e+01
-1.100000000000000000e+01
-1.100000000000000000e+01
-9.000000000000000000e+00
2.900000000000000000e+01
3.000000000000000000e+00
-2.000000000000000000e+00
-1.400000000000000000e+01
-1.100000000000000000e+01
-1.000000000000000000e+00
4.000000000000000000e+00
-2.600000000000000000e+01
7.000000000000000000e+00
-1.400000000000000000e+01
0.000000000000000000e+00
-1.300000000000000000e+01
1.200000000000000000e+01
-2.800000000000000000e+01
-4.300000000000000000e+01
-5.000000000000000000e+00
-1.900000000000000000e+01
-3.600000000000000000e+01
-1.200000000000000000e+01
-7.000000000000000000e+00
-3.200000000000000000e+01
-2.300000000000000000e+01
-2.300000000000000000e+01
-1.300000000000000000e+01
-1.600000000000000000e+01
-1.400000000000000000e+01
3.000000000000000000e+00
6.000000000000000000e+00
-2.200000000000000000e+01
4.000000000000000000e+00
-4.500000000000000000e+01
-1.800000000000000000e+01
-6.000000000000000000e+00
-2.000000000000000000e+00
-4.000000000000000000e+00
8.000000000000000000e+00
-2.600000000000000000e+01
-3.000000000000000000e+00
-3.700000000000000000e+01
-1.000000000000000000e+00
-1.600000000000000000e+01
-4.100000000000000000e+01
-1.400000000000000000e+01
-4.000000000000000000e+01
-1.700000000000000000e+01
-1.900000000000000000e+01
-4.400000000000000000e+01
-2.600000000000000000e+01
-4.000000000000000000e+01
-6.000000000000000000e+00
-2.900000000000000000e+01
-4.300000000000000000e+01
-1.000000000000000000e+00
-1.900000000000000000e+01
-2.800000000000000000e+01
-3.900000000000000000e+01
-4.600000000000000000e+01
-6.000000000000000000e+00
-9.000000000000000000e+00
-1.200000000000000000e+01
-3.800000000000000000e+01
2.900000000000000000e+01
-4.000000000000000000e+00
-2.000000000000000000e+01
-4.500000000000000000e+01
-1.900000000000000000e+01
1.500000000000000000e+01
-1.000000000000000000e+01
-1.400000000000000000e+01
4.000000000000000000e+00
-9.000000000000000000e+00
-4.200000000000000000e+01
-2.000000000000000000e+01
1.000000000000000000e+01
-5.200000000000000000e+01
-5.100000000000000000e+01
-3.400000000000000000e+01
2.000000000000000000e+01
-2.500000000000000000e+01
-2.900000000000000000e+01
-1.400000000000000000e+01
7.000000000000000000e+00
-2.400000000000000000e+01
1.900000000000000000e+01
-1.200000000000000000e+01
-4.200000000000000000e+01
-6.000000000000000000e+00
-2.600000000000000000e+01
-1.000000000000000000e+00
-3.000000000000000000e+00
-1.200000000000000000e+01
-4.000000000000000000e+00
-1.800000000000000000e+01
1.900000000000000000e+01
-1.300000000000000000e+01
-1.000000000000000000e+01
-2.400000000000000000e+01
-1.000000000000000000e+00
-3.900000000000000000e+01
-1.300000000000000000e+01
1.000000000000000000e+00
-3.000000000000000000e+01
-1.500000000000000000e+01
-1.300000000000000000e+01
-1.900000000000000000e+01
-4.200000000000000000e+01
2.200000000000000000e+01
-3.000000000000000000e+01
0.000000000000000000e+00
-1.700000000000000000e+01
-4.000000000000000000e+01
1.000000000000000000e+01
-9.000000000000000000e+00
-2.900000000000000000e+01
-3.000000000000000000e+00
-2.000000000000000000e+01
-4.000000000000000000e+00
-2.500000000000000000e+01
-2.400000000000000000e+01
-1.600000000000000000e+01
1.300000000000000000e+01
-2.400000000000000000e+01
-3.800000000000000000e+01
-1.300000000000000000e+01
-1.700000000000000000e+01
-4.500000000000000000e+01
-2.700000000000000000e+01
1.000000000000000000e+00
-1.400000000000000000e+01
-3.000000000000000000e+01
-1.500000000000000000e+01
5.000000000000000000e+00
4.000000000000000000e+00
-1.500000000000000000e+01
-8.000000000000000000e+00
-1.800000000000000000e+01
-1.000000000000000000e+00
-3.400000000000000000e+01
-5.000000000000000000e+00
9.000000000000000000e+00
-1.300000000000000000e+01
-1.700000000000000000e+01
7.800000000000000000e+01
-1.200000000000000000e+01
-1.800000000000000000e+01
-4.000000000000000000e+01
-2.800000000000000000e+01
0.000000000000000000e+00
-9.000000000000000000e+00
-2.500000000000000000e+01
-3.200000000000000000e+01
-1.800000000000000000e+01
7.000000000000000000e+00
4.000000000000000000e+00
-1.100000000000000000e+01
3.000000000000000000e+00
-1.300000000000000000e+01
-2.100000000000000000e+01
1.600000000000000000e+01
-1.500000000000000000e+01
-2.700000000000000000e+01
-4.000000000000000000e+00
-4.200000000000000000e+01
1.100000000000000000e+01
-3.100000000000000000e+01
-2.100000000000000000e+01
-1.700000000000000000e+01
-7.000000000000000000e+00
-1.900000000000000000e+01
-4.200000000000000000e+01
-1.000000000000000000e+00
-1.800000000000000000e+01
6.000000000000000000e+00
1.800000000000000000e+01
8.000000000000000000e+00
7.000000000000000000e+00
-4.000000000000000000e+00
1.700000000000000000e+01
-1.700000000000000000e+01
-1.600000000000000000e+01
-2.300000000000000000e+01
-1.800000000000000000e+01
-4.000000000000000000e+01
-1.900000000000000000e+01
-2.300000000000000000e+01
-1.100000000000000000e+01
-2.200000000000000000e+01
-3.000000000000000000e+01
-2.500000000000000000e+01
-3.200000000000000000e+01
-1.200000000000000000e+01
-8.000000000000000000e+00
1.300000000000000000e+01
-4.300000000000000000e+01
3.000000000000000000e+00
-1.200000000000000000e+01
-3.700000000000000000e+01
3.800000000000000000e+01
-1.300000000000000000e+01
3.000000000000000000e+01
-1.600000000000000000e+01
2.100000000000000000e+01
-2.000000000000000000e+01
-4.000000000000000000e+00
2.200000000000000000e+01
-1.600000000000000000e+01
-7.000000000000000000e+00
-1.800000000000000000e+01
3.000000000000000000e+01
-3.200000000000000000e+01
-1.100000000000000000e+01
1.400000000000000000e+01
-1.100000000000000000e+01
4.000000000000000000e+00
-2.000000000000000000e+00
-2.200000000000000000e+01
-2.000000000000000000e+01
-5.000000000000000000e+00
8.000000000000000000e+00
-1.700000000000000000e+01
1.500000000000000000e+01
-1.100000000000000000e+01
1.100000000000000000e+01
-1.800000000000000000e+01
1.400000000000000000e+01
-1.800000000000000000e+01
1.800000000000000000e+01
8.000000000000000000e+00
-5.300000000000000000e+01
-3.500000000000000000e+01
-3.300000000000000000e+01
-2.800000000000000000e+01
-1.600000000000000000e+01
-9.000000000000000000e+00
6.000000000000000000e+00
-3.500000000000000000e+01
-2.000000000000000000e+00
2.000000000000000000e+00
-2.200000000000000000e+01
-8.000000000000000000e+00
1.700000000000000000e+01
3.000000000000000000e+00
-1.200000000000000000e+01
-1.000000000000000000e+00
-2.600000000000000000e+01
-1.700000000000000000e+01
-1.400000000000000000e+01
-2.300000000000000000e+01
-1.200000000000000000e+01
-7.000000000000000000e+00
-2.100000000000000000e+01
1.000000000000000000e+01
2.000000000000000000e+00
-1.400000000000000000e+01
2.600000000000000000e+01
-2.400000000000000000e+01
-5.000000000000000000e+00
-3.600000000000000000e+01
1.300000000000000000e+01
8.000000000000000000e+00
-2.800000000000000000e+01
-6.000000000000000000e+00
3.000000000000000000e+01
-8.000000000000000000e+00
-1.300000000000000000e+01
-3.000000000000000000e+01
-2.700000000000000000e+01
-1.100000000000000000e+01
-6.000000000000000000e+00
-1.000000000000000000e+00
-2.100000000000000000e+01
-1.800000000000000000e+01
-1.500000000000000000e+01
-3.800000000000000000e+01
3.000000000000000000e+00
1.400000000000000000e+01
-2.800000000000000000e+01
-5.000000000000000000e+00
7.000000000000000000e+00
1.500000000000000000e+01
1.600000000000000000e+01
-8.000000000000000000e+00
-1.000000000000000000e+01
-1.400000000000000000e+01
-2.000000000000000000e+00
-7.000000000000000000e+00
6.000000000000000000e+00
2.100000000000000000e+01
-9.000000000000000000e+00
-1.000000000000000000e+00
-2.100000000000000000e+01
8.000000000000000000e+00
-4.600000000000000000e+01
-2.000000000000000000e+00
4.000000000000000000e+00
0.000000000000000000e+00
-1.800000000000000000e+01
-1.100000000000000000e+01
-1.700000000000000000e+01
-1.000000000000000000e+01
-2.000000000000000000e+01
-1.000000000000000000e+00
-1.500000000000000000e+01
6.000000000000000000e+00
1.500000000000000000e+01
-3.200000000000000000e+01
1.000000000000000000e+00
2.100000000000000000e+01
-2.000000000000000000e+00
-3.300000000000000000e+01
1.300000000000000000e+01
1.300000000000000000e+01
-2.500000000000000000e+01
1.300000000000000000e+01
-1.600000000000000000e+01
1.000000000000000000e+00
-1.100000000000000000e+01
-5.400000000000000000e+01
9.000000000000000000e+00
8.000000000000000000e+00
1.000000000000000000e+01
-1.100000000000000000e+01
-4.700000000000000000e+01
-2.100000000000000000e+01
-4.300000000000000000e+01
-1.300000000000000000e+01
8.000000000000000000e+00
-3.100000000000000000e+01
-2.300000000000000000e+01
-2.800000000000000000e+01
-3.600000000000000000e+01
-1.500000000000000000e+01
-1.000000000000000000e+00
-1.800000000000000000e+01
-4.000000000000000000e+00
-1.300000000000000000e+01
4.000000000000000000e+00
-6.000000000000000000e+00
-3.000000000000000000e+00
0.000000000000000000e+00
-2.000000000000000000e+00
-2.900000000000000000e+01
1.100000000000000000e+01
1.500000000000000000e+01
-9.000000000000000000e+00
-1.200000000000000000e+01
-3.000000000000000000e+00
-4.000000000000000000e+00
-1.500000000000000000e+01
-1.300000000000000000e+01
2.100000000000000000e+01
-4.400000000000000000e+01
1.000000000000000000e+01
5.000000000000000000e+00
-1.000000000000000000e+00
-4.000000000000000000e+00
-1.000000000000000000e+00
-4.100000000000000000e+01
-2.000000000000000000e+01
-1.200000000000000000e+01
-2.100000000000000000e+01
-1.000000000000000000e+00
-9.000000000000000000e+00
-1.300000000000000000e+01
-2.400000000000000000e+01
2.500000000000000000e+01
-8.000000000000000000e+00
3.900000000000000000e+01
5.000000000000000000e+00
3.000000000000000000e+00
-2.000000000000000000e+00
-6.000000000000000000e+00
-1.300000000000000000e+01
-4.000000000000000000e+01
-2.800000000000000000e+01
-6.000000000000000000e+00
-1.200000000000000000e+01
-2.000000000000000000e+00
-9.000000000000000000e+00
4.000000000000000000e+00
1.400000000000000000e+01
1.200000000000000000e+01
-6.000000000000000000e+00
-1.300000000000000000e+01
-1.500000000000000000e+01
-3.300000000000000000e+01
-1.500000000000000000e+01
-2.700000000000000000e+01
-3.000000000000000000e+00
-1.600000000000000000e+01
-7.000000000000000000e+00
-3.400000000000000000e+01
-1.900000000000000000e+01
1.700000000000000000e+01
-3.400000000000000000e+01
3.000000000000000000e+00
-2.800000000000000000e+01
-3.300000000000000000e+01
-2.000000000000000000e+00
-4.000000000000000000e+00
2.400000000000000000e+01
-2.700000000000000000e+01
-2.800000000000000000e+01
-5.000000000000000000e+00
5.000000000000000000e+00
-3.300000000000000000e+01
-2.000000000000000000e+00
4.000000000000000000e+00
4.000000000000000000e+00
3.000000000000000000e+00
0.000000000000000000e+00
-3.000000000000000000e+00
7.000000000000000000e+00
1.500000000000000000e+01
-2.000000000000000000e+00
-1.000000000000000000e+00
1.400000000000000000e+01
-6.000000000000000000e+00
2.800000000000000000e+01
1.100000000000000000e+01
3.000000000000000000e+00
9.000000000000000000e+00
1.500000000000000000e+01
-2.000000000000000000e+01
1.800000000000000000e+01
-1.400000000000000000e+01
1.100000000000000000e+01
-9.000000000000000000e+00
1.400000000000000000e+01
-2.200000000000000000e+01
3.000000000000000000e+00
1.000000000000000000e+01
8.000000000000000000e+00
5.000000000000000000e+00
-2.000000000000000000e+00
2.300000000000000000e+01
1.000000000000000000e+01
2.000000000000000000e+01
1.200000000000000000e+01
-1.800000000000000000e+01
2.000000000000000000e+00
-4.000000000000000000e+00
8.000000000000000000e+00
-3.900000000000000000e+01
-2.400000000000000000e+01
1.600000000000000000e+01
4.000000000000000000e+00
-5.000000000000000000e+00
2.200000000000000000e+01
2.600000000000000000e+01
0.000000000000000000e+00
-4.000000000000000000e+00
-1.800000000000000000e+01
8.000000000000000000e+00
-1.000000000000000000e+01
-1.000000000000000000e+00
3.000000000000000000e+00
-2.300000000000000000e+01
1.700000000000000000e+01
1.700000000000000000e+01
-3.400000000000000000e+01
-2.600000000000000000e+01
3.000000000000000000e+00
-1.400000000000000000e+01
1.700000000000000000e+01
3.600000000000000000e+01
-7.000000000000000000e+00
-1.900000000000000000e+01
2.000000000000000000e+01
2.000000000000000000e+00
-1.100000000000000000e+01
1.000000000000000000e+01
2.000000000000000000e+01
-8.000000000000000000e+00
4.000000000000000000e+00
-7.000000000000000000e+00
-1.700000000000000000e+01
6.000000000000000000e+00
6.000000000000000000e+00
3.400000000000000000e+01
3.000000000000000000e+00
6.000000000000000000e+00
1.200000000000000000e+01
2.000000000000000000e+01
1.400000000000000000e+01
-1.100000000000000000e+01
3.200000000000000000e+01
4.000000000000000000e+00
2.100000000000000000e+01
2.900000000000000000e+01
-5.000000000000000000e+00
2.200000000000000000e+01
1.500000000000000000e+01
-3.000000000000000000e+00
2.700000000000000000e+01
1.200000000000000000e+01
-1.100000000000000000e+01
2.300000000000000000e+01
1.200000000000000000e+01
-2.200000000000000000e+01
2.000000000000000000e+00
3.400000000000000000e+01
-6.000000000000000000e+00
1.700000000000000000e+01
1.400000000000000000e+01
-2.100000000000000000e+01
1.200000000000000000e+01
4.000000000000000000e+00
2.500000000000000000e+01
2.000000000000000000e+01
2.300000000000000000e+01
-3.000000000000000000e+00
-6.000000000000000000e+00
3.200000000000000000e+01
1.800000000000000000e+01
-4.000000000000000000e+00
2.300000000000000000e+01
-1.900000000000000000e+01
4.100000000000000000e+01
1.100000000000000000e+01
-5.000000000000000000e+00
9.000000000000000000e+00
1.300000000000000000e+01
-1.000000000000000000e+00
1.000000000000000000e+01
-1.400000000000000000e+01
1.100000000000000000e+01
-1.000000000000000000e+01
1.700000000000000000e+01
3.000000000000000000e+01
3.000000000000000000e+00
3.000000000000000000e+00
1.900000000000000000e+01
6.000000000000000000e+00
8.000000000000000000e+00
2.000000000000000000e+00
-9.000000000000000000e+00
1.100000000000000000e+01
1.300000000000000000e+01
1.700000000000000000e+01
0.000000000000000000e+00
-5.000000000000000000e+00
4.100000000000000000e+01
2.500000000000000000e+01
1.200000000000000000e+01
4.000000000000000000e+00
3.300000000000000000e+01
6.000000000000000000e+01
4.400000000000000000e+01
5.200000000000000000e+01
5.300000000000000000e+01
4.900000000000000000e+01
3.400000000000000000e+01
4.900000000000000000e+01
5.000000000000000000e+01
5.600000000000000000e+01
8.300000000000000000e+01
9.600000000000000000e+01
8.000000000000000000e+01
7.700000000000000000e+01
1.420000000000000000e+02
1.250000000000000000e+02
1.760000000000000000e+02
1.980000000000000000e+02
2.390000000000000000e+02
3.080000000000000000e+02
3.050000000000000000e+02
3.090000000000000000e+02
3.760000000000000000e+02
4.100000000000000000e+02
4.690000000000000000e+02
5.810000000000000000e+02
6.240000000000000000e+02
6.730000000000000000e+02
7.940000000000000000e+02
9.200000000000000000e+02
9.660000000000000000e+02
1.139000000000000000e+03
1.218000000000000000e+03
1.339000000000000000e+03
1.474000000000000000e+03
1.580000000000000000e+03
1.736000000000000000e+03
1.899000000000000000e+03
2.035000000000000000e+03
2.260000000000000000e+03
2.313000000000000000e+03
2.533000000000000000e+03
2.692000000000000000e+03
2.897000000000000000e+03
2.974000000000000000e+03
3.163000000000000000e+03
3.337000000000000000e+03
3.455000000000000000e+03
3.525000000000000000e+03
3.666000000000000000e+03
3.780000000000000000e+03
4.005000000000000000e+03
4.075000000000000000e+03
4.071000000000000000e+03
4.162000000000000000e+03
4.250000000000000000e+03
4.206000000000000000e+03
4.318000000000000000e+03
4.325000000000000000e+03
4.181000000000000000e+03
4.228000000000000000e+03
4.155000000000000000e+03
4.121000000000000000e+03
4.038000000000000000e+03
4.025000000000000000e+03
3.921000000000000000e+03
3.795000000000000000e+03
3.634000000000000000e+03
3.542000000000000000e+03
3.334000000000000000e+03
3.222000000000000000e+03
3.128000000000000000e+03
2.955000000000000000e+03
2.848000000000000000e+03
2.682000000000000000e+03
2.500000000000000000e+03
2.358000000000000000e+03
2.242000000000000000e+03
2.075000000000000000e+03
1.907000000000000000e+03
1.764000000000000000e+03
1.684000000000000000e+03
1.506000000000000000e+03
1.373000000000000000e+03
1.192000000000000000e+03
1.188000000000000000e+03
9.840000000000000000e+02
9.260000000000000000e+02
8.200000000000000000e+02
7.200000000000000000e+02
6.890000000000000000e+02
5.980000000000000000e+02
5.240000000000000000e+02
4.490000000000000000e+02
4.010000000000000000e+02
3.350000000000000000e+02
2.930000000000000000e+02
2.650000000000000000e+02
2.030000000000000000e+02
1.920000000000000000e+02
1.670000000000000000e+02
1.040000000000000000e+02
1.150000000000000000e+02
8.600000000000000000e+01
8.900000000000000000e+01
6.400000000000000000e+01
4.300000000000000000e+01
4.900000000000000000e+01
2.300000000000000000e+01
2.500000000000000000e+01
2.600000000000000000e+01
3.000000000000000000e+01
1.400000000000000000e+01
1.800000000000000000e+01
1.900000000000000000e+01
-1.300000000000000000e+01
7.000000000000000000e+00
-6.000000000000000000e+00
5.000000000000000000e+00
5.000000000000000000e+00
1.500000000000000000e+01
4.000000000000000000e+00
-2.600000000000000000e+01
-1.000000000000000000e+00
-2.500000000000000000e+01
1.700000000000000000e+01
2.100000000000000000e+01
3.000000000000000000e+00
-9.000000000000000000e+00
3.000000000000000000e+00
1.100000000000000000e+01
-9.000000000000000000e+00
1.200000000000000000e+01
-1.900000000000000000e+01
-1.000000000000000000e+01
2.000000000000000000e+00
1.500000000000000000e+01
-3.000000000000000000e+00
-3.000000000000000000e+00
1.700000000000000000e+01
3.000000000000000000e+00
1.100000000000000000e+01
-2.300000000000000000e+01
-1.000000000000000000e+00
1.500000000000000000e+01
-1.000000000000000000e+00
-1.100000000000000000e+01
1.000000000000000000e+01
-2.200000000000000000e+01
-2.200000000000000000e+01
1.200000000000000000e+01
1.000000000000000000e+00
-5.000000000000000000e+00
-9.000000000000000000e+00
1.500000000000000000e+01
-1.000000000000000000e+00
5.000000000000000000e+00
1.600000000000000000e+01
-9.000000000000000000e+00
-1.200000000000000000e+01
-1.200000000000000000e+01
-2.700000000000000000e+01
1.000000000000000000e+01
-1.000000000000000000e+01
2.200000000000000000e+01
-1.100000000000000000e+01
-3.000000000000000000e+00
-9.000000000000000000e+00
-2.000000000000000000e+00
1.000000000000000000e+01
-1.100000000000000000e+01
-3.800000000000000000e+01
6.000000000000000000e+00
5.000000000000000000e+00
7.000000000000000000e+00
-1.400000000000000000e+01
1.000000000000000000e+01
4.300000000000000000e+01
-3.000000000000000000e+00
-2.200000000000000000e+01
-9.000000000000000000e+00
-1.800000000000000000e+01
1.400000000000000000e+01
2.300000000000000000e+01
-1.900000000000000000e+01
-2.000000000000000000e+00
1.000000000000000000e+01
-2.100000000000000000e+01
2.700000000000000000e+01
-1.900000000000000000e+01
0.000000000000000000e+00
8.000000000000000000e+00
2.500000000000000000e+01
-2.200000000000000000e+01
1.000000000000000000e+00
3.000000000000000000e+00
1.900000000000000000e+01
3.100000000000000000e+01
7.000000000000000000e+00
1.800000000000000000e+01
-2.000000000000000000e+00
-1.200000000000000000e+01
8.000000000000000000e+00
6.000000000000000000e+00
5.000000000000000000e+00
-7.000000000000000000e+00
-1.800000000000000000e+01
-5.000000000000000000e+00
4.000000000000000000e+01
-2.000000000000000000e+01
-2.800000000000000000e+01
-5.000000000000000000e+00
-1.000000000000000000e+01
-7.000000000000000000e+00
1.800000000000000000e+01
-2.100000000000000000e+01
-4.000000000000000000e+00
1.300000000000000000e+01
7.000000000000000000e+00
-8.000000000000000000e+00
-4.000000000000000000e+00
-2.000000000000000000e+00
-1.000000000000000000e+00
3.100000000000000000e+01
3.000000000000000000e+00
-1.000000000000000000e+01
-3.600000000000000000e+01
-5.000000000000000000e+00
3.000000000000000000e+00
-9.000000000000000000e+00
-2.000000000000000000e+01
3.000000000000000000e+00
-2.700000000000000000e+01
-1.700000000000000000e+01
1.000000000000000000e+01
-3.300000000000000000e+01
1.400000000000000000e+01
-1.000000000000000000e+01
8.000000000000000000e+00
-2.400000000000000000e+01
3.000000000000000000e+00
-2.200000000000000000e+01
-1.000000000000000000e+01
-3.800000000000000000e+01
5.000000000000000000e+00
-1.100000000000000000e+01
1.100000000000000000e+01
-1.600000000000000000e+01
2.700000000000000000e+01
1.300000000000000000e+01
7.000000000000000000e+00
-5.000000000000000000e+00
6.000000000000000000e+00
1.200000000000000000e+01
-4.000000000000000000e+00
2.100000000000000000e+01
2.100000000000000000e+01
-1.800000000000000000e+01
1.500000000000000000e+01
2.000000000000000000e+01
0.000000000000000000e+00
-4.000000000000000000e+00
-2.800000000000000000e+01
1.300000000000000000e+01
5.000000000000000000e+00
-3.000000000000000000e+00
4.000000000000000000e+00
2.000000000000000000e+00
2.200000000000000000e+01
2.000000000000000000e+01
6.000000000000000000e+00
-8.000000000000000000e+00
1.000000000000000000e+01
-4.000000000000000000e+00
-7.000000000000000000e+00
1.000000000000000000e+01
-1.800000000000000000e+01
0.000000000000000000e+00
-9.000000000000000000e+00
1.000000000000000000e+00
1.500000000000000000e+01
-2.100000000000000000e+01
0.000000000000000000e+00
-7.000000000000000000e+00
5.000000000000000000e+00
-1.300000000000000000e+01
2.100000000000000000e+01
1.300000000000000000e+01
1.900000000000000000e+01
7.000000000000000000e+00
-1.200000000000000000e+01
-5.000000000000000000e+00
1.800000000000000000e+01
0.000000000000000000e+00
1.000000000000000000e+01
2.000000000000000000e+00
-2.900000000000000000e+01
-7.000000000000000000e+00
1.400000000000000000e+01
-1.500000000000000000e+01
-1.100000000000000000e+01
-1.300000000000000000e+01
-1.200000000000000000e+01
-1.000000000000000000e+00
-2.600000000000000000e+01
-1.700000000000000000e+01
1.300000000000000000e+01
-6.000000000000000000e+00
6.000000000000000000e+00
-1.100000000000000000e+01
-1.200000000000000000e+01
-2.700000000000000000e+01
-1.700000000000000000e+01
4.000000000000000000e+00
-2.300000000000000000e+01
1.100000000000000000e+01
-1.200000000000000000e+01
6.000000000000000000e+00
-2.100000000000000000e+01
5.000000000000000000e+00
3.000000000000000000e+00
2.200000000000000000e+01
-2.200000000000000000e+01
-3.000000000000000000e+01
-7.000000000000000000e+00
-2.100000000000000000e+01
3.000000000000000000e+00
8.000000000000000000e+00
5.000000000000000000e+00
9.000000000000000000e+00
-2.800000000000000000e+01
1.400000000000000000e+01
-2.300000000000000000e+01
-7.000000000000000000e+00
-1.300000000000000000e+01
-3.500000000000000000e+01
-1.600000000000000000e+01
-1.300000000000000000e+01
-2.000000000000000000e+01
-2.900000000000000000e+01
-2.700000000000000000e+01
6.000000000000000000e+00
2.200000000000000000e+01
-2.400000000000000000e+01
1.700000000000000000e+01
5.000000000000000000e+00
-6.000000000000000000e+00
1.700000000000000000e+01
-4.000000000000000000e+01
-3.300000000000000000e+01
-5.000000000000000000e+00
-1.800000000000000000e+01
0.000000000000000000e+00
-1.300000000000000000e+01
-2.400000000000000000e+01
-3.000000000000000000e+00
-3.000000000000000000e+00
-2.200000000000000000e+01
-3.100000000000000000e+01
-2.200000000000000000e+01
-1.900000000000000000e+01
2.400000000000000000e+01
-3.000000000000000000e+00
-4.000000000000000000e+00
9.000000000000000000e+00
-2.900000000000000000e+01
2.000000000000000000e+00
-1.500000000000000000e+01
0.000000000000000000e+00
4.000000000000000000e+00
-1.500000000000000000e+01
-2.000000000000000000e+01
-7.000000000000000000e+00
-1.700000000000000000e+01
8.000000000000000000e+00
-1.500000000000000000e+01
-1.300000000000000000e+01
-1.700000000000000000e+01
7.000000000000000000e+00
1.400000000000000000e+01
-1.800000000000000000e+01
-1.000000000000000000e+01
-2.700000000000000000e+01
3.500000000000000000e+01
-1.300000000000000000e+01
-3.000000000000000000e+00
7.000000000000000000e+00
-1.200000000000000000e+01
1.000000000000000000e+00
-2.100000000000000000e+01
-1.400000000000000000e+01
-2.100000000000000000e+01
-2.300000000000000000e+01
-9.000000000000000000e+00
-1.100000000000000000e+01
1.200000000000000000e+01
-1.900000000000000000e+01
-2.000000000000000000e+01
-5.000000000000000000e+00
-8.000000000000000000e+00
-1.600000000000000000e+01
-1.800000000000000000e+01
-1.200000000000000000e+01
-1.700000000000000000e+01
-1.200000000000000000e+01
1.000000000000000000e+00
6.000000000000000000e+00
3.200000000000000000e+01
-2.400000000000000000e+01
-8.000000000000000000e+00
-4.200000000000000000e+01
-4.000000000000000000e+00
-1.000000000000000000e+00
7.000000000000000000e+00
-1.400000000000000000e+01
1.200000000000000000e+01
-3.300000000000000000e+01
2.000000000000000000e+00
-2.000000000000000000e+01
0.000000000000000000e+00
-3.700000000000000000e+01
8.000000000000000000e+00
-5.000000000000000000e+00
3.000000000000000000e+00
1.300000000000000000e+01
2.100000000000000000e+01
-4.800000000000000000e+01
-5.000000000000000000e+00
-4.100000000000000000e+01
-2.400000000000000000e+01
-4.000000000000000000e+00
-6.000000000000000000e+00
1.500000000000000000e+01
-3.000000000000000000e+00
-9.000000000000000000e+00
1.900000000000000000e+01
-2.100000000000000000e+01
-1.600000000000000000e+01
2.000000000000000000e+01
-2.000000000000000000e+01
-7.000000000000000000e+00
-3.000000000000000000e+01
-2.300000000000000000e+01
-2.700000000000000000e+01
-3.000000000000000000e+00
-6.000000000000000000e+00
-2.800000000000000000e+01
-2.300000000000000000e+01
-8.000000000000000000e+00
-1.500000000000000000e+01
1.100000000000000000e+01
-2.100000000000000000e+01
1.900000000000000000e+01
-3.900000000000000000e+01
-2.000000000000000000e+00
-2.000000000000000000e+01
-2.900000000000000000e+01
1.600000000000000000e+01
-1.000000000000000000e+01
-1.900000000000000000e+01
-1.200000000000000000e+01
-1.400000000000000000e+01
7.000000000000000000e+00
-2.700000000000000000e+01
-3.000000000000000000e+00
-1.500000000000000000e+01
-1.700000000000000000e+01
1.500000000000000000e+01
-3.100000000000000000e+01
-3.300000000000000000e+01
-1.000000000000000000e+01
-7.000000000000000000e+00
-2.200000000000000000e+01
-1.600000000000000000e+01
-2.000000000000000000e+00
-2.600000000000000000e+01
-4.000000000000000000e+00
7.000000000000000000e+00
0.000000000000000000e+00
-9.000000000000000000e+00
-7.000000000000000000e+00
-1.300000000000000000e+01
4.000000000000000000e+00
-3.800000000000000000e+01
-7.000000000000000000e+00
-3.900000000000000000e+01
1.400000000000000000e+01
-1.600000000000000000e+01
-3.500000000000000000e+01
-1.500000000000000000e+01
-1.500000000000000000e+01
-4.100000000000000000e+01
-3.700000000000000000e+01
-1.900000000000000000e+01
-1.800000000000000000e+01
-8.000000000000000000e+00
-1.500000000000000000e+01
-6.000000000000000000e+00
-5.400000000000000000e+01
-1.600000000000000000e+01
-1.700000000000000000e+01
-2.600000000000000000e+01
1.000000000000000000e+00
-3.900000000000000000e+01
-2.700000000000000000e+01
-7.000000000000000000e+00
-2.000000000000000000e+01
-1.800000000000000000e+01
-5.000000000000000000e+00
-1.900000000000000000e+01
-2.400000000000000000e+01
-2.800000000000000000e+01
-2.100000000000000000e+01
0.000000000000000000e+00
-3.000000000000000000e+01
-1.700000000000000000e+01
-7.000000000000000000e+00
2.000000000000000000e+00
-1.700000000000000000e+01
-2.000000000000000000e+00
1.000000000000000000e+00
9.000000000000000000e+00
-1.100000000000000000e+01
-1.200000000000000000e+01
0.000000000000000000e+00
-3.000000000000000000e+00
-7.000000000000000000e+00
3.800000000000000000e+01
-1.800000000000000000e+01
1.000000000000000000e+00
-3.200000000000000000e+01
-2.400000000000000000e+01
1.000000000000000000e+00
-1.300000000000000000e+01
4.000000000000000000e+00
-3.400000000000000000e+01
-2.400000000000000000e+01
1.900000000000000000e+01
-7.000000000000000000e+00
-1.900000000000000000e+01
-1.300000000000000000e+01
-3.000000000000000000e+01
-1.000000000000000000e+01
-3.000000000000000000e+00
-2.400000000000000000e+01
-2.600000000000000000e+01
-2.200000000000000000e+01
-4.100000000000000000e+01
-1.500000000000000000e+01
-1.500000000000000000e+01
-3.700000000000000000e+01
1.000000000000000000e+01
-6.000000000000000000e+00
-4.000000000000000000e+00
-9.000000000000000000e+00
-2.300000000000000000e+01
-2.000000000000000000e+00
-9.000000000000000000e+00
-3.000000000000000000e+00
-9.000000000000000000e+00
-1.900000000000000000e+01
-2.700000000000000000e+01
-3.300000000000000000e+01
-1.200000000000000000e+01
-1.400000000000000000e+01
-1.200000000000000000e+01
-7.000000000000000000e+00
-1.000000000000000000e+01
-1.100000000000000000e+01
6.000000000000000000e+00
-4.000000000000000000e+00
-2.000000000000000000e+01
-3.300000000000000000e+01
-1.700000000000000000e+01
-1.300000000000000000e+01
-1.400000000000000000e+01
-2.600000000000000000e+01
-1.100000000000000000e+01
-4.000000000000000000e+00
0.000000000000000000e+00
1.700000000000000000e+01
-3.100000000000000000e+01
-9.000000000000000000e+00
-9.000000000000000000e+00
-8.000000000000000000e+00
-2.300000000000000000e+01
9.000000000000000000e+00
2.100000000000000000e+01
-9.000000000000000000e+00
-1.600000000000000000e+01
-1.400000000000000000e+01
1.300000000000000000e+01
-3.500000000000000000e+01
-3.200000000000000000e+01
-5.000000000000000000e+00
1.600000000000000000e+01
-1.600000000000000000e+01
-1.200000000000000000e+01
-2.000000000000000000e+01
-1.600000000000000000e+01
-1.100000000000000000e+01
-3.000000000000000000e+00
-9.000000000000000000e+00
-2.200000000000000000e+01
-2.200000000000000000e+01
-1.700000000000000000e+01
-3.300000000000000000e+01
-3.100000000000000000e+01
-1.000000000000000000e+00
-2.600000000000000000e+01
-1.800000000000000000e+01
-2.200000000000000000e+01
4.000000000000000000e+00
4.600000000000000000e+01
-2.100000000000000000e+01
-4.000000000000000000e+00
-1.200000000000000000e+01
-2.300000000000000000e+01
-1.200000000000000000e+01
-2.900000000000000000e+01
8.000000000000000000e+00
2.000000000000000000e+00
-2.600000000000000000e+01
-1.200000000000000000e+01
-2.000000000000000000e+00
-2.700000000000000000e+01
-3.000000000000000000e+00
4.000000000000000000e+00
-5.000000000000000000e+00
-2.000000000000000000e+00
6.000000000000000000e+00
-3.000000000000000000e+00
3.400000000000000000e+01
-2.500000000000000000e+01
-4.300000000000000000e+01
1.600000000000000000e+01
2.000000000000000000e+00
0.000000000000000000e+00
-4.000000000000000000e+00
-3.000000000000000000e+00
-3.000000000000000000e+01
1.600000000000000000e+01
-1.800000000000000000e+01
-5.000000000000000000e+00
-2.700000000000000000e+01
-1.100000000000000000e+01
-1.900000000000000000e+01
-2.800000000000000000e+01
-1.400000000000000000e+01
2.200000000000000000e+01
7.000000000000000000e+00
-1.000000000000000000e+01
-6.000000000000000000e+00
-3.300000000000000000e+01
-8.000000000000000000e+00
-8.000000000000000000e+00
5.000000000000000000e+00
-1.100000000000000000e+01
-8.000000000000000000e+00
-2.800000000000000000e+01
-3.000000000000000000e+00
-2.700000000000000000e+01
-1.500000000000000000e+01
2.300000000000000000e+01
-2.500000000000000000e+01
-1.600000000000000000e+01
-2.000000000000000000e+01
-3.000000000000000000e+00
-1.100000000000000000e+01
-1.600000000000000000e+01
3.000000000000000000e+00
-5.000000000000000000e+01
-9.000000000000000000e+00
-2.900000000000000000e+01
-3.800000000000000000e+01
-1.000000000000000000e+00
-2.800000000000000000e+01
6.000000000000000000e+00
-2.400000000000000000e+01
-1.000000000000000000e+00
-5.000000000000000000e+00
-2.000000000000000000e+00
-1.000000000000000000e+01
7.000000000000000000e+00
-2.400000000000000000e+01
-2.000000000000000000e+00
-4.300000000000000000e+01
-2.800000000000000000e+01
-6.000000000000000000e+00
-2.000000000000000000e+00
-1.400000000000000000e+01
-3.400000000000000000e+01
1.900000000000000000e+01
6.000000000000000000e+00
-1.900000000000000000e+01
-8.000000000000000000e+00
4.000000000000000000e+00
-3.700000000000000000e+01
-2.900000000000000000e+01
-2.000000000000000000e+01
-1.500000000000000000e+01
2.000000000000000000e+00
-2.000000000000000000e+01
0.000000000000000000e+00
-2.800000000000000000e+01
-6.000000000000000000e+00
-1.300000000000000000e+01
-3.700000000000000000e+01
-4.700000000000000000e+01
-1.000000000000000000e+01
7.000000000000000000e+00
-3.900000000000000000e+01
-9.000000000000000000e+00
-2.500000000000000000e+01
-9.000000000000000000e+00
1.000000000000000000e+00
-2.100000000000000000e+01
-3.700000000000000000e+01
1.000000000000000000e+00
-7.000000000000000000e+00
-3.700000000000000000e+01
-2.000000000000000000e+01
-1.700000000000000000e+01
-3.000000000000000000e+00
-2.100000000000000000e+01
-1.000000000000000000e+01
-2.200000000000000000e+01
-7.000000000000000000e+00
8.000000000000000000e+00
7.000000000000000000e+00
-3.000000000000000000e+00
-8.000000000000000000e+00
-2.500000000000000000e+01
-1.100000000000000000e+01
-2.800000000000000000e+01
-1.000000000000000000e+01
0.000000000000000000e+00
1.300000000000000000e+01
-3.400000000000000000e+01
5.000000000000000000e+00
-3.200000000000000000e+01
-4.500000000000000000e+01
-3.000000000000000000e+00
-5.000000000000000000e+00
-1.100000000000000000e+01
-2.800000000000000000e+01
8.000000000000000000e+00
-4.200000000000000000e+01
-5.500000000000000000e+01
-2.700000000000000000e+01
1.000000000000000000e+00
-2.000000000000000000e+01
-1.600000000000000000e+01
1.000000000000000000e+00
-2.100000000000000000e+01
2.000000000000000000e+01
-2.200000000000000000e+01
-2.500000000000000000e+01
-1.100000000000000000e+01
-3.800000000000000000e+01
-3.300000000000000000e+01
-1.800000000000000000e+01
-1.700000000000000000e+01
-1.500000000000000000e+01
-5.000000000000000000e+00
-1.500000000000000000e+01
-5.000000000000000000e+00
-1.700000000000000000e+01
-1.900000000000000000e+01
-2.000000000000000000e+01
7.000000000000000000e+00
1.000000000000000000e+01
-2.800000000000000000e+01
-1.200000000000000000e+01
-1.200000000000000000e+01
-6.000000000000000000e+00
-2.900000000000000000e+01
-7.000000000000000000e+00
-1.700000000000000000e+01
-1.000000000000000000e+00
-1.700000000000000000e+01
5.000000000000000000e+00
-5.000000000000000000e+00
-3.000000000000000000e+00
-1.900000000000000000e+01
1.000000000000000000e+01
-2.600000000000000000e+01
-1.400000000000000000e+01
-3.200000000000000000e+01
1.800000000000000000e+01
-4.000000000000000000e+00
-5.000000000000000000e+00
0.000000000000000000e+00
-1.300000000000000000e+01
-6.000000000000000000e+00
-1.700000000000000000e+01
-2.600000000000000000e+01
-1.800000000000000000e+01
3.000000000000000000e+00
1.000000000000000000e+00
-2.100000000000000000e+01
-9.000000000000000000e+00
-2.600000000000000000e+01
-2.000000000000000000e+00
-1.900000000000000000e+01
1.000000000000000000e+00
0.000000000000000000e+00
-4.200000000000000000e+01
1.000000000000000000e+01
-2.500000000000000000e+01
7.000000000000000000e+00
-4.500000000000000000e+01
-2.400000000000000000e+01
-1.800000000000000000e+01
7.000000000000000000e+00
-1.300000000000000000e+01
7.000000000000000000e+00
-1.000000000000000000e+01
-1.300000000000000000e+01
-8.000000000000000000e+00
-2.400000000000000000e+01
-1.300000000000000000e+01
-2.000000000000000000e+01
-4.000000000000000000e+00
-2.200000000000000000e+01
-6.000000000000000000e+00
-2.000000000000000000e+00
-1.400000000000000000e+01
-3.000000000000000000e+00
-3.400000000000000000e+01
7.000000000000000000e+00
-1.100000000000000000e+01
-1.800000000000000000e+01
2.000000000000000000e+00
-1.600000000000000000e+01
-8.000000000000000000e+00
1.600000000000000000e+01
-3.600000000000000000e+01
-1.200000000000000000e+01
-9.000000000000000000e+00
-1.900000000000000000e+01
1.700000000000000000e+01
1.300000000000000000e+01
-4.000000000000000000e+00
1.100000000000000000e+01
-4.000000000000000000e+01
1.400000000000000000e+01
-1.100000000000000000e+01
-6.000000000000000000e+00
-1.500000000000000000e+01
1.000000000000000000e+00
-1.500000000000000000e+01
-1.700000000000000000e+01
-1.100000000000000000e+01
6.000000000000000000e+00
1.000000000000000000e+01
-3.200000000000000000e+01
5.000000000000000000e+00
-2.500000000000000000e+01
-1.300000000000000000e+01
1.100000000000000000e+01
9.000000000000000000e+00
-1.900000000000000000e+01
-2.000000000000000000e+00
1.100000000000000000e+01
-2.700000000000000000e+01
2.000000000000000000e+00
1.800000000000000000e+01
-1.600000000000000000e+01
-5.000000000000000000e+00
-2.200000000000000000e+01
7.000000000000000000e+00
1.000000000000000000e+00
-6.000000000000000000e+00
1.000000000000000000e+01
9.000000000000000000e+00
1.700000000000000000e+01
-3.000000000000000000e+00
-3.400000000000000000e+01
6.000000000000000000e+00
1.500000000000000000e+01
1.800000000000000000e+01
1.900000000000000000e+01
2.000000000000000000e+00
-1.300000000000000000e+01
2.100000000000000000e+01
2.400000000000000000e+01
3.400000000000000000e+01
-1.000000000000000000e+01
2.400000000000000000e+01
1.300000000000000000e+01
-1.800000000000000000e+01
4.600000000000000000e+01
1.200000000000000000e+01
7.000000000000000000e+00
2.100000000000000000e+01
3.800000000000000000e+01
3.500000000000000000e+01
5.700000000000000000e+01
5.100000000000000000e+01
4.300000000000000000e+01
5.800000000000000000e+01
6.300000000000000000e+01
6.400000000000000000e+01
9.600000000000000000e+01
8.700000000000000000e+01
7.900000000000000000e+01
6.800000000000000000e+01
6.200000000000000000e+01
1.240000000000000000e+02
1.080000000000000000e+02
1.380000000000000000e+02
1.070000000000000000e+02
1.420000000000000000e+02
1.210000000000000000e+02
1.440000000000000000e+02
1.550000000000000000e+02
1.520000000000000000e+02
1.890000000000000000e+02
1.790000000000000000e+02
1.660000000000000000e+02
2.120000000000000000e+02
2.050000000000000000e+02
2.450000000000000000e+02
2.320000000000000000e+02
2.410000000000000000e+02
2.650000000000000000e+02
2.760000000000000000e+02
3.070000000000000000e+02
3.080000000000000000e+02
3.260000000000000000e+02
3.480000000000000000e+02
3.340000000000000000e+02
3.650000000000000000e+02
4.160000000000000000e+02
3.760000000000000000e+02
4.130000000000000000e+02
4.420000000000000000e+02
4.550000000000000000e+02
4.570000000000000000e+02
5.030000000000000000e+02
5.480000000000000000e+02
5.690000000000000000e+02
5.910000000000000000e+02
5.880000000000000000e+02
6.060000000000000000e+02
6.580000000000000000e+02
6.450000000000000000e+02
6.770000000000000000e+02
7.270000000000000000e+02
7.270000000000000000e+02
7.810000000000000000e+02
7.730000000000000000e+02
7.960000000000000000e+02
8.230000000000000000e+02
8.260000000000000000e+02
8.680000000000000000e+02
9.030000000000000000e+02
8.950000000000000000e+02
9.050000000000000000e+02
9.870000000000000000e+02
9.830000000000000000e+02
9.910000000000000000e+02
1.009000000000000000e+03
1.002000000000000000e+03
1.039000000000000000e+03
1.059000000000000000e+03
1.073000000000000000e+03
1.116000000000000000e+03
1.094000000000000000e+03
1.113000000000000000e+03
1.151000000000000000e+03
1.140000000000000000e+03
1.163000000000000000e+03
1.122000000000000000e+03
1.187000000000000000e+03
1.164000000000000000e+03
1.138000000000000000e+03
1.272000000000000000e+03
1.200000000000000000e+03
1.247000000000000000e+03
1.310000000000000000e+03
1.279000000000000000e+03
1.292000000000000000e+03
1.277000000000000000e+03
1.286000000000000000e+03
1.309000000000000000e+03
1.305000000000000000e+03
1.271000000000000000e+03
1.280000000000000000e+03
1.341000000000000000e+03
1.291000000000000000e+03
1.262000000000000000e+03
1.244000000000000000e+03
1.226000000000000000e+03
1.279000000000000000e+03
1.201000000000000000e+03
1.175000000000000000e+03
1.136000000000000000e+03
1.143000000000000000e+03
1.142000000000000000e+03
1.157000000000000000e+03
1.147000000000000000e+03
1.112000000000000000e+03
1.125000000000000000e+03
1.072000000000000000e+03
1.065000000000000000e+03
1.094000000000000000e+03
1.046000000000000000e+03
1.072000000000000000e+03
1.082000000000000000e+03
1.006000000000000000e+03
1.020000000000000000e+03
1.041000000000000000e+03
9.880000000000000000e+02
1.014000000000000000e+03
9.900000000000000000e+02
9.900000000000000000e+02
9.710000000000000000e+02
8.960000000000000000e+02
9.670000000000000000e+02
8.840000000000000000e+02
8.500000000000000000e+02
8.200000000000000000e+02
8.230000000000000000e+02
8.000000000000000000e+02
7.760000000000000000e+02
7.800000000000000000e+02
7.730000000000000000e+02
7.400000000000000000e+02
6.950000000000000000e+02
7.210000000000000000e+02
6.580000000000000000e+02
6.800000000000000000e+02
6.490000000000000000e+02
6.210000000000000000e+02
6.200000000000000000e+02
5.540000000000000000e+02
5.560000000000000000e+02
5.790000000000000000e+02
5.090000000000000000e+02
5.280000000000000000e+02
5.150000000000000000e+02
4.610000000000000000e+02
4.790000000000000000e+02
4.590000000000000000e+02
4.220000000000000000e+02
4.100000000000000000e+02
4.640000000000000000e+02
4.010000000000000000e+02
3.720000000000000000e+02
4.040000000000000000e+02
3.710000000000000000e+02
3.300000000000000000e+02
3.480000000000000000e+02
2.950000000000000000e+02
3.100000000000000000e+02
2.860000000000000000e+02
2.480000000000000000e+02
2.240000000000000000e+02
2.400000000000000000e+02
2.170000000000000000e+02
2.160000000000000000e+02
2.450000000000000000e+02
2.060000000000000000e+02
1.820000000000000000e+02
1.900000000000000000e+02
1.460000000000000000e+02
1.960000000000000000e+02
1.490000000000000000e+02
1.690000000000000000e+02
1.480000000000000000e+02
1.260000000000000000e+02
1.470000000000000000e+02
1.100000000000000000e+02
1.450000000000000000e+02
1.080000000000000000e+02
1.140000000000000000e+02
9.800000000000000000e+01
9.200000000000000000e+01
9.600000000000000000e+01
6.900000000000000000e+01
6.900000000000000000e+01
6.400000000000000000e+01
7.600000000000000000e+01
9.600000000000000000e+01
6.200000000000000000e+01
6.600000000000000000e+01
4.100000000000000000e+01
4.300000000000000000e+01
6.100000000000000000e+01
7.600000000000000000e+01
4.600000000000000000e+01
2.500000000000000000e+01
5.600000000000000000e+01
2.100000000000000000e+01
3.400000000000000000e+01
3.900000000000000000e+01
3.800000000000000000e+01
1.100000000000000000e+01
4.600000000000000000e+01
2.800000000000000000e+01
1.600000000000000000e+01
8.000000000000000000e+00
4.100000000000000000e+01
1.100000000000000000e+01
-9.000000000000000000e+00
1.800000000000000000e+01
6.000000000000000000e+00
1.200000000000000000e+01
2.200000000000000000e+01
4.000000000000000000e+00
7.000000000000000000e+00
1.000000000000000000e+01
-2.500000000000000000e+01
3.300000000000000000e+01
-8.000000000000000000e+00
3.300000000000000000e+01
-6.000000000000000000e+00
-3.000000000000000000e+00
-1.500000000000000000e+01
3.000000000000000000e+00
3.000000000000000000e+00
-4.000000000000000000e+00
-2.100000000000000000e+01
2.000000000000000000e+00
-1.300000000000000000e+01
-2.600000000000000000e+01
3.000000000000000000e+00
-7.000000000000000000e+00
-4.700000000000000000e+01
-1.500000000000000000e+01
3.200000000000000000e+01
9.000000000000000000e+00
-3.300000000000000000e+01
-1.000000000000000000e+01
-2.600000000000000000e+01
6.000000000000000000e+00
-2.000000000000000000e+00
-1.100000000000000000e+01
2.100000000000000000e+01
-2.700000000000000000e+01
-9.000000000000000000e+00
-2.700000000000000000e+01
-2.000000000000000000e+01
-1.000000000000000000e+01
-3.400000000000000000e+01
5.000000000000000000e+00
-1.000000000000000000e+00
-2.100000000000000000e+01
-1.500000000000000000e+01
6.000000000000000000e+00
-3.600000000000000000e+01
-1.700000000000000000e+01
-6.000000000000000000e+00
-3.800000000000000000e+01
3.000000000000000000e+00
-1.800000000000000000e+01
-2.700000000000000000e+01
1.000000000000000000e+01
1.300000000000000000e+01
-1.700000000000000000e+01
-2.500000000000000000e+01
7.000000000000000000e+00
-2.600000000000000000e+01
-1.100000000000000000e+01
0.000000000000000000e+00
-2.000000000000000000e+01
-1.000000000000000000e+00
-3.000000000000000000e+00
5.000000000000000000e+00
-1.800000000000000000e+01
2.000000000000000000e+00
-2.200000000000000000e+01
-3.000000000000000000e+00
-1.000000000000000000e+00
-2.300000000000000000e+01
-1.900000000000000000e+01
-4.000000000000000000e+00
-1.600000000000000000e+01
-1.600000000000000000e+01
7.000000000000000000e+00
-8.000000000000000000e+00
2.000000000000000000e+00
1.600000000000000000e+01
9.000000000000000000e+00
-1.600000000000000000e+01
-1.300000000000000000e+01
-4.000000000000000000e+00
4.000000000000000000e+00
-9.000000000000000000e+00
2.000000000000000000e+00
