-1.000000000000000000e+00
0.000000000000000000e+00
2.000000000000000000e+00
1.000000000000000000e+00
3.000000000000000000e+00
0.000000000000000000e+00
0.000000000000000000e+00
6.000000000000000000e+00
-1.100000000000000000e+01
-1.600000000000000000e+01
-6.000000000000000000e+00
6.000000000000000000e+00
-3.800000000000000000e+01
-8.000000000000000000e+00
-4.000000000000000000e+00
-9.000000000000000000e+00
6.000000000000000000e+00
-2.300000000000000000e+01
3.000000000000000000e+01
2.000000000000000000e+00
-1.700000000000000000e+01
6.000000000000000000e+00
2.000000000000000000e+00
9.000000000000000000e+00
-9.000000000000000000e+00
-4.000000000000000000e+00
1.100000000000000000e+01
1.800000000000000000e+01
7.000000000000000000e+00
-2.900000000000000000e+01
-4.000000000000000000e+01
4.000000000000000000e+00
4.000000000000000000e+00
0.000000000000000000e+00
3.000000000000000000e+00
-4.000000000000000000e+00
1.400000000000000000e+01
0.000000000000000000e+00
-6.000000000000000000e+00
1.600000000000000000e+01
6.000000000000000000e+00
-8.000000000000000000e+00
4.000000000000000000e+00
1.800000000000000000e+01
1.900000000000000000e+01
-1.600000000000000000e+01
7.000000000000000000e+00
-3.500000000000000000e+01
4.000000000000000000e+00
2.000000000000000000e+00
1.500000000000000000e+01
1.800000000000000000e+01
-3.500000000000000000e+01
-7.000000000000000000e+00
-1.900000000000000000e+01
9.000000000000000000e+00
7.000000000000000000e+00
-3.000000000000000000e+00
1.800000000000000000e+01
-4.000000000000000000e+00
2.400000000000000000e+01
2.700000000000000000e+01
-6.000000000000000000e+00
3.000000000000000000e+00
2.000000000000000000e+01
-9.000000000000000000e+00
6.000000000000000000e+00
1.800000000000000000e+01
1.700000000000000000e+01
4.000000000000000000e+00
-3.000000000000000000e+00
7.000000000000000000e+00
1.500000000000000000e+01
-1.100000000000000000e+01
-2.000000000000000000e+00
-6.000000000000000000e+00
1.500000000000000000e+01
-1.600000000000000000e+01
2.000000000000000000e+00
1.000000000000000000e+00
-1.900000000000000000e+01
-8.000000000000000000e+00
-2.000000000000000000e+01
-1.000000000000000000e+00
-1.000000000000000000e+00
-3.400000000000000000e+01
-1.600000000000000000e+01
-5.000000000000000000e+00
-2.000000000000000000e+00
2.000000000000000000e+00
3.000000000000000000e+00
2.000000000000000000e+01
-1.800000000000000000e+01
3.000000000000000000e+00
-2.500000000000000000e+01
1.300000000000000000e+01
-8.000000000000000000e+00
7.000000000000000000e+00
1.000000000000000000e+00
1.600000000000000000e+01
-2.000000000000000000e+00
-2.800000000000000000e+01
-1.600000000000000000e+01
-2.800000000000000000e+01
-1.200000000000000000e+01
1.900000000000000000e+01
-3.300000000000000000e+01
-9.000000000000000000e+00
-1.000000000000000000e+00
1.300000000000000000e+01
-1.700000000000000000e+01
2.700000000000000000e+01
-1.500000000000000000e+01
-5.000000000000000000e+00
3.000000000000000000e+00
1.100000000000000000e+01
-2.000000000000000000e+00
1.000000000000000000e+01
1.200000000000000000e+01
0.000000000000000000e+00
-2.200000000000000000e+01
-2.200000000000000000e+01
4.000000000000000000e+00
9.000000000000000000e+00
-4.400000000000000000e+01
-2.200000000000000000e+01
2.100000000000000000e+01
1.000000000000000000e+00
-6.000000000000000000e+00
2.300000000000000000e+01
-2.200000000000000000e+01
-8.000000000000000000e+00
-1.700000000000000000e+01
1.500000000000000000e+01
1.000000000000000000e+00
1.000000000000000000e+01
-1.600000000000000000e+01
3.000000000000000000e+01
-9.000000000000000000e+00
1.900000000000000000e+01
-1.200000000000000000e+01
-1.300000000000000000e+01
-2.200000000000000000e+01
-3.100000000000000000e+01
3.000000000000000000e+00
-9.000000000000000000e+00
0.000000000000000000e+00
-1.200000000000000000e+01
3.400000000000000000e+01
2.300000000000000000e+01
2.100000000000000000e+01
-2.000000000000000000e+00
-6.000000000000000000e+00
1.700000000000000000e+01
-4.000000000000000000e+00
-2.200000000000000000e+01
1.700000000000000000e+01
-1.300000000000000000e+01
-1.900000000000000000e+01
3.000000000000000000e+01
-4.000000000000000000e+00
-7.000000000000000000e+00
-4.600000000000000000e+01
-3.000000000000000000e+00
-7.000000000000000000e+00
-1.600000000000000000e+01
-1.400000000000000000e+01
-2.500000000000000000e+01
-2.800000000000000000e+01
-3.000000000000000000e+00
2.200000000000000000e+01
8.000000000000000000e+00
-5.000000000000000000e+00
-5.000000000000000000e+00
8.000000000000000000e+00
-4.600000000000000000e+01
-1.400000000000000000e+01
-6.000000000000000000e+00
4.000000000000000000e+00
5.000000000000000000e+00
-1.000000000000000000e+00
2.400000000000000000e+01
-3.000000000000000000e+00
1.000000000000000000e+00
-4.000000000000000000e+00
-2.300000000000000000e+01
-9.000000000000000000e+00
-1.700000000000000000e+01
-6.000000000000000000e+00
2.300000000000000000e+01
-2.300000000000000000e+01
2.000000000000000000e+00
4.000000000000000000e+01
-1.000000000000000000e+01
-2.000000000000000000e+01
-2.400000000000000000e+01
-5.000000000000000000e+00
5.000000000000000000e+01
2.300000000000000000e+01
-3.000000000000000000e+00
-1.200000000000000000e+01
3.000000000000000000e+00
-4.000000000000000000e+01
-3.000000000000000000e+00
-3.500000000000000000e+01
-1.800000000000000000e+01
-1.000000000000000000e+01
-1.400000000000000000e+01
-6.000000000000000000e+00
1.000000000000000000e+00
1.500000000000000000e+01
1.800000000000000000e+01
-1.000000000000000000e+01
-1.900000000000000000e+01
2.400000000000000000e+01
-1.000000000000000000e+00
-1.900000000000000000e+01
1.800000000000000000e+01
-2.000000000000000000e+00
-2.000000000000000000e+01
-4.500000000000000000e+01
-2.300000000000000000e+01
-2.000000000000000000e+00
-2.700000000000000000e+01
4.000000000000000000e+00
-1.600000000000000000e+01
-2.300000000000000000e+01
1.500000000000000000e+01
-8.000000000000000000e+00
-1.300000000000000000e+01
-1.800000000000000000e+01
-1.400000000000000000e+01
-1.000000000000000000e+01
2.200000000000000000e+01
-1.900000000000000000e+01
-2.600000000000000000e+01
-1.000000000000000000e+00
-8.000000000000000000e+00
-3.500000000000000000e+01
-1.500000000000000000e+01
-1.500000000000000000e+01
4.000000000000000000e+00
1.600000000000000000e+01
-3.000000000000000000e+00
-3.100000000000000000e+01
9.000000000000000000e+00
-1.000000000000000000e+00
-1.900000000000000000e+01
1.900000000000000000e+01
0.000000000000000000e+00
0.000000000000000000e+00
1.000000000000000000e+00
-2.400000000000000000e+01
-2.600000000000000000e+01
5.000000000000000000e+00
-1.600000000000000000e+01
5.000000000000000000e+00
-2.100000000000000000e+01
-1.200000000000000000e+01
-1.600000000000000000e+01
1.000000000000000000e+00
-2.700000000000000000e+01
-3.000000000000000000e+00
-8.000000000000000000e+00
2.400000000000000000e+01
-7.000000000000000000e+00
2.000000000000000000e+00
-6.000000000000000000e+00
-2.300000000000000000e+01
-1.400000000000000000e+01
3.100000000000000000e+01
-2.000000000000000000e+00
6.000000000000000000e+00
-6.000000000000000000e+00
-1.500000000000000000e+01
1.600000000000000000e+01
1.800000000000000000e+01
8.000000000000000000e+00
-7.000000000000000000e+00
4.000000000000000000e+00
-5.000000000000000000e+00
4.000000000000000000e+00
-1.100000000000000000e+01
-2.600000000000000000e+01
-4.000000000000000000e+00
2.700000000000000000e+01
1.700000000000000000e+01
1.300000000000000000e+01
2.000000000000000000e+00
-1.500000000000000000e+01
1.100000000000000000e+01
6.000000000000000000e+00
-1.800000000000000000e+01
-1.200000000000000000e+01
-7.000000000000000000e+00
-1.400000000000000000e+01
-2.500000000000000000e+01
2.300000000000000000e+01
-1.800000000000000000e+01
-6.000000000000000000e+00
-1.500000000000000000e+01
3.100000000000000000e+01
-1.500000000000000000e+01
-4.000000000000000000e+00
1.000000000000000000e+01
2.400000000000000000e+01
-1.600000000000000000e+01
1.000000000000000000e+01
7.000000000000000000e+00
5.000000000000000000e+00
1.200000000000000000e+01
-1.500000000000000000e+01
-1.800000000000000000e+01
-5.000000000000000000e+00
-3.100000000000000000e+01
-2.600000000000000000e+01
-9.000000000000000000e+00
7.000000000000000000e+00
2.300000000000000000e+01
6.000000000000000000e+00
-7.000000000000000000e+00
-1.900000000000000000e+01
-6.000000000000000000e+00
-6.000000000000000000e+00
9.000000000000000000e+00
1.700000000000000000e+01
5.000000000000000000e+00
6.000000000000000000e+00
1.500000000000000000e+01
-1.100000000000000000e+01
-2.200000000000000000e+01
-1.500000000000000000e+01
5.000000000000000000e+00
-1.400000000000000000e+01
-1.500000000000000000e+01
1.400000000000000000e+01
-8.000000000000000000e+00
-3.200000000000000000e+01
-7.000000000000000000e+00
5.000000000000000000e+00
3.000000000000000000e+00
7.000000000000000000e+00
2.200000000000000000e+01
1.400000000000000000e+01
-1.700000000000000000e+01
-1.200000000000000000e+01
-2.100000000000000000e+01
1.500000000000000000e+01
-9.000000000000000000e+00
-1.200000000000000000e+01
3.000000000000000000e+00
-1.200000000000000000e+01
-1.500000000000000000e+01
-1.000000000000000000e+00
-2.000000000000000000e+00
-6.000000000000000000e+00
5.000000000000000000e+00
1.900000000000000000e+01
1.600000000000000000e+01
1.000000000000000000e+00
1.700000000000000000e+01
-5.000000000000000000e+00
4.000000000000000000e+00
-2.000000000000000000e+01
4.000000000000000000e+00
-1.200000000000000000e+01
-2.800000000000000000e+01
7.000000000000000000e+00
2.000000000000000000e+00
-2.200000000000000000e+01
-1.100000000000000000e+01
0.000000000000000000e+00
-7.000000000000000000e+00
2.600000000000000000e+01
1.600000000000000000e+01
-2.000000000000000000e+01
-1.400000000000000000e+01
1.200000000000000000e+01
1.900000000000000000e+01
0.000000000000000000e+00
-5.000000000000000000e+00
2.000000000000000000e+00
4.000000000000000000e+00
-1.600000000000000000e+01
9.000000000000000000e+00
2.000000000000000000e+00
-5.000000000000000000e+00
1.400000000000000000e+01
1.700000000000000000e+01
-7.000000000000000000e+00
-1.200000000000000000e+01
-2.500000000000000000e+01
2.400000000000000000e+01
1.500000000000000000e+01
4.000000000000000000e+00
-6.000000000000000000e+00
3.000000000000000000e+00
1.200000000000000000e+01
1.300000000000000000e+01
-4.000000000000000000e+00
-1.100000000000000000e+01
7.000000000000000000e+00
-2.400000000000000000e+01
7.000000000000000000e+00
-1.000000000000000000e+01
-1.000000000000000000e+00
-6.000000000000000000e+00
-1.500000000000000000e+01
3.000000000000000000e+00
1.200000000000000000e+01
-6.000000000000000000e+00
-4.000000000000000000e+00
-7.000000000000000000e+00
-6.000000000000000000e+00
-4.000000000000000000e+00
1.000000000000000000e+00
-2.200000000000000000e+01
-1.800000000000000000e+01
-8.000000000000000000e+00
-1.400000000000000000e+01
4.000000000000000000e+00
-3.900000000000000000e+01
3.400000000000000000e+01
-1.100000000000000000e+01
1.400000000000000000e+01
-2.000000000000000000e+00
-2.200000000000000000e+01
-1.000000000000000000e+01
4.700000000000000000e+01
8.000000000000000000e+00
-9.000000000000000000e+00
1.100000000000000000e+01
1.400000000000000000e+01
3.000000000000000000e+00
1.500000000000000000e+01
-7.000000000000000000e+00
-1.100000000000000000e+01
-1.900000000000000000e+01
-1.900000000000000000e+01
1.200000000000000000e+01
-1.500000000000000000e+01
0.000000000000000000e+00
2.600000000000000000e+01
-3.000000000000000000e+00
5.000000000000000000e+00
-2.200000000000000000e+01
6.000000000000000000e+00
-1.500000000000000000e+01
-1.300000000000000000e+01
1.400000000000000000e+01
-7.000000000000000000e+00
-1.400000000000000000e+01
-2.000000000000000000e+00
8.000000000000000000e+00
-1.200000000000000000e+01
-1.100000000000000000e+01
-1.200000000000000000e+01
2.000000000000000000e+00
-1.600000000000000000e+01
8.000000000000000000e+00
1.900000000000000000e+01
1.500000000000000000e+01
-2.000000000000000000e+00
-4.000000000000000000e+00
0.000000000000000000e+00
-9.000000000000000000e+00
6.000000000000000000e+00
2.300000000000000000e+01
1.400000000000000000e+01
-2.100000000000000000e+01
-2.200000000000000000e+01
5.000000000000000000e+00
-5.000000000000000000e+00
1.700000000000000000e+01
-1.100000000000000000e+01
-1.700000000000000000e+01
-9.000000000000000000e+00
2.000000000000000000e+00
-8.000000000000000000e+00
0.000000000000000000e+00
0.000000000000000000e+00
-1.400000000000000000e+01
-9.000000000000000000e+00
-5.000000000000000000e+00
9.000000000000000000e+00
1.800000000000000000e+01
2.600000000000000000e+01
-8.000000000000000000e+00
2.900000000000000000e+01
-1.000000000000000000e+00
-1.000000000000000000e+00
-2.900000000000000000e+01
-7.000000000000000000e+00
-8.000000000000000000e+00
-5.000000000000000000e+00
-1.100000000000000000e+01
-2.000000000000000000e+00
0.000000000000000000e+00
2.800000000000000000e+01
-1.700000000000000000e+01
-2.600000000000000000e+01
3.000000000000000000e+00
-6.000000000000000000e+00
-1.900000000000000000e+01
-7.000000000000000000e+00
-1.000000000000000000e+01
6.000000000000000000e+00
-1.400000000000000000e+01
1.300000000000000000e+01
-1.100000000000000000e+01
1.300000000000000000e+01
2.800000000000000000e+01
2.000000000000000000e+00
-3.600000000000000000e+01
-1.400000000000000000e+01
2.300000000000000000e+01
2.000000000000000000e+01
3.000000000000000000e+00
1.500000000000000000e+01
3.000000000000000000e+00
-1.000000000000000000e+00
-1.000000000000000000e+00
1.200000000000000000e+01
-1.000000000000000000e+00
1.200000000000000000e+01
6.000000000000000000e+00
-1.500000000000000000e+01
-2.000000000000000000e+00
3.600000000000000000e+01
1.000000000000000000e+01
-2.200000000000000000e+01
-1.200000000000000000e+01
1.900000000000000000e+01
1.900000000000000000e+01
2.000000000000000000e+01
6.000000000000000000e+00
-4.000000000000000000e+00
0.000000000000000000e+00
2.500000000000000000e+01
1.400000000000000000e+01
-1.900000000000000000e+01
1.000000000000000000e+00
-2.300000000000000000e+01
1.900000000000000000e+01
0.000000000000000000e+00
2.000000000000000000e+01
-3.000000000000000000e+01
-1.200000000000000000e+01
8.000000000000000000e+00
2.500000000000000000e+01
-4.100000000000000000e+01
-1.300000000000000000e+01
1.000000000000000000e+00
-3.000000000000000000e+01
1.700000000000000000e+01
3.000000000000000000e+00
-2.800000000000000000e+01
0.000000000000000000e+00
0.000000000000000000e+00
-1.100000000000000000e+01
0.000000000000000000e+00
3.000000000000000000e+00
4.000000000000000000e+00
-1.600000000000000000e+01
9.000000000000000000e+00
2.000000000000000000e+01
5.000000000000000000e+00
-6.000000000000000000e+00
-1.800000000000000000e+01
2.000000000000000000e+01
1.000000000000000000e+00
1.000000000000000000e+01
-1.900000000000000000e+01
6.000000000000000000e+00
-5.000000000000000000e+00
5.000000000000000000e+00
2.200000000000000000e+01
1.500000000000000000e+01
-1.100000000000000000e+01
4.000000000000000000e+00
-2.900000000000000000e+01
2.000000000000000000e+00
-8.000000000000000000e+00
-4.000000000000000000e+00
8.000000000000000000e+00
-1.500000000000000000e+01
-2.000000000000000000e+01
-7.000000000000000000e+00
2.000000000000000000e+00
-1.600000000000000000e+01
3.400000000000000000e+01
-6.000000000000000000e+00
-2.000000000000000000e+00
1.800000000000000000e+01
-1.700000000000000000e+01
-2.200000000000000000e+01
-6.000000000000000000e+00
1.200000000000000000e+01
-6.000000000000000000e+00
-1.200000000000000000e+01
3.000000000000000000e+00
-1.200000000000000000e+01
-8.000000000000000000e+00
-3.200000000000000000e+01
8.000000000000000000e+00
0.000000000000000000e+00
2.500000000000000000e+01
-1.000000000000000000e+01
-2.000000000000000000e+01
2.600000000000000000e+01
-5.000000000000000000e+00
-1.400000000000000000e+01
1.500000000000000000e+01
7.000000000000000000e+00
2.300000000000000000e+01
-7.000000000000000000e+00
7.000000000000000000e+00
9.000000000000000000e+00
3.000000000000000000e+01
-2.100000000000000000e+01
1.300000000000000000e+01
0.000000000000000000e+00
2.600000000000000000e+01
1.100000000000000000e+01
-1.600000000000000000e+01
-9.000000000000000000e+00
2.700000000000000000e+01
-1.700000000000000000e+01
-2.400000000000000000e+01
1.700000000000000000e+01
1.900000000000000000e+01
-2.000000000000000000e+01
6.000000000000000000e+00
0.000000000000000000e+00
4.000000000000000000e+00
1.500000000000000000e+01
9.000000000000000000e+00
-2.000000000000000000e+00
-3.900000000000000000e+01
1.200000000000000000e+01
-9.000000000000000000e+00
-2.000000000000000000e+01
1.100000000000000000e+01
1.700000000000000000e+01
1.600000000000000000e+01
-6.000000000000000000e+00
-1.200000000000000000e+01
2.500000000000000000e+01
-4.500000000000000000e+01
5.000000000000000000e+00
2.100000000000000000e+01
-1.500000000000000000e+01
3.200000000000000000e+01
8.000000000000000000e+00
-1.400000000000000000e+01
1.800000000000000000e+01
0.000000000000000000e+00
3.400000000000000000e+01
5.600000000000000000e+01
7.000000000000000000e+00
1.600000000000000000e+01
3.000000000000000000e+00
2.200000000000000000e+01
0.000000000000000000e+00
8.000000000000000000e+00
2.200000000000000000e+01
8.000000000000000000e+00
4.000000000000000000e+00
8.000000000000000000e+00
-1.000000000000000000e+01
-3.000000000000000000e+00
2.000000000000000000e+00
-2.200000000000000000e+01
6.000000000000000000e+00
-1.300000000000000000e+01
8.000000000000000000e+00
1.000000000000000000e+00
-8.000000000000000000e+00
6.000000000000000000e+00
1.300000000000000000e+01
4.000000000000000000e+00
3.000000000000000000e+00
1.500000000000000000e+01
-4.000000000000000000e+00
-6.000000000000000000e+00
1.600000000000000000e+01
2.000000000000000000e+01
7.000000000000000000e+00
1.000000000000000000e+00
6.000000000000000000e+00
-9.000000000000000000e+00
-1.000000000000000000e+01
-9.000000000000000000e+00
3.200000000000000000e+01
1.700000000000000000e+01
4.900000000000000000e+01
5.000000000000000000e+00
-5.000000000000000000e+00
1.900000000000000000e+01
-1.000000000000000000e+00
-2.300000000000000000e+01
2.000000000000000000e+01
-6.000000000000000000e+00
-3.100000000000000000e+01
-8.000000000000000000e+00
1.300000000000000000e+01
1.500000000000000000e+01
2.300000000000000000e+01
-1.500000000000000000e+01
-1.000000000000000000e+00
-1.500000000000000000e+01
4.000000000000000000e+00
2.000000000000000000e+01
8.000000000000000000e+00
3.200000000000000000e+01
6.000000000000000000e+00
-8.000000000000000000e+00
3.000000000000000000e+00
3.200000000000000000e+01
7.000000000000000000e+00
-1.400000000000000000e+01
5.000000000000000000e+00
2.600000000000000000e+01
7.000000000000000000e+00
-2.000000000000000000e+00
4.700000000000000000e+01
8.000000000000000000e+00
-6.000000000000000000e+00
-7.000000000000000000e+00
1.000000000000000000e+01
1.700000000000000000e+01
8.000000000000000000e+00
2.000000000000000000e+00
2.800000000000000000e+01
1.000000000000000000e+01
-4.000000000000000000e+00
1.400000000000000000e+01
1.900000000000000000e+01
-2.300000000000000000e+01
6.000000000000000000e+00
3.000000000000000000e+00
5.000000000000000000e+01
1.700000000000000000e+01
7.000000000000000000e+00
-3.000000000000000000e+00
-1.000000000000000000e+00
1.600000000000000000e+01
1.500000000000000000e+01
2.300000000000000000e+01
8.000000000000000000e+00
8.000000000000000000e+00
7.000000000000000000e+00
4.400000000000000000e+01
2.000000000000000000e+01
8.000000000000000000e+00
-1.400000000000000000e+01
3.600000000000000000e+01
2.100000000000000000e+01
1.500000000000000000e+01
0.000000000000000000e+00
2.500000000000000000e+01
-1.300000000000000000e+01
-6.000000000000000000e+00
1.900000000000000000e+01
2.200000000000000000e+01
1.000000000000000000e+01
1.900000000000000000e+01
1.700000000000000000e+01
1.300000000000000000e+01
1.500000000000000000e+01
-2.000000000000000000e+00
4.000000000000000000e+01
1.600000000000000000e+01
3.200000000000000000e+01
-4.000000000000000000e+00
2.300000000000000000e+01
5.000000000000000000e+00
3.200000000000000000e+01
7.000000000000000000e+00
2.000000000000000000e+00
7.000000000000000000e+00
2.700000000000000000e+01
1.700000000000000000e+01
2.000000000000000000e+01
1.500000000000000000e+01
-1.000000000000000000e+00
-1.800000000000000000e+01
-9.000000000000000000e+00
9.000000000000000000e+00
8.000000000000000000e+00
-1.800000000000000000e+01
2.100000000000000000e+01
2.100000000000000000e+01
2.000000000000000000e+01
1.400000000000000000e+01
3.000000000000000000e+00
3.100000000000000000e+01
1.400000000000000000e+01
-9.000000000000000000e+00
-5.000000000000000000e+00
2.100000000000000000e+01
2.500000000000000000e+01
7.000000000000000000e+00
1.000000000000000000e+01
-1.300000000000000000e+01
2.800000000000000000e+01
-2.100000000000000000e+01
2.700000000000000000e+01
2.100000000000000000e+01
0.000000000000000000e+00
9.000000000000000000e+00
1.700000000000000000e+01
-9.000000000000000000e+00
1.300000000000000000e+01
1.900000000000000000e+01
1.100000000000000000e+01
3.900000000000000000e+01
1.300000000000000000e+01
1.500000000000000000e+01
6.500000000000000000e+01
1.300000000000000000e+01
2.100000000000000000e+01
5.000000000000000000e+00
4.000000000000000000e+01
2.400000000000000000e+01
1.000000000000000000e+00
9.000000000000000000e+00
1.700000000000000000e+01
1.400000000000000000e+01
1.100000000000000000e+01
7.000000000000000000e+00
-1.000000000000000000e+00
3.000000000000000000e+00
2.400000000000000000e+01
3.500000000000000000e+01
6.000000000000000000e+00
2.700000000000000000e+01
3.000000000000000000e+00
-2.000000000000000000e+00
1.100000000000000000e+01
2.300000000000000000e+01
1.200000000000000000e+01
3.300000000000000000e+01
1.000000000000000000e+01
4.000000000000000000e+00
2.900000000000000000e+01
-5.000000000000000000e+00
4.500000000000000000e+01
2.000000000000000000e+01
7.000000000000000000e+00
2.600000000000000000e+01
-1.100000000000000000e+01
-4.000000000000000000e+00
2.000000000000000000e+01
2.400000000000000000e+01
1.000000000000000000e+01
1.000000000000000000e+00
-9.000000000000000000e+00
-6.000000000000000000e+00
3.000000000000000000e+00
2.300000000000000000e+01
2.000000000000000000e+01
2.700000000000000000e+01
6.100000000000000000e+01
2.600000000000000000e+01
1.800000000000000000e+01
-3.000000000000000000e+00
5.000000000000000000e+00
2.700000000000000000e+01
2.300000000000000000e+01
2.900000000000000000e+01
-1.100000000000000000e+01
3.800000000000000000e+01
5.700000000000000000e+01
2.200000000000000000e+01
3.100000000000000000e+01
2.600000000000000000e+01
2.000000000000000000e+01
4.300000000000000000e+01
2.700000000000000000e+01
3.700000000000000000e+01
6.000000000000000000e+01
4.200000000000000000e+01
3.800000000000000000e+01
7.500000000000000000e+01
5.600000000000000000e+01
9.500000000000000000e+01
1.180000000000000000e+02
1.030000000000000000e+02
1.200000000000000000e+02
1.260000000000000000e+02
1.720000000000000000e+02
1.880000000000000000e+02
1.800000000000000000e+02
2.420000000000000000e+02
2.810000000000000000e+02
3.190000000000000000e+02
3.460000000000000000e+02
4.100000000000000000e+02
4.350000000000000000e+02
5.700000000000000000e+02
5.670000000000000000e+02
6.260000000000000000e+02
7.430000000000000000e+02
8.340000000000000000e+02
9.110000000000000000e+02
1.000000000000000000e+03
1.101000000000000000e+03
1.227000000000000000e+03
1.376000000000000000e+03
1.478000000000000000e+03
1.661000000000000000e+03
1.801000000000000000e+03
2.003000000000000000e+03
2.067000000000000000e+03
2.269000000000000000e+03
2.340000000000000000e+03
2.530000000000000000e+03
2.663000000000000000e+03
2.741000000000000000e+03
2.949000000000000000e+03
3.026000000000000000e+03
3.213000000000000000e+03
3.282000000000000000e+03
3.409000000000000000e+03
3.529000000000000000e+03
3.605000000000000000e+03
3.623000000000000000e+03
3.759000000000000000e+03
3.820000000000000000e+03
3.821000000000000000e+03
3.835000000000000000e+03
3.808000000000000000e+03
3.888000000000000000e+03
3.822000000000000000e+03
3.827000000000000000e+03
3.745000000000000000e+03
3.613000000000000000e+03
3.626000000000000000e+03
3.490000000000000000e+03
3.422000000000000000e+03
3.260000000000000000e+03
3.212000000000000000e+03
3.100000000000000000e+03
2.966000000000000000e+03
2.852000000000000000e+03
2.713000000000000000e+03
2.567000000000000000e+03
2.427000000000000000e+03
2.252000000000000000e+03
2.136000000000000000e+03
2.026000000000000000e+03
1.881000000000000000e+03
1.730000000000000000e+03
1.640000000000000000e+03
1.533000000000000000e+03
1.362000000000000000e+03
1.251000000000000000e+03
1.149000000000000000e+03
1.010000000000000000e+03
9.790000000000000000e+02
8.760000000000000000e+02
7.880000000000000000e+02
6.640000000000000000e+02
6.600000000000000000e+02
5.240000000000000000e+02
5.180000000000000000e+02
4.150000000000000000e+02
4.100000000000000000e+02
3.480000000000000000e+02
2.870000000000000000e+02
2.540000000000000000e+02
2.140000000000000000e+02
1.870000000000000000e+02
1.690000000000000000e+02
1.390000000000000000e+02
1.570000000000000000e+02
9.200000000000000000e+01
1.160000000000000000e+02
6.800000000000000000e+01
5.400000000000000000e+01
3.400000000000000000e+01
4.400000000000000000e+01
3.300000000000000000e+01
3.600000000000000000e+01
1.400000000000000000e+01
4.700000000000000000e+01
2.300000000000000000e+01
1.600000000000000000e+01
8.000000000000000000e+00
1.200000000000000000e+01
-2.000000000000000000e+00
6.500000000000000000e+01
1.200000000000000000e+01
-8.000000000000000000e+00
3.000000000000000000e+00
6.300000000000000000e+01
4.600000000000000000e+01
1.000000000000000000e+00
1.200000000000000000e+01
-1.400000000000000000e+01
2.400000000000000000e+01
3.000000000000000000e+00
4.700000000000000000e+01
0.000000000000000000e+00
-9.000000000000000000e+00
6.000000000000000000e+00
2.400000000000000000e+01
-2.800000000000000000e+01
3.200000000000000000e+01
1.500000000000000000e+01
1.000000000000000000e+00
1.700000000000000000e+01
8.000000000000000000e+00
1.300000000000000000e+01
5.000000000000000000e+00
1.100000000000000000e+01
-1.300000000000000000e+01
-3.000000000000000000e+00
-1.100000000000000000e+01
3.200000000000000000e+01
1.900000000000000000e+01
2.200000000000000000e+01
-8.000000000000000000e+00
2.100000000000000000e+01
2.000000000000000000e+00
2.700000000000000000e+01
-8.000000000000000000e+00
-1.700000000000000000e+01
-4.000000000000000000e+00
2.400000000000000000e+01
9.000000000000000000e+00
2.600000000000000000e+01
-6.000000000000000000e+00
3.100000000000000000e+01
2.100000000000000000e+01
3.100000000000000000e+01
3.500000000000000000e+01
2.700000000000000000e+01
3.300000000000000000e+01
1.800000000000000000e+01
2.200000000000000000e+01
-2.000000000000000000e+00
-1.200000000000000000e+01
3.800000000000000000e+01
-4.000000000000000000e+00
2.900000000000000000e+01
-1.200000000000000000e+01
-1.000000000000000000e+00
1.100000000000000000e+01
3.800000000000000000e+01
4.100000000000000000e+01
3.000000000000000000e+01
4.200000000000000000e+01
1.900000000000000000e+01
2.700000000000000000e+01
4.700000000000000000e+01
-9.000000000000000000e+00
1.900000000000000000e+01
1.000000000000000000e+00
1.300000000000000000e+01
1.200000000000000000e+01
1.800000000000000000e+01
-1.000000000000000000e+00
2.000000000000000000e+00
1.900000000000000000e+01
-1.100000000000000000e+01
2.000000000000000000e+01
5.000000000000000000e+00
6.000000000000000000e+00
2.600000000000000000e+01
-1.800000000000000000e+01
-9.000000000000000000e+00
5.000000000000000000e+00
-2.000000000000000000e+01
1.900000000000000000e+01
-2.000000000000000000e+00
-1.300000000000000000e+01
1.700000000000000000e+01
1.700000000000000000e+01
3.000000000000000000e+00
1.300000000000000000e+01
9.000000000000000000e+00
-2.700000000000000000e+01
2.700000000000000000e+01
-6.000000000000000000e+00
-1.200000000000000000e+01
4.000000000000000000e+00
4.000000000000000000e+00
2.100000000000000000e+01
1.200000000000000000e+01
-1.100000000000000000e+01
5.000000000000000000e+00
6.000000000000000000e+00
1.300000000000000000e+01
1.000000000000000000e+01
1.800000000000000000e+01
1.500000000000000000e+01
-1.000000000000000000e+00
2.200000000000000000e+01
7.000000000000000000e+00
1.700000000000000000e+01
2.000000000000000000e+00
2.400000000000000000e+01
-1.700000000000000000e+01
-7.000000000000000000e+00
1.100000000000000000e+01
1.700000000000000000e+01
2.700000000000000000e+01
0.000000000000000000e+00
1.600000000000000000e+01
-2.000000000000000000e+00
1.700000000000000000e+01
-1.000000000000000000e+00
1.800000000000000000e+01
-1.900000000000000000e+01
3.000000000000000000e+01
1.700000000000000000e+01
-9.000000000000000000e+00
-9.000000000000000000e+00
6.000000000000000000e+00
5.000000000000000000e+00
7.000000000000000000e+00
-3.000000000000000000e+00
1.900000000000000000e+01
2.200000000000000000e+01
1.500000000000000000e+01
0.000000000000000000e+00
8.000000000000000000e+00
2.000000000000000000e+01
0.000000000000000000e+00
5.000000000000000000e+00
7.000000000000000000e+00
3.100000000000000000e+01
2.200000000000000000e+01
6.000000000000000000e+00
-2.000000000000000000e+01
-6.000000000000000000e+00
-1.000000000000000000e+00
2.000000000000000000e+00
2.000000000000000000e+00
-9.000000000000000000e+00
2.000000000000000000e+01
-1.000000000000000000e+01
2.200000000000000000e+01
-8.000000000000000000e+00
1.200000000000000000e+01
8.000000000000000000e+00
1.700000000000000000e+01
1.300000000000000000e+01
1.800000000000000000e+01
1.900000000000000000e+01
4.000000000000000000e+00
-1.000000000000000000e+01
2.000000000000000000e+01
1.300000000000000000e+01
1.500000000000000000e+01
2.900000000000000000e+01
1.500000000000000000e+01
8.000000000000000000e+00
1.000000000000000000e+01
7.000000000000000000e+00
-1.800000000000000000e+01
-1.200000000000000000e+01
-7.000000000000000000e+00
0.000000000000000000e+00
-2.000000000000000000e+00
2.100000000000000000e+01
2.100000000000000000e+01
2.500000000000000000e+01
2.100000000000000000e+01
4.000000000000000000e+00
8.000000000000000000e+00
3.000000000000000000e+00
-1.500000000000000000e+01
-5.000000000000000000e+00
5.000000000000000000e+00
1.500000000000000000e+01
3.900000000000000000e+01
3.000000000000000000e+00
2.000000000000000000e+01
-1.500000000000000000e+01
1.100000000000000000e+01
8.000000000000000000e+00
-2.000000000000000000e+01
1.800000000000000000e+01
-1.900000000000000000e+01
-9.000000000000000000e+00
8.000000000000000000e+00
-1.800000000000000000e+01
1.100000000000000000e+01
6.000000000000000000e+00
-1.600000000000000000e+01
-3.800000000000000000e+01
1.000000000000000000e+01
1.000000000000000000e+01
3.800000000000000000e+01
1.000000000000000000e+00
3.300000000000000000e+01
-4.000000000000000000e+00
-1.200000000000000000e+01
2.800000000000000000e+01
6.000000000000000000e+00
1.700000000000000000e+01
-1.100000000000000000e+01
-2.700000000000000000e+01
1.100000000000000000e+01
1.900000000000000000e+01
4.000000000000000000e+00
3.700000000000000000e+01
-1.300000000000000000e+01
3.000000000000000000e+00
1.500000000000000000e+01
3.000000000000000000e+00
2.500000000000000000e+01
1.100000000000000000e+01
1.800000000000000000e+01
1.600000000000000000e+01
-1.600000000000000000e+01
-7.000000000000000000e+00
3.000000000000000000e+00
-2.000000000000000000e+00
-3.000000000000000000e+00
-1.000000000000000000e+00
5.000000000000000000e+00
1.900000000000000000e+01
-8.000000000000000000e+00
-2.000000000000000000e+01
-4.000000000000000000e+00
1.000000000000000000e+01
-1.900000000000000000e+01
1.600000000000000000e+01
-1.000000000000000000e+00
2.000000000000000000e+00
0.000000000000000000e+00
-2.000000000000000000e+01
-1.200000000000000000e+01
-1.300000000000000000e+01
-1.700000000000000000e+01
-4.000000000000000000e+00
0.000000000000000000e+00
2.000000000000000000e+00
-1.200000000000000000e+01
2.600000000000000000e+01
-1.000000000000000000e+01
1.200000000000000000e+01
3.300000000000000000e+01
1.600000000000000000e+01
8.000000000000000000e+00
0.000000000000000000e+00
1.600000000000000000e+01
2.000000000000000000e+00
-1.700000000000000000e+01
3.000000000000000000e+00
1.200000000000000000e+01
1.900000000000000000e+01
6.000000000000000000e+00
-6.000000000000000000e+00
-1.100000000000000000e+01
3.500000000000000000e+01
7.000000000000000000e+00
2.100000000000000000e+01
5.000000000000000000e+00
1.400000000000000000e+01
-1.000000000000000000e+00
-2.000000000000000000e+00
7.000000000000000000e+00
-2.000000000000000000e+00
4.700000000000000000e+01
-1.000000000000000000e+00
2.400000000000000000e+01
1.400000000000000000e+01
-8.000000000000000000e+00
-1.200000000000000000e+01
3.000000000000000000e+00
-2.800000000000000000e+01
-1.000000000000000000e+00
-1.700000000000000000e+01
-1.500000000000000000e+01
3.000000000000000000e+00
1.200000000000000000e+01
-5.000000000000000000e+00
-3.700000000000000000e+01
-1.200000000000000000e+01
-6.000000000000000000e+00
1.000000000000000000e+01
-4.000000000000000000e+00
1.300000000000000000e+01
1.600000000000000000e+01
-2.100000000000000000e+01
-3.000000000000000000e+00
-9.000000000000000000e+00
-5.000000000000000000e+00
-6.000000000000000000e+00
4.000000000000000000e+01
2.000000000000000000e+00
1.500000000000000000e+01
-1.400000000000000000e+01
7.000000000000000000e+00
9.000000000000000000e+00
2.300000000000000000e+01
5.000000000000000000e+00
-2.100000000000000000e+01
9.000000000000000000e+00
1.400000000000000000e+01
3.000000000000000000e+00
-2.100000000000000000e+01
9.000000000000000000e+00
-1.700000000000000000e+01
2.100000000000000000e+01
-2.000000000000000000e+01
2.100000000000000000e+01
1.100000000000000000e+01
9.000000000000000000e+00
-1.800000000000000000e+01
-1.000000000000000000e+01
1.000000000000000000e+01
-6.000000000000000000e+00
-6.000000000000000000e+00
-1.400000000000000000e+01
-1.000000000000000000e+00
-8.000000000000000000e+00
-9.000000000000000000e+00
3.000000000000000000e+00
-5.000000000000000000e+00
2.100000000000000000e+01
-8.000000000000000000e+00
-1.700000000000000000e+01
1.200000000000000000e+01
-1.300000000000000000e+01
-7.000000000000000000e+00
-1.200000000000000000e+01
-1.300000000000000000e+01
-1.500000000000000000e+01
8.000000000000000000e+00
-1.700000000000000000e+01
-2.300000000000000000e+01
-5.000000000000000000e+00
2.000000000000000000e+00
-1.300000000000000000e+01
-9.000000000000000000e+00
-3.000000000000000000e+00
1.000000000000000000e+01
2.000000000000000000e+00
2.600000000000000000e+01
1.110000000000000000e+02
1.100000000000000000e+01
-5.000000000000000000e+00
-1.800000000000000000e+01
2.500000000000000000e+01
1.000000000000000000e+00
-1.800000000000000000e+01
-5.000000000000000000e+00
-2.500000000000000000e+01
-4.000000000000000000e+00
-1.600000000000000000e+01
-1.100000000000000000e+01
6.000000000000000000e+00
-1.100000000000000000e+01
-8.000000000000000000e+00
-1.200000000000000000e+01
-5.000000000000000000e+00
-2.700000000000000000e+01
-3.100000000000000000e+01
-5.000000000000000000e+00
-1.100000000000000000e+01
-5.000000000000000000e+00
-2.000000000000000000e+00
-9.000000000000000000e+00
7.000000000000000000e+00
4.000000000000000000e+00
1.000000000000000000e+00
-6.000000000000000000e+00
1.000000000000000000e+00
1.800000000000000000e+01
-5.000000000000000000e+00
1.300000000000000000e+01
-9.000000000000000000e+00
6.000000000000000000e+00
7.000000000000000000e+00
-1.900000000000000000e+01
-1.600000000000000000e+01
-4.900000000000000000e+01
5.000000000000000000e+00
-7.000000000000000000e+00
-1.400000000000000000e+01
-7.000000000000000000e+00
4.000000000000000000e+00
-1.900000000000000000e+01
-1.000000000000000000e+00
6.000000000000000000e+00
-1.000000000000000000e+01
1.000000000000000000e+00
-3.000000000000000000e+01
1.900000000000000000e+01
7.000000000000000000e+00
-5.000000000000000000e+00
-1.100000000000000000e+01
7.000000000000000000e+00
-2.200000000000000000e+01
-1.600000000000000000e+01
-4.400000000000000000e+01
1.700000000000000000e+01
-1.700000000000000000e+01
-3.400000000000000000e+01
2.100000000000000000e+01
5.000000000000000000e+00
9.000000000000000000e+00
1.400000000000000000e+01
3.500000000000000000e+01
1.500000000000000000e+01
-5.000000000000000000e+00
-8.000000000000000000e+00
1.400000000000000000e+01
-2.100000000000000000e+01
1.000000000000000000e+00
8.000000000000000000e+00
-1.200000000000000000e+01
1.000000000000000000e+00
-2.900000000000000000e+01
3.000000000000000000e+00
6.000000000000000000e+00
-2.100000000000000000e+01
9.000000000000000000e+00
-3.600000000000000000e+01
-1.000000000000000000e+01
-9.000000000000000000e+00
-3.800000000000000000e+01
1.200000000000000000e+01
-2.300000000000000000e+01
2.900000000000000000e+01
1.100000000000000000e+01
-3.000000000000000000e+00
-1.300000000000000000e+01
2.000000000000000000e+00
-1.300000000000000000e+01
2.800000000000000000e+01
5.000000000000000000e+00
-1.100000000000000000e+01
1.100000000000000000e+01
-9.000000000000000000e+00
-1.600000000000000000e+01
2.300000000000000000e+01
-1.200000000000000000e+01
-2.000000000000000000e+01
-3.400000000000000000e+01
2.300000000000000000e+01
1.000000000000000000e+00
-2.500000000000000000e+01
3.800000000000000000e+01
-1.400000000000000000e+01
-4.000000000000000000e+00
-2.500000000000000000e+01
-2.000000000000000000e+01
-1.000000000000000000e+01
-2.400000000000000000e+01
-6.000000000000000000e+00
-2.400000000000000000e+01
2.000000000000000000e+00
1.200000000000000000e+01
8.000000000000000000e+00
6.000000000000000000e+00
-1.000000000000000000e+01
-1.000000000000000000e+00
-1.900000000000000000e+01
1.600000000000000000e+01
-9.000000000000000000e+00
0.000000000000000000e+00
7.000000000000000000e+00
-1.200000000000000000e+01
-5.000000000000000000e+00
-1.100000000000000000e+01
4.000000000000000000e+00
2.000000000000000000e+00
4.000000000000000000e+00
-1.300000000000000000e+01
-1.100000000000000000e+01
4.000000000000000000e+00
-1.200000000000000000e+01
2.000000000000000000e+01
-2.800000000000000000e+01
-1.000000000000000000e+00
-1.800000000000000000e+01
-1.700000000000000000e+01
6.000000000000000000e+00
7.000000000000000000e+00
1.500000000000000000e+01
-1.800000000000000000e+01
-6.000000000000000000e+00
-2.200000000000000000e+01
1.200000000000000000e+01
-1.700000000000000000e+01
1.100000000000000000e+01
-1.500000000000000000e+01
2.700000000000000000e+01
3.000000000000000000e+00
2.000000000000000000e+01
-3.000000000000000000e+01
-1.500000000000000000e+01
-1.500000000000000000e+01
0.000000000000000000e+00
1.000000000000000000e+00
2.000000000000000000e+01
-9.000000000000000000e+00
-2.300000000000000000e+01
-2.300000000000000000e+01
1.300000000000000000e+01
1.400000000000000000e+01
1.700000000000000000e+01
-1.800000000000000000e+01
-9.000000000000000000e+00
-6.000000000000000000e+00
-2.000000000000000000e+00
4.300000000000000000e+01
9.000000000000000000e+00
2.000000000000000000e+00
-6.000000000000000000e+00
-1.900000000000000000e+01
-2.200000000000000000e+01
1.400000000000000000e+01
-4.500000000000000000e+01
1.200000000000000000e+01
-1.000000000000000000e+00
9.000000000000000000e+00
2.000000000000000000e+00
7.000000000000000000e+00
-1.200000000000000000e+01
1.500000000000000000e+01
-1.000000000000000000e+00
-4.000000000000000000e+00
2.100000000000000000e+01
-5.000000000000000000e+00
1.100000000000000000e+01
-8.000000000000000000e+00
-2.300000000000000000e+01
0.000000000000000000e+00
3.000000000000000000e+00
-1.000000000000000000e+01
-2.800000000000000000e+01
1.000000000000000000e+01
-1.000000000000000000e+00
-1.400000000000000000e+01
5.000000000000000000e+00
-2.000000000000000000e+00
-1.000000000000000000e+01
-1.200000000000000000e+01
-1.400000000000000000e+01
-2.000000000000000000e+00
1.000000000000000000e+01
2.300000000000000000e+01
-1.000000000000000000e+01
-7.000000000000000000e+00
1.100000000000000000e+01
1.400000000000000000e+01
-1.700000000000000000e+01
4.000000000000000000e+00
-1.000000000000000000e+01
1.000000000000000000e+01
1.000000000000000000e+00
-5.000000000000000000e+00
0.000000000000000000e+00
2.000000000000000000e+00
-7.000000000000000000e+00
-3.000000000000000000e+00
7.000000000000000000e+00
-2.700000000000000000e+01
9.000000000000000000e+00
1.100000000000000000e+01
1.700000000000000000e+01
4.000000000000000000e+00
-1.300000000000000000e+01
-1.900000000000000000e+01
-1.400000000000000000e+01
-3.000000000000000000e+00
5.000000000000000000e+00
-1.800000000000000000e+01
-9.000000000000000000e+00
-1.600000000000000000e+01
-2.100000000000000000e+01
-2.300000000000000000e+01
-1.300000000000000000e+01
1.000000000000000000e+00
0.000000000000000000e+00
-1.700000000000000000e+01
5.000000000000000000e+00
-3.000000000000000000e+00
-2.900000000000000000e+01
0.000000000000000000e+00
-8.000000000000000000e+00
-6.000000000000000000e+00
-5.000000000000000000e+00
1.800000000000000000e+01
-1.200000000000000000e+01
7.000000000000000000e+00
-8.000000000000000000e+00
-7.000000000000000000e+00
-2.100000000000000000e+01
-1.600000000000000000e+01
-4.700000000000000000e+01
-5.000000000000000000e+00
-1.000000000000000000e+01
1.300000000000000000e+01
-1.600000000000000000e+01
-5.000000000000000000e+00
3.000000000000000000e+00
1.000000000000000000e+01
-1.600000000000000000e+01
3.000000000000000000e+00
-1.700000000000000000e+01
-3.000000000000000000e+00
0.000000000000000000e+00
8.000000000000000000e+00
6.000000000000000000e+00
-1.300000000000000000e+01
8.000000000000000000e+00
1.300000000000000000e+01
-8.000000000000000000e+00
-5.000000000000000000e+00
2.000000000000000000e+00
-7.000000000000000000e+00
-1.400000000000000000e+01
-2.300000000000000000e+01
-7.000000000000000000e+00
1.400000000000000000e+01
-1.500000000000000000e+01
-2.000000000000000000e+00
-1.600000000000000000e+01
-5.000000000000000000e+00
-1.300000000000000000e+01
1.100000000000000000e+01
-1.200000000000000000e+01
2.700000000000000000e+01
-1.100000000000000000e+01
0.000000000000000000e+00
-1.800000000000000000e+01
9.000000000000000000e+00
-2.000000000000000000e+00
9.000000000000000000e+00
1.200000000000000000e+01
0.000000000000000000e+00
3.000000000000000000e+00
-1.900000000000000000e+01
2.000000000000000000e+00
-1.100000000000000000e+01
2.000000000000000000e+00
3.200000000000000000e+01
1.900000000000000000e+01
1.200000000000000000e+01
-2.600000000000000000e+01
-1.000000000000000000e+00
-1.000000000000000000e+00
-9.000000000000000000e+00
-4.000000000000000000e+00
-1.000000000000000000e+00
-1.200000000000000000e+01
-2.700000000000000000e+01
-4.000000000000000000e+00
-4.000000000000000000e+00
0.000000000000000000e+00
6.000000000000000000e+00
2.400000000000000000e+01
-4.000000000000000000e+00
-3.000000000000000000e+01
-1.700000000000000000e+01
1.000000000000000000e+00
-7.000000000000000000e+00
3.000000000000000000e+00
-1.400000000000000000e+01
1.000000000000000000e+01
-2.000000000000000000e+01
-6.000000000000000000e+00
-5.300000000000000000e+01
7.000000000000000000e+00
0.000000000000000000e+00
7.000000000000000000e+00
3.000000000000000000e+00
-1.200000000000000000e+01
1.400000000000000000e+01
2.800000000000000000e+01
2.000000000000000000e+01
-1.700000000000000000e+01
-1.200000000000000000e+01
-7.000000000000000000e+00
-6.000000000000000000e+00
2.000000000000000000e+01
2.000000000000000000e+00
-6.000000000000000000e+00
2.100000000000000000e+01
8.000000000000000000e+00
6.000000000000000000e+00
-3.700000000000000000e+01
-1.100000000000000000e+01
1.500000000000000000e+01
1.300000000000000000e+01
1.300000000000000000e+01
2.000000000000000000e+00
1.900000000000000000e+01
2.000000000000000000e+00
8.000000000000000000e+00
-9.000000000000000000e+00
-1.500000000000000000e+01
-2.700000000000000000e+01
1.000000000000000000e+00
1.700000000000000000e+01
-1.700000000000000000e+01
2.900000000000000000e+01
-4.000000000000000000e+00
2.200000000000000000e+01
-9.000000000000000000e+00
1.100000000000000000e+01
-7.000000000000000000e+00
-1.400000000000000000e+01
-1.300000000000000000e+01
2.000000000000000000e+01
-1.400000000000000000e+01
-1.200000000000000000e+01
2.000000000000000000e+01
4.000000000000000000e+00
2.200000000000000000e+01
-1.100000000000000000e+01
1.200000000000000000e+01
-2.000000000000000000e+00
2.700000000000000000e+01
-1.700000000000000000e+01
0.000000000000000000e+00
3.100000000000000000e+01
2.300000000000000000e+01
2.100000000000000000e+01
8.000000000000000000e+00
-6.000000000000000000e+00
3.000000000000000000e+00
1.100000000000000000e+01
-2.400000000000000000e+01
1.100000000000000000e+01
-2.200000000000000000e+01
8.000000000000000000e+00
-6.000000000000000000e+00
3.000000000000000000e+01
1.000000000000000000e+00
7.000000000000000000e+00
7.000000000000000000e+00
-1.100000000000000000e+01
1.800000000000000000e+01
2.100000000000000000e+01
2.700000000000000000e+01
3.000000000000000000e+00
4.000000000000000000e+00
2.400000000000000000e+01
8.000000000000000000e+00
2.400000000000000000e+01
8.000000000000000000e+00
1.800000000000000000e+01
1.200000000000000000e+01
1.500000000000000000e+01
3.000000000000000000e+00
4.400000000000000000e+01
2.900000000000000000e+01
3.800000000000000000e+01
1.000000000000000000e+01
2.100000000000000000e+01
2.300000000000000000e+01
3.800000000000000000e+01
-1.000000000000000000e+01
3.400000000000000000e+01
3.200000000000000000e+01
2.400000000000000000e+01
3.200000000000000000e+01
2.900000000000000000e+01
4.100000000000000000e+01
3.000000000000000000e+01
4.200000000000000000e+01
3.000000000000000000e+01
6.400000000000000000e+01
4.700000000000000000e+01
6.100000000000000000e+01
7.000000000000000000e+01
6.900000000000000000e+01
7.700000000000000000e+01
9.400000000000000000e+01
8.300000000000000000e+01
1.020000000000000000e+02
7.400000000000000000e+01
9.800000000000000000e+01
7.800000000000000000e+01
1.060000000000000000e+02
1.100000000000000000e+02
1.190000000000000000e+02
1.470000000000000000e+02
1.210000000000000000e+02
1.510000000000000000e+02
1.820000000000000000e+02
1.570000000000000000e+02
1.640000000000000000e+02
1.810000000000000000e+02
2.010000000000000000e+02
1.910000000000000000e+02
1.990000000000000000e+02
2.580000000000000000e+02
2.210000000000000000e+02
2.390000000000000000e+02
3.130000000000000000e+02
2.870000000000000000e+02
3.020000000000000000e+02
3.030000000000000000e+02
3.390000000000000000e+02
3.300000000000000000e+02
3.250000000000000000e+02
3.960000000000000000e+02
3.700000000000000000e+02
3.760000000000000000e+02
3.880000000000000000e+02
4.380000000000000000e+02
4.530000000000000000e+02
4.610000000000000000e+02
4.830000000000000000e+02
5.040000000000000000e+02
5.380000000000000000e+02
5.530000000000000000e+02
5.670000000000000000e+02
6.140000000000000000e+02
6.330000000000000000e+02
6.610000000000000000e+02
6.510000000000000000e+02
6.990000000000000000e+02
7.260000000000000000e+02
7.500000000000000000e+02
7.840000000000000000e+02
7.850000000000000000e+02
8.040000000000000000e+02
8.630000000000000000e+02
8.130000000000000000e+02
8.720000000000000000e+02
8.830000000000000000e+02
9.090000000000000000e+02
9.690000000000000000e+02
9.700000000000000000e+02
9.760000000000000000e+02
9.740000000000000000e+02
1.015000000000000000e+03
9.910000000000000000e+02
1.077000000000000000e+03
1.083000000000000000e+03
1.106000000000000000e+03
1.116000000000000000e+03
1.087000000000000000e+03
1.126000000000000000e+03
1.113000000000000000e+03
1.108000000000000000e+03
1.121000000000000000e+03
1.167000000000000000e+03
1.169000000000000000e+03
1.220000000000000000e+03
1.198000000000000000e+03
1.209000000000000000e+03
1.249000000000000000e+03
1.224000000000000000e+03
1.292000000000000000e+03
1.272000000000000000e+03
1.272000000000000000e+03
1.292000000000000000e+03
1.297000000000000000e+03
1.319000000000000000e+03
1.292000000000000000e+03
1.300000000000000000e+03
1.287000000000000000e+03
1.293000000000000000e+03
1.268000000000000000e+03
1.266000000000000000e+03
1.298000000000000000e+03
1.236000000000000000e+03
1.228000000000000000e+03
1.247000000000000000e+03
1.173000000000000000e+03
1.170000000000000000e+03
1.157000000000000000e+03
1.113000000000000000e+03
1.133000000000000000e+03
1.125000000000000000e+03
1.101000000000000000e+03
1.105000000000000000e+03
1.066000000000000000e+03
1.042000000000000000e+03
1.091000000000000000e+03
1.042000000000000000e+03
1.064000000000000000e+03
1.022000000000000000e+03
9.850000000000000000e+02
1.035000000000000000e+03
9.830000000000000000e+02
9.480000000000000000e+02
9.670000000000000000e+02
9.560000000000000000e+02
9.240000000000000000e+02
9.350000000000000000e+02
9.170000000000000000e+02
9.020000000000000000e+02
8.930000000000000000e+02
8.500000000000000000e+02
8.140000000000000000e+02
7.660000000000000000e+02
7.940000000000000000e+02
7.660000000000000000e+02
7.290000000000000000e+02
7.340000000000000000e+02
6.560000000000000000e+02
6.710000000000000000e+02
6.480000000000000000e+02
6.640000000000000000e+02
6.350000000000000000e+02
5.770000000000000000e+02
5.730000000000000000e+02
5.580000000000000000e+02
5.530000000000000000e+02
5.340000000000000000e+02
4.940000000000000000e+02
5.230000000000000000e+02
4.780000000000000000e+02
4.670000000000000000e+02
4.680000000000000000e+02
4.100000000000000000e+02
4.650000000000000000e+02
3.600000000000000000e+02
3.780000000000000000e+02
3.800000000000000000e+02
3.780000000000000000e+02
3.440000000000000000e+02
3.520000000000000000e+02
3.410000000000000000e+02
3.210000000000000000e+02
3.140000000000000000e+02
2.850000000000000000e+02
2.890000000000000000e+02
2.450000000000000000e+02
2.390000000000000000e+02
2.290000000000000000e+02
2.390000000000000000e+02
1.940000000000000000e+02
2.390000000000000000e+02
2.040000000000000000e+02
1.860000000000000000e+02
1.890000000000000000e+02
1.730000000000000000e+02
1.900000000000000000e+02
1.800000000000000000e+02
1.580000000000000000e+02
1.730000000000000000e+02
1.530000000000000000e+02
1.580000000000000000e+02
1.130000000000000000e+02
1.060000000000000000e+02
8.900000000000000000e+01
1.190000000000000000e+02
1.060000000000000000e+02
1.210000000000000000e+02
8.500000000000000000e+01
8.000000000000000000e+01
9.200000000000000000e+01
9.100000000000000000e+01
1.010000000000000000e+02
5.100000000000000000e+01
5.200000000000000000e+01
5.300000000000000000e+01
7.100000000000000000e+01
3.300000000000000000e+01
7.800000000000000000e+01
3.300000000000000000e+01
4.400000000000000000e+01
4.400000000000000000e+01
2.700000000000000000e+01
4.600000000000000000e+01
1.400000000000000000e+01
4.900000000000000000e+01
3.700000000000000000e+01
4.700000000000000000e+01
2.000000000000000000e+01
2.400000000000000000e+01
1.200000000000000000e+01
4.900000000000000000e+01
1.800000000000000000e+01
2.800000000000000000e+01
2.200000000000000000e+01
-1.000000000000000000e+00
5.200000000000000000e+01
1.800000000000000000e+01
2.400000000000000000e+01
2.000000000000000000e+00
2.400000000000000000e+01
2.000000000000000000e+00
2.400000000000000000e+01
3.400000000000000000e+01
5.000000000000000000e+00
3.600000000000000000e+01
5.000000000000000000e+00
-1.000000000000000000e+01
1.300000000000000000e+01
9.000000000000000000e+00
-1.000000000000000000e+01
3.600000000000000000e+01
3.400000000000000000e+01
4.000000000000000000e+01
1.500000000000000000e+01
4.000000000000000000e+00
-1.000000000000000000e+01
1.600000000000000000e+01
2.400000000000000000e+01
-2.000000000000000000e+01
7.000000000000000000e+00
7.000000000000000000e+00
-1.100000000000000000e+01
1.700000000000000000e+01
1.600000000000000000e+01
1.000000000000000000e+01
-1.500000000000000000e+01
4.000000000000000000e+00
-1.400000000000000000e+01
2.000000000000000000e+00
-3.000000000000000000e+00
-1.200000000000000000e+01
2.300000000000000000e+01
-1.400000000000000000e+01
4.000000000000000000e+00
1.200000000000000000e+01
9.000000000000000000e+00
9.000000000000000000e+00
4.000000000000000000e+00
-2.000000000000000000e+00
-6.000000000000000000e+00
-4.000000000000000000e+00
-1.000000000000000000e+01
1.500000000000000000e+01
-1.600000000000000000e+01
1.800000000000000000e+01
-3.000000000000000000e+00
3.000000000000000000e+00
8.000000000000000000e+00
-2.000000000000000000e+00
4.000000000000000000e+00
2.100000000000000000e+01
2.300000000000000000e+01
5.000000000000000000e+00
1.400000000000000000e+01
-2.000000000000000000e+00
6.000000000000000000e+00
1.000000000000000000e+01
5.000000000000000000e+00
-1.400000000000000000e+01
3.200000000000000000e+01
-1.100000000000000000e+01
-1.000000000000000000e+00
-9.500000000000000000e+01
-1.000000000000000000e+01
2.000000000000000000e+01
-1.700000000000000000e+01
4.000000000000000000e+00
-6.000000000000000000e+00
-1.400000000000000000e+01
4.000000000000000000e+00
3.000000000000000000e+00
3.100000000000000000e+01
2.700000000000000000e+01
-1.500000000000000000e+01
-1.000000000000000000e+01
1.400000000000000000e+01
2.000000000000000000e+01
-4.000000000000000000e+00
-1.000000000000000000e+00
-1.000000000000000000e+00
0.000000000000000000e+00
