0.000000000000000000e+00
-1.000000000000000000e+00
-2.000000000000000000e+00
0.000000000000000000e+00
-5.000000000000000000e+00
-6.000000000000000000e+00
-4.000000000000000000e+00
1.400000000000000000e+01
-6.000000000000000000e+00
-3.000000000000000000e+00
-1.800000000000000000e+01
2.000000000000000000e+00
-1.300000000000000000e+01
1.700000000000000000e+01
0.000000000000000000e+00
-1.800000000000000000e+01
2.000000000000000000e+00
-2.000000000000000000e+00
9.000000000000000000e+00
0.000000000000000000e+00
-2.000000000000000000e+01
1.000000000000000000e+00
1.000000000000000000e+01
2.100000000000000000e+01
-2.500000000000000000e+01
-1.900000000000000000e+01
1.900000000000000000e+01
5.000000000000000000e+00
2.600000000000000000e+01
-1.900000000000000000e+01
-4.900000000000000000e+01
-6.000000000000000000e+00
-8.000000000000000000e+00
-2.900000000000000000e+01
1.900000000000000000e+01
8.000000000000000000e+00
2.000000000000000000e+00
1.300000000000000000e+01
-8.000000000000000000e+00
1.900000000000000000e+01
-1.100000000000000000e+01
7.000000000000000000e+00
-2.800000000000000000e+01
3.000000000000000000e+00
3.300000000000000000e+01
-2.600000000000000000e+01
0.000000000000000000e+00
-1.500000000000000000e+01
-1.100000000000000000e+01
-4.000000000000000000e+00
-9.000000000000000000e+00
0.000000000000000000e+00
-1.000000000000000000e+01
-2.400000000000000000e+01
-3.100000000000000000e+01
-5.000000000000000000e+00
-8.000000000000000000e+00
1.500000000000000000e+01
5.000000000000000000e+00
8.000000000000000000e+00
4.000000000000000000e+00
1.400000000000000000e+01
-2.300000000000000000e+01
8.000000000000000000e+00
1.200000000000000000e+01
-1.300000000000000000e+01
1.100000000000000000e+01
-7.000000000000000000e+00
-8.000000000000000000e+00
-1.000000000000000000e+01
9.000000000000000000e+00
2.000000000000000000e+00
-1.400000000000000000e+01
-3.000000000000000000e+00
2.000000000000000000e+01
-3.000000000000000000e+00
1.000000000000000000e+00
-1.700000000000000000e+01
-1.200000000000000000e+01
-3.000000000000000000e+00
-1.000000000000000000e+01
3.300000000000000000e+01
3.000000000000000000e+00
-8.000000000000000000e+00
-2.000000000000000000e+00
-2.500000000000000000e+01
-2.500000000000000000e+01
3.600000000000000000e+01
-1.600000000000000000e+01
1.400000000000000000e+01
1.000000000000000000e+00
1.900000000000000000e+01
-2.700000000000000000e+01
-5.000000000000000000e+00
-2.900000000000000000e+01
5.000000000000000000e+00
-6.000000000000000000e+00
1.000000000000000000e+00
2.400000000000000000e+01
-3.000000000000000000e+00
-4.000000000000000000e+00
-1.900000000000000000e+01
-1.000000000000000000e+00
-2.100000000000000000e+01
-4.000000000000000000e+01
2.000000000000000000e+00
-2.900000000000000000e+01
6.000000000000000000e+00
3.000000000000000000e+00
1.000000000000000000e+00
-6.000000000000000000e+00
1.000000000000000000e+01
-8.000000000000000000e+00
1.500000000000000000e+01
-1.700000000000000000e+01
3.200000000000000000e+01
5.000000000000000000e+00
3.900000000000000000e+01
-1.100000000000000000e+01
-1.600000000000000000e+01
-4.000000000000000000e+00
-1.000000000000000000e+00
1.900000000000000000e+01
7.000000000000000000e+00
-3.700000000000000000e+01
-2.100000000000000000e+01
-8.000000000000000000e+00
-9.000000000000000000e+00
-8.000000000000000000e+00
3.000000000000000000e+00
-3.800000000000000000e+01
2.500000000000000000e+01
-1.500000000000000000e+01
1.600000000000000000e+01
-2.000000000000000000e+00
0.000000000000000000e+00
-7.000000000000000000e+00
2.900000000000000000e+01
-1.600000000000000000e+01
-3.000000000000000000e+00
-2.200000000000000000e+01
1.600000000000000000e+01
-1.600000000000000000e+01
-1.800000000000000000e+01
1.900000000000000000e+01
-1.100000000000000000e+01
-1.700000000000000000e+01
7.000000000000000000e+00
1.500000000000000000e+01
0.000000000000000000e+00
8.000000000000000000e+00
1.000000000000000000e+00
-3.500000000000000000e+01
1.100000000000000000e+01
-1.000000000000000000e+00
-2.100000000000000000e+01
-1.600000000000000000e+01
2.200000000000000000e+01
-6.000000000000000000e+00
3.200000000000000000e+01
-1.100000000000000000e+01
7.000000000000000000e+00
-2.000000000000000000e+00
5.000000000000000000e+00
1.900000000000000000e+01
-4.000000000000000000e+00
-2.800000000000000000e+01
4.000000000000000000e+00
-1.500000000000000000e+01
-2.000000000000000000e+00
2.300000000000000000e+01
4.000000000000000000e+00
1.300000000000000000e+01
6.000000000000000000e+00
8.000000000000000000e+00
-1.100000000000000000e+01
-2.100000000000000000e+01
-2.100000000000000000e+01
4.000000000000000000e+01
1.100000000000000000e+01
-1.100000000000000000e+01
-4.000000000000000000e+00
1.600000000000000000e+01
9.000000000000000000e+00
2.000000000000000000e+00
0.000000000000000000e+00
-3.200000000000000000e+01
1.700000000000000000e+01
2.000000000000000000e+00
1.000000000000000000e+01
-3.000000000000000000e+01
-8.000000000000000000e+00
1.700000000000000000e+01
-2.900000000000000000e+01
-1.000000000000000000e+01
-2.700000000000000000e+01
1.400000000000000000e+01
1.900000000000000000e+01
1.500000000000000000e+01
2.700000000000000000e+01
-2.600000000000000000e+01
-1.000000000000000000e+01
-3.300000000000000000e+01
-1.000000000000000000e+00
-2.900000000000000000e+01
1.500000000000000000e+01
-1.500000000000000000e+01
-1.200000000000000000e+01
4.000000000000000000e+00
-2.400000000000000000e+01
-8.000000000000000000e+00
-2.300000000000000000e+01
9.000000000000000000e+00
1.700000000000000000e+01
-2.200000000000000000e+01
2.000000000000000000e+01
-2.000000000000000000e+00
6.000000000000000000e+00
-2.400000000000000000e+01
-8.000000000000000000e+00
-3.500000000000000000e+01
-8.000000000000000000e+00
4.000000000000000000e+00
1.400000000000000000e+01
-4.000000000000000000e+00
-3.000000000000000000e+00
-2.800000000000000000e+01
6.000000000000000000e+00
1.300000000000000000e+01
1.000000000000000000e+00
-1.600000000000000000e+01
4.000000000000000000e+00
1.000000000000000000e+01
-4.000000000000000000e+00
-5.000000000000000000e+00
-8.000000000000000000e+00
1.200000000000000000e+01
4.000000000000000000e+00
-3.100000000000000000e+01
2.100000000000000000e+01
-6.000000000000000000e+00
1.000000000000000000e+00
1.200000000000000000e+01
-1.000000000000000000e+00
4.000000000000000000e+00
-3.000000000000000000e+00
-3.000000000000000000e+00
-4.200000000000000000e+01
1.500000000000000000e+01
-1.300000000000000000e+01
7.000000000000000000e+00
1.200000000000000000e+01
-3.600000000000000000e+01
-2.100000000000000000e+01
-1.700000000000000000e+01
-1.300000000000000000e+01
9.000000000000000000e+00
-1.000000000000000000e+00
-1.900000000000000000e+01
-4.200000000000000000e+01
4.000000000000000000e+00
-4.100000000000000000e+01
1.500000000000000000e+01
-1.500000000000000000e+01
2.800000000000000000e+01
5.000000000000000000e+00
1.400000000000000000e+01
1.300000000000000000e+01
6.000000000000000000e+00
-1.000000000000000000e+01
3.400000000000000000e+01
-1.700000000000000000e+01
6.000000000000000000e+00
-3.500000000000000000e+01
-5.000000000000000000e+00
3.900000000000000000e+01
1.000000000000000000e+00
2.500000000000000000e+01
-9.000000000000000000e+00
1.300000000000000000e+01
-3.000000000000000000e+00
5.000000000000000000e+00
-1.800000000000000000e+01
-1.800000000000000000e+01
-2.100000000000000000e+01
1.600000000000000000e+01
2.400000000000000000e+01
6.000000000000000000e+00
2.100000000000000000e+01
3.000000000000000000e+00
-1.000000000000000000e+00
7.000000000000000000e+00
-1.900000000000000000e+01
-4.000000000000000000e+00
-1.000000000000000000e+00
-1.100000000000000000e+01
1.200000000000000000e+01
2.300000000000000000e+01
2.000000000000000000e+00
-4.000000000000000000e+00
-1.000000000000000000e+01
1.300000000000000000e+01
-2.600000000000000000e+01
-3.000000000000000000e+00
2.200000000000000000e+01
3.400000000000000000e+01
3.000000000000000000e+00
-1.400000000000000000e+01
-2.300000000000000000e+01
-2.700000000000000000e+01
1.100000000000000000e+01
2.400000000000000000e+01
-1.200000000000000000e+01
-1.200000000000000000e+01
-2.300000000000000000e+01
5.000000000000000000e+00
1.000000000000000000e+00
0.000000000000000000e+00
6.000000000000000000e+00
0.000000000000000000e+00
5.000000000000000000e+00
-4.000000000000000000e+00
-2.100000000000000000e+01
-4.000000000000000000e+00
1.700000000000000000e+01
7.000000000000000000e+00
1.300000000000000000e+01
-2.400000000000000000e+01
1.000000000000000000e+01
-1.000000000000000000e+01
-1.000000000000000000e+00
-2.300000000000000000e+01
-2.100000000000000000e+01
0.000000000000000000e+00
-2.000000000000000000e+00
1.300000000000000000e+01
-6.000000000000000000e+00
2.000000000000000000e+01
1.800000000000000000e+01
-1.500000000000000000e+01
-5.000000000000000000e+00
1.000000000000000000e+00
7.000000000000000000e+00
-1.500000000000000000e+01
1.000000000000000000e+00
-1.500000000000000000e+01
5.000000000000000000e+00
1.200000000000000000e+01
-4.000000000000000000e+00
5.000000000000000000e+00
-2.900000000000000000e+01
-1.100000000000000000e+01
-2.600000000000000000e+01
2.200000000000000000e+01
6.000000000000000000e+00
-9.000000000000000000e+00
9.000000000000000000e+00
-1.000000000000000000e+00
1.400000000000000000e+01
-2.000000000000000000e+00
2.500000000000000000e+01
5.000000000000000000e+00
-1.100000000000000000e+01
8.000000000000000000e+00
-2.400000000000000000e+01
2.000000000000000000e+01
-1.800000000000000000e+01
4.000000000000000000e+00
1.600000000000000000e+01
-3.000000000000000000e+01
9.000000000000000000e+00
1.900000000000000000e+01
-7.000000000000000000e+00
-1.900000000000000000e+01
-1.100000000000000000e+01
-7.000000000000000000e+00
-2.200000000000000000e+01
-3.000000000000000000e+00
4.400000000000000000e+01
-7.000000000000000000e+00
-1.000000000000000000e+00
-1.200000000000000000e+01
1.500000000000000000e+01
-3.000000000000000000e+01
1.100000000000000000e+01
2.000000000000000000e+00
2.000000000000000000e+01
1.600000000000000000e+01
1.100000000000000000e+01
-1.300000000000000000e+01
-1.000000000000000000e+01
2.200000000000000000e+01
1.000000000000000000e+01
1.600000000000000000e+01
2.300000000000000000e+01
-9.000000000000000000e+00
1.500000000000000000e+01
3.200000000000000000e+01
-5.000000000000000000e+00
-4.000000000000000000e+00
-3.000000000000000000e+00
1.800000000000000000e+01
8.000000000000000000e+00
1.000000000000000000e+01
-2.100000000000000000e+01
-3.000000000000000000e+00
-4.000000000000000000e+00
-1.100000000000000000e+01
-7.000000000000000000e+00
2.500000000000000000e+01
7.000000000000000000e+00
-5.000000000000000000e+00
-5.000000000000000000e+00
-1.500000000000000000e+01
2.800000000000000000e+01
0.000000000000000000e+00
4.000000000000000000e+00
-2.100000000000000000e+01
-3.000000000000000000e+00
-1.600000000000000000e+01
9.000000000000000000e+00
-2.200000000000000000e+01
9.000000000000000000e+00
9.000000000000000000e+00
-7.000000000000000000e+00
1.400000000000000000e+01
1.000000000000000000e+00
1.200000000000000000e+01
1.600000000000000000e+01
-4.000000000000000000e+00
1.800000000000000000e+01
1.800000000000000000e+01
4.100000000000000000e+01
5.000000000000000000e+00
-2.300000000000000000e+01
1.400000000000000000e+01
-1.900000000000000000e+01
1.800000000000000000e+01
-2.000000000000000000e+01
7.000000000000000000e+00
-5.000000000000000000e+00
-5.000000000000000000e+00
-7.000000000000000000e+00
-2.400000000000000000e+01
1.000000000000000000e+01
-1.200000000000000000e+01
1.000000000000000000e+00
-2.000000000000000000e+00
-6.000000000000000000e+00
-3.000000000000000000e+00
-1.400000000000000000e+01
7.000000000000000000e+00
-2.100000000000000000e+01
4.000000000000000000e+00
1.000000000000000000e+00
-1.900000000000000000e+01
1.900000000000000000e+01
9.000000000000000000e+00
-4.000000000000000000e+00
-1.000000000000000000e+00
-1.500000000000000000e+01
3.100000000000000000e+01
3.100000000000000000e+01
1.400000000000000000e+01
5.000000000000000000e+00
3.600000000000000000e+01
-1.600000000000000000e+01
1.200000000000000000e+01
-1.200000000000000000e+01
-2.600000000000000000e+01
-1.800000000000000000e+01
1.700000000000000000e+01
-2.000000000000000000e+01
1.100000000000000000e+01
-1.400000000000000000e+01
-4.000000000000000000e+00
0.000000000000000000e+00
2.400000000000000000e+01
-1.100000000000000000e+01
1.900000000000000000e+01
-2.100000000000000000e+01
-1.000000000000000000e+00
-3.000000000000000000e+01
-1.600000000000000000e+01
2.300000000000000000e+01
4.000000000000000000e+00
-4.000000000000000000e+00
-2.000000000000000000e+01
2.000000000000000000e+01
8.000000000000000000e+00
-1.100000000000000000e+01
-2.800000000000000000e+01
2.900000000000000000e+01
9.000000000000000000e+00
-1.600000000000000000e+01
-1.000000000000000000e+00
1.300000000000000000e+01
4.000000000000000000e+00
3.100000000000000000e+01
1.000000000000000000e+00
-9.000000000000000000e+00
0.000000000000000000e+00
2.300000000000000000e+01
-1.200000000000000000e+01
-1.200000000000000000e+01
1.000000000000000000e+00
3.000000000000000000e+00
-3.000000000000000000e+01
7.000000000000000000e+00
-1.000000000000000000e+00
-2.100000000000000000e+01
2.500000000000000000e+01
9.000000000000000000e+00
-5.000000000000000000e+00
1.400000000000000000e+01
7.000000000000000000e+00
1.000000000000000000e+00
-9.000000000000000000e+00
1.800000000000000000e+01
1.100000000000000000e+01
2.700000000000000000e+01
1.100000000000000000e+01
-1.000000000000000000e+00
7.000000000000000000e+00
7.000000000000000000e+00
2.000000000000000000e+00
1.300000000000000000e+01
3.300000000000000000e+01
2.400000000000000000e+01
3.200000000000000000e+01
-3.000000000000000000e+00
7.000000000000000000e+00
4.700000000000000000e+01
2.600000000000000000e+01
3.000000000000000000e+00
1.100000000000000000e+01
1.300000000000000000e+01
3.000000000000000000e+01
3.600000000000000000e+01
5.300000000000000000e+01
2.100000000000000000e+01
-4.000000000000000000e+00
1.000000000000000000e+01
1.100000000000000000e+01
3.300000000000000000e+01
3.700000000000000000e+01
-1.800000000000000000e+01
9.000000000000000000e+00
7.000000000000000000e+00
7.000000000000000000e+00
-1.600000000000000000e+01
8.000000000000000000e+00
1.500000000000000000e+01
-1.700000000000000000e+01
2.200000000000000000e+01
-4.000000000000000000e+00
-3.100000000000000000e+01
1.800000000000000000e+01
-1.200000000000000000e+01
1.000000000000000000e+01
-1.600000000000000000e+01
-8.000000000000000000e+00
3.100000000000000000e+01
-3.200000000000000000e+01
-1.200000000000000000e+01
1.900000000000000000e+01
3.000000000000000000e+00
1.000000000000000000e+00
3.000000000000000000e+00
6.000000000000000000e+00
6.000000000000000000e+00
1.600000000000000000e+01
1.400000000000000000e+01
2.000000000000000000e+01
8.000000000000000000e+00
9.000000000000000000e+00
1.700000000000000000e+01
1.100000000000000000e+01
1.000000000000000000e+01
5.000000000000000000e+00
0.000000000000000000e+00
2.900000000000000000e+01
1.900000000000000000e+01
1.200000000000000000e+01
1.300000000000000000e+01
3.000000000000000000e+00
2.800000000000000000e+01
-3.400000000000000000e+01
-1.000000000000000000e+01
7.000000000000000000e+00
1.800000000000000000e+01
6.000000000000000000e+00
1.800000000000000000e+01
2.000000000000000000e+00
-2.300000000000000000e+01
-1.000000000000000000e+00
-2.800000000000000000e+01
-9.000000000000000000e+00
1.100000000000000000e+01
0.000000000000000000e+00
1.500000000000000000e+01
-4.000000000000000000e+00
-3.000000000000000000e+00
-2.100000000000000000e+01
-8.000000000000000000e+00
-7.000000000000000000e+00
2.400000000000000000e+01
-8.000000000000000000e+00
0.000000000000000000e+00
1.900000000000000000e+01
-9.000000000000000000e+00
-1.600000000000000000e+01
2.900000000000000000e+01
2.200000000000000000e+01
1.800000000000000000e+01
2.300000000000000000e+01
5.000000000000000000e+00
1.400000000000000000e+01
2.100000000000000000e+01
1.400000000000000000e+01
1.800000000000000000e+01
3.000000000000000000e+00
1.200000000000000000e+01
-1.200000000000000000e+01
-3.000000000000000000e+00
1.500000000000000000e+01
2.600000000000000000e+01
-4.000000000000000000e+00
6.000000000000000000e+00
2.300000000000000000e+01
2.000000000000000000e+00
-2.200000000000000000e+01
8.000000000000000000e+00
8.000000000000000000e+00
5.000000000000000000e+00
3.500000000000000000e+01
1.000000000000000000e+00
-1.400000000000000000e+01
7.000000000000000000e+00
3.200000000000000000e+01
5.000000000000000000e+00
8.000000000000000000e+00
1.800000000000000000e+01
1.300000000000000000e+01
1.800000000000000000e+01
-2.000000000000000000e+00
1.000000000000000000e+00
2.800000000000000000e+01
-4.800000000000000000e+01
-3.000000000000000000e+00
2.100000000000000000e+01
-5.000000000000000000e+00
1.900000000000000000e+01
8.000000000000000000e+00
2.500000000000000000e+01
1.400000000000000000e+01
-4.000000000000000000e+00
3.100000000000000000e+01
4.100000000000000000e+01
2.000000000000000000e+00
7.000000000000000000e+00
1.100000000000000000e+01
9.000000000000000000e+00
-3.000000000000000000e+00
-2.000000000000000000e+00
4.300000000000000000e+01
1.800000000000000000e+01
-9.000000000000000000e+00
1.500000000000000000e+01
1.100000000000000000e+01
1.000000000000000000e+01
1.200000000000000000e+01
2.000000000000000000e+01
1.600000000000000000e+01
-1.200000000000000000e+01
-5.000000000000000000e+00
1.400000000000000000e+01
-3.100000000000000000e+01
2.100000000000000000e+01
6.000000000000000000e+00
-2.000000000000000000e+00
-5.000000000000000000e+00
2.900000000000000000e+01
5.000000000000000000e+00
2.800000000000000000e+01
9.000000000000000000e+00
2.200000000000000000e+01
2.200000000000000000e+01
-1.100000000000000000e+01
2.800000000000000000e+01
1.100000000000000000e+01
-8.000000000000000000e+00
3.400000000000000000e+01
3.100000000000000000e+01
1.000000000000000000e+01
3.700000000000000000e+01
1.800000000000000000e+01
4.000000000000000000e+00
1.500000000000000000e+01
2.000000000000000000e+00
-2.000000000000000000e+00
1.600000000000000000e+01
1.500000000000000000e+01
-1.300000000000000000e+01
2.900000000000000000e+01
0.000000000000000000e+00
-2.000000000000000000e+00
4.600000000000000000e+01
1.100000000000000000e+01
1.000000000000000000e+00
6.000000000000000000e+00
8.000000000000000000e+00
5.700000000000000000e+01
5.200000000000000000e+01
2.700000000000000000e+01
-4.000000000000000000e+00
3.000000000000000000e+00
-1.400000000000000000e+01
2.200000000000000000e+01
2.300000000000000000e+01
-2.000000000000000000e+01
2.700000000000000000e+01
1.300000000000000000e+01
1.900000000000000000e+01
5.000000000000000000e+00
1.100000000000000000e+01
1.700000000000000000e+01
-2.100000000000000000e+01
4.000000000000000000e+00
-1.000000000000000000e+00
1.500000000000000000e+01
1.500000000000000000e+01
-1.300000000000000000e+01
8.000000000000000000e+00
5.000000000000000000e+00
3.000000000000000000e+01
2.200000000000000000e+01
2.000000000000000000e+00
-2.000000000000000000e+01
3.400000000000000000e+01
1.700000000000000000e+01
5.500000000000000000e+01
1.900000000000000000e+01
0.000000000000000000e+00
3.000000000000000000e+00
1.400000000000000000e+01
2.700000000000000000e+01
2.400000000000000000e+01
1.700000000000000000e+01
2.400000000000000000e+01
2.100000000000000000e+01
4.000000000000000000e+00
6.100000000000000000e+01
2.300000000000000000e+01
4.700000000000000000e+01
8.000000000000000000e+00
4.700000000000000000e+01
7.000000000000000000e+00
3.800000000000000000e+01
3.000000000000000000e+00
2.000000000000000000e+01
9.000000000000000000e+00
1.900000000000000000e+01
-7.000000000000000000e+00
1.900000000000000000e+01
1.000000000000000000e+01
4.700000000000000000e+01
-1.000000000000000000e+01
-4.000000000000000000e+00
-1.400000000000000000e+01
8.000000000000000000e+00
4.000000000000000000e+01
2.300000000000000000e+01
1.900000000000000000e+01
3.400000000000000000e+01
-9.000000000000000000e+00
1.500000000000000000e+01
5.000000000000000000e+00
3.100000000000000000e+01
3.500000000000000000e+01
-6.000000000000000000e+00
3.600000000000000000e+01
2.800000000000000000e+01
1.200000000000000000e+01
1.700000000000000000e+01
-5.000000000000000000e+00
-2.000000000000000000e+00
0.000000000000000000e+00
1.700000000000000000e+01
5.000000000000000000e+00
2.000000000000000000e+00
2.300000000000000000e+01
4.900000000000000000e+01
3.200000000000000000e+01
1.500000000000000000e+01
-2.000000000000000000e+00
1.800000000000000000e+01
9.000000000000000000e+00
1.000000000000000000e+01
-1.300000000000000000e+01
3.900000000000000000e+01
1.900000000000000000e+01
-1.100000000000000000e+01
2.600000000000000000e+01
1.800000000000000000e+01
1.000000000000000000e+01
3.300000000000000000e+01
2.600000000000000000e+01
1.000000000000000000e+01
2.000000000000000000e+01
1.500000000000000000e+01
5.300000000000000000e+01
-5.000000000000000000e+00
2.800000000000000000e+01
-2.200000000000000000e+01
2.200000000000000000e+01
3.500000000000000000e+01
1.300000000000000000e+01
2.900000000000000000e+01
5.200000000000000000e+01
3.200000000000000000e+01
3.700000000000000000e+01
3.000000000000000000e+00
2.900000000000000000e+01
4.600000000000000000e+01
-1.000000000000000000e+01
2.100000000000000000e+01
2.600000000000000000e+01
2.700000000000000000e+01
2.300000000000000000e+01
-1.000000000000000000e+00
2.100000000000000000e+01
-5.000000000000000000e+00
2.300000000000000000e+01
4.400000000000000000e+01
9.000000000000000000e+00
4.600000000000000000e+01
1.000000000000000000e+01
1.300000000000000000e+01
3.900000000000000000e+01
3.600000000000000000e+01
3.500000000000000000e+01
2.500000000000000000e+01
7.000000000000000000e+00
2.500000000000000000e+01
3.100000000000000000e+01
2.000000000000000000e+00
4.000000000000000000e+01
1.300000000000000000e+01
1.600000000000000000e+01
2.000000000000000000e+00
2.300000000000000000e+01
7.000000000000000000e+00
2.700000000000000000e+01
3.000000000000000000e+01
1.300000000000000000e+01
3.000000000000000000e+01
6.000000000000000000e+00
2.400000000000000000e+01
4.300000000000000000e+01
2.300000000000000000e+01
3.900000000000000000e+01
4.200000000000000000e+01
4.700000000000000000e+01
4.000000000000000000e+01
2.800000000000000000e+01
-1.100000000000000000e+01
1.200000000000000000e+01
6.000000000000000000e+01
1.800000000000000000e+01
5.000000000000000000e+01
4.500000000000000000e+01
6.700000000000000000e+01
5.900000000000000000e+01
4.700000000000000000e+01
4.300000000000000000e+01
7.600000000000000000e+01
4.400000000000000000e+01
6.100000000000000000e+01
6.400000000000000000e+01
7.000000000000000000e+01
7.200000000000000000e+01
9.000000000000000000e+01
8.500000000000000000e+01
1.220000000000000000e+02
9.800000000000000000e+01
1.560000000000000000e+02
1.570000000000000000e+02
1.520000000000000000e+02
1.380000000000000000e+02
1.970000000000000000e+02
2.130000000000000000e+02
2.210000000000000000e+02
2.310000000000000000e+02
2.770000000000000000e+02
3.220000000000000000e+02
3.240000000000000000e+02
4.140000000000000000e+02
3.870000000000000000e+02
4.750000000000000000e+02
5.350000000000000000e+02
6.330000000000000000e+02
6.580000000000000000e+02
7.870000000000000000e+02
8.340000000000000000e+02
8.710000000000000000e+02
9.840000000000000000e+02
1.080000000000000000e+03
1.240000000000000000e+03
1.344000000000000000e+03
1.497000000000000000e+03
1.604000000000000000e+03
1.735000000000000000e+03
1.907000000000000000e+03
2.019000000000000000e+03
2.158000000000000000e+03
2.326000000000000000e+03
2.451000000000000000e+03
2.619000000000000000e+03
2.808000000000000000e+03
2.808000000000000000e+03
3.011000000000000000e+03
3.124000000000000000e+03
3.220000000000000000e+03
3.365000000000000000e+03
3.535000000000000000e+03
3.621000000000000000e+03
3.696000000000000000e+03
3.707000000000000000e+03
3.893000000000000000e+03
3.886000000000000000e+03
3.953000000000000000e+03
3.972000000000000000e+03
3.968000000000000000e+03
3.986000000000000000e+03
3.973000000000000000e+03
3.942000000000000000e+03
3.871000000000000000e+03
3.866000000000000000e+03
3.765000000000000000e+03
3.730000000000000000e+03
3.629000000000000000e+03
3.583000000000000000e+03
3.453000000000000000e+03
3.327000000000000000e+03
3.217000000000000000e+03
3.078000000000000000e+03
2.920000000000000000e+03
2.814000000000000000e+03
2.676000000000000000e+03
2.536000000000000000e+03
2.429000000000000000e+03
2.204000000000000000e+03
2.082000000000000000e+03
2.012000000000000000e+03
1.848000000000000000e+03
1.705000000000000000e+03
1.631000000000000000e+03
1.458000000000000000e+03
1.349000000000000000e+03
1.173000000000000000e+03
1.131000000000000000e+03
9.970000000000000000e+02
9.300000000000000000e+02
8.670000000000000000e+02
7.420000000000000000e+02
6.790000000000000000e+02
5.870000000000000000e+02
5.680000000000000000e+02
4.740000000000000000e+02
4.380000000000000000e+02
3.820000000000000000e+02
3.340000000000000000e+02
2.600000000000000000e+02
2.680000000000000000e+02
2.240000000000000000e+02
2.350000000000000000e+02
1.590000000000000000e+02
1.610000000000000000e+02
9.700000000000000000e+01
1.030000000000000000e+02
9.000000000000000000e+01
1.140000000000000000e+02
7.900000000000000000e+01
8.000000000000000000e+01
5.600000000000000000e+01
5.200000000000000000e+01
3.100000000000000000e+01
2.600000000000000000e+01
3.300000000000000000e+01
1.700000000000000000e+01
4.800000000000000000e+01
4.100000000000000000e+01
4.000000000000000000e+00
1.200000000000000000e+01
-1.000000000000000000e+00
2.800000000000000000e+01
4.100000000000000000e+01
-8.000000000000000000e+00
5.300000000000000000e+01
-2.000000000000000000e+00
3.200000000000000000e+01
3.000000000000000000e+01
3.400000000000000000e+01
8.000000000000000000e+00
6.000000000000000000e+00
2.000000000000000000e+00
5.000000000000000000e+00
2.000000000000000000e+00
6.000000000000000000e+00
3.100000000000000000e+01
1.100000000000000000e+01
3.000000000000000000e+01
3.400000000000000000e+01
-5.000000000000000000e+00
1.000000000000000000e+00
2.100000000000000000e+01
-8.000000000000000000e+00
-3.900000000000000000e+01
1.000000000000000000e+01
2.900000000000000000e+01
1.900000000000000000e+01
1.200000000000000000e+01
-2.000000000000000000e+00
8.000000000000000000e+00
-5.000000000000000000e+00
3.800000000000000000e+01
2.000000000000000000e+00
9.000000000000000000e+00
3.000000000000000000e+01
2.000000000000000000e+01
3.000000000000000000e+00
5.000000000000000000e+01
-1.000000000000000000e+00
4.100000000000000000e+01
-7.000000000000000000e+00
1.000000000000000000e+01
3.400000000000000000e+01
2.700000000000000000e+01
1.800000000000000000e+01
9.000000000000000000e+00
2.100000000000000000e+01
-3.000000000000000000e+00
8.000000000000000000e+00
3.300000000000000000e+01
-2.000000000000000000e+00
1.900000000000000000e+01
-6.000000000000000000e+00
1.000000000000000000e+00
1.000000000000000000e+00
1.500000000000000000e+01
1.500000000000000000e+01
4.400000000000000000e+01
3.300000000000000000e+01
3.300000000000000000e+01
2.700000000000000000e+01
3.500000000000000000e+01
1.000000000000000000e+01
-2.000000000000000000e+00
1.900000000000000000e+01
1.200000000000000000e+01
-1.000000000000000000e+00
1.400000000000000000e+01
1.300000000000000000e+01
2.900000000000000000e+01
2.300000000000000000e+01
8.000000000000000000e+00
1.100000000000000000e+01
8.000000000000000000e+00
2.100000000000000000e+01
2.000000000000000000e+01
1.400000000000000000e+01
-1.600000000000000000e+01
-6.000000000000000000e+00
-1.100000000000000000e+01
1.000000000000000000e+00
-1.600000000000000000e+01
-3.000000000000000000e+00
1.100000000000000000e+01
-1.100000000000000000e+01
-2.000000000000000000e+00
9.000000000000000000e+00
0.000000000000000000e+00
-8.000000000000000000e+00
2.400000000000000000e+01
8.000000000000000000e+00
-3.100000000000000000e+01
2.500000000000000000e+01
-2.000000000000000000e+00
0.000000000000000000e+00
3.400000000000000000e+01
-8.000000000000000000e+00
3.600000000000000000e+01
2.700000000000000000e+01
2.900000000000000000e+01
2.300000000000000000e+01
2.700000000000000000e+01
-2.000000000000000000e+00
3.700000000000000000e+01
2.000000000000000000e+01
-4.000000000000000000e+00
-9.000000000000000000e+00
2.200000000000000000e+01
-3.000000000000000000e+00
1.000000000000000000e+00
1.000000000000000000e+00
8.000000000000000000e+00
4.500000000000000000e+01
2.800000000000000000e+01
3.000000000000000000e+00
1.400000000000000000e+01
1.900000000000000000e+01
2.000000000000000000e+01
1.000000000000000000e+00
1.900000000000000000e+01
8.000000000000000000e+00
-2.100000000000000000e+01
5.500000000000000000e+01
-1.500000000000000000e+01
-1.600000000000000000e+01
3.900000000000000000e+01
-9.000000000000000000e+00
7.000000000000000000e+00
1.000000000000000000e+00
1.800000000000000000e+01
9.000000000000000000e+00
1.700000000000000000e+01
-6.000000000000000000e+00
1.000000000000000000e+00
1.200000000000000000e+01
2.600000000000000000e+01
1.200000000000000000e+01
1.000000000000000000e+00
1.500000000000000000e+01
2.000000000000000000e+01
4.000000000000000000e+00
1.800000000000000000e+01
-1.000000000000000000e+00
7.000000000000000000e+00
-4.000000000000000000e+00
-6.000000000000000000e+00
1.300000000000000000e+01
1.900000000000000000e+01
7.000000000000000000e+00
1.600000000000000000e+01
3.000000000000000000e+00
7.000000000000000000e+00
2.100000000000000000e+01
2.400000000000000000e+01
2.000000000000000000e+00
4.000000000000000000e+00
1.100000000000000000e+01
1.500000000000000000e+01
1.400000000000000000e+01
2.400000000000000000e+01
-1.100000000000000000e+01
2.300000000000000000e+01
8.000000000000000000e+00
-4.000000000000000000e+00
-2.700000000000000000e+01
2.100000000000000000e+01
5.500000000000000000e+01
7.000000000000000000e+00
1.200000000000000000e+01
-9.000000000000000000e+00
1.000000000000000000e+01
3.000000000000000000e+00
1.400000000000000000e+01
2.400000000000000000e+01
1.000000000000000000e+01
6.000000000000000000e+00
2.000000000000000000e+00
3.400000000000000000e+01
-1.000000000000000000e+00
-1.600000000000000000e+01
-1.200000000000000000e+01
1.000000000000000000e+01
3.000000000000000000e+00
1.800000000000000000e+01
1.200000000000000000e+01
2.700000000000000000e+01
-2.000000000000000000e+00
-3.000000000000000000e+00
7.000000000000000000e+00
-1.300000000000000000e+01
2.000000000000000000e+00
-2.100000000000000000e+01
-1.500000000000000000e+01
-1.900000000000000000e+01
1.100000000000000000e+01
1.100000000000000000e+01
-6.000000000000000000e+00
-2.100000000000000000e+01
-1.200000000000000000e+01
1.000000000000000000e+01
1.000000000000000000e+00
2.500000000000000000e+01
-9.000000000000000000e+00
-8.000000000000000000e+00
7.000000000000000000e+00
1.600000000000000000e+01
1.500000000000000000e+01
5.000000000000000000e+00
1.500000000000000000e+01
-1.000000000000000000e+00
-1.300000000000000000e+01
3.800000000000000000e+01
5.000000000000000000e+00
8.000000000000000000e+00
1.500000000000000000e+01
-4.100000000000000000e+01
1.700000000000000000e+01
-1.200000000000000000e+01
3.100000000000000000e+01
2.100000000000000000e+01
-3.000000000000000000e+00
-8.000000000000000000e+00
1.000000000000000000e+00
-1.300000000000000000e+01
-1.100000000000000000e+01
5.000000000000000000e+00
1.900000000000000000e+01
5.000000000000000000e+00
-6.000000000000000000e+00
1.900000000000000000e+01
-5.000000000000000000e+00
-1.300000000000000000e+01
-3.000000000000000000e+01
-2.000000000000000000e+00
-1.300000000000000000e+01
-4.000000000000000000e+00
9.000000000000000000e+00
1.000000000000000000e+01
0.000000000000000000e+00
1.100000000000000000e+01
-2.300000000000000000e+01
-4.000000000000000000e+00
-9.000000000000000000e+00
-2.100000000000000000e+01
-6.000000000000000000e+00
9.000000000000000000e+00
-1.200000000000000000e+01
1.500000000000000000e+01
3.600000000000000000e+01
-8.000000000000000000e+00
6.000000000000000000e+00
4.000000000000000000e+01
4.000000000000000000e+00
2.400000000000000000e+01
9.000000000000000000e+00
1.700000000000000000e+01
-5.000000000000000000e+00
1.400000000000000000e+01
9.000000000000000000e+00
1.100000000000000000e+01
8.000000000000000000e+00
3.000000000000000000e+00
1.000000000000000000e+00
-2.000000000000000000e+00
2.600000000000000000e+01
1.600000000000000000e+01
7.000000000000000000e+00
1.300000000000000000e+01
2.100000000000000000e+01
-4.000000000000000000e+00
1.700000000000000000e+01
-1.000000000000000000e+00
-5.000000000000000000e+00
1.600000000000000000e+01
-1.200000000000000000e+01
0.000000000000000000e+00
2.400000000000000000e+01
3.000000000000000000e+00
1.300000000000000000e+01
0.000000000000000000e+00
4.000000000000000000e+00
2.000000000000000000e+01
-3.000000000000000000e+00
2.000000000000000000e+00
1.200000000000000000e+01
2.600000000000000000e+01
-1.000000000000000000e+00
-2.700000000000000000e+01
-1.500000000000000000e+01
2.000000000000000000e+01
1.400000000000000000e+01
-9.000000000000000000e+00
9.000000000000000000e+00
5.000000000000000000e+00
6.000000000000000000e+00
8.000000000000000000e+00
7.000000000000000000e+00
-5.000000000000000000e+00
8.000000000000000000e+00
3.500000000000000000e+01
-1.000000000000000000e+01
0.000000000000000000e+00
0.000000000000000000e+00
1.000000000000000000e+00
-1.200000000000000000e+01
3.000000000000000000e+01
-1.700000000000000000e+01
-1.200000000000000000e+01
1.100000000000000000e+01
1.700000000000000000e+01
1.000000000000000000e+00
-2.000000000000000000e+00
-1.800000000000000000e+01
-1.900000000000000000e+01
1.400000000000000000e+01
-3.200000000000000000e+01
1.300000000000000000e+01
2.400000000000000000e+01
-3.000000000000000000e+00
2.600000000000000000e+01
-3.000000000000000000e+00
3.000000000000000000e+00
-1.100000000000000000e+01
-1.100000000000000000e+01
-2.400000000000000000e+01
2.000000000000000000e+00
-3.000000000000000000e+01
-2.900000000000000000e+01
0.000000000000000000e+00
-4.000000000000000000e+00
2.000000000000000000e+01
-3.600000000000000000e+01
-2.000000000000000000e+01
1.500000000000000000e+01
-4.000000000000000000e+00
-5.000000000000000000e+00
-1.000000000000000000e+00
1.000000000000000000e+00
-1.100000000000000000e+01
4.000000000000000000e+00
-5.000000000000000000e+00
4.000000000000000000e+00
-1.000000000000000000e+01
3.000000000000000000e+01
-3.000000000000000000e+01
3.100000000000000000e+01
-2.800000000000000000e+01
-2.000000000000000000e+01
9.000000000000000000e+00
2.000000000000000000e+00
6.000000000000000000e+01
1.000000000000000000e+00
-1.000000000000000000e+00
-1.500000000000000000e+01
-9.000000000000000000e+00
-1.000000000000000000e+01
0.000000000000000000e+00
2.000000000000000000e+00
-3.200000000000000000e+01
2.000000000000000000e+01
-3.000000000000000000e+00
-2.900000000000000000e+01
1.300000000000000000e+01
-2.600000000000000000e+01
1.800000000000000000e+01
-5.000000000000000000e+00
-9.000000000000000000e+00
-1.300000000000000000e+01
-2.500000000000000000e+01
6.000000000000000000e+00
1.000000000000000000e+01
1.300000000000000000e+01
-1.400000000000000000e+01
4.000000000000000000e+00
2.600000000000000000e+01
2.000000000000000000e+00
3.400000000000000000e+01
-1.100000000000000000e+01
2.100000000000000000e+01
7.000000000000000000e+00
2.000000000000000000e+00
1.300000000000000000e+01
-7.000000000000000000e+00
5.000000000000000000e+00
-1.000000000000000000e+00
1.000000000000000000e+00
-1.500000000000000000e+01
-2.200000000000000000e+01
-1.000000000000000000e+00
6.000000000000000000e+00
-7.000000000000000000e+00
4.000000000000000000e+00
-8.000000000000000000e+00
-2.500000000000000000e+01
3.000000000000000000e+00
-4.000000000000000000e+00
0.000000000000000000e+00
9.000000000000000000e+00
3.000000000000000000e+00
-6.000000000000000000e+00
2.700000000000000000e+01
-2.100000000000000000e+01
1.900000000000000000e+01
-5.000000000000000000e+00
-2.100000000000000000e+01
1.000000000000000000e+00
-2.500000000000000000e+01
6.000000000000000000e+00
9.000000000000000000e+00
-2.200000000000000000e+01
-5.000000000000000000e+00
1.700000000000000000e+01
1.400000000000000000e+01
1.300000000000000000e+01
3.000000000000000000e+01
-2.000000000000000000e+00
-7.000000000000000000e+00
-2.000000000000000000e+00
2.600000000000000000e+01
-4.000000000000000000e+00
-1.500000000000000000e+01
2.200000000000000000e+01
0.000000000000000000e+00
0.000000000000000000e+00
2.000000000000000000e+00
-4.000000000000000000e+00
8.000000000000000000e+00
-3.000000000000000000e+00
-4.000000000000000000e+00
-1.500000000000000000e+01
-3.000000000000000000e+00
-1.500000000000000000e+01
-1.300000000000000000e+01
-5.000000000000000000e+00
7.000000000000000000e+00
2.900000000000000000e+01
-1.000000000000000000e+00
1.700000000000000000e+01
2.000000000000000000e+01
1.000000000000000000e+01
-1.900000000000000000e+01
2.000000000000000000e+00
-4.000000000000000000e+00
-1.500000000000000000e+01
6.000000000000000000e+00
-3.000000000000000000e+01
-9.000000000000000000e+00
1.800000000000000000e+01
-1.000000000000000000e+00
-3.600000000000000000e+01
-6.000000000000000000e+00
1.600000000000000000e+01
-9.000000000000000000e+00
-2.600000000000000000e+01
1.700000000000000000e+01
1.200000000000000000e+01
-1.400000000000000000e+01
1.000000000000000000e+00
-3.300000000000000000e+01
-9.000000000000000000e+00
-1.600000000000000000e+01
-1.200000000000000000e+01
-1.100000000000000000e+01
-3.000000000000000000e+00
1.000000000000000000e+00
1.900000000000000000e+01
-5.000000000000000000e+00
6.000000000000000000e+00
4.700000000000000000e+01
2.000000000000000000e+00
1.700000000000000000e+01
0.000000000000000000e+00
-5.000000000000000000e+00
1.800000000000000000e+01
1.900000000000000000e+01
1.400000000000000000e+01
5.000000000000000000e+00
-1.200000000000000000e+01
2.600000000000000000e+01
3.000000000000000000e+00
-3.000000000000000000e+00
1.400000000000000000e+01
-1.000000000000000000e+00
1.000000000000000000e+00
2.100000000000000000e+01
-3.100000000000000000e+01
1.000000000000000000e+00
1.000000000000000000e+01
-1.900000000000000000e+01
-5.000000000000000000e+00
5.000000000000000000e+00
4.000000000000000000e+00
3.000000000000000000e+00
-3.200000000000000000e+01
-1.000000000000000000e+01
1.400000000000000000e+01
5.000000000000000000e+00
-1.400000000000000000e+01
-1.000000000000000000e+00
2.000000000000000000e+01
1.000000000000000000e+00
-3.000000000000000000e+00
-2.000000000000000000e+01
-1.400000000000000000e+01
-1.700000000000000000e+01
1.400000000000000000e+01
2.000000000000000000e+00
2.800000000000000000e+01
4.000000000000000000e+00
-1.000000000000000000e+00
-1.500000000000000000e+01
2.000000000000000000e+00
1.200000000000000000e+01
-7.000000000000000000e+00
-2.000000000000000000e+01
1.200000000000000000e+01
-2.100000000000000000e+01
-1.000000000000000000e+01
1.200000000000000000e+01
1.600000000000000000e+01
5.000000000000000000e+00
4.000000000000000000e+00
-8.000000000000000000e+00
-2.900000000000000000e+01
-5.000000000000000000e+00
-2.100000000000000000e+01
1.000000000000000000e+01
2.800000000000000000e+01
1.000000000000000000e+01
4.000000000000000000e+00
1.000000000000000000e+01
-8.000000000000000000e+00
1.600000000000000000e+01
-1.800000000000000000e+01
-1.500000000000000000e+01
3.200000000000000000e+01
-5.000000000000000000e+00
-1.000000000000000000e+01
4.000000000000000000e+00
-1.200000000000000000e+01
-1.000000000000000000e+00
-5.000000000000000000e+00
1.500000000000000000e+01
-1.900000000000000000e+01
4.100000000000000000e+01
-1.000000000000000000e+01
-2.200000000000000000e+01
4.000000000000000000e+01
1.000000000000000000e+00
1.000000000000000000e+01
-2.300000000000000000e+01
1.100000000000000000e+01
-1.000000000000000000e+00
1.100000000000000000e+01
-1.400000000000000000e+01
0.000000000000000000e+00
-2.200000000000000000e+01
8.000000000000000000e+00
1.500000000000000000e+01
1.000000000000000000e+01
1.200000000000000000e+01
-5.000000000000000000e+00
0.000000000000000000e+00
3.000000000000000000e+00
-1.000000000000000000e+00
1.300000000000000000e+01
-1.900000000000000000e+01
-2.000000000000000000e+01
2.000000000000000000e+01
9.000000000000000000e+00
1.000000000000000000e+00
-1.900000000000000000e+01
2.000000000000000000e+01
4.100000000000000000e+01
-7.000000000000000000e+00
-7.000000000000000000e+00
8.000000000000000000e+00
-1.300000000000000000e+01
-1.000000000000000000e+01
2.600000000000000000e+01
-9.000000000000000000e+00
-1.000000000000000000e+00
-2.300000000000000000e+01
-1.200000000000000000e+01
-2.400000000000000000e+01
-2.400000000000000000e+01
1.400000000000000000e+01
1.400000000000000000e+01
0.000000000000000000e+00
6.000000000000000000e+00
1.000000000000000000e+01
5.000000000000000000e+00
1.300000000000000000e+01
3.000000000000000000e+00
7.000000000000000000e+00
-3.100000000000000000e+01
1.000000000000000000e+00
6.000000000000000000e+00
-9.000000000000000000e+00
5.000000000000000000e+00
-6.000000000000000000e+00
-1.000000000000000000e+01
3.000000000000000000e+00
-1.400000000000000000e+01
-9.000000000000000000e+00
-1.600000000000000000e+01
5.000000000000000000e+01
-1.500000000000000000e+01
1.500000000000000000e+01
-5.000000000000000000e+00
1.100000000000000000e+01
8.000000000000000000e+00
-6.000000000000000000e+00
1.000000000000000000e+01
5.000000000000000000e+00
2.000000000000000000e+01
-3.000000000000000000e+00
1.100000000000000000e+01
2.000000000000000000e+01
-3.000000000000000000e+00
7.000000000000000000e+00
-9.000000000000000000e+00
-2.100000000000000000e+01
4.200000000000000000e+01
-1.900000000000000000e+01
1.600000000000000000e+01
-2.600000000000000000e+01
-7.000000000000000000e+00
6.000000000000000000e+00
-1.400000000000000000e+01
1.800000000000000000e+01
-6.000000000000000000e+00
-1.100000000000000000e+01
-7.000000000000000000e+00
-5.000000000000000000e+00
-1.700000000000000000e+01
7.000000000000000000e+00
-1.700000000000000000e+01
8.000000000000000000e+00
-7.000000000000000000e+00
2.600000000000000000e+01
-1.800000000000000000e+01
2.100000000000000000e+01
-2.100000000000000000e+01
5.000000000000000000e+00
1.800000000000000000e+01
-6.000000000000000000e+00
-6.000000000000000000e+00
-1.000000000000000000e+01
-4.000000000000000000e+00
5.000000000000000000e+00
1.000000000000000000e+00
2.200000000000000000e+01
-1.300000000000000000e+01
2.200000000000000000e+01
-2.800000000000000000e+01
-2.600000000000000000e+01
-8.000000000000000000e+00
2.700000000000000000e+01
1.000000000000000000e+01
-2.100000000000000000e+01
-2.200000000000000000e+01
-3.000000000000000000e+00
4.000000000000000000e+00
7.000000000000000000e+00
4.000000000000000000e+00
-8.000000000000000000e+00
-2.800000000000000000e+01
7.000000000000000000e+00
1.000000000000000000e+00
-1.200000000000000000e+01
1.200000000000000000e+01
-2.900000000000000000e+01
6.000000000000000000e+00
-1.000000000000000000e+01
1.500000000000000000e+01
-3.800000000000000000e+01
-1.000000000000000000e+00
-2.100000000000000000e+01
-1.200000000000000000e+01
8.000000000000000000e+00
-1.900000000000000000e+01
1.700000000000000000e+01
2.600000000000000000e+01
1.900000000000000000e+01
7.000000000000000000e+00
5.000000000000000000e+00
-4.000000000000000000e+00
-1.400000000000000000e+01
-1.800000000000000000e+01
1.100000000000000000e+01
5.000000000000000000e+00
-6.000000000000000000e+00
2.100000000000000000e+01
-6.000000000000000000e+00
2.000000000000000000e+01
-2.100000000000000000e+01
-2.100000000000000000e+01
-3.000000000000000000e+00
1.600000000000000000e+01
1.300000000000000000e+01
8.000000000000000000e+00
1.400000000000000000e+01
2.000000000000000000e+01
-1.300000000000000000e+01
-1.500000000000000000e+01
-2.000000000000000000e+01
1.400000000000000000e+01
1.000000000000000000e+00
-1.600000000000000000e+01
4.000000000000000000e+01
-8.000000000000000000e+00
1.900000000000000000e+01
-1.200000000000000000e+01
1.000000000000000000e+01
8.000000000000000000e+00
5.000000000000000000e+00
-2.100000000000000000e+01
1.200000000000000000e+01
-1.800000000000000000e+01
4.000000000000000000e+00
1.600000000000000000e+01
1.100000000000000000e+01
1.900000000000000000e+01
8.000000000000000000e+00
2.000000000000000000e+00
-2.000000000000000000e+00
1.900000000000000000e+01
-2.000000000000000000e+01
4.000000000000000000e+00
7.000000000000000000e+00
1.800000000000000000e+01
2.600000000000000000e+01
3.000000000000000000e+00
1.700000000000000000e+01
3.400000000000000000e+01
1.600000000000000000e+01
1.100000000000000000e+01
-4.000000000000000000e+00
-2.000000000000000000e+00
2.700000000000000000e+01
-7.000000000000000000e+00
3.700000000000000000e+01
1.200000000000000000e+01
1.000000000000000000e+01
1.500000000000000000e+01
7.000000000000000000e+00
1.600000000000000000e+01
4.100000000000000000e+01
1.200000000000000000e+01
2.500000000000000000e+01
-1.400000000000000000e+01
1.800000000000000000e+01
3.200000000000000000e+01
2.700000000000000000e+01
9.000000000000000000e+00
1.400000000000000000e+01
4.000000000000000000e+00
5.100000000000000000e+01
2.600000000000000000e+01
3.800000000000000000e+01
2.400000000000000000e+01
3.400000000000000000e+01
2.500000000000000000e+01
6.400000000000000000e+01
1.800000000000000000e+01
5.400000000000000000e+01
3.900000000000000000e+01
5.900000000000000000e+01
4.500000000000000000e+01
4.200000000000000000e+01
3.900000000000000000e+01
6.500000000000000000e+01
6.900000000000000000e+01
4.800000000000000000e+01
7.700000000000000000e+01
4.300000000000000000e+01
7.400000000000000000e+01
7.200000000000000000e+01
9.400000000000000000e+01
7.700000000000000000e+01
1.020000000000000000e+02
1.210000000000000000e+02
9.400000000000000000e+01
1.160000000000000000e+02
1.380000000000000000e+02
1.130000000000000000e+02
1.380000000000000000e+02
1.320000000000000000e+02
1.320000000000000000e+02
1.400000000000000000e+02
1.470000000000000000e+02
1.930000000000000000e+02
1.620000000000000000e+02
2.000000000000000000e+02
2.300000000000000000e+02
2.340000000000000000e+02
2.310000000000000000e+02
2.480000000000000000e+02
2.790000000000000000e+02
2.800000000000000000e+02
2.770000000000000000e+02
3.030000000000000000e+02
2.890000000000000000e+02
3.490000000000000000e+02
3.770000000000000000e+02
3.850000000000000000e+02
3.870000000000000000e+02
4.150000000000000000e+02
4.100000000000000000e+02
4.130000000000000000e+02
4.170000000000000000e+02
4.510000000000000000e+02
4.710000000000000000e+02
5.180000000000000000e+02
5.100000000000000000e+02
5.510000000000000000e+02
5.400000000000000000e+02
5.950000000000000000e+02
6.160000000000000000e+02
6.570000000000000000e+02
6.510000000000000000e+02
7.340000000000000000e+02
7.250000000000000000e+02
7.690000000000000000e+02
8.380000000000000000e+02
8.270000000000000000e+02
8.650000000000000000e+02
8.620000000000000000e+02
8.880000000000000000e+02
8.990000000000000000e+02
9.990000000000000000e+02
9.650000000000000000e+02
9.680000000000000000e+02
1.011000000000000000e+03
1.069000000000000000e+03
1.042000000000000000e+03
1.095000000000000000e+03
1.108000000000000000e+03
1.101000000000000000e+03
1.178000000000000000e+03
1.242000000000000000e+03
1.195000000000000000e+03
1.221000000000000000e+03
1.279000000000000000e+03
1.250000000000000000e+03
1.308000000000000000e+03
1.317000000000000000e+03
1.319000000000000000e+03
1.297000000000000000e+03
1.341000000000000000e+03
1.431000000000000000e+03
1.361000000000000000e+03
1.373000000000000000e+03
1.390000000000000000e+03
1.373000000000000000e+03
1.447000000000000000e+03
1.449000000000000000e+03
1.461000000000000000e+03
1.474000000000000000e+03
1.506000000000000000e+03
1.505000000000000000e+03
1.527000000000000000e+03
1.503000000000000000e+03
1.598000000000000000e+03
1.568000000000000000e+03
1.587000000000000000e+03
1.578000000000000000e+03
1.568000000000000000e+03
1.572000000000000000e+03
1.516000000000000000e+03
1.552000000000000000e+03
1.528000000000000000e+03
1.505000000000000000e+03
1.528000000000000000e+03
1.417000000000000000e+03
1.483000000000000000e+03
1.449000000000000000e+03
1.390000000000000000e+03
1.327000000000000000e+03
1.381000000000000000e+03
1.355000000000000000e+03
1.345000000000000000e+03
1.323000000000000000e+03
1.312000000000000000e+03
1.291000000000000000e+03
1.279000000000000000e+03
1.292000000000000000e+03
1.252000000000000000e+03
1.295000000000000000e+03
1.247000000000000000e+03
1.247000000000000000e+03
1.241000000000000000e+03
1.200000000000000000e+03
1.203000000000000000e+03
1.153000000000000000e+03
1.178000000000000000e+03
1.121000000000000000e+03
1.140000000000000000e+03
1.152000000000000000e+03
1.069000000000000000e+03
1.010000000000000000e+03
1.063000000000000000e+03
1.002000000000000000e+03
9.480000000000000000e+02
9.540000000000000000e+02
9.310000000000000000e+02
9.100000000000000000e+02
8.630000000000000000e+02
8.560000000000000000e+02
8.210000000000000000e+02
7.760000000000000000e+02
7.830000000000000000e+02
7.430000000000000000e+02
7.280000000000000000e+02
7.100000000000000000e+02
6.470000000000000000e+02
6.910000000000000000e+02
6.610000000000000000e+02
6.470000000000000000e+02
5.980000000000000000e+02
5.760000000000000000e+02
5.750000000000000000e+02
5.670000000000000000e+02
5.290000000000000000e+02
4.700000000000000000e+02
5.290000000000000000e+02
4.970000000000000000e+02
4.410000000000000000e+02
4.260000000000000000e+02
4.370000000000000000e+02
4.090000000000000000e+02
4.080000000000000000e+02
3.950000000000000000e+02
3.910000000000000000e+02
3.350000000000000000e+02
3.270000000000000000e+02
2.810000000000000000e+02
2.930000000000000000e+02
2.560000000000000000e+02
2.540000000000000000e+02
2.430000000000000000e+02
2.430000000000000000e+02
2.520000000000000000e+02
2.390000000000000000e+02
2.070000000000000000e+02
2.360000000000000000e+02
2.030000000000000000e+02
2.090000000000000000e+02
1.970000000000000000e+02
1.680000000000000000e+02
1.840000000000000000e+02
1.920000000000000000e+02
1.390000000000000000e+02
1.470000000000000000e+02
1.250000000000000000e+02
1.450000000000000000e+02
1.050000000000000000e+02
1.310000000000000000e+02
9.500000000000000000e+01
1.210000000000000000e+02
1.130000000000000000e+02
1.030000000000000000e+02
9.100000000000000000e+01
8.700000000000000000e+01
4.600000000000000000e+01
9.300000000000000000e+01
7.200000000000000000e+01
6.900000000000000000e+01
8.200000000000000000e+01
6.000000000000000000e+01
3.300000000000000000e+01
6.200000000000000000e+01
3.500000000000000000e+01
7.200000000000000000e+01
4.700000000000000000e+01
5.200000000000000000e+01
3.700000000000000000e+01
5.900000000000000000e+01
3.300000000000000000e+01
1.200000000000000000e+01
3.900000000000000000e+01
5.200000000000000000e+01
3.500000000000000000e+01
4.200000000000000000e+01
2.600000000000000000e+01
1.000000000000000000e+01
4.900000000000000000e+01
2.400000000000000000e+01
2.600000000000000000e+01
1.100000000000000000e+01
4.200000000000000000e+01
2.000000000000000000e+00
3.600000000000000000e+01
2.500000000000000000e+01
4.000000000000000000e+00
2.100000000000000000e+01
1.900000000000000000e+01
2.300000000000000000e+01
2.400000000000000000e+01
-5.000000000000000000e+00
3.000000000000000000e+00
2.900000000000000000e+01
4.500000000000000000e+01
2.000000000000000000e+01
2.100000000000000000e+01
3.300000000000000000e+01
-1.000000000000000000e+01
1.700000000000000000e+01
3.300000000000000000e+01
2.000000000000000000e+00
1.500000000000000000e+01
1.400000000000000000e+01
9.000000000000000000e+00
-1.000000000000000000e+01
2.300000000000000000e+01
1.100000000000000000e+01
5.000000000000000000e+00
1.800000000000000000e+01
-1.700000000000000000e+01
-3.000000000000000000e+00
1.200000000000000000e+01
-1.000000000000000000e+00
1.300000000000000000e+01
-1.300000000000000000e+01
8.000000000000000000e+00
1.700000000000000000e+01
2.000000000000000000e+00
3.100000000000000000e+01
-1.000000000000000000e+00
3.700000000000000000e+01
-5.000000000000000000e+00
-6.000000000000000000e+00
-2.100000000000000000e+01
3.000000000000000000e+01
1.900000000000000000e+01
-2.000000000000000000e+00
-1.300000000000000000e+01
-2.000000000000000000e+01
1.400000000000000000e+01
-1.000000000000000000e+00
-1.300000000000000000e+01
1.000000000000000000e+01
2.000000000000000000e+01
2.400000000000000000e+01
8.000000000000000000e+00
-1.800000000000000000e+01
3.000000000000000000e+00
-1.500000000000000000e+01
6.000000000000000000e+00
-1.200000000000000000e+01
2.100000000000000000e+01
1.000000000000000000e+01
4.000000000000000000e+00
3.600000000000000000e+01
-3.000000000000000000e+01
1.800000000000000000e+01
5.000000000000000000e+00
2.500000000000000000e+01
-9.000000000000000000e+00
-1.000000000000000000e+01
-1.200000000000000000e+01
3.000000000000000000e+00
1.800000000000000000e+01
9.000000000000000000e+00
9.000000000000000000e+00
-2.000000000000000000e+00
3.200000000000000000e+01
1.100000000000000000e+01
-5.000000000000000000e+00
-2.000000000000000000e+00
-5.000000000000000000e+00
-3.000000000000000000e+00
