-2.000000000000000000e+00
-1.000000000000000000e+00
1.000000000000000000e+00
3.000000000000000000e+00
5.000000000000000000e+00
-1.200000000000000000e+01
-3.100000000000000000e+01
-1.700000000000000000e+01
-5.000000000000000000e+00
-1.000000000000000000e+00
4.000000000000000000e+00
-1.600000000000000000e+01
-3.000000000000000000e+00
4.000000000000000000e+00
-2.000000000000000000e+00
1.500000000000000000e+01
2.200000000000000000e+01
2.200000000000000000e+01
0.000000000000000000e+00
-1.000000000000000000e+00
4.700000000000000000e+01
7.000000000000000000e+00
1.000000000000000000e+00
-6.000000000000000000e+00
-1.700000000000000000e+01
1.400000000000000000e+01
-9.000000000000000000e+00
6.000000000000000000e+00
-4.000000000000000000e+00
1.000000000000000000e+00
-2.400000000000000000e+01
4.000000000000000000e+00
2.700000000000000000e+01
9.000000000000000000e+00
-1.200000000000000000e+01
-3.000000000000000000e+01
-4.000000000000000000e+00
4.000000000000000000e+00
9.000000000000000000e+00
2.500000000000000000e+01
-1.000000000000000000e+00
-2.000000000000000000e+00
-5.000000000000000000e+00
1.400000000000000000e+01
1.900000000000000000e+01
-2.000000000000000000e+00
1.100000000000000000e+01
-2.300000000000000000e+01
9.000000000000000000e+00
-1.000000000000000000e+01
-3.000000000000000000e+00
-3.000000000000000000e+00
-1.300000000000000000e+01
1.500000000000000000e+01
-8.000000000000000000e+00
1.000000000000000000e+00
4.000000000000000000e+00
-2.200000000000000000e+01
-1.000000000000000000e+00
-3.000000000000000000e+00
0.000000000000000000e+00
1.800000000000000000e+01
-2.100000000000000000e+01
-5.000000000000000000e+00
-6.000000000000000000e+00
2.800000000000000000e+01
-3.000000000000000000e+00
2.800000000000000000e+01
6.000000000000000000e+00
-6.000000000000000000e+00
-3.000000000000000000e+00
1.200000000000000000e+01
-3.400000000000000000e+01
-2.200000000000000000e+01
5.000000000000000000e+00
8.000000000000000000e+00
-1.700000000000000000e+01
8.000000000000000000e+00
2.500000000000000000e+01
-8.000000000000000000e+00
-1.000000000000000000e+00
-1.000000000000000000e+00
-1.700000000000000000e+01
-1.200000000000000000e+01
8.000000000000000000e+00
-4.300000000000000000e+01
4.700000000000000000e+01
-1.600000000000000000e+01
1.300000000000000000e+01
-1.700000000000000000e+01
-2.600000000000000000e+01
5.000000000000000000e+00
-4.000000000000000000e+00
-2.000000000000000000e+00
7.000000000000000000e+00
-8.000000000000000000e+00
-1.000000000000000000e+01
5.000000000000000000e+00
-9.000000000000000000e+00
-1.000000000000000000e+00
2.100000000000000000e+01
1.800000000000000000e+01
6.000000000000000000e+00
-2.500000000000000000e+01
2.300000000000000000e+01
-6.000000000000000000e+00
-2.300000000000000000e+01
2.800000000000000000e+01
-1.700000000000000000e+01
-4.000000000000000000e+00
-1.700000000000000000e+01
2.300000000000000000e+01
3.200000000000000000e+01
-1.700000000000000000e+01
2.000000000000000000e+00
5.000000000000000000e+00
9.000000000000000000e+00
-3.600000000000000000e+01
-3.800000000000000000e+01
4.000000000000000000e+01
5.000000000000000000e+00
-1.000000000000000000e+01
3.000000000000000000e+00
-1.500000000000000000e+01
1.100000000000000000e+01
-5.000000000000000000e+00
-1.500000000000000000e+01
-2.000000000000000000e+00
4.000000000000000000e+00
-7.000000000000000000e+00
1.200000000000000000e+01
1.900000000000000000e+01
1.100000000000000000e+01
-6.000000000000000000e+00
8.000000000000000000e+00
1.800000000000000000e+01
4.000000000000000000e+00
9.000000000000000000e+00
-1.400000000000000000e+01
8.000000000000000000e+00
-2.100000000000000000e+01
-8.000000000000000000e+00
-1.800000000000000000e+01
2.300000000000000000e+01
9.000000000000000000e+00
2.900000000000000000e+01
-1.000000000000000000e+00
-2.900000000000000000e+01
4.000000000000000000e+00
-4.000000000000000000e+00
0.000000000000000000e+00
2.900000000000000000e+01
1.000000000000000000e+00
3.000000000000000000e+00
-7.000000000000000000e+00
8.000000000000000000e+00
9.000000000000000000e+00
3.000000000000000000e+00
-1.400000000000000000e+01
1.200000000000000000e+01
-8.000000000000000000e+00
-1.800000000000000000e+01
-7.000000000000000000e+00
1.500000000000000000e+01
-1.100000000000000000e+01
-1.300000000000000000e+01
-3.000000000000000000e+00
-8.000000000000000000e+00
2.700000000000000000e+01
-3.200000000000000000e+01
-1.300000000000000000e+01
-8.000000000000000000e+00
3.000000000000000000e+00
8.000000000000000000e+00
2.000000000000000000e+01
9.000000000000000000e+00
-3.000000000000000000e+00
-6.000000000000000000e+00
-1.100000000000000000e+01
-1.200000000000000000e+01
-1.900000000000000000e+01
8.000000000000000000e+00
2.000000000000000000e+00
-4.100000000000000000e+01
-7.000000000000000000e+00
-2.600000000000000000e+01
2.900000000000000000e+01
-7.000000000000000000e+00
3.000000000000000000e+00
1.800000000000000000e+01
2.100000000000000000e+01
-3.200000000000000000e+01
-1.000000000000000000e+00
-2.000000000000000000e+01
6.000000000000000000e+00
0.000000000000000000e+00
2.100000000000000000e+01
1.600000000000000000e+01
-2.000000000000000000e+01
1.200000000000000000e+01
-1.600000000000000000e+01
1.000000000000000000e+01
-1.800000000000000000e+01
2.800000000000000000e+01
2.500000000000000000e+01
-5.000000000000000000e+00
1.000000000000000000e+00
-2.100000000000000000e+01
2.200000000000000000e+01
1.000000000000000000e+00
1.000000000000000000e+00
2.900000000000000000e+01
1.800000000000000000e+01
-3.000000000000000000e+00
-1.300000000000000000e+01
-1.000000000000000000e+01
5.000000000000000000e+00
4.000000000000000000e+00
2.500000000000000000e+01
-2.300000000000000000e+01
2.300000000000000000e+01
-2.400000000000000000e+01
-1.000000000000000000e+01
-4.000000000000000000e+00
-9.000000000000000000e+00
1.000000000000000000e+00
-2.100000000000000000e+01
-4.000000000000000000e+00
-2.000000000000000000e+00
2.400000000000000000e+01
1.600000000000000000e+01
-6.000000000000000000e+00
-1.600000000000000000e+01
1.400000000000000000e+01
2.200000000000000000e+01
-2.000000000000000000e+00
-1.400000000000000000e+01
-3.000000000000000000e+01
-1.000000000000000000e+00
-1.900000000000000000e+01
7.000000000000000000e+00
-2.800000000000000000e+01
7.000000000000000000e+00
-7.000000000000000000e+00
3.000000000000000000e+00
-7.000000000000000000e+00
1.700000000000000000e+01
2.300000000000000000e+01
-1.200000000000000000e+01
2.100000000000000000e+01
1.800000000000000000e+01
3.000000000000000000e+00
4.000000000000000000e+00
-1.800000000000000000e+01
-2.000000000000000000e+01
-1.000000000000000000e+00
4.100000000000000000e+01
-1.500000000000000000e+01
-3.000000000000000000e+01
-1.100000000000000000e+01
5.000000000000000000e+00
1.600000000000000000e+01
9.000000000000000000e+00
2.000000000000000000e+00
1.000000000000000000e+01
1.900000000000000000e+01
6.000000000000000000e+00
-2.200000000000000000e+01
1.100000000000000000e+01
1.800000000000000000e+01
-1.000000000000000000e+00
3.000000000000000000e+01
-4.000000000000000000e+00
-3.000000000000000000e+01
1.900000000000000000e+01
2.000000000000000000e+00
-7.000000000000000000e+00
-1.900000000000000000e+01
8.000000000000000000e+00
9.000000000000000000e+00
-6.000000000000000000e+00
-6.000000000000000000e+00
-2.800000000000000000e+01
-7.000000000000000000e+00
-6.000000000000000000e+00
-1.000000000000000000e+01
-4.000000000000000000e+01
-2.800000000000000000e+01
-2.700000000000000000e+01
8.000000000000000000e+00
-1.000000000000000000e+00
-1.400000000000000000e+01
-2.700000000000000000e+01
1.200000000000000000e+01
-1.100000000000000000e+01
2.100000000000000000e+01
-1.400000000000000000e+01
6.000000000000000000e+00
0.000000000000000000e+00
2.300000000000000000e+01
-8.000000000000000000e+00
-5.000000000000000000e+00
-6.000000000000000000e+00
-9.000000000000000000e+00
-9.000000000000000000e+00
-1.300000000000000000e+01
-1.900000000000000000e+01
-7.000000000000000000e+00
-4.300000000000000000e+01
2.000000000000000000e+01
-1.600000000000000000e+01
1.800000000000000000e+01
3.400000000000000000e+01
1.100000000000000000e+01
-9.000000000000000000e+00
1.500000000000000000e+01
-1.700000000000000000e+01
1.700000000000000000e+01
-9.000000000000000000e+00
-1.800000000000000000e+01
-2.000000000000000000e+01
0.000000000000000000e+00
-2.000000000000000000e+00
-1.500000000000000000e+01
1.700000000000000000e+01
-1.000000000000000000e+01
4.000000000000000000e+00
-9.000000000000000000e+00
-2.300000000000000000e+01
4.000000000000000000e+00
-5.000000000000000000e+00
2.500000000000000000e+01
-1.400000000000000000e+01
-1.400000000000000000e+01
4.000000000000000000e+00
-8.000000000000000000e+00
-2.000000000000000000e+00
-9.000000000000000000e+00
0.000000000000000000e+00
-1.000000000000000000e+00
-1.800000000000000000e+01
-2.100000000000000000e+01
2.000000000000000000e+01
1.400000000000000000e+01
2.000000000000000000e+00
-2.000000000000000000e+00
1.200000000000000000e+01
-5.000000000000000000e+00
-1.000000000000000000e+01
-2.700000000000000000e+01
-2.000000000000000000e+01
-6.000000000000000000e+00
2.800000000000000000e+01
-1.000000000000000000e+01
1.900000000000000000e+01
1.800000000000000000e+01
1.300000000000000000e+01
2.000000000000000000e+00
1.000000000000000000e+00
-1.500000000000000000e+01
-1.400000000000000000e+01
1.500000000000000000e+01
4.000000000000000000e+00
1.600000000000000000e+01
2.000000000000000000e+00
9.000000000000000000e+00
-4.000000000000000000e+00
-1.400000000000000000e+01
1.100000000000000000e+01
-8.000000000000000000e+00
-5.000000000000000000e+00
0.000000000000000000e+00
-1.300000000000000000e+01
-2.100000000000000000e+01
-6.000000000000000000e+00
1.800000000000000000e+01
1.500000000000000000e+01
-6.000000000000000000e+00
-3.200000000000000000e+01
8.000000000000000000e+00
3.700000000000000000e+01
-1.500000000000000000e+01
-3.300000000000000000e+01
3.500000000000000000e+01
-7.000000000000000000e+00
1.100000000000000000e+01
8.000000000000000000e+00
-1.100000000000000000e+01
-8.000000000000000000e+00
2.600000000000000000e+01
-2.200000000000000000e+01
0.000000000000000000e+00
0.000000000000000000e+00
-1.800000000000000000e+01
-2.000000000000000000e+00
1.000000000000000000e+00
2.100000000000000000e+01
-6.000000000000000000e+00
6.000000000000000000e+00
1.800000000000000000e+01
2.400000000000000000e+01
-1.000000000000000000e+00
-1.100000000000000000e+01
-5.000000000000000000e+00
-2.500000000000000000e+01
3.000000000000000000e+00
6.000000000000000000e+00
-2.200000000000000000e+01
-5.000000000000000000e+00
-2.000000000000000000e+00
1.000000000000000000e+01
-2.000000000000000000e+00
-1.900000000000000000e+01
3.000000000000000000e+00
1.200000000000000000e+01
0.000000000000000000e+00
1.900000000000000000e+01
-1.300000000000000000e+01
-2.000000000000000000e+00
1.000000000000000000e+01
-3.000000000000000000e+00
-9.000000000000000000e+00
-2.400000000000000000e+01
2.000000000000000000e+00
1.000000000000000000e+01
-1.400000000000000000e+01
-3.100000000000000000e+01
-1.300000000000000000e+01
-6.000000000000000000e+00
-2.400000000000000000e+01
6.000000000000000000e+00
1.500000000000000000e+01
-3.000000000000000000e+00
5.000000000000000000e+00
-4.000000000000000000e+00
-3.000000000000000000e+00
-1.300000000000000000e+01
3.900000000000000000e+01
-1.600000000000000000e+01
-1.600000000000000000e+01
1.700000000000000000e+01
-1.900000000000000000e+01
-4.000000000000000000e+00
1.300000000000000000e+01
3.600000000000000000e+01
2.500000000000000000e+01
1.600000000000000000e+01
-3.000000000000000000e+01
-2.000000000000000000e+00
2.000000000000000000e+01
1.200000000000000000e+01
-2.000000000000000000e+00
-7.000000000000000000e+00
5.000000000000000000e+00
-1.500000000000000000e+01
6.000000000000000000e+00
2.800000000000000000e+01
-5.000000000000000000e+00
8.000000000000000000e+00
-2.200000000000000000e+01
-1.300000000000000000e+01
-2.500000000000000000e+01
-3.800000000000000000e+01
-1.300000000000000000e+01
1.300000000000000000e+01
-1.200000000000000000e+01
1.200000000000000000e+01
-3.800000000000000000e+01
2.000000000000000000e+00
7.000000000000000000e+00
9.000000000000000000e+00
-1.200000000000000000e+01
9.800000000000000000e+01
2.200000000000000000e+01
-2.000000000000000000e+01
-1.100000000000000000e+01
2.700000000000000000e+01
-1.700000000000000000e+01
2.300000000000000000e+01
7.000000000000000000e+00
-2.000000000000000000e+01
1.600000000000000000e+01
7.000000000000000000e+00
-1.600000000000000000e+01
-2.000000000000000000e+01
2.100000000000000000e+01
6.000000000000000000e+00
8.000000000000000000e+00
-3.800000000000000000e+01
3.000000000000000000e+00
2.300000000000000000e+01
1.000000000000000000e+00
8.000000000000000000e+00
2.700000000000000000e+01
-1.300000000000000000e+01
2.200000000000000000e+01
-2.000000000000000000e+00
-1.400000000000000000e+01
-2.000000000000000000e+01
6.000000000000000000e+00
2.100000000000000000e+01
1.300000000000000000e+01
1.100000000000000000e+01
1.600000000000000000e+01
3.000000000000000000e+00
1.000000000000000000e+00
9.000000000000000000e+00
-1.000000000000000000e+01
-3.300000000000000000e+01
9.000000000000000000e+00
-4.000000000000000000e+00
-4.000000000000000000e+00
-1.400000000000000000e+01
-1.000000000000000000e+01
1.100000000000000000e+01
2.300000000000000000e+01
1.500000000000000000e+01
2.300000000000000000e+01
1.300000000000000000e+01
1.000000000000000000e+00
6.000000000000000000e+00
1.600000000000000000e+01
-3.000000000000000000e+00
7.000000000000000000e+00
0.000000000000000000e+00
-1.900000000000000000e+01
1.000000000000000000e+00
-2.000000000000000000e+00
6.000000000000000000e+00
-1.200000000000000000e+01
2.600000000000000000e+01
8.000000000000000000e+00
2.000000000000000000e+00
3.400000000000000000e+01
9.000000000000000000e+00
-2.400000000000000000e+01
-7.000000000000000000e+00
0.000000000000000000e+00
1.400000000000000000e+01
-6.000000000000000000e+00
2.900000000000000000e+01
1.200000000000000000e+01
3.000000000000000000e+00
1.900000000000000000e+01
2.900000000000000000e+01
1.900000000000000000e+01
2.700000000000000000e+01
-1.200000000000000000e+01
1.000000000000000000e+01
-3.000000000000000000e+00
-9.000000000000000000e+00
-2.000000000000000000e+00
2.600000000000000000e+01
0.000000000000000000e+00
3.400000000000000000e+01
3.000000000000000000e+00
2.700000000000000000e+01
2.600000000000000000e+01
5.000000000000000000e+00
1.300000000000000000e+01
-2.000000000000000000e+00
-6.000000000000000000e+00
6.000000000000000000e+00
5.000000000000000000e+00
2.600000000000000000e+01
2.800000000000000000e+01
5.000000000000000000e+00
1.300000000000000000e+01
-9.000000000000000000e+00
2.500000000000000000e+01
-2.600000000000000000e+01
1.700000000000000000e+01
-3.000000000000000000e+00
-3.200000000000000000e+01
1.500000000000000000e+01
1.800000000000000000e+01
-5.000000000000000000e+00
-1.100000000000000000e+01
1.000000000000000000e+01
-5.000000000000000000e+00
-1.500000000000000000e+01
1.100000000000000000e+01
1.000000000000000000e+01
1.900000000000000000e+01
8.000000000000000000e+00
1.800000000000000000e+01
3.000000000000000000e+00
-5.000000000000000000e+00
-5.000000000000000000e+00
8.000000000000000000e+00
-7.000000000000000000e+00
-1.700000000000000000e+01
8.000000000000000000e+00
-3.000000000000000000e+00
-5.000000000000000000e+00
8.000000000000000000e+00
-5.000000000000000000e+00
-5.000000000000000000e+00
-9.000000000000000000e+00
3.000000000000000000e+00
1.000000000000000000e+00
-1.000000000000000000e+01
3.600000000000000000e+01
-2.600000000000000000e+01
1.100000000000000000e+01
-5.000000000000000000e+00
6.000000000000000000e+00
1.100000000000000000e+01
-2.400000000000000000e+01
4.000000000000000000e+00
4.000000000000000000e+00
-2.000000000000000000e+00
-1.000000000000000000e+00
4.000000000000000000e+00
2.000000000000000000e+00
-1.500000000000000000e+01
-8.000000000000000000e+00
7.000000000000000000e+00
3.000000000000000000e+00
1.000000000000000000e+01
1.100000000000000000e+01
-1.600000000000000000e+01
1.000000000000000000e+00
8.000000000000000000e+00
-2.300000000000000000e+01
-1.600000000000000000e+01
0.000000000000000000e+00
1.600000000000000000e+01
3.000000000000000000e+00
-3.200000000000000000e+01
3.900000000000000000e+01
9.000000000000000000e+00
-1.400000000000000000e+01
-1.100000000000000000e+01
-1.900000000000000000e+01
2.400000000000000000e+01
-1.900000000000000000e+01
4.700000000000000000e+01
3.000000000000000000e+00
-7.000000000000000000e+00
3.100000000000000000e+01
2.000000000000000000e+00
-1.600000000000000000e+01
-4.000000000000000000e+00
4.000000000000000000e+00
3.800000000000000000e+01
-9.000000000000000000e+00
1.000000000000000000e+01
7.000000000000000000e+00
-2.300000000000000000e+01
-3.000000000000000000e+00
-5.000000000000000000e+00
-2.000000000000000000e+00
2.100000000000000000e+01
6.000000000000000000e+00
-1.300000000000000000e+01
9.000000000000000000e+00
-7.000000000000000000e+00
3.500000000000000000e+01
6.000000000000000000e+00
1.300000000000000000e+01
1.400000000000000000e+01
-2.200000000000000000e+01
2.500000000000000000e+01
-1.100000000000000000e+01
-4.000000000000000000e+01
1.000000000000000000e+01
1.200000000000000000e+01
2.100000000000000000e+01
3.000000000000000000e+01
-1.200000000000000000e+01
-1.700000000000000000e+01
3.400000000000000000e+01
4.000000000000000000e+00
-6.000000000000000000e+00
-1.800000000000000000e+01
7.000000000000000000e+00
3.800000000000000000e+01
3.300000000000000000e+01
1.000000000000000000e+01
-1.400000000000000000e+01
1.800000000000000000e+01
-6.000000000000000000e+00
1.400000000000000000e+01
-1.400000000000000000e+01
2.000000000000000000e+00
3.700000000000000000e+01
-1.200000000000000000e+01
0.000000000000000000e+00
1.000000000000000000e+00
-7.000000000000000000e+00
1.000000000000000000e+00
1.900000000000000000e+01
-3.000000000000000000e+00
1.700000000000000000e+01
-5.000000000000000000e+00
-1.700000000000000000e+01
2.100000000000000000e+01
6.000000000000000000e+00
1.100000000000000000e+01
6.000000000000000000e+00
2.800000000000000000e+01
8.000000000000000000e+00
-2.900000000000000000e+01
-8.000000000000000000e+00
3.200000000000000000e+01
8.000000000000000000e+00
1.100000000000000000e+01
-8.000000000000000000e+00
1.500000000000000000e+01
1.400000000000000000e+01
3.300000000000000000e+01
1.400000000000000000e+01
3.000000000000000000e+00
2.900000000000000000e+01
2.400000000000000000e+01
1.600000000000000000e+01
-1.200000000000000000e+01
1.500000000000000000e+01
2.800000000000000000e+01
6.000000000000000000e+00
1.100000000000000000e+01
2.700000000000000000e+01
-2.200000000000000000e+01
-1.000000000000000000e+00
9.000000000000000000e+00
1.100000000000000000e+01
-7.000000000000000000e+00
8.000000000000000000e+00
3.100000000000000000e+01
3.600000000000000000e+01
1.900000000000000000e+01
1.500000000000000000e+01
1.700000000000000000e+01
-1.000000000000000000e+01
2.400000000000000000e+01
-5.000000000000000000e+00
-1.000000000000000000e+00
2.800000000000000000e+01
2.800000000000000000e+01
3.900000000000000000e+01
-2.000000000000000000e+00
3.800000000000000000e+01
-5.000000000000000000e+00
-5.000000000000000000e+00
0.000000000000000000e+00
9.000000000000000000e+00
2.000000000000000000e+00
-3.000000000000000000e+00
1.000000000000000000e+00
3.100000000000000000e+01
2.600000000000000000e+01
1.000000000000000000e+00
2.100000000000000000e+01
1.300000000000000000e+01
5.000000000000000000e+00
3.200000000000000000e+01
1.700000000000000000e+01
1.200000000000000000e+01
3.200000000000000000e+01
2.200000000000000000e+01
2.000000000000000000e+01
5.000000000000000000e+00
-2.900000000000000000e+01
2.300000000000000000e+01
4.100000000000000000e+01
-1.400000000000000000e+01
3.200000000000000000e+01
6.000000000000000000e+00
1.300000000000000000e+01
1.300000000000000000e+01
1.100000000000000000e+01
-6.000000000000000000e+00
3.100000000000000000e+01
1.300000000000000000e+01
1.300000000000000000e+01
1.100000000000000000e+01
3.500000000000000000e+01
3.000000000000000000e+01
-2.000000000000000000e+00
1.600000000000000000e+01
1.500000000000000000e+01
1.700000000000000000e+01
1.000000000000000000e+01
2.300000000000000000e+01
2.600000000000000000e+01
-1.600000000000000000e+01
9.000000000000000000e+00
1.800000000000000000e+01
2.200000000000000000e+01
4.400000000000000000e+01
1.900000000000000000e+01
-1.100000000000000000e+01
-2.000000000000000000e+00
2.900000000000000000e+01
-1.700000000000000000e+01
6.000000000000000000e+00
1.600000000000000000e+01
2.300000000000000000e+01
6.000000000000000000e+00
-1.300000000000000000e+01
3.000000000000000000e+01
-5.000000000000000000e+00
-2.000000000000000000e+01
-2.100000000000000000e+01
-1.100000000000000000e+01
1.400000000000000000e+01
-1.300000000000000000e+01
-7.000000000000000000e+00
2.700000000000000000e+01
3.300000000000000000e+01
4.400000000000000000e+01
2.100000000000000000e+01
1.100000000000000000e+01
-1.400000000000000000e+01
1.600000000000000000e+01
1.300000000000000000e+01
4.200000000000000000e+01
4.700000000000000000e+01
-1.400000000000000000e+01
4.000000000000000000e+00
7.000000000000000000e+00
0.000000000000000000e+00
1.000000000000000000e+01
6.400000000000000000e+01
4.000000000000000000e+01
1.800000000000000000e+01
2.400000000000000000e+01
1.600000000000000000e+01
1.400000000000000000e+01
3.000000000000000000e+00
1.100000000000000000e+01
-1.400000000000000000e+01
0.000000000000000000e+00
2.600000000000000000e+01
9.000000000000000000e+00
8.000000000000000000e+00
-2.000000000000000000e+00
4.300000000000000000e+01
4.400000000000000000e+01
1.400000000000000000e+01
3.600000000000000000e+01
-1.400000000000000000e+01
1.900000000000000000e+01
3.100000000000000000e+01
4.400000000000000000e+01
3.500000000000000000e+01
5.200000000000000000e+01
2.500000000000000000e+01
2.200000000000000000e+01
3.300000000000000000e+01
4.000000000000000000e+00
1.700000000000000000e+01
4.000000000000000000e+01
-5.000000000000000000e+00
2.900000000000000000e+01
1.800000000000000000e+01
2.200000000000000000e+01
2.900000000000000000e+01
1.100000000000000000e+01
2.300000000000000000e+01
1.100000000000000000e+01
1.000000000000000000e+01
3.100000000000000000e+01
3.800000000000000000e+01
2.700000000000000000e+01
-9.000000000000000000e+00
3.700000000000000000e+01
1.500000000000000000e+01
8.000000000000000000e+00
2.600000000000000000e+01
7.100000000000000000e+01
2.100000000000000000e+01
4.200000000000000000e+01
4.700000000000000000e+01
3.700000000000000000e+01
5.200000000000000000e+01
6.400000000000000000e+01
8.600000000000000000e+01
4.900000000000000000e+01
7.200000000000000000e+01
4.700000000000000000e+01
6.200000000000000000e+01
8.500000000000000000e+01
9.800000000000000000e+01
8.600000000000000000e+01
8.900000000000000000e+01
7.800000000000000000e+01
9.500000000000000000e+01
1.450000000000000000e+02
1.480000000000000000e+02
1.590000000000000000e+02
1.970000000000000000e+02
2.270000000000000000e+02
2.560000000000000000e+02
2.880000000000000000e+02
3.120000000000000000e+02
3.360000000000000000e+02
3.780000000000000000e+02
4.630000000000000000e+02
5.220000000000000000e+02
5.760000000000000000e+02
6.770000000000000000e+02
7.500000000000000000e+02
8.280000000000000000e+02
9.240000000000000000e+02
1.041000000000000000e+03
1.162000000000000000e+03
1.291000000000000000e+03
1.411000000000000000e+03
1.564000000000000000e+03
1.651000000000000000e+03
1.739000000000000000e+03
1.961000000000000000e+03
2.060000000000000000e+03
2.253000000000000000e+03
2.362000000000000000e+03
2.523000000000000000e+03
2.690000000000000000e+03
2.789000000000000000e+03
2.907000000000000000e+03
2.979000000000000000e+03
3.209000000000000000e+03
3.267000000000000000e+03
3.350000000000000000e+03
3.490000000000000000e+03
3.522000000000000000e+03
3.607000000000000000e+03
3.635000000000000000e+03
3.683000000000000000e+03
3.746000000000000000e+03
3.743000000000000000e+03
3.795000000000000000e+03
3.757000000000000000e+03
3.758000000000000000e+03
3.661000000000000000e+03
3.737000000000000000e+03
3.642000000000000000e+03
3.460000000000000000e+03
3.446000000000000000e+03
3.342000000000000000e+03
3.207000000000000000e+03
3.147000000000000000e+03
3.059000000000000000e+03
2.849000000000000000e+03
2.725000000000000000e+03
2.600000000000000000e+03
2.551000000000000000e+03
2.394000000000000000e+03
2.243000000000000000e+03
2.143000000000000000e+03
1.980000000000000000e+03
1.862000000000000000e+03
1.723000000000000000e+03
1.597000000000000000e+03
1.498000000000000000e+03
1.349000000000000000e+03
1.221000000000000000e+03
1.146000000000000000e+03
1.034000000000000000e+03
9.380000000000000000e+02
8.120000000000000000e+02
7.700000000000000000e+02
7.040000000000000000e+02
6.160000000000000000e+02
5.160000000000000000e+02
4.920000000000000000e+02
4.330000000000000000e+02
3.690000000000000000e+02
3.430000000000000000e+02
3.050000000000000000e+02
2.500000000000000000e+02
2.200000000000000000e+02
2.000000000000000000e+02
1.460000000000000000e+02
1.300000000000000000e+02
1.260000000000000000e+02
1.100000000000000000e+02
9.100000000000000000e+01
3.600000000000000000e+01
1.030000000000000000e+02
6.500000000000000000e+01
3.600000000000000000e+01
3.400000000000000000e+01
3.400000000000000000e+01
1.200000000000000000e+01
3.400000000000000000e+01
4.800000000000000000e+01
1.700000000000000000e+01
2.700000000000000000e+01
3.300000000000000000e+01
2.500000000000000000e+01
2.000000000000000000e+00
2.100000000000000000e+01
1.900000000000000000e+01
3.000000000000000000e+01
1.900000000000000000e+01
3.900000000000000000e+01
8.000000000000000000e+00
1.700000000000000000e+01
4.400000000000000000e+01
-1.300000000000000000e+01
7.000000000000000000e+00
-2.000000000000000000e+01
1.300000000000000000e+01
3.100000000000000000e+01
3.000000000000000000e+00
1.400000000000000000e+01
8.000000000000000000e+00
8.000000000000000000e+00
1.200000000000000000e+01
2.100000000000000000e+01
-5.000000000000000000e+00
1.500000000000000000e+01
2.000000000000000000e+01
3.000000000000000000e+01
-2.000000000000000000e+00
6.000000000000000000e+00
-8.000000000000000000e+00
1.500000000000000000e+01
3.000000000000000000e+00
1.900000000000000000e+01
3.700000000000000000e+01
-7.000000000000000000e+00
2.600000000000000000e+01
2.400000000000000000e+01
2.000000000000000000e+00
-3.000000000000000000e+00
3.700000000000000000e+01
3.800000000000000000e+01
5.000000000000000000e+00
2.200000000000000000e+01
9.000000000000000000e+00
9.000000000000000000e+00
1.900000000000000000e+01
2.300000000000000000e+01
2.500000000000000000e+01
3.800000000000000000e+01
-1.300000000000000000e+01
3.300000000000000000e+01
-7.000000000000000000e+00
4.800000000000000000e+01
8.000000000000000000e+00
5.000000000000000000e+00
1.000000000000000000e+01
-2.000000000000000000e+00
3.000000000000000000e+00
-1.600000000000000000e+01
3.800000000000000000e+01
5.300000000000000000e+01
2.100000000000000000e+01
1.400000000000000000e+01
1.600000000000000000e+01
1.200000000000000000e+01
2.700000000000000000e+01
3.300000000000000000e+01
4.300000000000000000e+01
2.600000000000000000e+01
3.000000000000000000e+00
1.000000000000000000e+01
1.000000000000000000e+00
1.900000000000000000e+01
1.600000000000000000e+01
1.900000000000000000e+01
-1.100000000000000000e+01
-5.000000000000000000e+00
-5.000000000000000000e+00
1.600000000000000000e+01
2.200000000000000000e+01
1.600000000000000000e+01
-1.600000000000000000e+01
-1.000000000000000000e+00
1.500000000000000000e+01
1.300000000000000000e+01
6.000000000000000000e+00
3.200000000000000000e+01
1.400000000000000000e+01
0.000000000000000000e+00
4.100000000000000000e+01
2.700000000000000000e+01
-2.100000000000000000e+01
1.000000000000000000e+00
-5.000000000000000000e+00
3.000000000000000000e+01
-1.100000000000000000e+01
-1.000000000000000000e+00
3.100000000000000000e+01
8.000000000000000000e+00
3.000000000000000000e+01
1.500000000000000000e+01
2.400000000000000000e+01
3.900000000000000000e+01
2.500000000000000000e+01
1.500000000000000000e+01
3.200000000000000000e+01
-3.000000000000000000e+00
2.200000000000000000e+01
-1.100000000000000000e+01
1.000000000000000000e+01
2.400000000000000000e+01
1.600000000000000000e+01
2.400000000000000000e+01
2.100000000000000000e+01
-6.000000000000000000e+00
3.600000000000000000e+01
-8.000000000000000000e+00
2.500000000000000000e+01
1.000000000000000000e+00
1.600000000000000000e+01
2.500000000000000000e+01
1.900000000000000000e+01
9.000000000000000000e+00
2.000000000000000000e+00
-8.000000000000000000e+00
1.400000000000000000e+01
4.300000000000000000e+01
1.800000000000000000e+01
2.000000000000000000e+01
-3.000000000000000000e+00
1.900000000000000000e+01
4.200000000000000000e+01
1.800000000000000000e+01
-6.000000000000000000e+00
-1.900000000000000000e+01
-5.000000000000000000e+00
7.000000000000000000e+00
-5.000000000000000000e+00
7.000000000000000000e+00
3.800000000000000000e+01
2.000000000000000000e+01
2.600000000000000000e+01
2.100000000000000000e+01
-1.500000000000000000e+01
-2.200000000000000000e+01
2.800000000000000000e+01
6.000000000000000000e+00
1.000000000000000000e+01
1.500000000000000000e+01
7.000000000000000000e+00
-1.000000000000000000e+00
4.000000000000000000e+00
1.900000000000000000e+01
6.000000000000000000e+00
1.100000000000000000e+01
3.700000000000000000e+01
-4.000000000000000000e+00
3.600000000000000000e+01
2.000000000000000000e+00
-1.100000000000000000e+01
3.400000000000000000e+01
3.000000000000000000e+00
-8.000000000000000000e+00
9.000000000000000000e+00
0.000000000000000000e+00
5.000000000000000000e+00
-1.000000000000000000e+01
1.000000000000000000e+01
3.700000000000000000e+01
6.000000000000000000e+00
1.000000000000000000e+00
2.600000000000000000e+01
1.700000000000000000e+01
-4.000000000000000000e+00
6.000000000000000000e+00
1.200000000000000000e+01
4.000000000000000000e+00
9.000000000000000000e+00
1.300000000000000000e+01
2.000000000000000000e+01
1.700000000000000000e+01
-7.000000000000000000e+00
-3.000000000000000000e+00
2.300000000000000000e+01
-1.500000000000000000e+01
4.600000000000000000e+01
1.400000000000000000e+01
-2.000000000000000000e+00
-1.200000000000000000e+01
1.800000000000000000e+01
1.500000000000000000e+01
1.300000000000000000e+01
1.000000000000000000e+00
2.200000000000000000e+01
1.500000000000000000e+01
2.600000000000000000e+01
3.200000000000000000e+01
1.400000000000000000e+01
1.500000000000000000e+01
-1.100000000000000000e+01
1.200000000000000000e+01
-5.000000000000000000e+00
3.000000000000000000e+00
-1.600000000000000000e+01
3.000000000000000000e+00
-1.700000000000000000e+01
5.000000000000000000e+00
-7.000000000000000000e+00
1.900000000000000000e+01
2.300000000000000000e+01
5.000000000000000000e+00
2.100000000000000000e+01
6.000000000000000000e+00
3.000000000000000000e+00
1.000000000000000000e+01
4.000000000000000000e+00
6.000000000000000000e+00
1.000000000000000000e+00
2.200000000000000000e+01
-7.000000000000000000e+00
-2.000000000000000000e+00
-7.000000000000000000e+00
5.000000000000000000e+00
3.000000000000000000e+00
2.100000000000000000e+01
-2.200000000000000000e+01
-2.000000000000000000e+00
1.700000000000000000e+01
1.000000000000000000e+00
-1.000000000000000000e+00
9.000000000000000000e+00
1.600000000000000000e+01
-1.400000000000000000e+01
1.400000000000000000e+01
5.000000000000000000e+00
-1.100000000000000000e+01
4.000000000000000000e+00
-1.000000000000000000e+00
-5.000000000000000000e+00
0.000000000000000000e+00
-2.000000000000000000e+01
-1.700000000000000000e+01
3.000000000000000000e+00
-2.800000000000000000e+01
3.000000000000000000e+00
-1.700000000000000000e+01
-4.000000000000000000e+00
5.000000000000000000e+00
-1.200000000000000000e+01
1.000000000000000000e+01
1.800000000000000000e+01
-5.000000000000000000e+00
8.000000000000000000e+00
2.700000000000000000e+01
4.000000000000000000e+00
3.000000000000000000e+00
-3.900000000000000000e+01
4.000000000000000000e+00
1.500000000000000000e+01
1.000000000000000000e+01
1.300000000000000000e+01
3.000000000000000000e+00
1.500000000000000000e+01
-2.000000000000000000e+00
5.000000000000000000e+00
-7.000000000000000000e+00
5.000000000000000000e+00
0.000000000000000000e+00
3.200000000000000000e+01
-1.100000000000000000e+01
-7.000000000000000000e+00
-3.000000000000000000e+00
2.300000000000000000e+01
2.500000000000000000e+01
1.900000000000000000e+01
5.000000000000000000e+00
-9.000000000000000000e+00
1.300000000000000000e+01
3.000000000000000000e+00
7.000000000000000000e+00
-2.000000000000000000e+00
-6.000000000000000000e+00
4.000000000000000000e+00
-8.000000000000000000e+00
1.600000000000000000e+01
3.000000000000000000e+00
2.500000000000000000e+01
2.800000000000000000e+01
-1.000000000000000000e+01
-3.600000000000000000e+01
1.200000000000000000e+01
2.300000000000000000e+01
1.800000000000000000e+01
-5.000000000000000000e+00
1.000000000000000000e+01
-1.500000000000000000e+01
-1.000000000000000000e+00
1.000000000000000000e+00
2.000000000000000000e+01
3.000000000000000000e+00
-1.000000000000000000e+01
1.900000000000000000e+01
1.300000000000000000e+01
9.000000000000000000e+00
2.000000000000000000e+00
1.700000000000000000e+01
-5.000000000000000000e+00
-5.000000000000000000e+00
2.400000000000000000e+01
3.000000000000000000e+00
1.200000000000000000e+01
7.000000000000000000e+00
-1.500000000000000000e+01
2.600000000000000000e+01
-1.900000000000000000e+01
2.200000000000000000e+01
0.000000000000000000e+00
7.000000000000000000e+00
-5.000000000000000000e+00
2.400000000000000000e+01
-7.000000000000000000e+00
3.000000000000000000e+00
6.000000000000000000e+00
3.800000000000000000e+01
-4.000000000000000000e+00
1.200000000000000000e+01
8.000000000000000000e+00
1.800000000000000000e+01
1.000000000000000000e+00
1.100000000000000000e+01
-3.300000000000000000e+01
1.000000000000000000e+00
-2.600000000000000000e+01
-1.300000000000000000e+01
1.100000000000000000e+01
1.900000000000000000e+01
-1.600000000000000000e+01
9.000000000000000000e+00
-1.000000000000000000e+00
-1.000000000000000000e+01
-2.000000000000000000e+01
1.900000000000000000e+01
9.000000000000000000e+00
1.700000000000000000e+01
6.000000000000000000e+00
2.100000000000000000e+01
1.000000000000000000e+00
2.000000000000000000e+00
1.000000000000000000e+01
2.800000000000000000e+01
-4.000000000000000000e+00
-9.000000000000000000e+00
1.000000000000000000e+01
-3.000000000000000000e+00
-1.800000000000000000e+01
-2.400000000000000000e+01
-9.900000000000000000e+01
-3.000000000000000000e+00
1.000000000000000000e+00
-7.000000000000000000e+00
1.200000000000000000e+01
-1.700000000000000000e+01
-1.700000000000000000e+01
-2.600000000000000000e+01
-1.300000000000000000e+01
-5.000000000000000000e+00
1.500000000000000000e+01
5.000000000000000000e+00
1.600000000000000000e+01
-1.400000000000000000e+01
-9.000000000000000000e+00
-9.000000000000000000e+00
2.100000000000000000e+01
3.100000000000000000e+01
4.000000000000000000e+00
-1.400000000000000000e+01
1.400000000000000000e+01
-2.000000000000000000e+00
-5.000000000000000000e+00
3.000000000000000000e+00
-2.500000000000000000e+01
-4.000000000000000000e+00
-9.000000000000000000e+00
2.300000000000000000e+01
2.400000000000000000e+01
6.000000000000000000e+00
2.100000000000000000e+01
1.800000000000000000e+01
2.100000000000000000e+01
8.000000000000000000e+00
1.300000000000000000e+01
4.200000000000000000e+01
-7.000000000000000000e+00
2.000000000000000000e+00
-4.000000000000000000e+00
2.000000000000000000e+00
-7.000000000000000000e+00
3.000000000000000000e+00
-1.200000000000000000e+01
1.500000000000000000e+01
-9.000000000000000000e+00
2.000000000000000000e+00
-8.000000000000000000e+00
-1.000000000000000000e+00
1.400000000000000000e+01
2.800000000000000000e+01
-1.200000000000000000e+01
-6.000000000000000000e+00
-1.200000000000000000e+01
-7.000000000000000000e+00
9.000000000000000000e+00
2.000000000000000000e+00
-6.000000000000000000e+00
5.000000000000000000e+00
-5.900000000000000000e+01
-3.000000000000000000e+01
0.000000000000000000e+00
6.000000000000000000e+00
2.500000000000000000e+01
9.000000000000000000e+00
1.000000000000000000e+01
-2.000000000000000000e+01
7.000000000000000000e+00
3.000000000000000000e+00
2.100000000000000000e+01
-3.100000000000000000e+01
1.800000000000000000e+01
-4.000000000000000000e+00
9.000000000000000000e+00
1.600000000000000000e+01
0.000000000000000000e+00
-1.400000000000000000e+01
1.400000000000000000e+01
-1.700000000000000000e+01
-1.100000000000000000e+01
2.000000000000000000e+01
4.000000000000000000e+00
-1.000000000000000000e+00
1.600000000000000000e+01
-6.000000000000000000e+00
1.200000000000000000e+01
1.000000000000000000e+01
1.400000000000000000e+01
1.900000000000000000e+01
1.700000000000000000e+01
1.000000000000000000e+00
2.000000000000000000e+00
-4.000000000000000000e+00
2.400000000000000000e+01
2.000000000000000000e+00
2.100000000000000000e+01
-1.000000000000000000e+00
-2.800000000000000000e+01
-5.000000000000000000e+00
-1.000000000000000000e+00
-3.200000000000000000e+01
1.700000000000000000e+01
3.000000000000000000e+01
0.000000000000000000e+00
9.000000000000000000e+00
2.500000000000000000e+01
2.700000000000000000e+01
-1.600000000000000000e+01
-2.200000000000000000e+01
2.500000000000000000e+01
-1.400000000000000000e+01
4.000000000000000000e+01
-6.000000000000000000e+00
1.000000000000000000e+01
0.000000000000000000e+00
-1.000000000000000000e+01
-1.800000000000000000e+01
7.000000000000000000e+00
-1.000000000000000000e+01
1.900000000000000000e+01
-4.000000000000000000e+00
4.000000000000000000e+00
1.400000000000000000e+01
-2.100000000000000000e+01
1.200000000000000000e+01
-1.900000000000000000e+01
9.000000000000000000e+00
1.100000000000000000e+01
-1.100000000000000000e+01
1.300000000000000000e+01
-2.000000000000000000e+00
2.000000000000000000e+00
-8.000000000000000000e+00
6.000000000000000000e+00
-1.000000000000000000e+00
1.100000000000000000e+01
-2.200000000000000000e+01
-1.000000000000000000e+01
-6.000000000000000000e+00
1.200000000000000000e+01
1.000000000000000000e+01
7.000000000000000000e+00
5.000000000000000000e+00
-1.400000000000000000e+01
-1.200000000000000000e+01
-2.000000000000000000e+00
-2.700000000000000000e+01
-1.000000000000000000e+00
1.900000000000000000e+01
-6.000000000000000000e+00
-1.000000000000000000e+00
-2.000000000000000000e+00
-1.100000000000000000e+01
-2.000000000000000000e+01
2.700000000000000000e+01
-2.000000000000000000e+01
1.200000000000000000e+01
2.300000000000000000e+01
1.000000000000000000e+00
1.000000000000000000e+01
2.000000000000000000e+00
-3.000000000000000000e+00
-6.000000000000000000e+00
-1.000000000000000000e+01
1.100000000000000000e+01
-9.000000000000000000e+00
8.000000000000000000e+00
1.000000000000000000e+00
-2.000000000000000000e+00
1.200000000000000000e+01
7.000000000000000000e+00
-3.700000000000000000e+01
1.000000000000000000e+00
2.000000000000000000e+01
-1.100000000000000000e+01
-1.000000000000000000e+00
-2.100000000000000000e+01
-9.000000000000000000e+00
1.300000000000000000e+01
-1.100000000000000000e+01
-2.000000000000000000e+01
3.400000000000000000e+01
-6.000000000000000000e+00
3.900000000000000000e+01
-2.400000000000000000e+01
0.000000000000000000e+00
5.000000000000000000e+00
-9.000000000000000000e+00
1.300000000000000000e+01
-1.100000000000000000e+01
-7.000000000000000000e+00
1.900000000000000000e+01
-1.100000000000000000e+01
1.000000000000000000e+01
-1.200000000000000000e+01
-1.300000000000000000e+01
1.600000000000000000e+01
-1.900000000000000000e+01
1.400000000000000000e+01
-4.000000000000000000e+00
-1.900000000000000000e+01
-5.000000000000000000e+00
-1.000000000000000000e+01
-2.900000000000000000e+01
1.700000000000000000e+01
1.700000000000000000e+01
1.400000000000000000e+01
5.000000000000000000e+00
1.400000000000000000e+01
1.000000000000000000e+00
0.000000000000000000e+00
7.000000000000000000e+00
-1.000000000000000000e+01
3.100000000000000000e+01
7.000000000000000000e+00
6.000000000000000000e+00
-1.400000000000000000e+01
4.000000000000000000e+00
-2.400000000000000000e+01
3.300000000000000000e+01
0.000000000000000000e+00
-1.000000000000000000e+00
-8.000000000000000000e+00
0.000000000000000000e+00
-2.000000000000000000e+00
3.000000000000000000e+00
6.000000000000000000e+00
-2.000000000000000000e+01
7.000000000000000000e+00
1.500000000000000000e+01
1.000000000000000000e+01
-1.100000000000000000e+01
-1.800000000000000000e+01
2.000000000000000000e+00
2.000000000000000000e+00
-9.000000000000000000e+00
6.000000000000000000e+00
2.500000000000000000e+01
1.000000000000000000e+00
-2.300000000000000000e+01
2.300000000000000000e+01
-9.000000000000000000e+00
8.000000000000000000e+00
-3.000000000000000000e+01
1.000000000000000000e+00
-1.500000000000000000e+01
-2.600000000000000000e+01
1.500000000000000000e+01
-1.300000000000000000e+01
-7.000000000000000000e+00
-6.000000000000000000e+00
1.400000000000000000e+01
9.000000000000000000e+00
1.900000000000000000e+01
8.000000000000000000e+00
-1.700000000000000000e+01
-2.500000000000000000e+01
-2.000000000000000000e+00
2.000000000000000000e+00
6.000000000000000000e+00
-6.000000000000000000e+00
-2.500000000000000000e+01
6.000000000000000000e+00
1.900000000000000000e+01
7.000000000000000000e+00
3.000000000000000000e+00
-1.100000000000000000e+01
-1.200000000000000000e+01
-2.000000000000000000e+00
1.700000000000000000e+01
-1.300000000000000000e+01
-5.000000000000000000e+00
2.400000000000000000e+01
-1.900000000000000000e+01
-8.000000000000000000e+00
2.000000000000000000e+00
-9.000000000000000000e+00
-1.900000000000000000e+01
1.200000000000000000e+01
-5.000000000000000000e+00
-2.900000000000000000e+01
1.900000000000000000e+01
-3.600000000000000000e+01
-3.000000000000000000e+00
-4.000000000000000000e+00
8.000000000000000000e+00
0.000000000000000000e+00
-1.300000000000000000e+01
8.000000000000000000e+00
1.400000000000000000e+01
9.000000000000000000e+00
2.000000000000000000e+00
1.100000000000000000e+01
3.200000000000000000e+01
6.000000000000000000e+00
1.900000000000000000e+01
-5.000000000000000000e+00
2.300000000000000000e+01
7.000000000000000000e+00
-4.000000000000000000e+00
-1.800000000000000000e+01
-2.000000000000000000e+00
-2.000000000000000000e+00
-6.000000000000000000e+00
-6.000000000000000000e+00
0.000000000000000000e+00
7.000000000000000000e+00
1.300000000000000000e+01
-5.000000000000000000e+00
7.000000000000000000e+00
-1.900000000000000000e+01
-5.000000000000000000e+00
-2.000000000000000000e+00
2.300000000000000000e+01
-2.900000000000000000e+01
1.000000000000000000e+01
1.400000000000000000e+01
-9.000000000000000000e+00
-4.000000000000000000e+00
1.000000000000000000e+00
-1.500000000000000000e+01
-3.000000000000000000e+00
2.600000000000000000e+01
-1.700000000000000000e+01
-1.200000000000000000e+01
4.000000000000000000e+00
1.600000000000000000e+01
4.000000000000000000e+00
-1.200000000000000000e+01
-1.500000000000000000e+01
7.000000000000000000e+00
2.000000000000000000e+01
1.700000000000000000e+01
-1.100000000000000000e+01
6.000000000000000000e+00
-1.700000000000000000e+01
-2.000000000000000000e+00
-5.400000000000000000e+01
-1.700000000000000000e+01
-2.600000000000000000e+01
6.000000000000000000e+00
-2.000000000000000000e+00
1.700000000000000000e+01
6.000000000000000000e+00
3.000000000000000000e+00
7.000000000000000000e+00
1.100000000000000000e+01
-3.000000000000000000e+00
1.600000000000000000e+01
1.700000000000000000e+01
1.400000000000000000e+01
-8.000000000000000000e+00
5.000000000000000000e+00
-3.000000000000000000e+00
-1.100000000000000000e+01
1.200000000000000000e+01
1.800000000000000000e+01
-2.900000000000000000e+01
-8.000000000000000000e+00
3.000000000000000000e+00
-8.000000000000000000e+00
-6.000000000000000000e+00
-9.000000000000000000e+00
3.000000000000000000e+00
9.000000000000000000e+00
1.900000000000000000e+01
1.800000000000000000e+01
2.200000000000000000e+01
1.000000000000000000e+00
1.800000000000000000e+01
8.000000000000000000e+00
3.000000000000000000e+00
-1.100000000000000000e+01
1.000000000000000000e+00
1.300000000000000000e+01
-2.000000000000000000e+00
-4.000000000000000000e+00
3.000000000000000000e+00
2.600000000000000000e+01
3.000000000000000000e+00
5.000000000000000000e+00
2.800000000000000000e+01
3.800000000000000000e+01
-7.000000000000000000e+00
-6.000000000000000000e+00
1.600000000000000000e+01
-9.000000000000000000e+00
-6.000000000000000000e+00
2.500000000000000000e+01
-4.000000000000000000e+00
1.300000000000000000e+01
-9.000000000000000000e+00
-2.500000000000000000e+01
-2.300000000000000000e+01
1.500000000000000000e+01
2.500000000000000000e+01
1.900000000000000000e+01
1.800000000000000000e+01
8.000000000000000000e+00
2.500000000000000000e+01
4.000000000000000000e+01
1.100000000000000000e+01
7.000000000000000000e+00
7.000000000000000000e+00
1.000000000000000000e+01
1.400000000000000000e+01
-1.100000000000000000e+01
1.700000000000000000e+01
2.200000000000000000e+01
-4.000000000000000000e+00
1.500000000000000000e+01
4.400000000000000000e+01
2.600000000000000000e+01
1.900000000000000000e+01
4.600000000000000000e+01
1.000000000000000000e+00
3.400000000000000000e+01
3.500000000000000000e+01
5.300000000000000000e+01
3.700000000000000000e+01
2.400000000000000000e+01
4.600000000000000000e+01
6.200000000000000000e+01
3.800000000000000000e+01
6.100000000000000000e+01
5.400000000000000000e+01
4.500000000000000000e+01
5.000000000000000000e+01
6.900000000000000000e+01
4.900000000000000000e+01
8.300000000000000000e+01
5.500000000000000000e+01
6.600000000000000000e+01
6.500000000000000000e+01
7.300000000000000000e+01
7.500000000000000000e+01
1.140000000000000000e+02
7.200000000000000000e+01
1.260000000000000000e+02
8.900000000000000000e+01
1.010000000000000000e+02
1.140000000000000000e+02
1.260000000000000000e+02
1.600000000000000000e+02
1.300000000000000000e+02
1.680000000000000000e+02
1.620000000000000000e+02
1.790000000000000000e+02
1.960000000000000000e+02
2.160000000000000000e+02
2.210000000000000000e+02
2.140000000000000000e+02
2.140000000000000000e+02
2.620000000000000000e+02
2.710000000000000000e+02
2.610000000000000000e+02
3.040000000000000000e+02
3.170000000000000000e+02
3.410000000000000000e+02
3.390000000000000000e+02
3.520000000000000000e+02
4.050000000000000000e+02
3.500000000000000000e+02
3.810000000000000000e+02
4.170000000000000000e+02
4.260000000000000000e+02
4.140000000000000000e+02
4.820000000000000000e+02
4.620000000000000000e+02
5.330000000000000000e+02
5.090000000000000000e+02
5.810000000000000000e+02
6.050000000000000000e+02
6.040000000000000000e+02
6.490000000000000000e+02
6.500000000000000000e+02
6.790000000000000000e+02
7.300000000000000000e+02
7.320000000000000000e+02
7.210000000000000000e+02
8.030000000000000000e+02
8.250000000000000000e+02
8.410000000000000000e+02
8.430000000000000000e+02
8.640000000000000000e+02
9.050000000000000000e+02
9.700000000000000000e+02
9.650000000000000000e+02
9.890000000000000000e+02
9.780000000000000000e+02
9.990000000000000000e+02
1.024000000000000000e+03
1.005000000000000000e+03
1.049000000000000000e+03
1.057000000000000000e+03
1.086000000000000000e+03
1.142000000000000000e+03
1.135000000000000000e+03
1.142000000000000000e+03
1.178000000000000000e+03
1.182000000000000000e+03
1.194000000000000000e+03
1.235000000000000000e+03
1.255000000000000000e+03
1.229000000000000000e+03
1.250000000000000000e+03
1.257000000000000000e+03
1.247000000000000000e+03
1.297000000000000000e+03
1.336000000000000000e+03
1.315000000000000000e+03
1.382000000000000000e+03
1.371000000000000000e+03
1.383000000000000000e+03
1.386000000000000000e+03
1.380000000000000000e+03
1.415000000000000000e+03
1.412000000000000000e+03
1.407000000000000000e+03
1.304000000000000000e+03
1.401000000000000000e+03
1.397000000000000000e+03
1.386000000000000000e+03
1.346000000000000000e+03
1.336000000000000000e+03
1.341000000000000000e+03
1.338000000000000000e+03
1.323000000000000000e+03
1.277000000000000000e+03
1.238000000000000000e+03
1.195000000000000000e+03
1.213000000000000000e+03
1.224000000000000000e+03
1.161000000000000000e+03
1.128000000000000000e+03
1.128000000000000000e+03
1.148000000000000000e+03
1.146000000000000000e+03
1.161000000000000000e+03
1.109000000000000000e+03
1.137000000000000000e+03
1.085000000000000000e+03
1.096000000000000000e+03
1.062000000000000000e+03
1.046000000000000000e+03
1.071000000000000000e+03
1.031000000000000000e+03
1.042000000000000000e+03
1.002000000000000000e+03
1.026000000000000000e+03
9.910000000000000000e+02
9.760000000000000000e+02
9.600000000000000000e+02
8.930000000000000000e+02
8.560000000000000000e+02
8.820000000000000000e+02
8.390000000000000000e+02
7.950000000000000000e+02
7.470000000000000000e+02
7.620000000000000000e+02
7.610000000000000000e+02
6.740000000000000000e+02
7.220000000000000000e+02
6.590000000000000000e+02
6.500000000000000000e+02
6.270000000000000000e+02
5.990000000000000000e+02
5.720000000000000000e+02
5.730000000000000000e+02
5.630000000000000000e+02
5.740000000000000000e+02
5.210000000000000000e+02
5.260000000000000000e+02
4.390000000000000000e+02
5.030000000000000000e+02
4.690000000000000000e+02
4.510000000000000000e+02
4.440000000000000000e+02
3.950000000000000000e+02
3.800000000000000000e+02
3.690000000000000000e+02
3.770000000000000000e+02
3.350000000000000000e+02
3.760000000000000000e+02
3.320000000000000000e+02
3.020000000000000000e+02
3.190000000000000000e+02
3.170000000000000000e+02
2.560000000000000000e+02
2.720000000000000000e+02
2.320000000000000000e+02
2.390000000000000000e+02
2.270000000000000000e+02
2.200000000000000000e+02
1.860000000000000000e+02
1.810000000000000000e+02
1.780000000000000000e+02
2.150000000000000000e+02
1.860000000000000000e+02
1.810000000000000000e+02
1.480000000000000000e+02
1.470000000000000000e+02
1.530000000000000000e+02
1.510000000000000000e+02
1.420000000000000000e+02
1.390000000000000000e+02
1.090000000000000000e+02
9.300000000000000000e+01
1.140000000000000000e+02
1.010000000000000000e+02
9.600000000000000000e+01
6.900000000000000000e+01
9.000000000000000000e+01
8.700000000000000000e+01
6.700000000000000000e+01
7.000000000000000000e+01
8.800000000000000000e+01
5.800000000000000000e+01
8.600000000000000000e+01
4.700000000000000000e+01
6.600000000000000000e+01
9.000000000000000000e+01
3.500000000000000000e+01
7.100000000000000000e+01
5.400000000000000000e+01
7.200000000000000000e+01
7.000000000000000000e+00
3.800000000000000000e+01
2.100000000000000000e+01
-4.000000000000000000e+00
2.300000000000000000e+01
3.200000000000000000e+01
5.200000000000000000e+01
2.300000000000000000e+01
3.800000000000000000e+01
4.400000000000000000e+01
1.000000000000000000e+00
1.100000000000000000e+01
1.300000000000000000e+01
5.400000000000000000e+01
-8.000000000000000000e+00
-2.000000000000000000e+00
1.700000000000000000e+01
1.700000000000000000e+01
4.800000000000000000e+01
1.100000000000000000e+01
-1.700000000000000000e+01
2.100000000000000000e+01
6.000000000000000000e+00
1.600000000000000000e+01
1.700000000000000000e+01
3.200000000000000000e+01
-1.500000000000000000e+01
-2.100000000000000000e+01
1.400000000000000000e+01
4.000000000000000000e+00
2.000000000000000000e+00
1.000000000000000000e+00
-5.000000000000000000e+00
3.700000000000000000e+01
1.400000000000000000e+01
0.000000000000000000e+00
-1.900000000000000000e+01
1.400000000000000000e+01
-1.000000000000000000e+00
4.400000000000000000e+01
1.400000000000000000e+01
2.000000000000000000e+00
2.200000000000000000e+01
2.000000000000000000e+00
2.200000000000000000e+01
-6.000000000000000000e+00
3.000000000000000000e+00
4.500000000000000000e+01
6.000000000000000000e+00
0.000000000000000000e+00
1.000000000000000000e+01
-2.200000000000000000e+01
-1.000000000000000000e+01
-8.000000000000000000e+00
-1.500000000000000000e+01
-2.000000000000000000e+00
-2.300000000000000000e+01
2.000000000000000000e+00
3.000000000000000000e+00
-3.000000000000000000e+01
-3.000000000000000000e+00
-1.000000000000000000e+00
3.600000000000000000e+01
3.000000000000000000e+00
9.000000000000000000e+00
-1.000000000000000000e+01
3.000000000000000000e+00
-3.500000000000000000e+01
6.000000000000000000e+00
2.500000000000000000e+01
-3.000000000000000000e+00
8.000000000000000000e+00
9.000000000000000000e+00
5.000000000000000000e+00
-2.500000000000000000e+01
9.000000000000000000e+00
-1.100000000000000000e+01
1.400000000000000000e+01
-7.000000000000000000e+00
4.000000000000000000e+00
-2.000000000000000000e+00
-6.000000000000000000e+00
-1.000000000000000000e+00
-1.300000000000000000e+01
4.000000000000000000e+00
-7.000000000000000000e+00
1.500000000000000000e+01
2.900000000000000000e+01
-2.400000000000000000e+01
1.800000000000000000e+01
3.000000000000000000e+00
2.100000000000000000e+01
-9.000000000000000000e+00
2.300000000000000000e+01
-3.000000000000000000e+00
4.000000000000000000e+00
0.000000000000000000e+00
2.000000000000000000e+00
