0.000000000000000000e+00
3.000000000000000000e+00
2.000000000000000000e+00
-2.000000000000000000e+00
-1.000000000000000000e+01
-7.000000000000000000e+00
-1.300000000000000000e+01
1.300000000000000000e+01
0.000000000000000000e+00
-1.400000000000000000e+01
4.000000000000000000e+00
7.000000000000000000e+00
-2.400000000000000000e+01
2.000000000000000000e+01
2.000000000000000000e+01
4.000000000000000000e+00
1.000000000000000000e+00
-1.900000000000000000e+01
1.000000000000000000e+01
2.000000000000000000e+00
4.000000000000000000e+00
9.000000000000000000e+00
1.700000000000000000e+01
-9.000000000000000000e+00
-4.100000000000000000e+01
-2.500000000000000000e+01
-3.000000000000000000e+00
1.100000000000000000e+01
9.000000000000000000e+00
-6.000000000000000000e+00
-2.300000000000000000e+01
0.000000000000000000e+00
1.700000000000000000e+01
-2.300000000000000000e+01
3.000000000000000000e+00
1.500000000000000000e+01
1.000000000000000000e+01
1.200000000000000000e+01
-1.200000000000000000e+01
3.100000000000000000e+01
-1.300000000000000000e+01
6.000000000000000000e+00
-1.700000000000000000e+01
1.600000000000000000e+01
1.800000000000000000e+01
-2.000000000000000000e+01
-8.000000000000000000e+00
-1.200000000000000000e+01
-8.000000000000000000e+00
-6.000000000000000000e+00
-1.200000000000000000e+01
1.200000000000000000e+01
-2.700000000000000000e+01
7.000000000000000000e+00
-3.600000000000000000e+01
8.000000000000000000e+00
-6.000000000000000000e+00
1.200000000000000000e+01
0.000000000000000000e+00
-3.000000000000000000e+00
-1.000000000000000000e+00
-1.900000000000000000e+01
-1.200000000000000000e+01
-1.600000000000000000e+01
-3.000000000000000000e+00
2.000000000000000000e+00
-1.300000000000000000e+01
3.000000000000000000e+01
-9.000000000000000000e+00
-1.000000000000000000e+00
-4.000000000000000000e+00
-1.000000000000000000e+01
9.000000000000000000e+00
-1.400000000000000000e+01
1.200000000000000000e+01
-5.000000000000000000e+00
3.200000000000000000e+01
-4.000000000000000000e+00
4.000000000000000000e+00
0.000000000000000000e+00
-2.000000000000000000e+00
1.100000000000000000e+01
-6.000000000000000000e+00
-1.200000000000000000e+01
2.400000000000000000e+01
-3.900000000000000000e+01
-3.600000000000000000e+01
2.900000000000000000e+01
-2.300000000000000000e+01
1.900000000000000000e+01
4.200000000000000000e+01
2.300000000000000000e+01
-2.000000000000000000e+00
-2.000000000000000000e+00
-3.400000000000000000e+01
2.400000000000000000e+01
1.100000000000000000e+01
-1.000000000000000000e+01
1.500000000000000000e+01
2.400000000000000000e+01
-1.000000000000000000e+01
-1.500000000000000000e+01
-8.000000000000000000e+00
-5.300000000000000000e+01
2.000000000000000000e+00
2.500000000000000000e+01
-4.000000000000000000e+00
3.200000000000000000e+01
6.000000000000000000e+00
3.000000000000000000e+00
1.200000000000000000e+01
1.500000000000000000e+01
-2.200000000000000000e+01
0.000000000000000000e+00
-4.000000000000000000e+00
2.200000000000000000e+01
-6.000000000000000000e+00
2.300000000000000000e+01
1.100000000000000000e+01
-1.600000000000000000e+01
-4.000000000000000000e+00
1.800000000000000000e+01
1.500000000000000000e+01
0.000000000000000000e+00
-2.900000000000000000e+01
-4.000000000000000000e+00
1.200000000000000000e+01
2.200000000000000000e+01
-1.000000000000000000e+00
1.100000000000000000e+01
-2.100000000000000000e+01
1.600000000000000000e+01
-5.000000000000000000e+00
1.900000000000000000e+01
2.000000000000000000e+00
1.100000000000000000e+01
-1.100000000000000000e+01
1.500000000000000000e+01
-3.100000000000000000e+01
-4.000000000000000000e+00
-4.000000000000000000e+00
3.000000000000000000e+00
-1.800000000000000000e+01
0.000000000000000000e+00
-1.000000000000000000e+00
2.100000000000000000e+01
9.000000000000000000e+00
-1.900000000000000000e+01
2.100000000000000000e+01
2.900000000000000000e+01
-1.700000000000000000e+01
3.000000000000000000e+00
-9.000000000000000000e+00
2.000000000000000000e+01
9.000000000000000000e+00
-2.700000000000000000e+01
-1.100000000000000000e+01
1.000000000000000000e+00
5.000000000000000000e+00
1.900000000000000000e+01
1.700000000000000000e+01
-1.100000000000000000e+01
-1.000000000000000000e+01
8.000000000000000000e+00
1.000000000000000000e+00
-3.000000000000000000e+00
-1.000000000000000000e+01
-4.000000000000000000e+00
-3.800000000000000000e+01
1.600000000000000000e+01
1.300000000000000000e+01
1.000000000000000000e+00
1.200000000000000000e+01
-1.000000000000000000e+01
-1.700000000000000000e+01
-3.300000000000000000e+01
-3.100000000000000000e+01
6.000000000000000000e+00
9.000000000000000000e+00
-4.000000000000000000e+00
2.000000000000000000e+01
-3.000000000000000000e+00
-8.000000000000000000e+00
1.300000000000000000e+01
2.000000000000000000e+00
-7.000000000000000000e+00
-1.200000000000000000e+01
3.000000000000000000e+00
-5.000000000000000000e+00
9.000000000000000000e+00
-1.300000000000000000e+01
-1.800000000000000000e+01
1.800000000000000000e+01
-2.300000000000000000e+01
-1.500000000000000000e+01
-1.000000000000000000e+01
6.000000000000000000e+00
3.800000000000000000e+01
2.000000000000000000e+01
1.400000000000000000e+01
1.600000000000000000e+01
-1.200000000000000000e+01
-4.000000000000000000e+01
8.000000000000000000e+00
-2.100000000000000000e+01
1.200000000000000000e+01
-1.900000000000000000e+01
-2.400000000000000000e+01
9.000000000000000000e+00
3.000000000000000000e+00
1.000000000000000000e+01
-9.000000000000000000e+00
-9.000000000000000000e+00
1.900000000000000000e+01
3.000000000000000000e+00
1.200000000000000000e+01
-2.000000000000000000e+00
-1.200000000000000000e+01
-1.000000000000000000e+00
-3.000000000000000000e+01
-7.000000000000000000e+00
-3.000000000000000000e+01
-1.300000000000000000e+01
2.000000000000000000e+00
-1.000000000000000000e+00
-1.900000000000000000e+01
-1.900000000000000000e+01
-1.400000000000000000e+01
2.500000000000000000e+01
-4.000000000000000000e+00
-2.600000000000000000e+01
-2.000000000000000000e+01
2.000000000000000000e+00
-1.500000000000000000e+01
1.700000000000000000e+01
-1.700000000000000000e+01
-6.000000000000000000e+00
-6.000000000000000000e+00
-2.300000000000000000e+01
-1.400000000000000000e+01
1.800000000000000000e+01
-9.000000000000000000e+00
1.000000000000000000e+00
-9.000000000000000000e+00
-2.000000000000000000e+00
1.300000000000000000e+01
-2.000000000000000000e+01
-1.300000000000000000e+01
1.000000000000000000e+01
3.000000000000000000e+00
1.900000000000000000e+01
-1.000000000000000000e+00
-3.000000000000000000e+01
-2.000000000000000000e+01
-8.000000000000000000e+00
1.100000000000000000e+01
-1.000000000000000000e+01
-2.300000000000000000e+01
-4.100000000000000000e+01
1.800000000000000000e+01
-2.000000000000000000e+00
-1.700000000000000000e+01
1.100000000000000000e+01
0.000000000000000000e+00
1.000000000000000000e+01
-7.000000000000000000e+00
5.000000000000000000e+00
1.300000000000000000e+01
-1.000000000000000000e+01
-1.200000000000000000e+01
-3.000000000000000000e+00
0.000000000000000000e+00
-7.000000000000000000e+00
-1.800000000000000000e+01
4.000000000000000000e+00
0.000000000000000000e+00
1.900000000000000000e+01
3.000000000000000000e+00
-3.000000000000000000e+01
-8.000000000000000000e+00
-2.000000000000000000e+00
-6.000000000000000000e+00
-1.000000000000000000e+01
1.200000000000000000e+01
-8.000000000000000000e+00
2.500000000000000000e+01
1.600000000000000000e+01
1.900000000000000000e+01
1.100000000000000000e+01
-3.800000000000000000e+01
3.300000000000000000e+01
-1.300000000000000000e+01
-9.000000000000000000e+00
-2.000000000000000000e+00
-1.200000000000000000e+01
-1.700000000000000000e+01
-1.000000000000000000e+00
-7.000000000000000000e+00
1.300000000000000000e+01
-9.000000000000000000e+00
1.000000000000000000e+01
0.000000000000000000e+00
-1.900000000000000000e+01
-1.000000000000000000e+00
3.300000000000000000e+01
6.000000000000000000e+00
-7.000000000000000000e+00
-9.000000000000000000e+00
-1.400000000000000000e+01
2.200000000000000000e+01
-1.000000000000000000e+01
-9.000000000000000000e+00
0.000000000000000000e+00
2.000000000000000000e+00
-9.000000000000000000e+00
-3.100000000000000000e+01
-2.100000000000000000e+01
1.500000000000000000e+01
6.000000000000000000e+00
8.000000000000000000e+00
-2.000000000000000000e+00
-1.600000000000000000e+01
1.300000000000000000e+01
2.300000000000000000e+01
1.100000000000000000e+01
1.000000000000000000e+01
-1.000000000000000000e+00
5.000000000000000000e+00
3.000000000000000000e+01
-1.000000000000000000e+00
4.000000000000000000e+00
-9.000000000000000000e+00
-1.100000000000000000e+01
-1.100000000000000000e+01
-1.000000000000000000e+01
-6.000000000000000000e+00
1.100000000000000000e+01
2.000000000000000000e+01
1.000000000000000000e+01
1.000000000000000000e+01
3.000000000000000000e+00
1.100000000000000000e+01
2.100000000000000000e+01
-2.200000000000000000e+01
0.000000000000000000e+00
-1.500000000000000000e+01
9.000000000000000000e+00
-1.300000000000000000e+01
-6.000000000000000000e+00
-1.500000000000000000e+01
7.000000000000000000e+00
-1.100000000000000000e+01
-5.000000000000000000e+00
2.100000000000000000e+01
-8.000000000000000000e+00
-1.500000000000000000e+01
-7.000000000000000000e+00
9.000000000000000000e+00
7.000000000000000000e+00
8.000000000000000000e+00
2.100000000000000000e+01
2.000000000000000000e+00
-1.700000000000000000e+01
6.000000000000000000e+00
-1.600000000000000000e+01
5.000000000000000000e+00
-3.000000000000000000e+01
3.000000000000000000e+00
8.000000000000000000e+00
1.400000000000000000e+01
-2.000000000000000000e+00
2.100000000000000000e+01
-1.200000000000000000e+01
-1.000000000000000000e+01
-3.000000000000000000e+00
-7.000000000000000000e+00
-3.300000000000000000e+01
6.000000000000000000e+00
1.800000000000000000e+01
1.000000000000000000e+01
-1.000000000000000000e+01
5.000000000000000000e+00
7.000000000000000000e+00
-1.500000000000000000e+01
-8.000000000000000000e+00
-2.600000000000000000e+01
1.000000000000000000e+01
1.000000000000000000e+00
-1.000000000000000000e+01
-8.000000000000000000e+00
6.000000000000000000e+00
1.300000000000000000e+01
1.900000000000000000e+01
1.800000000000000000e+01
1.300000000000000000e+01
-6.000000000000000000e+00
-4.000000000000000000e+00
3.400000000000000000e+01
1.900000000000000000e+01
1.300000000000000000e+01
5.000000000000000000e+00
8.000000000000000000e+00
2.100000000000000000e+01
1.900000000000000000e+01
-1.800000000000000000e+01
3.000000000000000000e+01
5.000000000000000000e+00
-2.000000000000000000e+00
-1.000000000000000000e+01
7.000000000000000000e+00
-9.000000000000000000e+00
-1.500000000000000000e+01
3.000000000000000000e+00
-2.900000000000000000e+01
6.000000000000000000e+00
4.200000000000000000e+01
1.100000000000000000e+01
-2.900000000000000000e+01
-9.000000000000000000e+00
-1.300000000000000000e+01
2.000000000000000000e+00
-1.900000000000000000e+01
2.900000000000000000e+01
1.200000000000000000e+01
4.000000000000000000e+00
-1.900000000000000000e+01
6.000000000000000000e+00
-7.000000000000000000e+00
8.000000000000000000e+00
-1.000000000000000000e+00
3.000000000000000000e+00
1.800000000000000000e+01
-1.000000000000000000e+00
-1.500000000000000000e+01
-8.000000000000000000e+00
-3.000000000000000000e+00
8.000000000000000000e+00
-2.000000000000000000e+00
-1.700000000000000000e+01
1.500000000000000000e+01
-3.000000000000000000e+01
-2.100000000000000000e+01
2.000000000000000000e+01
-1.000000000000000000e+01
2.100000000000000000e+01
-8.000000000000000000e+00
3.100000000000000000e+01
-1.000000000000000000e+01
2.800000000000000000e+01
0.000000000000000000e+00
-3.000000000000000000e+00
-3.000000000000000000e+00
4.000000000000000000e+00
1.400000000000000000e+01
-2.300000000000000000e+01
2.700000000000000000e+01
1.600000000000000000e+01
-1.200000000000000000e+01
1.300000000000000000e+01
2.700000000000000000e+01
0.000000000000000000e+00
2.000000000000000000e+01
1.800000000000000000e+01
-2.000000000000000000e+00
-1.300000000000000000e+01
-1.200000000000000000e+01
-6.000000000000000000e+00
2.200000000000000000e+01
-9.000000000000000000e+00
5.000000000000000000e+00
-1.300000000000000000e+01
5.000000000000000000e+00
6.000000000000000000e+00
-5.000000000000000000e+00
-1.900000000000000000e+01
-1.100000000000000000e+01
-1.600000000000000000e+01
1.000000000000000000e+01
-6.000000000000000000e+00
-1.100000000000000000e+01
1.500000000000000000e+01
-6.000000000000000000e+00
-1.100000000000000000e+01
1.900000000000000000e+01
-7.000000000000000000e+00
4.000000000000000000e+00
1.400000000000000000e+01
-2.000000000000000000e+01
2.000000000000000000e+00
2.000000000000000000e+00
9.000000000000000000e+00
-9.000000000000000000e+00
-1.900000000000000000e+01
1.800000000000000000e+01
-1.000000000000000000e+01
5.000000000000000000e+00
1.900000000000000000e+01
7.000000000000000000e+00
3.000000000000000000e+01
2.700000000000000000e+01
-2.000000000000000000e+01
-1.900000000000000000e+01
-1.000000000000000000e+00
1.000000000000000000e+01
-1.800000000000000000e+01
-7.000000000000000000e+00
-1.000000000000000000e+00
-2.700000000000000000e+01
2.200000000000000000e+01
2.400000000000000000e+01
1.700000000000000000e+01
-8.000000000000000000e+00
-1.300000000000000000e+01
2.000000000000000000e+01
1.700000000000000000e+01
2.300000000000000000e+01
3.800000000000000000e+01
1.900000000000000000e+01
1.800000000000000000e+01
2.400000000000000000e+01
2.200000000000000000e+01
4.200000000000000000e+01
2.700000000000000000e+01
1.300000000000000000e+01
4.800000000000000000e+01
3.900000000000000000e+01
3.700000000000000000e+01
9.200000000000000000e+01
3.500000000000000000e+01
4.000000000000000000e+01
4.600000000000000000e+01
7.700000000000000000e+01
5.800000000000000000e+01
7.000000000000000000e+01
8.900000000000000000e+01
6.900000000000000000e+01
4.600000000000000000e+01
7.400000000000000000e+01
7.000000000000000000e+01
1.060000000000000000e+02
6.300000000000000000e+01
6.000000000000000000e+01
7.500000000000000000e+01
8.200000000000000000e+01
7.400000000000000000e+01
8.800000000000000000e+01
2.500000000000000000e+01
4.400000000000000000e+01
3.400000000000000000e+01
5.900000000000000000e+01
1.300000000000000000e+01
3.700000000000000000e+01
2.700000000000000000e+01
1.000000000000000000e+01
5.900000000000000000e+01
1.600000000000000000e+01
-2.200000000000000000e+01
2.600000000000000000e+01
1.800000000000000000e+01
1.000000000000000000e+01
2.500000000000000000e+01
1.000000000000000000e+00
1.000000000000000000e+01
1.100000000000000000e+01
3.400000000000000000e+01
-4.000000000000000000e+00
1.000000000000000000e+00
-4.000000000000000000e+00
-4.000000000000000000e+00
1.900000000000000000e+01
-1.100000000000000000e+01
9.000000000000000000e+00
8.000000000000000000e+00
-2.000000000000000000e+00
3.000000000000000000e+00
1.600000000000000000e+01
1.400000000000000000e+01
4.000000000000000000e+00
4.000000000000000000e+00
-4.000000000000000000e+00
-5.000000000000000000e+00
2.900000000000000000e+01
5.000000000000000000e+00
1.300000000000000000e+01
0.000000000000000000e+00
1.400000000000000000e+01
-1.000000000000000000e+00
2.000000000000000000e+00
-7.000000000000000000e+00
9.000000000000000000e+00
9.000000000000000000e+00
-1.600000000000000000e+01
2.300000000000000000e+01
7.000000000000000000e+00
-2.500000000000000000e+01
-2.000000000000000000e+01
-1.400000000000000000e+01
-1.000000000000000000e+00
2.200000000000000000e+01
-3.400000000000000000e+01
2.100000000000000000e+01
-1.200000000000000000e+01
7.000000000000000000e+00
-9.000000000000000000e+00
0.000000000000000000e+00
3.000000000000000000e+00
1.500000000000000000e+01
-7.000000000000000000e+00
-4.000000000000000000e+00
2.800000000000000000e+01
-9.000000000000000000e+00
-2.900000000000000000e+01
3.000000000000000000e+01
4.000000000000000000e+00
2.500000000000000000e+01
4.000000000000000000e+00
-1.300000000000000000e+01
2.000000000000000000e+01
1.600000000000000000e+01
4.000000000000000000e+00
1.600000000000000000e+01
1.700000000000000000e+01
7.000000000000000000e+00
1.100000000000000000e+01
-2.000000000000000000e+00
6.000000000000000000e+00
2.100000000000000000e+01
-1.500000000000000000e+01
9.000000000000000000e+00
1.500000000000000000e+01
-2.300000000000000000e+01
-1.900000000000000000e+01
1.000000000000000000e+00
5.000000000000000000e+00
2.000000000000000000e+00
8.000000000000000000e+00
-1.000000000000000000e+00
-3.000000000000000000e+00
-2.200000000000000000e+01
2.100000000000000000e+01
9.000000000000000000e+00
-2.000000000000000000e+00
4.200000000000000000e+01
2.300000000000000000e+01
3.300000000000000000e+01
8.000000000000000000e+00
-9.000000000000000000e+00
-1.000000000000000000e+00
-2.100000000000000000e+01
3.200000000000000000e+01
1.200000000000000000e+01
-4.000000000000000000e+00
2.400000000000000000e+01
6.000000000000000000e+00
-1.300000000000000000e+01
1.300000000000000000e+01
-1.200000000000000000e+01
2.500000000000000000e+01
2.300000000000000000e+01
2.000000000000000000e+00
1.200000000000000000e+01
5.000000000000000000e+00
2.000000000000000000e+01
2.700000000000000000e+01
-2.600000000000000000e+01
3.600000000000000000e+01
1.400000000000000000e+01
3.000000000000000000e+00
2.300000000000000000e+01
3.000000000000000000e+00
2.300000000000000000e+01
1.800000000000000000e+01
-1.000000000000000000e+00
-7.000000000000000000e+00
2.100000000000000000e+01
3.000000000000000000e+00
2.100000000000000000e+01
1.400000000000000000e+01
-5.000000000000000000e+00
1.400000000000000000e+01
1.300000000000000000e+01
2.400000000000000000e+01
2.500000000000000000e+01
6.000000000000000000e+00
-1.300000000000000000e+01
6.000000000000000000e+00
3.000000000000000000e+01
-1.300000000000000000e+01
1.600000000000000000e+01
1.000000000000000000e+01
6.000000000000000000e+00
-4.200000000000000000e+01
1.300000000000000000e+01
3.600000000000000000e+01
-2.000000000000000000e+00
5.000000000000000000e+00
2.300000000000000000e+01
7.000000000000000000e+00
1.100000000000000000e+01
-1.200000000000000000e+01
9.000000000000000000e+00
1.800000000000000000e+01
-7.000000000000000000e+00
4.000000000000000000e+00
2.500000000000000000e+01
7.000000000000000000e+00
-6.000000000000000000e+00
2.000000000000000000e+01
1.000000000000000000e+00
1.600000000000000000e+01
-5.000000000000000000e+00
3.700000000000000000e+01
4.600000000000000000e+01
4.200000000000000000e+01
3.600000000000000000e+01
5.000000000000000000e+00
-1.500000000000000000e+01
7.000000000000000000e+00
2.200000000000000000e+01
3.100000000000000000e+01
0.000000000000000000e+00
-3.000000000000000000e+00
5.000000000000000000e+00
1.000000000000000000e+00
1.300000000000000000e+01
2.900000000000000000e+01
6.000000000000000000e+00
-4.000000000000000000e+00
2.000000000000000000e+01
2.700000000000000000e+01
9.000000000000000000e+00
3.200000000000000000e+01
9.000000000000000000e+00
2.200000000000000000e+01
-5.000000000000000000e+00
1.000000000000000000e+00
4.000000000000000000e+01
2.400000000000000000e+01
-2.300000000000000000e+01
3.000000000000000000e+01
3.700000000000000000e+01
5.700000000000000000e+01
2.600000000000000000e+01
0.000000000000000000e+00
1.800000000000000000e+01
8.000000000000000000e+00
-4.000000000000000000e+00
3.700000000000000000e+01
2.500000000000000000e+01
3.300000000000000000e+01
1.000000000000000000e+01
4.400000000000000000e+01
2.600000000000000000e+01
2.400000000000000000e+01
4.100000000000000000e+01
1.100000000000000000e+01
4.600000000000000000e+01
2.700000000000000000e+01
5.600000000000000000e+01
2.500000000000000000e+01
3.100000000000000000e+01
-1.000000000000000000e+00
3.800000000000000000e+01
3.300000000000000000e+01
1.000000000000000000e+01
-2.000000000000000000e+00
4.800000000000000000e+01
2.000000000000000000e+00
1.100000000000000000e+01
2.700000000000000000e+01
0.000000000000000000e+00
3.200000000000000000e+01
5.000000000000000000e+00
1.700000000000000000e+01
1.500000000000000000e+01
-2.000000000000000000e+00
3.400000000000000000e+01
8.000000000000000000e+00
-1.100000000000000000e+01
5.000000000000000000e+00
2.300000000000000000e+01
4.600000000000000000e+01
2.800000000000000000e+01
8.000000000000000000e+00
3.600000000000000000e+01
4.000000000000000000e+00
-9.000000000000000000e+00
7.000000000000000000e+00
1.200000000000000000e+01
3.600000000000000000e+01
-7.000000000000000000e+00
3.600000000000000000e+01
2.100000000000000000e+01
4.000000000000000000e+01
2.900000000000000000e+01
2.900000000000000000e+01
1.200000000000000000e+01
3.200000000000000000e+01
-5.000000000000000000e+00
-2.200000000000000000e+01
1.300000000000000000e+01
2.100000000000000000e+01
1.100000000000000000e+01
1.800000000000000000e+01
4.000000000000000000e+00
3.200000000000000000e+01
2.400000000000000000e+01
2.700000000000000000e+01
1.200000000000000000e+01
3.000000000000000000e+01
4.500000000000000000e+01
2.400000000000000000e+01
1.900000000000000000e+01
3.100000000000000000e+01
2.800000000000000000e+01
3.700000000000000000e+01
4.200000000000000000e+01
-5.000000000000000000e+00
5.200000000000000000e+01
4.400000000000000000e+01
4.500000000000000000e+01
3.000000000000000000e+01
3.000000000000000000e+01
1.900000000000000000e+01
5.100000000000000000e+01
-1.100000000000000000e+01
1.500000000000000000e+01
4.400000000000000000e+01
4.800000000000000000e+01
2.300000000000000000e+01
3.400000000000000000e+01
1.800000000000000000e+01
3.300000000000000000e+01
2.400000000000000000e+01
2.500000000000000000e+01
3.900000000000000000e+01
4.600000000000000000e+01
2.100000000000000000e+01
1.100000000000000000e+01
1.200000000000000000e+01
3.600000000000000000e+01
2.400000000000000000e+01
4.600000000000000000e+01
3.700000000000000000e+01
3.700000000000000000e+01
1.700000000000000000e+01
1.400000000000000000e+01
3.900000000000000000e+01
1.700000000000000000e+01
2.400000000000000000e+01
-1.000000000000000000e+00
3.100000000000000000e+01
9.000000000000000000e+00
4.700000000000000000e+01
4.200000000000000000e+01
2.700000000000000000e+01
4.000000000000000000e+01
1.300000000000000000e+01
3.300000000000000000e+01
6.400000000000000000e+01
5.200000000000000000e+01
3.600000000000000000e+01
5.200000000000000000e+01
7.600000000000000000e+01
5.800000000000000000e+01
5.500000000000000000e+01
1.400000000000000000e+01
6.000000000000000000e+00
6.700000000000000000e+01
6.600000000000000000e+01
5.800000000000000000e+01
6.500000000000000000e+01
1.100000000000000000e+02
1.090000000000000000e+02
1.040000000000000000e+02
1.170000000000000000e+02
1.120000000000000000e+02
1.150000000000000000e+02
1.060000000000000000e+02
1.280000000000000000e+02
1.480000000000000000e+02
1.670000000000000000e+02
2.050000000000000000e+02
1.770000000000000000e+02
2.190000000000000000e+02
1.880000000000000000e+02
2.520000000000000000e+02
2.600000000000000000e+02
2.790000000000000000e+02
2.780000000000000000e+02
2.860000000000000000e+02
3.640000000000000000e+02
3.680000000000000000e+02
3.790000000000000000e+02
4.470000000000000000e+02
4.790000000000000000e+02
4.640000000000000000e+02
5.300000000000000000e+02
5.250000000000000000e+02
5.900000000000000000e+02
6.340000000000000000e+02
6.910000000000000000e+02
7.650000000000000000e+02
8.200000000000000000e+02
8.090000000000000000e+02
9.260000000000000000e+02
1.045000000000000000e+03
1.076000000000000000e+03
1.172000000000000000e+03
1.225000000000000000e+03
1.287000000000000000e+03
1.378000000000000000e+03
1.449000000000000000e+03
1.568000000000000000e+03
1.692000000000000000e+03
1.752000000000000000e+03
1.828000000000000000e+03
1.933000000000000000e+03
2.028000000000000000e+03
2.131000000000000000e+03
2.290000000000000000e+03
2.380000000000000000e+03
2.578000000000000000e+03
2.631000000000000000e+03
2.725000000000000000e+03
2.781000000000000000e+03
2.898000000000000000e+03
2.927000000000000000e+03
3.034000000000000000e+03
3.221000000000000000e+03
3.230000000000000000e+03
3.297000000000000000e+03
3.376000000000000000e+03
3.436000000000000000e+03
3.516000000000000000e+03
3.468000000000000000e+03
3.530000000000000000e+03
3.508000000000000000e+03
3.485000000000000000e+03
3.444000000000000000e+03
3.475000000000000000e+03
3.335000000000000000e+03
3.396000000000000000e+03
3.383000000000000000e+03
3.284000000000000000e+03
3.162000000000000000e+03
3.125000000000000000e+03
2.999000000000000000e+03
2.874000000000000000e+03
2.833000000000000000e+03
2.714000000000000000e+03
2.639000000000000000e+03
2.491000000000000000e+03
2.395000000000000000e+03
2.306000000000000000e+03
2.123000000000000000e+03
2.029000000000000000e+03
1.882000000000000000e+03
1.811000000000000000e+03
1.709000000000000000e+03
1.579000000000000000e+03
1.459000000000000000e+03
1.358000000000000000e+03
1.258000000000000000e+03
1.176000000000000000e+03
1.025000000000000000e+03
9.970000000000000000e+02
8.820000000000000000e+02
8.130000000000000000e+02
7.450000000000000000e+02
6.780000000000000000e+02
6.040000000000000000e+02
5.730000000000000000e+02
4.760000000000000000e+02
4.540000000000000000e+02
4.210000000000000000e+02
3.880000000000000000e+02
3.000000000000000000e+02
2.940000000000000000e+02
2.460000000000000000e+02
2.330000000000000000e+02
2.230000000000000000e+02
1.770000000000000000e+02
1.500000000000000000e+02
1.880000000000000000e+02
1.220000000000000000e+02
1.190000000000000000e+02
9.000000000000000000e+01
1.010000000000000000e+02
6.600000000000000000e+01
6.800000000000000000e+01
6.200000000000000000e+01
7.600000000000000000e+01
4.300000000000000000e+01
5.300000000000000000e+01
1.700000000000000000e+01
6.100000000000000000e+01
6.100000000000000000e+01
2.400000000000000000e+01
3.300000000000000000e+01
9.000000000000000000e+00
3.200000000000000000e+01
2.200000000000000000e+01
3.900000000000000000e+01
3.900000000000000000e+01
1.000000000000000000e+01
1.200000000000000000e+01
1.300000000000000000e+01
1.900000000000000000e+01
4.200000000000000000e+01
2.400000000000000000e+01
3.200000000000000000e+01
2.800000000000000000e+01
5.000000000000000000e+00
1.700000000000000000e+01
-6.000000000000000000e+00
3.700000000000000000e+01
1.000000000000000000e+00
1.000000000000000000e+01
2.400000000000000000e+01
3.500000000000000000e+01
3.900000000000000000e+01
2.100000000000000000e+01
2.000000000000000000e+00
2.000000000000000000e+01
1.100000000000000000e+01
3.000000000000000000e+01
8.000000000000000000e+00
9.000000000000000000e+00
3.300000000000000000e+01
2.900000000000000000e+01
3.200000000000000000e+01
4.500000000000000000e+01
-3.000000000000000000e+00
4.900000000000000000e+01
2.500000000000000000e+01
3.400000000000000000e+01
3.100000000000000000e+01
4.100000000000000000e+01
2.300000000000000000e+01
3.700000000000000000e+01
1.800000000000000000e+01
-1.100000000000000000e+01
8.000000000000000000e+00
2.300000000000000000e+01
-5.000000000000000000e+00
3.100000000000000000e+01
6.000000000000000000e+00
-6.000000000000000000e+00
1.100000000000000000e+01
1.400000000000000000e+01
3.600000000000000000e+01
1.600000000000000000e+01
1.900000000000000000e+01
3.400000000000000000e+01
3.500000000000000000e+01
2.900000000000000000e+01
-5.000000000000000000e+00
1.400000000000000000e+01
2.100000000000000000e+01
2.000000000000000000e+00
1.200000000000000000e+01
2.700000000000000000e+01
2.000000000000000000e+01
2.200000000000000000e+01
3.000000000000000000e+01
-1.100000000000000000e+01
3.900000000000000000e+01
2.300000000000000000e+01
2.500000000000000000e+01
2.100000000000000000e+01
1.500000000000000000e+01
-1.900000000000000000e+01
1.000000000000000000e+01
3.000000000000000000e+00
3.400000000000000000e+01
-3.000000000000000000e+00
1.100000000000000000e+01
2.300000000000000000e+01
9.000000000000000000e+00
-2.400000000000000000e+01
-2.000000000000000000e+00
-1.600000000000000000e+01
-3.000000000000000000e+00
2.900000000000000000e+01
-1.100000000000000000e+01
-4.000000000000000000e+00
1.400000000000000000e+01
7.000000000000000000e+00
2.300000000000000000e+01
2.600000000000000000e+01
1.000000000000000000e+00
1.900000000000000000e+01
-2.400000000000000000e+01
1.300000000000000000e+01
2.500000000000000000e+01
4.500000000000000000e+01
1.100000000000000000e+01
5.000000000000000000e+00
2.200000000000000000e+01
-2.000000000000000000e+00
3.100000000000000000e+01
3.000000000000000000e+00
1.500000000000000000e+01
-3.500000000000000000e+01
-9.000000000000000000e+00
1.300000000000000000e+01
2.800000000000000000e+01
1.500000000000000000e+01
2.900000000000000000e+01
0.000000000000000000e+00
5.000000000000000000e+00
1.300000000000000000e+01
1.400000000000000000e+01
3.700000000000000000e+01
3.000000000000000000e+00
2.000000000000000000e+01
1.500000000000000000e+01
-1.600000000000000000e+01
1.300000000000000000e+01
2.100000000000000000e+01
-2.000000000000000000e+01
4.000000000000000000e+00
1.800000000000000000e+01
3.000000000000000000e+01
1.300000000000000000e+01
2.400000000000000000e+01
1.000000000000000000e+00
2.200000000000000000e+01
1.800000000000000000e+01
0.000000000000000000e+00
-5.000000000000000000e+00
-8.000000000000000000e+00
1.500000000000000000e+01
3.300000000000000000e+01
2.000000000000000000e+00
-1.100000000000000000e+01
-2.000000000000000000e+00
6.000000000000000000e+00
1.700000000000000000e+01
3.000000000000000000e+00
4.000000000000000000e+00
1.300000000000000000e+01
2.400000000000000000e+01
1.400000000000000000e+01
1.300000000000000000e+01
-2.000000000000000000e+01
2.300000000000000000e+01
7.000000000000000000e+00
1.000000000000000000e+00
1.300000000000000000e+01
2.300000000000000000e+01
2.500000000000000000e+01
6.000000000000000000e+00
1.400000000000000000e+01
-1.400000000000000000e+01
-7.000000000000000000e+00
1.900000000000000000e+01
1.000000000000000000e+01
8.000000000000000000e+00
2.500000000000000000e+01
2.400000000000000000e+01
0.000000000000000000e+00
1.000000000000000000e+00
-1.600000000000000000e+01
2.000000000000000000e+00
8.000000000000000000e+00
2.900000000000000000e+01
1.700000000000000000e+01
2.200000000000000000e+01
1.800000000000000000e+01
-1.000000000000000000e+00
1.500000000000000000e+01
3.000000000000000000e+01
3.000000000000000000e+00
-2.300000000000000000e+01
1.500000000000000000e+01
1.000000000000000000e+01
1.300000000000000000e+01
7.000000000000000000e+00
2.800000000000000000e+01
2.000000000000000000e+00
3.000000000000000000e+00
2.000000000000000000e+01
-7.000000000000000000e+00
5.000000000000000000e+00
1.000000000000000000e+01
-1.000000000000000000e+00
2.400000000000000000e+01
1.700000000000000000e+01
-2.000000000000000000e+00
-4.000000000000000000e+00
-2.100000000000000000e+01
-9.000000000000000000e+00
2.400000000000000000e+01
2.500000000000000000e+01
1.800000000000000000e+01
4.000000000000000000e+01
8.000000000000000000e+00
4.000000000000000000e+00
3.000000000000000000e+00
2.900000000000000000e+01
1.300000000000000000e+01
1.600000000000000000e+01
-7.000000000000000000e+00
-8.000000000000000000e+00
-1.300000000000000000e+01
1.000000000000000000e+01
-6.000000000000000000e+00
1.400000000000000000e+01
-2.700000000000000000e+01
9.000000000000000000e+00
-1.000000000000000000e+01
-2.000000000000000000e+00
3.500000000000000000e+01
-1.000000000000000000e+00
-1.700000000000000000e+01
1.300000000000000000e+01
-3.000000000000000000e+01
2.100000000000000000e+01
1.400000000000000000e+01
7.000000000000000000e+00
1.600000000000000000e+01
-2.000000000000000000e+00
2.800000000000000000e+01
1.800000000000000000e+01
-8.000000000000000000e+00
-2.800000000000000000e+01
-4.000000000000000000e+00
9.000000000000000000e+00
8.000000000000000000e+00
4.000000000000000000e+00
2.100000000000000000e+01
1.000000000000000000e+00
2.900000000000000000e+01
9.000000000000000000e+00
1.000000000000000000e+01
9.000000000000000000e+00
2.000000000000000000e+00
1.600000000000000000e+01
3.000000000000000000e+00
-4.000000000000000000e+00
-2.000000000000000000e+00
4.400000000000000000e+01
-8.000000000000000000e+00
2.800000000000000000e+01
3.700000000000000000e+01
2.600000000000000000e+01
2.000000000000000000e+01
5.000000000000000000e+00
2.800000000000000000e+01
2.300000000000000000e+01
-4.000000000000000000e+00
2.000000000000000000e+01
2.900000000000000000e+01
8.000000000000000000e+00
2.200000000000000000e+01
-2.000000000000000000e+00
1.000000000000000000e+01
4.300000000000000000e+01
2.200000000000000000e+01
6.000000000000000000e+00
1.800000000000000000e+01
2.100000000000000000e+01
7.000000000000000000e+00
1.400000000000000000e+01
3.300000000000000000e+01
-8.000000000000000000e+00
4.200000000000000000e+01
1.400000000000000000e+01
3.200000000000000000e+01
-4.000000000000000000e+00
1.800000000000000000e+01
6.000000000000000000e+00
5.000000000000000000e+00
-2.400000000000000000e+01
1.700000000000000000e+01
3.000000000000000000e+00
1.100000000000000000e+01
1.300000000000000000e+01
4.000000000000000000e+00
2.200000000000000000e+01
-4.000000000000000000e+00
9.000000000000000000e+00
2.600000000000000000e+01
1.700000000000000000e+01
2.300000000000000000e+01
8.000000000000000000e+00
1.400000000000000000e+01
1.700000000000000000e+01
-1.000000000000000000e+00
7.000000000000000000e+00
3.000000000000000000e+01
1.900000000000000000e+01
3.900000000000000000e+01
6.000000000000000000e+00
1.500000000000000000e+01
1.400000000000000000e+01
1.000000000000000000e+01
-3.000000000000000000e+00
1.500000000000000000e+01
-1.600000000000000000e+01
-1.500000000000000000e+01
2.100000000000000000e+01
1.500000000000000000e+01
1.200000000000000000e+01
0.000000000000000000e+00
1.000000000000000000e+00
-2.500000000000000000e+01
1.200000000000000000e+01
-1.900000000000000000e+01
5.000000000000000000e+00
4.000000000000000000e+00
1.600000000000000000e+01
4.000000000000000000e+00
1.000000000000000000e+00
-6.000000000000000000e+00
3.000000000000000000e+00
1.000000000000000000e+00
-1.200000000000000000e+01
-2.100000000000000000e+01
-7.000000000000000000e+00
-2.500000000000000000e+01
6.000000000000000000e+00
-1.500000000000000000e+01
2.800000000000000000e+01
-1.500000000000000000e+01
3.000000000000000000e+01
1.300000000000000000e+01
-5.000000000000000000e+00
6.000000000000000000e+00
-1.000000000000000000e+00
8.000000000000000000e+00
0.000000000000000000e+00
0.000000000000000000e+00
4.000000000000000000e+00
-1.200000000000000000e+01
7.000000000000000000e+00
2.000000000000000000e+00
-1.100000000000000000e+01
-1.600000000000000000e+01
-1.800000000000000000e+01
1.000000000000000000e+00
-2.300000000000000000e+01
3.500000000000000000e+01
3.600000000000000000e+01
8.000000000000000000e+00
2.000000000000000000e+00
-4.000000000000000000e+00
0.000000000000000000e+00
-7.000000000000000000e+00
-1.800000000000000000e+01
-2.000000000000000000e+00
-2.100000000000000000e+01
3.000000000000000000e+00
6.000000000000000000e+00
-1.400000000000000000e+01
1.900000000000000000e+01
-2.300000000000000000e+01
-1.700000000000000000e+01
5.000000000000000000e+00
-3.300000000000000000e+01
-2.000000000000000000e+00
-3.000000000000000000e+00
1.600000000000000000e+01
-9.000000000000000000e+00
3.200000000000000000e+01
1.200000000000000000e+01
-7.000000000000000000e+00
1.100000000000000000e+01
-8.000000000000000000e+00
1.000000000000000000e+00
-2.500000000000000000e+01
2.100000000000000000e+01
-1.600000000000000000e+01
-7.000000000000000000e+00
3.400000000000000000e+01
-1.000000000000000000e+01
1.900000000000000000e+01
-2.000000000000000000e+01
-2.000000000000000000e+01
-2.500000000000000000e+01
-1.600000000000000000e+01
2.000000000000000000e+00
-5.000000000000000000e+00
9.000000000000000000e+00
-3.000000000000000000e+01
1.600000000000000000e+01
-2.700000000000000000e+01
-1.000000000000000000e+00
-1.200000000000000000e+01
1.000000000000000000e+01
-2.000000000000000000e+00
6.000000000000000000e+00
7.000000000000000000e+00
5.000000000000000000e+00
1.200000000000000000e+01
8.000000000000000000e+00
1.000000000000000000e+00
-3.900000000000000000e+01
4.000000000000000000e+00
-3.900000000000000000e+01
1.500000000000000000e+01
0.000000000000000000e+00
7.000000000000000000e+00
6.000000000000000000e+00
1.400000000000000000e+01
1.000000000000000000e+01
1.500000000000000000e+01
2.300000000000000000e+01
3.000000000000000000e+00
8.000000000000000000e+00
6.000000000000000000e+00
2.500000000000000000e+01
-1.600000000000000000e+01
6.000000000000000000e+00
1.000000000000000000e+01
-2.100000000000000000e+01
3.000000000000000000e+00
-1.300000000000000000e+01
-1.500000000000000000e+01
9.000000000000000000e+00
8.000000000000000000e+00
1.000000000000000000e+01
7.000000000000000000e+00
-2.300000000000000000e+01
-2.000000000000000000e+00
0.000000000000000000e+00
1.100000000000000000e+01
1.300000000000000000e+01
1.100000000000000000e+01
4.000000000000000000e+00
1.700000000000000000e+01
1.200000000000000000e+01
4.000000000000000000e+00
4.000000000000000000e+00
1.400000000000000000e+01
2.400000000000000000e+01
-1.500000000000000000e+01
1.400000000000000000e+01
-1.500000000000000000e+01
1.300000000000000000e+01
0.000000000000000000e+00
9.000000000000000000e+00
-3.000000000000000000e+00
1.000000000000000000e+00
1.100000000000000000e+01
1.000000000000000000e+00
-1.100000000000000000e+01
2.600000000000000000e+01
-2.300000000000000000e+01
-1.000000000000000000e+00
1.000000000000000000e+00
-3.000000000000000000e+00
-5.000000000000000000e+00
-5.000000000000000000e+00
-5.000000000000000000e+00
-1.200000000000000000e+01
-7.000000000000000000e+00
-4.000000000000000000e+00
1.400000000000000000e+01
-1.500000000000000000e+01
-4.000000000000000000e+00
9.000000000000000000e+00
-1.900000000000000000e+01
4.000000000000000000e+00
1.600000000000000000e+01
1.100000000000000000e+01
2.300000000000000000e+01
2.200000000000000000e+01
-6.000000000000000000e+00
0.000000000000000000e+00
2.000000000000000000e+01
4.000000000000000000e+00
0.000000000000000000e+00
-1.000000000000000000e+01
3.000000000000000000e+00
1.300000000000000000e+01
-1.000000000000000000e+00
3.000000000000000000e+01
-1.100000000000000000e+01
-1.000000000000000000e+00
-1.000000000000000000e+00
-1.500000000000000000e+01
1.500000000000000000e+01
-1.000000000000000000e+00
1.000000000000000000e+00
-1.300000000000000000e+01
-1.800000000000000000e+01
7.000000000000000000e+00
1.400000000000000000e+01
-4.000000000000000000e+00
-1.700000000000000000e+01
1.100000000000000000e+01
-1.100000000000000000e+01
4.000000000000000000e+00
2.500000000000000000e+01
-1.700000000000000000e+01
-3.000000000000000000e+00
-1.200000000000000000e+01
1.300000000000000000e+01
3.000000000000000000e+00
2.000000000000000000e+01
-8.000000000000000000e+00
-4.100000000000000000e+01
8.000000000000000000e+00
2.700000000000000000e+01
1.700000000000000000e+01
8.000000000000000000e+00
1.200000000000000000e+01
2.000000000000000000e+00
-1.500000000000000000e+01
-1.700000000000000000e+01
7.000000000000000000e+00
-1.000000000000000000e+01
1.300000000000000000e+01
1.000000000000000000e+00
4.000000000000000000e+00
-5.000000000000000000e+00
6.000000000000000000e+00
-3.100000000000000000e+01
0.000000000000000000e+00
6.000000000000000000e+00
1.200000000000000000e+01
-1.600000000000000000e+01
-1.000000000000000000e+00
-2.500000000000000000e+01
-1.100000000000000000e+01
-1.700000000000000000e+01
1.000000000000000000e+00
4.000000000000000000e+00
-2.000000000000000000e+00
-1.700000000000000000e+01
-4.000000000000000000e+00
-1.000000000000000000e+01
2.000000000000000000e+01
-1.100000000000000000e+01
1.900000000000000000e+01
-1.700000000000000000e+01
3.600000000000000000e+01
7.000000000000000000e+00
-2.600000000000000000e+01
2.500000000000000000e+01
1.000000000000000000e+00
8.000000000000000000e+00
-1.200000000000000000e+01
-2.100000000000000000e+01
2.700000000000000000e+01
-1.200000000000000000e+01
-2.400000000000000000e+01
2.500000000000000000e+01
1.000000000000000000e+00
6.000000000000000000e+00
0.000000000000000000e+00
-8.000000000000000000e+00
1.200000000000000000e+01
-3.000000000000000000e+00
1.000000000000000000e+00
9.000000000000000000e+00
0.000000000000000000e+00
2.000000000000000000e+01
-4.000000000000000000e+00
-9.000000000000000000e+00
1.100000000000000000e+01
-2.000000000000000000e+00
-1.100000000000000000e+01
-1.100000000000000000e+01
1.100000000000000000e+01
1.000000000000000000e+00
2.100000000000000000e+01
-8.000000000000000000e+00
-2.000000000000000000e+01
-6.000000000000000000e+00
5.000000000000000000e+00
8.000000000000000000e+00
-2.100000000000000000e+01
1.000000000000000000e+00
1.000000000000000000e+00
-1.700000000000000000e+01
-5.000000000000000000e+00
-4.500000000000000000e+01
-1.100000000000000000e+01
6.000000000000000000e+00
2.000000000000000000e+00
1.800000000000000000e+01
-4.000000000000000000e+00
-1.000000000000000000e+00
2.800000000000000000e+01
1.200000000000000000e+01
-1.000000000000000000e+01
-1.500000000000000000e+01
2.500000000000000000e+01
1.000000000000000000e+01
-2.700000000000000000e+01
-5.000000000000000000e+00
-2.200000000000000000e+01
-1.000000000000000000e+01
-1.700000000000000000e+01
-4.300000000000000000e+01
9.000000000000000000e+00
-1.600000000000000000e+01
1.400000000000000000e+01
-5.000000000000000000e+00
1.000000000000000000e+00
-2.000000000000000000e+00
4.000000000000000000e+00
4.000000000000000000e+00
1.800000000000000000e+01
-1.400000000000000000e+01
1.000000000000000000e+01
9.000000000000000000e+00
-2.500000000000000000e+01
1.900000000000000000e+01
1.600000000000000000e+01
-2.000000000000000000e+00
1.000000000000000000e+00
-2.500000000000000000e+01
-1.100000000000000000e+01
1.800000000000000000e+01
-1.700000000000000000e+01
1.100000000000000000e+01
-6.000000000000000000e+00
1.000000000000000000e+00
5.000000000000000000e+00
-2.000000000000000000e+00
1.200000000000000000e+01
-1.700000000000000000e+01
-1.900000000000000000e+01
-2.000000000000000000e+00
4.000000000000000000e+00
-2.100000000000000000e+01
3.000000000000000000e+01
-1.100000000000000000e+01
1.000000000000000000e+00
-4.000000000000000000e+00
8.000000000000000000e+00
-2.300000000000000000e+01
6.000000000000000000e+00
-9.000000000000000000e+00
-6.000000000000000000e+00
-1.500000000000000000e+01
-2.300000000000000000e+01
-3.000000000000000000e+00
-7.000000000000000000e+00
-6.000000000000000000e+00
4.500000000000000000e+01
3.000000000000000000e+00
3.000000000000000000e+00
6.000000000000000000e+00
4.400000000000000000e+01
5.000000000000000000e+00
2.000000000000000000e+00
-1.500000000000000000e+01
-2.000000000000000000e+00
2.000000000000000000e+00
-1.900000000000000000e+01
-1.700000000000000000e+01
-9.000000000000000000e+00
-2.000000000000000000e+00
0.000000000000000000e+00
-1.300000000000000000e+01
0.000000000000000000e+00
-6.000000000000000000e+00
1.400000000000000000e+01
0.000000000000000000e+00
1.100000000000000000e+01
7.000000000000000000e+00
-2.000000000000000000e+00
1.500000000000000000e+01
-2.500000000000000000e+01
-4.000000000000000000e+00
-2.100000000000000000e+01
-1.400000000000000000e+01
1.000000000000000000e+00
-2.000000000000000000e+00
9.000000000000000000e+00
-6.000000000000000000e+00
7.000000000000000000e+00
2.100000000000000000e+01
1.400000000000000000e+01
8.000000000000000000e+00
-2.000000000000000000e+00
1.000000000000000000e+01
-1.500000000000000000e+01
-3.000000000000000000e+00
1.300000000000000000e+01
2.000000000000000000e+00
3.000000000000000000e+00
3.000000000000000000e+00
-1.400000000000000000e+01
5.000000000000000000e+00
7.000000000000000000e+00
3.000000000000000000e+00
6.000000000000000000e+00
7.000000000000000000e+00
-3.000000000000000000e+00
2.400000000000000000e+01
1.600000000000000000e+01
0.000000000000000000e+00
-1.200000000000000000e+01
-1.200000000000000000e+01
-7.000000000000000000e+00
1.000000000000000000e+01
1.200000000000000000e+01
-1.600000000000000000e+01
3.100000000000000000e+01
-7.000000000000000000e+00
1.600000000000000000e+01
-2.000000000000000000e+01
9.000000000000000000e+00
-4.000000000000000000e+00
-5.000000000000000000e+00
-5.000000000000000000e+00
2.600000000000000000e+01
-2.000000000000000000e+01
-1.400000000000000000e+01
1.400000000000000000e+01
1.700000000000000000e+01
3.200000000000000000e+01
-5.000000000000000000e+00
4.000000000000000000e+00
3.000000000000000000e+01
1.900000000000000000e+01
8.000000000000000000e+00
5.000000000000000000e+00
1.700000000000000000e+01
2.200000000000000000e+01
9.000000000000000000e+00
-3.000000000000000000e+00
1.100000000000000000e+01
3.600000000000000000e+01
2.000000000000000000e+00
0.000000000000000000e+00
1.700000000000000000e+01
-1.000000000000000000e+00
2.100000000000000000e+01
1.200000000000000000e+01
2.400000000000000000e+01
2.000000000000000000e+00
0.000000000000000000e+00
-3.000000000000000000e+00
1.100000000000000000e+01
4.000000000000000000e+01
4.900000000000000000e+01
2.400000000000000000e+01
2.700000000000000000e+01
2.800000000000000000e+01
5.500000000000000000e+01
2.400000000000000000e+01
1.500000000000000000e+01
1.200000000000000000e+01
2.000000000000000000e+00
2.100000000000000000e+01
2.700000000000000000e+01
2.000000000000000000e+01
3.200000000000000000e+01
3.300000000000000000e+01
3.400000000000000000e+01
3.800000000000000000e+01
3.900000000000000000e+01
2.600000000000000000e+01
6.300000000000000000e+01
-1.100000000000000000e+01
2.300000000000000000e+01
3.800000000000000000e+01
5.200000000000000000e+01
3.300000000000000000e+01
7.200000000000000000e+01
5.200000000000000000e+01
6.700000000000000000e+01
8.100000000000000000e+01
7.800000000000000000e+01
8.900000000000000000e+01
8.600000000000000000e+01
9.300000000000000000e+01
1.080000000000000000e+02
9.600000000000000000e+01
1.260000000000000000e+02
1.200000000000000000e+02
1.020000000000000000e+02
1.350000000000000000e+02
1.130000000000000000e+02
1.250000000000000000e+02
1.400000000000000000e+02
1.580000000000000000e+02
1.590000000000000000e+02
1.870000000000000000e+02
1.830000000000000000e+02
1.760000000000000000e+02
2.060000000000000000e+02
1.890000000000000000e+02
2.210000000000000000e+02
2.450000000000000000e+02
2.770000000000000000e+02
2.650000000000000000e+02
2.650000000000000000e+02
2.940000000000000000e+02
2.970000000000000000e+02
3.160000000000000000e+02
3.690000000000000000e+02
3.790000000000000000e+02
3.980000000000000000e+02
3.830000000000000000e+02
3.880000000000000000e+02
4.280000000000000000e+02
4.180000000000000000e+02
4.220000000000000000e+02
4.970000000000000000e+02
5.200000000000000000e+02
5.140000000000000000e+02
5.700000000000000000e+02
5.760000000000000000e+02
6.320000000000000000e+02
6.380000000000000000e+02
6.720000000000000000e+02
6.640000000000000000e+02
6.890000000000000000e+02
7.770000000000000000e+02
7.510000000000000000e+02
8.040000000000000000e+02
8.620000000000000000e+02
8.620000000000000000e+02
9.200000000000000000e+02
9.330000000000000000e+02
9.610000000000000000e+02
9.770000000000000000e+02
1.059000000000000000e+03
1.035000000000000000e+03
1.062000000000000000e+03
1.133000000000000000e+03
1.189000000000000000e+03
1.180000000000000000e+03
1.229000000000000000e+03
1.250000000000000000e+03
1.279000000000000000e+03
1.295000000000000000e+03
1.349000000000000000e+03
1.377000000000000000e+03
1.400000000000000000e+03
1.433000000000000000e+03
1.483000000000000000e+03
1.478000000000000000e+03
1.520000000000000000e+03
1.527000000000000000e+03
1.568000000000000000e+03
1.554000000000000000e+03
1.600000000000000000e+03
1.594000000000000000e+03
1.641000000000000000e+03
1.673000000000000000e+03
1.669000000000000000e+03
1.744000000000000000e+03
1.732000000000000000e+03
1.743000000000000000e+03
1.795000000000000000e+03
1.806000000000000000e+03
1.862000000000000000e+03
1.887000000000000000e+03
1.820000000000000000e+03
1.955000000000000000e+03
1.901000000000000000e+03
1.885000000000000000e+03
1.930000000000000000e+03
1.941000000000000000e+03
1.975000000000000000e+03
1.940000000000000000e+03
1.929000000000000000e+03
1.904000000000000000e+03
1.903000000000000000e+03
1.860000000000000000e+03
1.820000000000000000e+03
1.870000000000000000e+03
1.760000000000000000e+03
1.794000000000000000e+03
1.806000000000000000e+03
1.736000000000000000e+03
1.727000000000000000e+03
1.748000000000000000e+03
1.773000000000000000e+03
1.700000000000000000e+03
1.762000000000000000e+03
1.675000000000000000e+03
1.637000000000000000e+03
1.630000000000000000e+03
1.686000000000000000e+03
1.631000000000000000e+03
1.591000000000000000e+03
1.609000000000000000e+03
1.621000000000000000e+03
1.564000000000000000e+03
1.568000000000000000e+03
1.529000000000000000e+03
1.533000000000000000e+03
1.504000000000000000e+03
1.450000000000000000e+03
1.400000000000000000e+03
1.428000000000000000e+03
1.389000000000000000e+03
1.355000000000000000e+03
1.269000000000000000e+03
1.254000000000000000e+03
1.242000000000000000e+03
1.156000000000000000e+03
1.139000000000000000e+03
1.138000000000000000e+03
1.086000000000000000e+03
1.056000000000000000e+03
1.030000000000000000e+03
1.018000000000000000e+03
9.260000000000000000e+02
9.940000000000000000e+02
9.020000000000000000e+02
8.880000000000000000e+02
8.420000000000000000e+02
8.310000000000000000e+02
8.360000000000000000e+02
7.600000000000000000e+02
7.440000000000000000e+02
7.460000000000000000e+02
6.910000000000000000e+02
6.230000000000000000e+02
6.570000000000000000e+02
5.920000000000000000e+02
6.200000000000000000e+02
6.010000000000000000e+02
5.570000000000000000e+02
5.180000000000000000e+02
5.260000000000000000e+02
5.000000000000000000e+02
4.900000000000000000e+02
4.330000000000000000e+02
4.390000000000000000e+02
3.980000000000000000e+02
3.680000000000000000e+02
3.690000000000000000e+02
3.410000000000000000e+02
3.420000000000000000e+02
3.270000000000000000e+02
3.130000000000000000e+02
2.800000000000000000e+02
2.520000000000000000e+02
2.490000000000000000e+02
2.660000000000000000e+02
2.800000000000000000e+02
2.400000000000000000e+02
2.450000000000000000e+02
2.060000000000000000e+02
2.040000000000000000e+02
2.070000000000000000e+02
1.680000000000000000e+02
1.620000000000000000e+02
1.470000000000000000e+02
1.580000000000000000e+02
1.470000000000000000e+02
1.280000000000000000e+02
1.420000000000000000e+02
1.230000000000000000e+02
1.340000000000000000e+02
1.400000000000000000e+02
1.060000000000000000e+02
7.600000000000000000e+01
1.060000000000000000e+02
7.900000000000000000e+01
6.300000000000000000e+01
9.800000000000000000e+01
9.800000000000000000e+01
8.400000000000000000e+01
7.200000000000000000e+01
6.200000000000000000e+01
5.300000000000000000e+01
5.100000000000000000e+01
7.200000000000000000e+01
6.700000000000000000e+01
6.000000000000000000e+01
4.600000000000000000e+01
3.700000000000000000e+01
1.200000000000000000e+01
3.900000000000000000e+01
4.700000000000000000e+01
2.700000000000000000e+01
1.200000000000000000e+01
9.000000000000000000e+00
2.500000000000000000e+01
2.100000000000000000e+01
4.600000000000000000e+01
2.900000000000000000e+01
5.400000000000000000e+01
2.000000000000000000e+00
3.100000000000000000e+01
1.600000000000000000e+01
-3.000000000000000000e+00
4.000000000000000000e+01
1.200000000000000000e+01
5.000000000000000000e+00
1.100000000000000000e+01
7.000000000000000000e+00
-2.000000000000000000e+00
3.100000000000000000e+01
4.300000000000000000e+01
2.500000000000000000e+01
5.000000000000000000e+00
4.700000000000000000e+01
-7.000000000000000000e+00
1.900000000000000000e+01
1.800000000000000000e+01
-1.100000000000000000e+01
2.200000000000000000e+01
4.700000000000000000e+01
-1.300000000000000000e+01
1.600000000000000000e+01
7.000000000000000000e+00
-1.000000000000000000e+01
6.000000000000000000e+00
3.000000000000000000e+00
-1.000000000000000000e+00
-1.000000000000000000e+00
2.600000000000000000e+01
1.500000000000000000e+01
-6.000000000000000000e+00
-1.300000000000000000e+01
2.100000000000000000e+01
1.100000000000000000e+01
-2.000000000000000000e+00
-1.000000000000000000e+00
3.300000000000000000e+01
1.700000000000000000e+01
1.400000000000000000e+01
5.000000000000000000e+00
0.000000000000000000e+00
4.000000000000000000e+00
-1.200000000000000000e+01
1.700000000000000000e+01
-7.000000000000000000e+00
-1.600000000000000000e+01
2.400000000000000000e+01
6.000000000000000000e+00
9.000000000000000000e+00
1.000000000000000000e+00
1.200000000000000000e+01
-5.000000000000000000e+00
1.900000000000000000e+01
-1.600000000000000000e+01
2.900000000000000000e+01
6.000000000000000000e+00
-1.900000000000000000e+01
-1.000000000000000000e+01
2.200000000000000000e+01
-9.000000000000000000e+00
9.000000000000000000e+00
-2.000000000000000000e+01
-8.000000000000000000e+00
1.400000000000000000e+01
-3.000000000000000000e+00
1.900000000000000000e+01
1.000000000000000000e+01
-5.000000000000000000e+00
-1.300000000000000000e+01
-6.000000000000000000e+00
1.100000000000000000e+01
1.900000000000000000e+01
6.000000000000000000e+00
-2.700000000000000000e+01
-1.000000000000000000e+00
1.700000000000000000e+01
-9.000000000000000000e+00
-1.000000000000000000e+00
1.000000000000000000e+00
-1.000000000000000000e+00
