-2.000000000000000000e+00
-5.000000000000000000e+00
-4.000000000000000000e+00
-1.000000000000000000e+00
3.000000000000000000e+00
-2.000000000000000000e+01
-2.300000000000000000e+01
-7.000000000000000000e+00
-1.400000000000000000e+01
0.000000000000000000e+00
-6.000000000000000000e+00
-1.700000000000000000e+01
-8.000000000000000000e+00
1.500000000000000000e+01
-1.600000000000000000e+01
1.300000000000000000e+01
1.300000000000000000e+01
1.600000000000000000e+01
-2.000000000000000000e+00
2.000000000000000000e+00
3.800000000000000000e+01
-2.800000000000000000e+01
-3.000000000000000000e+00
-4.000000000000000000e+00
-1.300000000000000000e+01
-8.000000000000000000e+00
-4.000000000000000000e+00
-5.000000000000000000e+00
-6.000000000000000000e+00
-1.200000000000000000e+01
5.000000000000000000e+00
2.000000000000000000e+00
3.100000000000000000e+01
-6.000000000000000000e+00
9.000000000000000000e+00
-1.300000000000000000e+01
-1.000000000000000000e+01
-1.000000000000000000e+01
1.200000000000000000e+01
1.800000000000000000e+01
-1.100000000000000000e+01
-1.800000000000000000e+01
-2.400000000000000000e+01
-1.800000000000000000e+01
-2.700000000000000000e+01
2.000000000000000000e+01
-4.000000000000000000e+00
-6.000000000000000000e+00
1.100000000000000000e+01
3.000000000000000000e+00
1.000000000000000000e+01
-8.000000000000000000e+00
-1.400000000000000000e+01
1.900000000000000000e+01
-3.000000000000000000e+00
3.000000000000000000e+00
1.000000000000000000e+00
-1.900000000000000000e+01
3.000000000000000000e+00
-1.400000000000000000e+01
-6.000000000000000000e+00
1.300000000000000000e+01
-1.600000000000000000e+01
6.000000000000000000e+00
7.000000000000000000e+00
-3.000000000000000000e+00
-2.700000000000000000e+01
1.000000000000000000e+00
0.000000000000000000e+00
-1.600000000000000000e+01
4.000000000000000000e+00
1.800000000000000000e+01
7.000000000000000000e+00
-1.300000000000000000e+01
-5.000000000000000000e+00
1.400000000000000000e+01
-2.200000000000000000e+01
1.400000000000000000e+01
2.400000000000000000e+01
-7.000000000000000000e+00
2.000000000000000000e+00
1.900000000000000000e+01
-4.200000000000000000e+01
3.000000000000000000e+01
-4.000000000000000000e+00
-1.000000000000000000e+01
1.000000000000000000e+00
-2.200000000000000000e+01
2.800000000000000000e+01
-1.400000000000000000e+01
0.000000000000000000e+00
-2.400000000000000000e+01
-8.000000000000000000e+00
-5.000000000000000000e+00
-6.000000000000000000e+00
5.000000000000000000e+00
-1.500000000000000000e+01
-7.000000000000000000e+00
-2.200000000000000000e+01
1.600000000000000000e+01
2.700000000000000000e+01
-1.000000000000000000e+00
1.000000000000000000e+01
-3.000000000000000000e+01
1.400000000000000000e+01
-4.000000000000000000e+00
-5.000000000000000000e+00
-1.000000000000000000e+01
2.600000000000000000e+01
-9.000000000000000000e+00
2.000000000000000000e+01
-2.900000000000000000e+01
3.600000000000000000e+01
-4.000000000000000000e+00
1.200000000000000000e+01
2.400000000000000000e+01
-1.100000000000000000e+01
-1.100000000000000000e+01
7.000000000000000000e+00
3.100000000000000000e+01
2.500000000000000000e+01
2.100000000000000000e+01
-8.000000000000000000e+00
4.000000000000000000e+00
2.700000000000000000e+01
-3.300000000000000000e+01
3.000000000000000000e+00
4.000000000000000000e+00
1.300000000000000000e+01
-2.800000000000000000e+01
8.000000000000000000e+00
1.600000000000000000e+01
1.000000000000000000e+00
7.000000000000000000e+00
4.000000000000000000e+00
3.100000000000000000e+01
-1.300000000000000000e+01
2.100000000000000000e+01
1.300000000000000000e+01
2.200000000000000000e+01
-1.600000000000000000e+01
1.000000000000000000e+01
-1.300000000000000000e+01
7.000000000000000000e+00
9.000000000000000000e+00
1.500000000000000000e+01
6.000000000000000000e+00
-2.900000000000000000e+01
-9.000000000000000000e+00
-1.700000000000000000e+01
1.000000000000000000e+01
4.000000000000000000e+00
-6.000000000000000000e+00
1.700000000000000000e+01
1.000000000000000000e+00
1.000000000000000000e+00
2.100000000000000000e+01
3.000000000000000000e+01
2.000000000000000000e+00
5.000000000000000000e+00
1.000000000000000000e+00
-1.000000000000000000e+00
-1.900000000000000000e+01
-9.000000000000000000e+00
-4.000000000000000000e+00
-3.100000000000000000e+01
-1.600000000000000000e+01
3.000000000000000000e+00
8.000000000000000000e+00
-7.000000000000000000e+00
-6.000000000000000000e+00
1.000000000000000000e+01
8.000000000000000000e+00
1.700000000000000000e+01
1.400000000000000000e+01
-3.000000000000000000e+00
-2.200000000000000000e+01
-3.000000000000000000e+00
-1.700000000000000000e+01
-2.000000000000000000e+00
1.500000000000000000e+01
3.000000000000000000e+00
-6.000000000000000000e+00
-1.400000000000000000e+01
-2.000000000000000000e+00
-1.100000000000000000e+01
-1.300000000000000000e+01
-1.900000000000000000e+01
1.600000000000000000e+01
1.800000000000000000e+01
-4.000000000000000000e+00
-1.000000000000000000e+01
3.000000000000000000e+00
-1.700000000000000000e+01
1.500000000000000000e+01
-4.000000000000000000e+00
-7.000000000000000000e+00
9.000000000000000000e+00
-4.000000000000000000e+00
-4.000000000000000000e+00
1.000000000000000000e+00
2.000000000000000000e+00
-4.000000000000000000e+00
2.700000000000000000e+01
-1.200000000000000000e+01
-9.000000000000000000e+00
8.000000000000000000e+00
-1.200000000000000000e+01
1.000000000000000000e+01
-5.000000000000000000e+00
-9.000000000000000000e+00
-2.000000000000000000e+00
1.900000000000000000e+01
0.000000000000000000e+00
3.000000000000000000e+00
4.000000000000000000e+00
2.600000000000000000e+01
-1.600000000000000000e+01
4.000000000000000000e+00
3.000000000000000000e+00
2.500000000000000000e+01
-1.900000000000000000e+01
-2.700000000000000000e+01
-2.000000000000000000e+00
2.000000000000000000e+00
-2.200000000000000000e+01
-1.000000000000000000e+01
-1.000000000000000000e+00
6.000000000000000000e+00
1.200000000000000000e+01
-9.000000000000000000e+00
1.200000000000000000e+01
-4.000000000000000000e+00
8.000000000000000000e+00
-1.000000000000000000e+01
1.000000000000000000e+01
-2.100000000000000000e+01
2.000000000000000000e+00
-2.800000000000000000e+01
-6.000000000000000000e+00
1.900000000000000000e+01
-1.800000000000000000e+01
-2.000000000000000000e+00
-6.000000000000000000e+00
6.000000000000000000e+00
2.800000000000000000e+01
-1.000000000000000000e+00
1.400000000000000000e+01
-2.100000000000000000e+01
2.900000000000000000e+01
2.300000000000000000e+01
-2.000000000000000000e+01
-1.400000000000000000e+01
-1.600000000000000000e+01
-2.200000000000000000e+01
-1.600000000000000000e+01
-3.000000000000000000e+00
-8.000000000000000000e+00
-3.500000000000000000e+01
-1.700000000000000000e+01
2.000000000000000000e+01
1.200000000000000000e+01
-1.500000000000000000e+01
-8.000000000000000000e+00
3.000000000000000000e+00
1.400000000000000000e+01
-1.800000000000000000e+01
1.300000000000000000e+01
-1.300000000000000000e+01
1.000000000000000000e+00
-1.300000000000000000e+01
6.000000000000000000e+00
-2.200000000000000000e+01
-1.000000000000000000e+00
1.300000000000000000e+01
-2.000000000000000000e+00
-7.000000000000000000e+00
-2.400000000000000000e+01
-2.100000000000000000e+01
2.200000000000000000e+01
-1.100000000000000000e+01
1.000000000000000000e+00
7.000000000000000000e+00
1.000000000000000000e+01
5.000000000000000000e+00
-1.800000000000000000e+01
-1.500000000000000000e+01
-2.200000000000000000e+01
-2.300000000000000000e+01
2.400000000000000000e+01
-1.200000000000000000e+01
2.100000000000000000e+01
-2.000000000000000000e+00
3.000000000000000000e+00
6.000000000000000000e+00
2.700000000000000000e+01
-7.000000000000000000e+00
1.200000000000000000e+01
4.000000000000000000e+00
2.100000000000000000e+01
8.000000000000000000e+00
-9.000000000000000000e+00
-3.800000000000000000e+01
2.000000000000000000e+00
-6.000000000000000000e+00
-3.000000000000000000e+00
-1.200000000000000000e+01
1.200000000000000000e+01
-1.800000000000000000e+01
3.400000000000000000e+01
-2.200000000000000000e+01
1.600000000000000000e+01
-1.000000000000000000e+00
6.000000000000000000e+00
-3.000000000000000000e+00
2.600000000000000000e+01
2.300000000000000000e+01
2.200000000000000000e+01
-3.000000000000000000e+00
-4.100000000000000000e+01
-3.200000000000000000e+01
6.000000000000000000e+00
-9.000000000000000000e+00
-2.500000000000000000e+01
2.600000000000000000e+01
-1.600000000000000000e+01
9.000000000000000000e+00
-2.400000000000000000e+01
7.000000000000000000e+00
1.000000000000000000e+01
9.000000000000000000e+00
2.200000000000000000e+01
-2.800000000000000000e+01
-1.000000000000000000e+00
6.000000000000000000e+00
-4.000000000000000000e+00
-8.000000000000000000e+00
-1.700000000000000000e+01
-5.000000000000000000e+00
2.000000000000000000e+00
2.000000000000000000e+00
-1.500000000000000000e+01
1.000000000000000000e+01
2.000000000000000000e+00
2.000000000000000000e+00
-7.000000000000000000e+00
1.900000000000000000e+01
2.000000000000000000e+00
-1.300000000000000000e+01
-2.900000000000000000e+01
1.800000000000000000e+01
-3.000000000000000000e+00
1.600000000000000000e+01
-2.000000000000000000e+01
1.000000000000000000e+00
2.600000000000000000e+01
-7.000000000000000000e+00
3.300000000000000000e+01
-1.500000000000000000e+01
-3.200000000000000000e+01
0.000000000000000000e+00
3.300000000000000000e+01
-2.000000000000000000e+00
2.500000000000000000e+01
-2.000000000000000000e+00
3.300000000000000000e+01
4.000000000000000000e+00
-7.000000000000000000e+00
1.300000000000000000e+01
-3.000000000000000000e+01
-1.000000000000000000e+00
1.200000000000000000e+01
-4.000000000000000000e+00
2.000000000000000000e+00
-2.500000000000000000e+01
1.900000000000000000e+01
-1.600000000000000000e+01
-1.900000000000000000e+01
-1.700000000000000000e+01
2.000000000000000000e+00
2.300000000000000000e+01
8.000000000000000000e+00
-3.700000000000000000e+01
6.000000000000000000e+00
-6.000000000000000000e+00
2.800000000000000000e+01
-4.000000000000000000e+00
-1.000000000000000000e+01
-3.000000000000000000e+00
2.000000000000000000e+01
-3.000000000000000000e+00
3.000000000000000000e+00
1.500000000000000000e+01
-1.900000000000000000e+01
-1.000000000000000000e+01
4.000000000000000000e+00
1.100000000000000000e+01
1.600000000000000000e+01
-5.000000000000000000e+00
2.400000000000000000e+01
1.500000000000000000e+01
1.900000000000000000e+01
8.000000000000000000e+00
-2.200000000000000000e+01
-1.600000000000000000e+01
5.000000000000000000e+00
1.300000000000000000e+01
-1.300000000000000000e+01
-2.700000000000000000e+01
-1.000000000000000000e+01
3.000000000000000000e+00
-6.000000000000000000e+00
-2.800000000000000000e+01
-1.300000000000000000e+01
1.300000000000000000e+01
-2.000000000000000000e+00
1.900000000000000000e+01
-1.700000000000000000e+01
-2.500000000000000000e+01
1.000000000000000000e+01
1.500000000000000000e+01
-1.100000000000000000e+01
-1.700000000000000000e+01
-3.000000000000000000e+01
-3.000000000000000000e+00
-1.300000000000000000e+01
-2.500000000000000000e+01
1.200000000000000000e+01
-3.100000000000000000e+01
-8.000000000000000000e+00
1.300000000000000000e+01
7.000000000000000000e+00
-2.000000000000000000e+00
-1.900000000000000000e+01
1.600000000000000000e+01
-9.000000000000000000e+00
-2.000000000000000000e+00
0.000000000000000000e+00
1.500000000000000000e+01
-1.200000000000000000e+01
1.500000000000000000e+01
-2.700000000000000000e+01
-1.200000000000000000e+01
3.000000000000000000e+00
2.300000000000000000e+01
1.400000000000000000e+01
2.000000000000000000e+00
-1.800000000000000000e+01
-4.000000000000000000e+00
-4.000000000000000000e+00
1.000000000000000000e+00
1.700000000000000000e+01
-1.300000000000000000e+01
-1.000000000000000000e+00
2.000000000000000000e+00
1.600000000000000000e+01
3.700000000000000000e+01
1.000000000000000000e+00
9.000000000000000000e+00
-2.000000000000000000e+00
1.100000000000000000e+01
2.000000000000000000e+01
1.000000000000000000e+00
-3.300000000000000000e+01
-2.200000000000000000e+01
2.900000000000000000e+01
-2.000000000000000000e+00
9.000000000000000000e+00
-9.000000000000000000e+00
2.100000000000000000e+01
-7.000000000000000000e+00
2.000000000000000000e+00
-5.000000000000000000e+00
-1.100000000000000000e+01
1.000000000000000000e+00
0.000000000000000000e+00
2.000000000000000000e+00
-8.000000000000000000e+00
2.500000000000000000e+01
-6.000000000000000000e+00
-3.000000000000000000e+01
-1.000000000000000000e+01
-3.000000000000000000e+00
-4.000000000000000000e+00
5.000000000000000000e+00
1.700000000000000000e+01
-5.000000000000000000e+00
3.400000000000000000e+01
-1.800000000000000000e+01
2.100000000000000000e+01
4.000000000000000000e+01
1.100000000000000000e+01
2.400000000000000000e+01
-2.000000000000000000e+00
-2.400000000000000000e+01
-6.000000000000000000e+00
-1.000000000000000000e+00
-9.000000000000000000e+00
-1.200000000000000000e+01
-1.000000000000000000e+01
2.200000000000000000e+01
1.900000000000000000e+01
1.000000000000000000e+01
2.200000000000000000e+01
3.000000000000000000e+00
0.000000000000000000e+00
-9.000000000000000000e+00
-8.000000000000000000e+00
9.000000000000000000e+00
-6.000000000000000000e+00
-2.900000000000000000e+01
9.000000000000000000e+00
4.000000000000000000e+00
-1.200000000000000000e+01
-5.000000000000000000e+00
7.000000000000000000e+00
-8.000000000000000000e+00
9.000000000000000000e+00
1.300000000000000000e+01
1.500000000000000000e+01
3.000000000000000000e+00
5.000000000000000000e+00
-4.000000000000000000e+00
-7.000000000000000000e+00
1.200000000000000000e+01
-8.000000000000000000e+00
2.400000000000000000e+01
1.800000000000000000e+01
-7.000000000000000000e+00
-1.000000000000000000e+01
4.400000000000000000e+01
1.400000000000000000e+01
-4.000000000000000000e+00
3.800000000000000000e+01
2.100000000000000000e+01
7.000000000000000000e+00
2.000000000000000000e+00
-5.000000000000000000e+00
1.300000000000000000e+01
2.700000000000000000e+01
3.600000000000000000e+01
2.500000000000000000e+01
2.000000000000000000e+00
2.000000000000000000e+00
3.500000000000000000e+01
1.500000000000000000e+01
5.600000000000000000e+01
-1.300000000000000000e+01
0.000000000000000000e+00
5.000000000000000000e+00
-1.400000000000000000e+01
-5.000000000000000000e+00
1.000000000000000000e+01
1.000000000000000000e+01
3.500000000000000000e+01
-5.000000000000000000e+00
1.100000000000000000e+01
3.000000000000000000e+00
-1.700000000000000000e+01
-2.000000000000000000e+00
1.400000000000000000e+01
-7.000000000000000000e+00
2.400000000000000000e+01
2.400000000000000000e+01
1.100000000000000000e+01
-2.800000000000000000e+01
9.000000000000000000e+00
2.200000000000000000e+01
7.000000000000000000e+00
-1.100000000000000000e+01
1.000000000000000000e+00
-7.000000000000000000e+00
-2.000000000000000000e+00
-2.700000000000000000e+01
3.300000000000000000e+01
4.600000000000000000e+01
-1.800000000000000000e+01
2.000000000000000000e+00
3.800000000000000000e+01
-7.000000000000000000e+00
-2.800000000000000000e+01
2.000000000000000000e+01
4.000000000000000000e+00
1.100000000000000000e+01
3.000000000000000000e+00
2.300000000000000000e+01
1.200000000000000000e+01
4.000000000000000000e+00
-1.700000000000000000e+01
1.900000000000000000e+01
-1.600000000000000000e+01
-8.000000000000000000e+00
1.200000000000000000e+01
1.000000000000000000e+00
-4.000000000000000000e+00
8.000000000000000000e+00
2.300000000000000000e+01
6.000000000000000000e+00
9.000000000000000000e+00
2.000000000000000000e+00
7.000000000000000000e+00
0.000000000000000000e+00
1.200000000000000000e+01
1.300000000000000000e+01
-3.000000000000000000e+00
-2.000000000000000000e+00
2.100000000000000000e+01
2.300000000000000000e+01
-1.600000000000000000e+01
8.000000000000000000e+00
8.000000000000000000e+00
1.800000000000000000e+01
-6.000000000000000000e+00
1.100000000000000000e+01
-1.200000000000000000e+01
1.000000000000000000e+01
-5.000000000000000000e+00
2.000000000000000000e+00
-4.000000000000000000e+00
8.000000000000000000e+00
2.700000000000000000e+01
-1.200000000000000000e+01
2.900000000000000000e+01
7.000000000000000000e+00
-4.200000000000000000e+01
-2.900000000000000000e+01
-2.100000000000000000e+01
0.000000000000000000e+00
3.000000000000000000e+00
-3.300000000000000000e+01
2.600000000000000000e+01
2.100000000000000000e+01
-1.400000000000000000e+01
-1.500000000000000000e+01
-8.000000000000000000e+00
2.300000000000000000e+01
1.300000000000000000e+01
2.700000000000000000e+01
6.000000000000000000e+00
-3.000000000000000000e+00
2.700000000000000000e+01
-2.600000000000000000e+01
-2.600000000000000000e+01
-6.000000000000000000e+00
-1.400000000000000000e+01
1.800000000000000000e+01
9.000000000000000000e+00
3.000000000000000000e+00
9.000000000000000000e+00
-8.000000000000000000e+00
5.000000000000000000e+00
-2.400000000000000000e+01
1.400000000000000000e+01
2.100000000000000000e+01
1.000000000000000000e+00
-2.400000000000000000e+01
-5.000000000000000000e+00
-1.800000000000000000e+01
1.400000000000000000e+01
3.300000000000000000e+01
1.500000000000000000e+01
1.600000000000000000e+01
-6.000000000000000000e+00
3.800000000000000000e+01
1.900000000000000000e+01
1.000000000000000000e+00
1.000000000000000000e+00
2.200000000000000000e+01
5.500000000000000000e+01
1.000000000000000000e+00
-1.500000000000000000e+01
1.400000000000000000e+01
1.700000000000000000e+01
6.000000000000000000e+00
7.000000000000000000e+00
-2.400000000000000000e+01
3.500000000000000000e+01
7.000000000000000000e+01
4.000000000000000000e+00
-7.000000000000000000e+00
-2.000000000000000000e+00
1.500000000000000000e+01
1.500000000000000000e+01
-9.000000000000000000e+00
1.000000000000000000e+00
-4.000000000000000000e+00
2.400000000000000000e+01
1.700000000000000000e+01
-8.000000000000000000e+00
-1.800000000000000000e+01
1.900000000000000000e+01
6.000000000000000000e+00
8.000000000000000000e+00
-2.000000000000000000e+01
9.000000000000000000e+00
1.400000000000000000e+01
-1.000000000000000000e+01
0.000000000000000000e+00
-2.500000000000000000e+01
2.900000000000000000e+01
2.200000000000000000e+01
2.900000000000000000e+01
1.800000000000000000e+01
1.300000000000000000e+01
1.500000000000000000e+01
4.900000000000000000e+01
2.900000000000000000e+01
2.000000000000000000e+00
1.100000000000000000e+01
1.400000000000000000e+01
2.500000000000000000e+01
1.000000000000000000e+00
5.000000000000000000e+00
3.100000000000000000e+01
2.400000000000000000e+01
2.100000000000000000e+01
9.000000000000000000e+00
1.400000000000000000e+01
6.000000000000000000e+00
1.900000000000000000e+01
0.000000000000000000e+00
2.300000000000000000e+01
2.000000000000000000e+01
-1.000000000000000000e+00
-6.000000000000000000e+00
7.000000000000000000e+00
5.000000000000000000e+00
6.000000000000000000e+00
1.800000000000000000e+01
3.800000000000000000e+01
1.400000000000000000e+01
5.000000000000000000e+00
1.100000000000000000e+01
2.500000000000000000e+01
-1.000000000000000000e+01
3.900000000000000000e+01
-1.000000000000000000e+01
2.500000000000000000e+01
3.500000000000000000e+01
2.300000000000000000e+01
1.000000000000000000e+01
2.800000000000000000e+01
4.300000000000000000e+01
-5.000000000000000000e+00
-3.000000000000000000e+01
1.000000000000000000e+01
3.000000000000000000e+00
-3.000000000000000000e+00
3.200000000000000000e+01
7.000000000000000000e+00
5.700000000000000000e+01
2.000000000000000000e+01
2.500000000000000000e+01
1.700000000000000000e+01
3.700000000000000000e+01
1.300000000000000000e+01
1.900000000000000000e+01
2.700000000000000000e+01
1.900000000000000000e+01
4.700000000000000000e+01
2.400000000000000000e+01
3.000000000000000000e+01
2.600000000000000000e+01
-2.000000000000000000e+00
1.500000000000000000e+01
3.900000000000000000e+01
6.000000000000000000e+00
3.800000000000000000e+01
-6.000000000000000000e+00
3.900000000000000000e+01
1.700000000000000000e+01
1.200000000000000000e+01
3.500000000000000000e+01
2.900000000000000000e+01
7.000000000000000000e+00
3.300000000000000000e+01
1.900000000000000000e+01
1.300000000000000000e+01
2.600000000000000000e+01
2.300000000000000000e+01
2.800000000000000000e+01
1.700000000000000000e+01
-3.000000000000000000e+00
2.500000000000000000e+01
2.300000000000000000e+01
9.000000000000000000e+00
7.000000000000000000e+00
2.200000000000000000e+01
1.000000000000000000e+01
3.900000000000000000e+01
-5.000000000000000000e+00
3.200000000000000000e+01
3.000000000000000000e+00
4.000000000000000000e+00
2.700000000000000000e+01
8.000000000000000000e+00
8.000000000000000000e+00
1.800000000000000000e+01
0.000000000000000000e+00
7.000000000000000000e+00
-5.000000000000000000e+00
4.200000000000000000e+01
2.100000000000000000e+01
-1.600000000000000000e+01
-3.000000000000000000e+00
7.000000000000000000e+00
4.200000000000000000e+01
-1.700000000000000000e+01
-1.700000000000000000e+01
2.400000000000000000e+01
2.300000000000000000e+01
4.100000000000000000e+01
2.700000000000000000e+01
2.600000000000000000e+01
3.000000000000000000e+00
2.400000000000000000e+01
1.600000000000000000e+01
0.000000000000000000e+00
4.600000000000000000e+01
2.400000000000000000e+01
1.400000000000000000e+01
2.000000000000000000e+01
2.300000000000000000e+01
2.400000000000000000e+01
3.300000000000000000e+01
2.400000000000000000e+01
2.400000000000000000e+01
2.700000000000000000e+01
7.000000000000000000e+00
1.500000000000000000e+01
4.000000000000000000e+00
1.500000000000000000e+01
-7.000000000000000000e+00
2.100000000000000000e+01
3.200000000000000000e+01
8.000000000000000000e+00
2.700000000000000000e+01
-1.000000000000000000e+01
3.000000000000000000e+01
3.300000000000000000e+01
2.400000000000000000e+01
3.000000000000000000e+01
-1.300000000000000000e+01
6.300000000000000000e+01
4.800000000000000000e+01
5.300000000000000000e+01
3.400000000000000000e+01
3.900000000000000000e+01
3.500000000000000000e+01
1.700000000000000000e+01
3.000000000000000000e+01
3.000000000000000000e+00
2.900000000000000000e+01
3.600000000000000000e+01
-9.000000000000000000e+00
9.000000000000000000e+00
1.300000000000000000e+01
1.900000000000000000e+01
2.700000000000000000e+01
1.400000000000000000e+01
2.600000000000000000e+01
2.400000000000000000e+01
2.200000000000000000e+01
2.400000000000000000e+01
3.000000000000000000e+00
1.200000000000000000e+01
2.400000000000000000e+01
1.300000000000000000e+01
3.300000000000000000e+01
2.500000000000000000e+01
5.300000000000000000e+01
4.400000000000000000e+01
1.000000000000000000e+01
3.200000000000000000e+01
3.900000000000000000e+01
6.200000000000000000e+01
1.900000000000000000e+01
5.300000000000000000e+01
7.100000000000000000e+01
2.600000000000000000e+01
9.000000000000000000e+01
6.500000000000000000e+01
1.000000000000000000e+02
8.400000000000000000e+01
1.020000000000000000e+02
7.200000000000000000e+01
1.160000000000000000e+02
1.110000000000000000e+02
1.430000000000000000e+02
1.790000000000000000e+02
1.530000000000000000e+02
1.570000000000000000e+02
2.130000000000000000e+02
2.570000000000000000e+02
2.690000000000000000e+02
3.550000000000000000e+02
3.010000000000000000e+02
3.860000000000000000e+02
4.680000000000000000e+02
5.030000000000000000e+02
5.640000000000000000e+02
6.730000000000000000e+02
7.620000000000000000e+02
8.570000000000000000e+02
9.640000000000000000e+02
1.060000000000000000e+03
1.192000000000000000e+03
1.309000000000000000e+03
1.430000000000000000e+03
1.645000000000000000e+03
1.746000000000000000e+03
1.929000000000000000e+03
1.987000000000000000e+03
2.253000000000000000e+03
2.357000000000000000e+03
2.569000000000000000e+03
2.738000000000000000e+03
2.975000000000000000e+03
3.087000000000000000e+03
3.241000000000000000e+03
3.508000000000000000e+03
3.682000000000000000e+03
3.818000000000000000e+03
3.973000000000000000e+03
4.074000000000000000e+03
4.269000000000000000e+03
4.425000000000000000e+03
4.482000000000000000e+03
4.553000000000000000e+03
4.725000000000000000e+03
4.868000000000000000e+03
4.750000000000000000e+03
4.812000000000000000e+03
4.758000000000000000e+03
4.826000000000000000e+03
4.848000000000000000e+03
4.779000000000000000e+03
4.719000000000000000e+03
4.771000000000000000e+03
4.614000000000000000e+03
4.435000000000000000e+03
4.421000000000000000e+03
4.244000000000000000e+03
4.116000000000000000e+03
3.981000000000000000e+03
3.866000000000000000e+03
3.713000000000000000e+03
3.517000000000000000e+03
3.334000000000000000e+03
3.189000000000000000e+03
3.098000000000000000e+03
2.840000000000000000e+03
2.623000000000000000e+03
2.440000000000000000e+03
2.315000000000000000e+03
2.139000000000000000e+03
2.018000000000000000e+03
1.790000000000000000e+03
1.662000000000000000e+03
1.549000000000000000e+03
1.390000000000000000e+03
1.274000000000000000e+03
1.149000000000000000e+03
1.055000000000000000e+03
9.480000000000000000e+02
8.180000000000000000e+02
7.130000000000000000e+02
6.270000000000000000e+02
5.600000000000000000e+02
4.900000000000000000e+02
4.290000000000000000e+02
3.720000000000000000e+02
3.270000000000000000e+02
3.100000000000000000e+02
2.390000000000000000e+02
2.250000000000000000e+02
1.430000000000000000e+02
1.590000000000000000e+02
1.120000000000000000e+02
1.100000000000000000e+02
1.200000000000000000e+02
7.300000000000000000e+01
5.800000000000000000e+01
7.300000000000000000e+01
4.400000000000000000e+01
1.900000000000000000e+01
2.200000000000000000e+01
7.000000000000000000e+01
7.000000000000000000e+00
4.600000000000000000e+01
1.800000000000000000e+01
3.700000000000000000e+01
2.900000000000000000e+01
2.600000000000000000e+01
2.100000000000000000e+01
1.300000000000000000e+01
-8.000000000000000000e+00
4.000000000000000000e+01
9.000000000000000000e+00
1.100000000000000000e+01
3.800000000000000000e+01
-3.000000000000000000e+00
2.700000000000000000e+01
3.000000000000000000e+00
2.700000000000000000e+01
3.700000000000000000e+01
2.000000000000000000e+01
2.900000000000000000e+01
3.000000000000000000e+00
2.800000000000000000e+01
1.600000000000000000e+01
4.000000000000000000e+00
-1.300000000000000000e+01
-4.000000000000000000e+00
2.100000000000000000e+01
3.100000000000000000e+01
7.000000000000000000e+00
8.000000000000000000e+00
2.000000000000000000e+00
2.100000000000000000e+01
8.000000000000000000e+00
2.300000000000000000e+01
5.800000000000000000e+01
2.200000000000000000e+01
3.800000000000000000e+01
1.600000000000000000e+01
3.700000000000000000e+01
1.100000000000000000e+01
3.000000000000000000e+01
2.600000000000000000e+01
1.300000000000000000e+01
1.000000000000000000e+01
-4.000000000000000000e+00
-7.000000000000000000e+00
1.800000000000000000e+01
2.700000000000000000e+01
1.100000000000000000e+01
1.100000000000000000e+01
4.000000000000000000e+00
3.000000000000000000e+00
-3.000000000000000000e+00
3.100000000000000000e+01
7.000000000000000000e+00
2.400000000000000000e+01
1.700000000000000000e+01
-1.500000000000000000e+01
3.500000000000000000e+01
-8.000000000000000000e+00
1.400000000000000000e+01
5.600000000000000000e+01
5.000000000000000000e+00
7.000000000000000000e+00
7.000000000000000000e+00
3.400000000000000000e+01
1.500000000000000000e+01
2.900000000000000000e+01
4.300000000000000000e+01
7.000000000000000000e+00
1.700000000000000000e+01
3.300000000000000000e+01
-1.000000000000000000e+00
1.600000000000000000e+01
2.300000000000000000e+01
3.000000000000000000e+01
-1.000000000000000000e+01
2.000000000000000000e+00
1.100000000000000000e+01
9.000000000000000000e+00
2.400000000000000000e+01
-1.300000000000000000e+01
2.000000000000000000e+01
1.400000000000000000e+01
9.000000000000000000e+00
6.000000000000000000e+00
1.900000000000000000e+01
0.000000000000000000e+00
2.500000000000000000e+01
1.400000000000000000e+01
3.100000000000000000e+01
4.500000000000000000e+01
2.200000000000000000e+01
1.000000000000000000e+01
5.000000000000000000e+00
8.000000000000000000e+00
-2.600000000000000000e+01
-7.000000000000000000e+00
2.400000000000000000e+01
5.000000000000000000e+00
1.700000000000000000e+01
9.000000000000000000e+00
0.000000000000000000e+00
2.700000000000000000e+01
-5.000000000000000000e+00
1.800000000000000000e+01
1.000000000000000000e+01
1.700000000000000000e+01
2.000000000000000000e+01
-5.000000000000000000e+00
2.200000000000000000e+01
2.400000000000000000e+01
1.300000000000000000e+01
2.100000000000000000e+01
1.500000000000000000e+01
1.000000000000000000e+01
2.000000000000000000e+00
7.000000000000000000e+00
4.800000000000000000e+01
3.000000000000000000e+00
1.400000000000000000e+01
4.000000000000000000e+00
3.400000000000000000e+01
5.000000000000000000e+00
-5.000000000000000000e+00
-2.000000000000000000e+00
-1.200000000000000000e+01
3.100000000000000000e+01
3.900000000000000000e+01
3.000000000000000000e+00
1.700000000000000000e+01
1.000000000000000000e+00
4.700000000000000000e+01
1.900000000000000000e+01
-2.100000000000000000e+01
2.600000000000000000e+01
2.000000000000000000e+01
-1.600000000000000000e+01
-4.000000000000000000e+00
-5.000000000000000000e+00
2.300000000000000000e+01
4.800000000000000000e+01
9.000000000000000000e+00
8.000000000000000000e+00
1.500000000000000000e+01
1.200000000000000000e+01
1.000000000000000000e+01
5.000000000000000000e+00
-1.700000000000000000e+01
1.800000000000000000e+01
1.000000000000000000e+00
-2.400000000000000000e+01
-4.000000000000000000e+00
2.400000000000000000e+01
6.000000000000000000e+00
2.000000000000000000e+00
2.300000000000000000e+01
-1.300000000000000000e+01
1.900000000000000000e+01
2.900000000000000000e+01
-1.200000000000000000e+01
1.800000000000000000e+01
1.000000000000000000e+01
9.000000000000000000e+00
3.000000000000000000e+00
1.100000000000000000e+01
1.100000000000000000e+01
-6.000000000000000000e+00
1.600000000000000000e+01
4.400000000000000000e+01
5.000000000000000000e+00
1.300000000000000000e+01
3.000000000000000000e+01
-6.000000000000000000e+00
7.000000000000000000e+00
2.400000000000000000e+01
2.100000000000000000e+01
-7.000000000000000000e+00
2.300000000000000000e+01
1.500000000000000000e+01
2.700000000000000000e+01
2.200000000000000000e+01
1.000000000000000000e+01
9.000000000000000000e+00
-2.000000000000000000e+01
-9.000000000000000000e+00
3.000000000000000000e+00
-1.200000000000000000e+01
2.800000000000000000e+01
-4.300000000000000000e+01
2.000000000000000000e+00
-3.000000000000000000e+00
2.000000000000000000e+00
1.600000000000000000e+01
3.300000000000000000e+01
3.300000000000000000e+01
1.300000000000000000e+01
2.600000000000000000e+01
3.600000000000000000e+01
2.800000000000000000e+01
-3.000000000000000000e+00
-5.000000000000000000e+00
-3.000000000000000000e+00
-8.000000000000000000e+00
4.000000000000000000e+00
-1.000000000000000000e+00
1.700000000000000000e+01
2.100000000000000000e+01
1.800000000000000000e+01
2.000000000000000000e+01
-8.000000000000000000e+00
1.000000000000000000e+00
3.100000000000000000e+01
1.200000000000000000e+01
2.300000000000000000e+01
2.200000000000000000e+01
1.300000000000000000e+01
2.500000000000000000e+01
-4.000000000000000000e+00
3.200000000000000000e+01
-4.000000000000000000e+00
9.000000000000000000e+00
-9.000000000000000000e+00
1.500000000000000000e+01
3.200000000000000000e+01
3.400000000000000000e+01
6.000000000000000000e+00
-8.000000000000000000e+00
-1.600000000000000000e+01
1.600000000000000000e+01
-7.000000000000000000e+00
-2.600000000000000000e+01
-6.000000000000000000e+00
8.000000000000000000e+00
1.800000000000000000e+01
-7.000000000000000000e+00
6.000000000000000000e+00
-4.000000000000000000e+00
2.000000000000000000e+00
-1.400000000000000000e+01
2.300000000000000000e+01
-8.000000000000000000e+00
-2.000000000000000000e+00
8.000000000000000000e+00
-3.100000000000000000e+01
1.100000000000000000e+01
-1.500000000000000000e+01
1.400000000000000000e+01
4.000000000000000000e+00
-1.600000000000000000e+01
-1.500000000000000000e+01
2.500000000000000000e+01
4.000000000000000000e+00
-1.100000000000000000e+01
1.100000000000000000e+01
0.000000000000000000e+00
1.400000000000000000e+01
7.000000000000000000e+00
6.000000000000000000e+00
3.300000000000000000e+01
-2.000000000000000000e+00
-1.200000000000000000e+01
-4.000000000000000000e+00
1.300000000000000000e+01
6.000000000000000000e+00
3.000000000000000000e+00
5.000000000000000000e+00
1.600000000000000000e+01
1.200000000000000000e+01
0.000000000000000000e+00
-1.100000000000000000e+01
7.000000000000000000e+00
-8.000000000000000000e+00
3.100000000000000000e+01
3.200000000000000000e+01
4.000000000000000000e+00
-1.200000000000000000e+01
-9.000000000000000000e+00
1.900000000000000000e+01
5.000000000000000000e+00
1.300000000000000000e+01
4.000000000000000000e+00
-8.000000000000000000e+00
4.000000000000000000e+00
-2.600000000000000000e+01
1.000000000000000000e+01
0.000000000000000000e+00
1.100000000000000000e+01
8.000000000000000000e+00
6.000000000000000000e+00
-7.000000000000000000e+00
1.200000000000000000e+01
-1.000000000000000000e+00
3.000000000000000000e+00
8.000000000000000000e+00
3.300000000000000000e+01
-1.200000000000000000e+01
7.000000000000000000e+00
-5.000000000000000000e+00
2.300000000000000000e+01
-4.000000000000000000e+00
1.100000000000000000e+01
2.500000000000000000e+01
1.800000000000000000e+01
1.100000000000000000e+01
7.000000000000000000e+00
-1.000000000000000000e+01
-1.100000000000000000e+01
-2.500000000000000000e+01
1.000000000000000000e+01
-4.600000000000000000e+01
-1.500000000000000000e+01
7.000000000000000000e+00
-1.200000000000000000e+01
-2.000000000000000000e+00
4.000000000000000000e+00
1.000000000000000000e+01
-1.100000000000000000e+01
1.300000000000000000e+01
-2.700000000000000000e+01
2.900000000000000000e+01
1.300000000000000000e+01
7.000000000000000000e+00
-1.100000000000000000e+01
3.500000000000000000e+01
8.000000000000000000e+00
-5.000000000000000000e+00
8.000000000000000000e+00
1.900000000000000000e+01
-1.000000000000000000e+00
1.200000000000000000e+01
-1.200000000000000000e+01
0.000000000000000000e+00
-2.300000000000000000e+01
1.100000000000000000e+01
-1.200000000000000000e+01
8.000000000000000000e+00
-5.000000000000000000e+00
-2.200000000000000000e+01
1.900000000000000000e+01
1.200000000000000000e+01
-1.600000000000000000e+01
2.300000000000000000e+01
9.000000000000000000e+00
7.000000000000000000e+00
-8.000000000000000000e+00
1.300000000000000000e+01
-9.000000000000000000e+00
-1.900000000000000000e+01
4.000000000000000000e+00
1.800000000000000000e+01
6.000000000000000000e+00
-9.000000000000000000e+00
5.000000000000000000e+00
1.300000000000000000e+01
2.000000000000000000e+00
-1.500000000000000000e+01
1.000000000000000000e+01
-1.900000000000000000e+01
4.000000000000000000e+00
3.000000000000000000e+00
4.000000000000000000e+00
-7.000000000000000000e+00
1.300000000000000000e+01
-1.600000000000000000e+01
5.000000000000000000e+00
-1.800000000000000000e+01
7.000000000000000000e+00
-3.000000000000000000e+00
2.200000000000000000e+01
-3.500000000000000000e+01
-2.500000000000000000e+01
4.000000000000000000e+00
1.400000000000000000e+01
2.600000000000000000e+01
8.000000000000000000e+00
-1.300000000000000000e+01
2.000000000000000000e+00
1.700000000000000000e+01
-1.000000000000000000e+00
2.500000000000000000e+01
-5.000000000000000000e+00
-2.500000000000000000e+01
3.000000000000000000e+00
1.200000000000000000e+01
3.000000000000000000e+01
1.100000000000000000e+01
1.100000000000000000e+01
8.000000000000000000e+00
8.000000000000000000e+00
3.000000000000000000e+01
2.200000000000000000e+01
4.100000000000000000e+01
-2.200000000000000000e+01
3.000000000000000000e+00
1.600000000000000000e+01
1.900000000000000000e+01
-1.700000000000000000e+01
8.000000000000000000e+00
-3.000000000000000000e+00
2.400000000000000000e+01
-4.000000000000000000e+00
3.000000000000000000e+00
-1.000000000000000000e+01
-3.000000000000000000e+00
1.000000000000000000e+00
3.900000000000000000e+01
6.000000000000000000e+00
-1.800000000000000000e+01
-2.000000000000000000e+00
-1.600000000000000000e+01
-1.000000000000000000e+01
-4.000000000000000000e+00
-4.000000000000000000e+00
5.000000000000000000e+00
-6.700000000000000000e+01
9.000000000000000000e+00
5.000000000000000000e+00
4.000000000000000000e+00
1.300000000000000000e+01
1.500000000000000000e+01
0.000000000000000000e+00
-2.700000000000000000e+01
6.000000000000000000e+00
-4.000000000000000000e+00
1.800000000000000000e+01
-5.100000000000000000e+01
0.000000000000000000e+00
-1.100000000000000000e+01
-1.600000000000000000e+01
1.700000000000000000e+01
-7.000000000000000000e+00
-1.100000000000000000e+01
-3.000000000000000000e+00
-1.700000000000000000e+01
-1.600000000000000000e+01
1.300000000000000000e+01
-1.500000000000000000e+01
-2.100000000000000000e+01
8.000000000000000000e+00
-2.100000000000000000e+01
7.000000000000000000e+00
8.000000000000000000e+00
-4.000000000000000000e+00
-5.000000000000000000e+00
4.000000000000000000e+00
-5.000000000000000000e+00
1.600000000000000000e+01
-5.000000000000000000e+00
1.700000000000000000e+01
-5.000000000000000000e+00
-2.000000000000000000e+00
-1.000000000000000000e+01
-3.800000000000000000e+01
3.000000000000000000e+00
-1.800000000000000000e+01
-3.200000000000000000e+01
-5.000000000000000000e+00
3.900000000000000000e+01
1.700000000000000000e+01
1.000000000000000000e+01
-1.700000000000000000e+01
4.500000000000000000e+01
5.000000000000000000e+00
9.000000000000000000e+00
-4.000000000000000000e+00
9.000000000000000000e+00
-4.000000000000000000e+00
-7.000000000000000000e+00
-4.000000000000000000e+00
4.000000000000000000e+00
-8.000000000000000000e+00
-2.700000000000000000e+01
6.000000000000000000e+00
-4.000000000000000000e+00
1.700000000000000000e+01
-1.000000000000000000e+01
1.000000000000000000e+00
-8.000000000000000000e+00
-6.000000000000000000e+00
5.000000000000000000e+00
-2.200000000000000000e+01
-1.000000000000000000e+00
6.000000000000000000e+00
-1.700000000000000000e+01
5.000000000000000000e+00
-2.000000000000000000e+00
-1.700000000000000000e+01
-1.100000000000000000e+01
-1.300000000000000000e+01
-1.100000000000000000e+01
-1.000000000000000000e+00
-2.200000000000000000e+01
-4.000000000000000000e+00
9.000000000000000000e+00
1.000000000000000000e+00
-2.000000000000000000e+00
-1.200000000000000000e+01
4.000000000000000000e+00
-2.300000000000000000e+01
-1.900000000000000000e+01
-1.500000000000000000e+01
-3.600000000000000000e+01
-3.000000000000000000e+00
-1.000000000000000000e+01
-1.000000000000000000e+00
2.300000000000000000e+01
-7.000000000000000000e+00
2.000000000000000000e+00
-2.100000000000000000e+01
2.200000000000000000e+01
1.200000000000000000e+01
6.000000000000000000e+00
6.000000000000000000e+00
-8.000000000000000000e+00
-2.000000000000000000e+00
1.700000000000000000e+01
7.000000000000000000e+00
-3.400000000000000000e+01
1.000000000000000000e+01
9.000000000000000000e+00
6.000000000000000000e+00
9.000000000000000000e+00
1.600000000000000000e+01
3.100000000000000000e+01
4.200000000000000000e+01
1.700000000000000000e+01
-7.000000000000000000e+00
-8.000000000000000000e+00
2.000000000000000000e+00
-1.500000000000000000e+01
-4.000000000000000000e+00
-1.000000000000000000e+00
-1.200000000000000000e+01
-6.000000000000000000e+00
6.000000000000000000e+00
-3.700000000000000000e+01
2.800000000000000000e+01
-1.600000000000000000e+01
6.000000000000000000e+00
-3.600000000000000000e+01
7.000000000000000000e+00
3.000000000000000000e+00
-6.000000000000000000e+00
8.000000000000000000e+00
-1.700000000000000000e+01
-5.000000000000000000e+00
2.000000000000000000e+01
4.000000000000000000e+00
-2.100000000000000000e+01
-4.000000000000000000e+00
1.400000000000000000e+01
1.000000000000000000e+01
-1.500000000000000000e+01
2.600000000000000000e+01
-3.000000000000000000e+00
-1.600000000000000000e+01
-6.000000000000000000e+00
-1.400000000000000000e+01
-1.400000000000000000e+01
2.100000000000000000e+01
2.800000000000000000e+01
2.700000000000000000e+01
-1.500000000000000000e+01
2.000000000000000000e+00
1.400000000000000000e+01
1.600000000000000000e+01
9.000000000000000000e+00
-7.000000000000000000e+00
2.100000000000000000e+01
2.500000000000000000e+01
1.000000000000000000e+01
-2.000000000000000000e+00
-8.000000000000000000e+00
1.100000000000000000e+01
-1.000000000000000000e+00
1.100000000000000000e+01
-2.400000000000000000e+01
0.000000000000000000e+00
-4.000000000000000000e+00
1.600000000000000000e+01
5.000000000000000000e+00
-2.100000000000000000e+01
2.000000000000000000e+00
2.000000000000000000e+00
1.600000000000000000e+01
1.100000000000000000e+01
8.000000000000000000e+00
1.800000000000000000e+01
-6.000000000000000000e+00
8.000000000000000000e+00
3.000000000000000000e+00
-1.200000000000000000e+01
2.600000000000000000e+01
-7.000000000000000000e+00
0.000000000000000000e+00
5.000000000000000000e+00
-5.000000000000000000e+00
3.000000000000000000e+00
-1.100000000000000000e+01
-1.100000000000000000e+01
8.000000000000000000e+00
-1.000000000000000000e+01
0.000000000000000000e+00
-2.300000000000000000e+01
-9.000000000000000000e+00
-1.000000000000000000e+00
2.400000000000000000e+01
-1.300000000000000000e+01
-1.100000000000000000e+01
-2.200000000000000000e+01
-8.000000000000000000e+00
3.000000000000000000e+00
5.000000000000000000e+00
1.000000000000000000e+01
-1.300000000000000000e+01
-9.000000000000000000e+00
1.300000000000000000e+01
1.000000000000000000e+01
1.300000000000000000e+01
1.100000000000000000e+01
6.000000000000000000e+00
-1.100000000000000000e+01
7.000000000000000000e+00
2.200000000000000000e+01
1.200000000000000000e+01
-3.200000000000000000e+01
3.000000000000000000e+01
2.200000000000000000e+01
-2.800000000000000000e+01
4.000000000000000000e+00
-5.000000000000000000e+00
1.800000000000000000e+01
-1.700000000000000000e+01
1.700000000000000000e+01
8.000000000000000000e+00
-1.600000000000000000e+01
1.000000000000000000e+01
-1.800000000000000000e+01
-3.000000000000000000e+00
-6.000000000000000000e+00
2.000000000000000000e+00
1.300000000000000000e+01
-7.000000000000000000e+00
-9.000000000000000000e+00
1.900000000000000000e+01
1.000000000000000000e+00
1.100000000000000000e+01
3.000000000000000000e+00
0.000000000000000000e+00
-5.000000000000000000e+00
2.000000000000000000e+00
-1.200000000000000000e+01
6.000000000000000000e+00
-2.300000000000000000e+01
1.200000000000000000e+01
1.100000000000000000e+01
1.000000000000000000e+00
1.300000000000000000e+01
-1.100000000000000000e+01
-1.100000000000000000e+01
2.500000000000000000e+01
-1.700000000000000000e+01
1.800000000000000000e+01
-3.000000000000000000e+00
1.400000000000000000e+01
-1.000000000000000000e+00
-8.000000000000000000e+00
-1.700000000000000000e+01
1.200000000000000000e+01
-1.000000000000000000e+00
-1.200000000000000000e+01
1.400000000000000000e+01
0.000000000000000000e+00
-1.300000000000000000e+01
2.000000000000000000e+00
1.000000000000000000e+00
2.100000000000000000e+01
-4.000000000000000000e+00
-5.000000000000000000e+00
3.000000000000000000e+00
-1.000000000000000000e+01
-2.000000000000000000e+00
0.000000000000000000e+00
-1.000000000000000000e+00
-2.700000000000000000e+01
1.500000000000000000e+01
-1.000000000000000000e+00
7.000000000000000000e+00
-1.900000000000000000e+01
1.000000000000000000e+00
-8.000000000000000000e+00
-1.000000000000000000e+00
-2.200000000000000000e+01
-1.200000000000000000e+01
-1.500000000000000000e+01
3.000000000000000000e+00
0.000000000000000000e+00
2.200000000000000000e+01
-2.500000000000000000e+01
2.200000000000000000e+01
6.000000000000000000e+00
6.000000000000000000e+00
1.100000000000000000e+01
2.400000000000000000e+01
2.300000000000000000e+01
7.000000000000000000e+00
-8.000000000000000000e+00
2.500000000000000000e+01
-1.000000000000000000e+00
1.000000000000000000e+00
1.200000000000000000e+01
2.000000000000000000e+00
-3.000000000000000000e+00
-5.000000000000000000e+00
-3.000000000000000000e+00
-1.600000000000000000e+01
1.400000000000000000e+01
3.000000000000000000e+00
-1.600000000000000000e+01
-5.000000000000000000e+00
-1.000000000000000000e+01
2.000000000000000000e+00
3.000000000000000000e+01
1.000000000000000000e+00
2.000000000000000000e+00
-7.000000000000000000e+00
-3.000000000000000000e+00
4.000000000000000000e+01
-1.000000000000000000e+00
2.500000000000000000e+01
8.000000000000000000e+00
-1.800000000000000000e+01
-2.900000000000000000e+01
1.400000000000000000e+01
4.000000000000000000e+00
6.000000000000000000e+00
6.000000000000000000e+00
3.900000000000000000e+01
0.000000000000000000e+00
-1.000000000000000000e+01
9.000000000000000000e+00
1.200000000000000000e+01
-1.400000000000000000e+01
1.300000000000000000e+01
-1.000000000000000000e+00
-7.000000000000000000e+00
7.000000000000000000e+00
0.000000000000000000e+00
-1.200000000000000000e+01
-2.000000000000000000e+00
1.400000000000000000e+01
2.400000000000000000e+01
1.900000000000000000e+01
6.000000000000000000e+00
1.500000000000000000e+01
2.200000000000000000e+01
-6.000000000000000000e+00
3.000000000000000000e+00
5.000000000000000000e+00
-4.000000000000000000e+00
-1.000000000000000000e+01
1.200000000000000000e+01
-1.400000000000000000e+01
4.400000000000000000e+01
1.500000000000000000e+01
1.300000000000000000e+01
3.200000000000000000e+01
3.400000000000000000e+01
4.400000000000000000e+01
4.400000000000000000e+01
1.900000000000000000e+01
6.200000000000000000e+01
2.900000000000000000e+01
5.600000000000000000e+01
9.000000000000000000e+00
2.600000000000000000e+01
7.800000000000000000e+01
5.400000000000000000e+01
2.600000000000000000e+01
5.400000000000000000e+01
4.500000000000000000e+01
5.200000000000000000e+01
6.300000000000000000e+01
7.000000000000000000e+01
6.300000000000000000e+01
8.400000000000000000e+01
5.200000000000000000e+01
6.800000000000000000e+01
6.900000000000000000e+01
6.800000000000000000e+01
7.800000000000000000e+01
1.010000000000000000e+02
1.000000000000000000e+02
1.290000000000000000e+02
1.010000000000000000e+02
1.450000000000000000e+02
1.200000000000000000e+02
1.340000000000000000e+02
1.570000000000000000e+02
1.460000000000000000e+02
1.520000000000000000e+02
1.760000000000000000e+02
1.940000000000000000e+02
1.780000000000000000e+02
2.280000000000000000e+02
2.180000000000000000e+02
2.350000000000000000e+02
2.510000000000000000e+02
2.950000000000000000e+02
2.800000000000000000e+02
2.740000000000000000e+02
3.260000000000000000e+02
3.330000000000000000e+02
3.500000000000000000e+02
3.620000000000000000e+02
3.500000000000000000e+02
3.980000000000000000e+02
3.850000000000000000e+02
3.920000000000000000e+02
4.670000000000000000e+02
4.350000000000000000e+02
4.620000000000000000e+02
4.980000000000000000e+02
4.830000000000000000e+02
5.330000000000000000e+02
6.000000000000000000e+02
5.780000000000000000e+02
6.260000000000000000e+02
6.470000000000000000e+02
6.720000000000000000e+02
7.010000000000000000e+02
7.300000000000000000e+02
7.210000000000000000e+02
7.700000000000000000e+02
8.070000000000000000e+02
8.430000000000000000e+02
8.750000000000000000e+02
9.160000000000000000e+02
8.770000000000000000e+02
9.710000000000000000e+02
9.650000000000000000e+02
9.990000000000000000e+02
9.880000000000000000e+02
1.018000000000000000e+03
1.023000000000000000e+03
1.087000000000000000e+03
1.099000000000000000e+03
1.145000000000000000e+03
1.177000000000000000e+03
1.208000000000000000e+03
1.167000000000000000e+03
1.189000000000000000e+03
1.200000000000000000e+03
1.255000000000000000e+03
1.229000000000000000e+03
1.289000000000000000e+03
1.304000000000000000e+03
1.336000000000000000e+03
1.320000000000000000e+03
1.349000000000000000e+03
1.367000000000000000e+03
1.376000000000000000e+03
1.371000000000000000e+03
1.443000000000000000e+03
1.446000000000000000e+03
1.458000000000000000e+03
1.473000000000000000e+03
1.498000000000000000e+03
1.499000000000000000e+03
1.527000000000000000e+03
1.482000000000000000e+03
1.567000000000000000e+03
1.611000000000000000e+03
1.508000000000000000e+03
1.519000000000000000e+03
1.550000000000000000e+03
1.602000000000000000e+03
1.534000000000000000e+03
1.464000000000000000e+03
1.528000000000000000e+03
1.500000000000000000e+03
1.511000000000000000e+03
1.433000000000000000e+03
1.442000000000000000e+03
1.388000000000000000e+03
1.347000000000000000e+03
1.370000000000000000e+03
1.383000000000000000e+03
1.329000000000000000e+03
1.337000000000000000e+03
1.312000000000000000e+03
1.363000000000000000e+03
1.275000000000000000e+03
1.281000000000000000e+03
1.284000000000000000e+03
1.276000000000000000e+03
1.274000000000000000e+03
1.248000000000000000e+03
1.206000000000000000e+03
1.257000000000000000e+03
1.231000000000000000e+03
1.184000000000000000e+03
1.219000000000000000e+03
1.200000000000000000e+03
1.149000000000000000e+03
1.105000000000000000e+03
1.150000000000000000e+03
1.078000000000000000e+03
1.015000000000000000e+03
1.030000000000000000e+03
1.029000000000000000e+03
9.960000000000000000e+02
9.720000000000000000e+02
9.200000000000000000e+02
9.170000000000000000e+02
8.750000000000000000e+02
8.390000000000000000e+02
8.320000000000000000e+02
8.060000000000000000e+02
7.740000000000000000e+02
7.790000000000000000e+02
7.480000000000000000e+02
7.190000000000000000e+02
7.100000000000000000e+02
6.710000000000000000e+02
6.570000000000000000e+02
6.460000000000000000e+02
6.550000000000000000e+02
5.970000000000000000e+02
5.590000000000000000e+02
5.800000000000000000e+02
5.700000000000000000e+02
5.830000000000000000e+02
5.110000000000000000e+02
5.210000000000000000e+02
4.820000000000000000e+02
4.630000000000000000e+02
4.390000000000000000e+02
4.350000000000000000e+02
4.280000000000000000e+02
3.610000000000000000e+02
3.900000000000000000e+02
3.920000000000000000e+02
3.300000000000000000e+02
3.380000000000000000e+02
3.170000000000000000e+02
2.780000000000000000e+02
2.980000000000000000e+02
2.990000000000000000e+02
2.500000000000000000e+02
2.690000000000000000e+02
2.530000000000000000e+02
2.220000000000000000e+02
2.330000000000000000e+02
2.280000000000000000e+02
2.170000000000000000e+02
1.990000000000000000e+02
1.970000000000000000e+02
1.860000000000000000e+02
1.700000000000000000e+02
1.730000000000000000e+02
1.580000000000000000e+02
1.560000000000000000e+02
1.290000000000000000e+02
1.450000000000000000e+02
1.560000000000000000e+02
1.010000000000000000e+02
1.500000000000000000e+02
1.020000000000000000e+02
8.300000000000000000e+01
1.000000000000000000e+02
1.180000000000000000e+02
7.500000000000000000e+01
1.270000000000000000e+02
7.200000000000000000e+01
1.020000000000000000e+02
7.900000000000000000e+01
4.700000000000000000e+01
6.900000000000000000e+01
7.000000000000000000e+01
7.700000000000000000e+01
3.600000000000000000e+01
4.900000000000000000e+01
3.600000000000000000e+01
3.500000000000000000e+01
3.700000000000000000e+01
6.500000000000000000e+01
4.400000000000000000e+01
4.500000000000000000e+01
4.500000000000000000e+01
5.100000000000000000e+01
7.000000000000000000e+00
1.900000000000000000e+01
2.300000000000000000e+01
4.600000000000000000e+01
-2.000000000000000000e+00
9.000000000000000000e+00
1.200000000000000000e+01
1.200000000000000000e+01
4.100000000000000000e+01
3.000000000000000000e+01
1.400000000000000000e+01
3.700000000000000000e+01
1.000000000000000000e+01
4.900000000000000000e+01
-1.000000000000000000e+00
1.400000000000000000e+01
-6.000000000000000000e+00
3.000000000000000000e+00
1.900000000000000000e+01
-4.000000000000000000e+00
-4.000000000000000000e+00
-3.000000000000000000e+00
1.200000000000000000e+01
2.000000000000000000e+01
2.400000000000000000e+01
1.400000000000000000e+01
0.000000000000000000e+00
1.100000000000000000e+01
-1.100000000000000000e+01
4.000000000000000000e+01
1.300000000000000000e+01
1.300000000000000000e+01
2.900000000000000000e+01
-2.000000000000000000e+00
2.400000000000000000e+01
1.200000000000000000e+01
-7.000000000000000000e+00
1.100000000000000000e+01
5.000000000000000000e+00
1.800000000000000000e+01
1.000000000000000000e+00
7.000000000000000000e+00
-8.000000000000000000e+00
-8.000000000000000000e+00
1.000000000000000000e+00
2.300000000000000000e+01
8.000000000000000000e+00
-7.000000000000000000e+00
1.900000000000000000e+01
-2.300000000000000000e+01
-3.000000000000000000e+00
1.500000000000000000e+01
3.200000000000000000e+01
3.000000000000000000e+00
4.000000000000000000e+00
-1.200000000000000000e+01
2.000000000000000000e+01
6.000000000000000000e+00
-1.100000000000000000e+01
2.000000000000000000e+01
0.000000000000000000e+00
1.400000000000000000e+01
-1.000000000000000000e+01
1.400000000000000000e+01
-3.200000000000000000e+01
2.000000000000000000e+01
-4.000000000000000000e+00
-7.000000000000000000e+00
-2.200000000000000000e+01
-1.300000000000000000e+02
6.000000000000000000e+00
-3.000000000000000000e+00
7.000000000000000000e+00
-6.000000000000000000e+00
3.000000000000000000e+00
4.000000000000000000e+00
2.700000000000000000e+01
6.000000000000000000e+00
-1.800000000000000000e+01
1.100000000000000000e+01
-2.000000000000000000e+00
2.500000000000000000e+01
-7.000000000000000000e+00
2.400000000000000000e+01
2.000000000000000000e+00
3.000000000000000000e+00
-2.000000000000000000e+00
-4.000000000000000000e+00
