3.000000000000000000e+00
-5.000000000000000000e+00
-1.000000000000000000e+00
0.000000000000000000e+00
0.000000000000000000e+00
-2.500000000000000000e+01
-5.000000000000000000e+00
-5.000000000000000000e+00
9.000000000000000000e+00
-1.400000000000000000e+01
2.000000000000000000e+00
1.400000000000000000e+01
1.100000000000000000e+01
1.700000000000000000e+01
-1.100000000000000000e+01
-6.000000000000000000e+00
-1.700000000000000000e+01
9.000000000000000000e+00
-3.000000000000000000e+00
3.000000000000000000e+00
2.400000000000000000e+01
1.300000000000000000e+01
6.000000000000000000e+00
-1.500000000000000000e+01
-1.300000000000000000e+01
3.000000000000000000e+01
-1.900000000000000000e+01
1.500000000000000000e+01
2.000000000000000000e+00
-1.200000000000000000e+01
-3.800000000000000000e+01
1.100000000000000000e+01
3.000000000000000000e+00
-4.000000000000000000e+00
1.800000000000000000e+01
5.000000000000000000e+00
3.000000000000000000e+01
-2.100000000000000000e+01
3.000000000000000000e+00
-4.000000000000000000e+00
3.000000000000000000e+00
-7.000000000000000000e+00
1.200000000000000000e+01
0.000000000000000000e+00
-1.600000000000000000e+01
-2.000000000000000000e+01
-1.300000000000000000e+01
-1.400000000000000000e+01
-3.100000000000000000e+01
-3.000000000000000000e+00
1.400000000000000000e+01
-1.000000000000000000e+00
1.300000000000000000e+01
0.000000000000000000e+00
1.900000000000000000e+01
1.800000000000000000e+01
2.300000000000000000e+01
-3.300000000000000000e+01
-1.400000000000000000e+01
-1.300000000000000000e+01
-6.000000000000000000e+00
-2.100000000000000000e+01
-2.300000000000000000e+01
1.000000000000000000e+00
0.000000000000000000e+00
3.300000000000000000e+01
-4.800000000000000000e+01
1.000000000000000000e+01
-1.000000000000000000e+00
-1.000000000000000000e+00
-7.000000000000000000e+00
0.000000000000000000e+00
-8.000000000000000000e+00
3.700000000000000000e+01
1.500000000000000000e+01
3.800000000000000000e+01
8.000000000000000000e+00
2.000000000000000000e+00
-1.400000000000000000e+01
3.000000000000000000e+01
-8.000000000000000000e+00
0.000000000000000000e+00
-1.400000000000000000e+01
-1.000000000000000000e+00
-1.200000000000000000e+01
6.000000000000000000e+00
8.000000000000000000e+00
-2.000000000000000000e+01
-2.100000000000000000e+01
-2.700000000000000000e+01
2.300000000000000000e+01
9.000000000000000000e+00
-2.000000000000000000e+00
-3.100000000000000000e+01
1.900000000000000000e+01
-5.000000000000000000e+00
1.500000000000000000e+01
-2.500000000000000000e+01
-1.600000000000000000e+01
-2.000000000000000000e+00
3.900000000000000000e+01
-2.200000000000000000e+01
1.000000000000000000e+00
-1.000000000000000000e+01
1.000000000000000000e+01
-2.000000000000000000e+01
2.100000000000000000e+01
-1.200000000000000000e+01
1.000000000000000000e+00
2.300000000000000000e+01
-1.900000000000000000e+01
1.900000000000000000e+01
2.600000000000000000e+01
2.400000000000000000e+01
-1.000000000000000000e+00
1.200000000000000000e+01
-3.500000000000000000e+01
5.000000000000000000e+00
3.900000000000000000e+01
1.000000000000000000e+00
-1.100000000000000000e+01
2.800000000000000000e+01
-3.800000000000000000e+01
2.900000000000000000e+01
-1.900000000000000000e+01
2.000000000000000000e+01
6.000000000000000000e+00
-1.400000000000000000e+01
-1.700000000000000000e+01
-3.200000000000000000e+01
-2.500000000000000000e+01
-1.000000000000000000e+00
-1.100000000000000000e+01
0.000000000000000000e+00
-2.200000000000000000e+01
-4.600000000000000000e+01
-8.000000000000000000e+00
-1.000000000000000000e+01
6.000000000000000000e+00
5.000000000000000000e+00
9.000000000000000000e+00
-2.500000000000000000e+01
2.300000000000000000e+01
-2.800000000000000000e+01
4.000000000000000000e+00
9.000000000000000000e+00
2.000000000000000000e+00
3.000000000000000000e+00
-7.000000000000000000e+00
-2.200000000000000000e+01
8.000000000000000000e+00
-1.200000000000000000e+01
5.000000000000000000e+00
8.000000000000000000e+00
-1.400000000000000000e+01
-2.700000000000000000e+01
-1.500000000000000000e+01
1.200000000000000000e+01
6.000000000000000000e+00
-1.000000000000000000e+01
1.800000000000000000e+01
3.300000000000000000e+01
-4.000000000000000000e+00
-1.000000000000000000e+00
-1.000000000000000000e+00
1.000000000000000000e+01
-1.400000000000000000e+01
-2.000000000000000000e+00
5.000000000000000000e+00
-4.100000000000000000e+01
2.800000000000000000e+01
-2.000000000000000000e+01
-2.000000000000000000e+00
-1.200000000000000000e+01
-5.000000000000000000e+00
-2.000000000000000000e+00
4.000000000000000000e+00
-9.000000000000000000e+00
-3.700000000000000000e+01
6.000000000000000000e+00
1.800000000000000000e+01
-1.900000000000000000e+01
5.000000000000000000e+00
-1.000000000000000000e+00
-2.600000000000000000e+01
3.200000000000000000e+01
-9.000000000000000000e+00
-2.500000000000000000e+01
-4.000000000000000000e+00
2.400000000000000000e+01
2.000000000000000000e+00
3.700000000000000000e+01
-2.100000000000000000e+01
1.500000000000000000e+01
-2.600000000000000000e+01
1.500000000000000000e+01
1.000000000000000000e+00
1.000000000000000000e+01
1.400000000000000000e+01
-2.000000000000000000e+00
-2.000000000000000000e+00
-2.200000000000000000e+01
4.000000000000000000e+00
9.000000000000000000e+00
1.900000000000000000e+01
-2.000000000000000000e+00
-7.000000000000000000e+00
-9.000000000000000000e+00
1.400000000000000000e+01
0.000000000000000000e+00
-3.000000000000000000e+00
1.100000000000000000e+01
1.700000000000000000e+01
2.100000000000000000e+01
1.000000000000000000e+01
-3.500000000000000000e+01
-1.300000000000000000e+01
9.000000000000000000e+00
1.500000000000000000e+01
2.100000000000000000e+01
2.400000000000000000e+01
-3.700000000000000000e+01
-2.200000000000000000e+01
-4.000000000000000000e+00
1.500000000000000000e+01
2.200000000000000000e+01
1.200000000000000000e+01
-1.100000000000000000e+01
3.200000000000000000e+01
1.800000000000000000e+01
-5.600000000000000000e+01
1.000000000000000000e+01
-2.900000000000000000e+01
2.900000000000000000e+01
-2.800000000000000000e+01
-8.000000000000000000e+00
-4.100000000000000000e+01
1.600000000000000000e+01
1.000000000000000000e+00
-2.700000000000000000e+01
-1.000000000000000000e+01
-1.400000000000000000e+01
4.000000000000000000e+00
-1.300000000000000000e+01
-3.400000000000000000e+01
3.000000000000000000e+01
-1.400000000000000000e+01
-1.000000000000000000e+00
7.000000000000000000e+00
1.800000000000000000e+01
-3.200000000000000000e+01
2.800000000000000000e+01
1.000000000000000000e+00
7.000000000000000000e+00
-2.000000000000000000e+00
2.900000000000000000e+01
-1.600000000000000000e+01
1.400000000000000000e+01
2.400000000000000000e+01
7.000000000000000000e+00
9.000000000000000000e+00
1.300000000000000000e+01
1.500000000000000000e+01
-4.000000000000000000e+01
-2.700000000000000000e+01
9.000000000000000000e+00
1.100000000000000000e+01
2.200000000000000000e+01
3.600000000000000000e+01
7.000000000000000000e+00
-3.800000000000000000e+01
8.000000000000000000e+00
-2.100000000000000000e+01
4.000000000000000000e+00
-7.000000000000000000e+00
1.700000000000000000e+01
-5.400000000000000000e+01
2.300000000000000000e+01
6.000000000000000000e+00
3.500000000000000000e+01
-1.700000000000000000e+01
-6.000000000000000000e+00
-1.100000000000000000e+01
2.000000000000000000e+00
-1.000000000000000000e+01
1.300000000000000000e+01
-1.700000000000000000e+01
-2.500000000000000000e+01
1.400000000000000000e+01
-1.900000000000000000e+01
7.000000000000000000e+00
1.300000000000000000e+01
1.300000000000000000e+01
-2.000000000000000000e+00
-2.000000000000000000e+01
1.500000000000000000e+01
-1.900000000000000000e+01
-1.900000000000000000e+01
6.000000000000000000e+00
-1.000000000000000000e+01
1.500000000000000000e+01
-2.300000000000000000e+01
2.000000000000000000e+00
-1.100000000000000000e+01
4.000000000000000000e+00
-1.200000000000000000e+01
7.000000000000000000e+00
2.700000000000000000e+01
-3.000000000000000000e+00
-4.000000000000000000e+00
-1.000000000000000000e+00
-2.000000000000000000e+01
-1.500000000000000000e+01
0.000000000000000000e+00
1.800000000000000000e+01
1.100000000000000000e+01
1.900000000000000000e+01
2.000000000000000000e+01
1.200000000000000000e+01
-2.300000000000000000e+01
3.000000000000000000e+00
6.000000000000000000e+00
0.000000000000000000e+00
-7.000000000000000000e+00
-1.700000000000000000e+01
8.000000000000000000e+00
4.500000000000000000e+01
1.900000000000000000e+01
4.000000000000000000e+00
-2.800000000000000000e+01
-1.500000000000000000e+01
6.000000000000000000e+00
-2.000000000000000000e+00
-1.000000000000000000e+01
-7.000000000000000000e+00
-2.100000000000000000e+01
-9.000000000000000000e+00
-2.800000000000000000e+01
-4.000000000000000000e+00
1.500000000000000000e+01
1.800000000000000000e+01
2.000000000000000000e+00
1.400000000000000000e+01
7.000000000000000000e+00
-3.800000000000000000e+01
9.000000000000000000e+00
-4.000000000000000000e+00
-1.800000000000000000e+01
1.700000000000000000e+01
9.000000000000000000e+00
-1.800000000000000000e+01
-1.100000000000000000e+01
-2.400000000000000000e+01
2.000000000000000000e+01
-1.500000000000000000e+01
-9.000000000000000000e+00
1.100000000000000000e+01
1.000000000000000000e+01
-7.000000000000000000e+00
9.000000000000000000e+00
1.000000000000000000e+00
-2.500000000000000000e+01
-5.300000000000000000e+01
-1.600000000000000000e+01
2.200000000000000000e+01
2.600000000000000000e+01
-1.000000000000000000e+01
-1.900000000000000000e+01
3.700000000000000000e+01
-8.000000000000000000e+00
-1.700000000000000000e+01
1.900000000000000000e+01
-2.100000000000000000e+01
-3.300000000000000000e+01
8.000000000000000000e+00
-2.700000000000000000e+01
1.500000000000000000e+01
5.000000000000000000e+00
-1.000000000000000000e+00
2.100000000000000000e+01
-1.200000000000000000e+01
8.000000000000000000e+00
-7.000000000000000000e+00
-5.000000000000000000e+00
1.600000000000000000e+01
5.000000000000000000e+00
-6.000000000000000000e+00
1.500000000000000000e+01
-2.300000000000000000e+01
-1.000000000000000000e+01
-2.000000000000000000e+00
1.600000000000000000e+01
-8.000000000000000000e+00
-1.000000000000000000e+00
2.500000000000000000e+01
0.000000000000000000e+00
-9.000000000000000000e+00
1.800000000000000000e+01
-4.000000000000000000e+00
8.000000000000000000e+00
-1.000000000000000000e+00
2.100000000000000000e+01
-1.800000000000000000e+01
-1.000000000000000000e+00
-2.200000000000000000e+01
-2.100000000000000000e+01
3.000000000000000000e+00
-2.000000000000000000e+01
6.000000000000000000e+00
3.600000000000000000e+01
2.000000000000000000e+00
-1.500000000000000000e+01
1.000000000000000000e+01
9.000000000000000000e+00
-1.000000000000000000e+00
-2.000000000000000000e+00
1.600000000000000000e+01
1.400000000000000000e+01
-2.000000000000000000e+00
-4.100000000000000000e+01
4.300000000000000000e+01
-1.000000000000000000e+00
-4.000000000000000000e+00
-7.000000000000000000e+00
0.000000000000000000e+00
4.000000000000000000e+00
-3.000000000000000000e+01
1.000000000000000000e+01
1.600000000000000000e+01
-5.000000000000000000e+00
-2.300000000000000000e+01
-2.800000000000000000e+01
-2.000000000000000000e+01
-7.000000000000000000e+00
2.100000000000000000e+01
4.000000000000000000e+00
-2.000000000000000000e+00
-3.000000000000000000e+00
-2.000000000000000000e+00
3.100000000000000000e+01
1.900000000000000000e+01
-4.000000000000000000e+01
-1.300000000000000000e+01
-1.000000000000000000e+00
7.000000000000000000e+00
7.000000000000000000e+00
3.000000000000000000e+00
1.700000000000000000e+01
6.500000000000000000e+01
-2.300000000000000000e+01
1.500000000000000000e+01
-1.000000000000000000e+01
-1.000000000000000000e+01
1.900000000000000000e+01
-2.000000000000000000e+01
1.800000000000000000e+01
6.000000000000000000e+00
-5.000000000000000000e+00
2.500000000000000000e+01
5.000000000000000000e+00
-1.100000000000000000e+01
-1.700000000000000000e+01
-1.000000000000000000e+01
-3.000000000000000000e+00
-6.000000000000000000e+00
-6.000000000000000000e+00
1.600000000000000000e+01
1.700000000000000000e+01
2.100000000000000000e+01
9.000000000000000000e+00
4.000000000000000000e+00
2.100000000000000000e+01
-4.100000000000000000e+01
-2.100000000000000000e+01
8.000000000000000000e+00
0.000000000000000000e+00
-1.000000000000000000e+01
8.000000000000000000e+00
2.700000000000000000e+01
-6.000000000000000000e+00
7.000000000000000000e+00
-1.800000000000000000e+01
3.200000000000000000e+01
2.900000000000000000e+01
-2.000000000000000000e+01
5.000000000000000000e+00
4.600000000000000000e+01
1.700000000000000000e+01
4.400000000000000000e+01
2.000000000000000000e+01
1.800000000000000000e+01
-1.800000000000000000e+01
-7.000000000000000000e+00
2.000000000000000000e+01
1.800000000000000000e+01
1.200000000000000000e+01
1.400000000000000000e+01
-2.600000000000000000e+01
2.300000000000000000e+01
3.300000000000000000e+01
2.500000000000000000e+01
1.800000000000000000e+01
1.000000000000000000e+00
2.500000000000000000e+01
2.500000000000000000e+01
4.000000000000000000e+00
-5.000000000000000000e+00
-4.000000000000000000e+00
-1.000000000000000000e+01
-2.200000000000000000e+01
1.800000000000000000e+01
6.000000000000000000e+00
3.000000000000000000e+00
2.000000000000000000e+00
-5.000000000000000000e+00
0.000000000000000000e+00
-1.200000000000000000e+01
-3.100000000000000000e+01
2.000000000000000000e+00
3.100000000000000000e+01
1.000000000000000000e+01
4.200000000000000000e+01
5.300000000000000000e+01
3.900000000000000000e+01
4.200000000000000000e+01
3.500000000000000000e+01
2.100000000000000000e+01
8.000000000000000000e+01
4.700000000000000000e+01
7.700000000000000000e+01
9.700000000000000000e+01
6.100000000000000000e+01
8.100000000000000000e+01
9.700000000000000000e+01
8.600000000000000000e+01
7.600000000000000000e+01
1.160000000000000000e+02
1.010000000000000000e+02
1.530000000000000000e+02
9.300000000000000000e+01
1.050000000000000000e+02
1.050000000000000000e+02
8.700000000000000000e+01
7.400000000000000000e+01
9.800000000000000000e+01
1.070000000000000000e+02
1.010000000000000000e+02
7.800000000000000000e+01
6.900000000000000000e+01
8.900000000000000000e+01
6.100000000000000000e+01
8.900000000000000000e+01
3.000000000000000000e+01
2.500000000000000000e+01
-1.600000000000000000e+01
3.100000000000000000e+01
2.300000000000000000e+01
5.000000000000000000e+01
-1.000000000000000000e+01
3.800000000000000000e+01
1.000000000000000000e+00
2.100000000000000000e+01
-2.000000000000000000e+00
6.000000000000000000e+00
1.600000000000000000e+01
3.000000000000000000e+00
2.100000000000000000e+01
1.100000000000000000e+01
-1.400000000000000000e+01
1.700000000000000000e+01
3.500000000000000000e+01
2.500000000000000000e+01
0.000000000000000000e+00
1.400000000000000000e+01
1.500000000000000000e+01
2.900000000000000000e+01
1.000000000000000000e+00
1.000000000000000000e+00
-8.000000000000000000e+00
-1.200000000000000000e+01
-8.000000000000000000e+00
-1.400000000000000000e+01
1.200000000000000000e+01
-2.000000000000000000e+00
1.100000000000000000e+01
2.000000000000000000e+00
4.500000000000000000e+01
4.500000000000000000e+01
-1.600000000000000000e+01
1.600000000000000000e+01
2.000000000000000000e+00
-1.600000000000000000e+01
-3.200000000000000000e+01
5.000000000000000000e+00
0.000000000000000000e+00
2.100000000000000000e+01
1.500000000000000000e+01
1.800000000000000000e+01
-6.000000000000000000e+00
3.200000000000000000e+01
-2.000000000000000000e+00
6.000000000000000000e+00
-1.100000000000000000e+01
3.400000000000000000e+01
2.300000000000000000e+01
-6.000000000000000000e+00
6.000000000000000000e+00
-2.900000000000000000e+01
4.000000000000000000e+01
2.000000000000000000e+01
1.800000000000000000e+01
-1.600000000000000000e+01
5.200000000000000000e+01
-1.100000000000000000e+01
-1.000000000000000000e+00
2.000000000000000000e+00
7.000000000000000000e+00
-1.800000000000000000e+01
1.600000000000000000e+01
2.600000000000000000e+01
-1.000000000000000000e+00
1.600000000000000000e+01
-1.800000000000000000e+01
2.900000000000000000e+01
5.000000000000000000e+00
2.200000000000000000e+01
-2.800000000000000000e+01
2.500000000000000000e+01
5.000000000000000000e+00
1.700000000000000000e+01
-1.700000000000000000e+01
3.000000000000000000e+01
2.900000000000000000e+01
3.000000000000000000e+00
1.500000000000000000e+01
1.300000000000000000e+01
2.800000000000000000e+01
1.400000000000000000e+01
9.000000000000000000e+00
4.000000000000000000e+01
4.000000000000000000e+00
9.000000000000000000e+00
-8.000000000000000000e+00
-2.100000000000000000e+01
-2.000000000000000000e+00
3.000000000000000000e+01
-4.000000000000000000e+00
2.200000000000000000e+01
2.300000000000000000e+01
1.900000000000000000e+01
1.100000000000000000e+01
-5.100000000000000000e+01
3.000000000000000000e+00
8.000000000000000000e+00
2.800000000000000000e+01
1.300000000000000000e+01
-1.000000000000000000e+00
0.000000000000000000e+00
3.000000000000000000e+00
0.000000000000000000e+00
3.600000000000000000e+01
6.000000000000000000e+00
-1.500000000000000000e+01
2.600000000000000000e+01
2.700000000000000000e+01
-9.000000000000000000e+00
2.600000000000000000e+01
1.800000000000000000e+01
-1.000000000000000000e+01
1.200000000000000000e+01
1.000000000000000000e+01
-9.000000000000000000e+00
5.000000000000000000e+00
2.900000000000000000e+01
-2.200000000000000000e+01
2.400000000000000000e+01
7.000000000000000000e+00
1.100000000000000000e+01
-2.000000000000000000e+00
1.600000000000000000e+01
2.600000000000000000e+01
-2.300000000000000000e+01
-1.200000000000000000e+01
3.500000000000000000e+01
3.200000000000000000e+01
-6.000000000000000000e+00
2.300000000000000000e+01
1.600000000000000000e+01
-3.000000000000000000e+00
8.000000000000000000e+00
-4.000000000000000000e+00
1.400000000000000000e+01
1.000000000000000000e+00
2.300000000000000000e+01
9.000000000000000000e+00
-8.000000000000000000e+00
-8.000000000000000000e+00
-1.700000000000000000e+01
1.300000000000000000e+01
-8.000000000000000000e+00
1.700000000000000000e+01
2.000000000000000000e+01
2.200000000000000000e+01
-1.000000000000000000e+00
-1.000000000000000000e+01
-1.000000000000000000e+00
3.900000000000000000e+01
3.000000000000000000e+01
7.000000000000000000e+00
-2.100000000000000000e+01
-4.000000000000000000e+00
-3.300000000000000000e+01
8.000000000000000000e+00
1.200000000000000000e+01
-1.200000000000000000e+01
-8.000000000000000000e+00
1.700000000000000000e+01
-1.700000000000000000e+01
3.300000000000000000e+01
2.200000000000000000e+01
-3.800000000000000000e+01
-5.000000000000000000e+00
2.000000000000000000e+01
2.000000000000000000e+01
1.000000000000000000e+01
-2.000000000000000000e+00
1.100000000000000000e+01
1.000000000000000000e+00
-1.700000000000000000e+01
2.700000000000000000e+01
2.900000000000000000e+01
3.000000000000000000e+00
1.200000000000000000e+01
1.600000000000000000e+01
3.000000000000000000e+00
1.700000000000000000e+01
8.000000000000000000e+00
1.200000000000000000e+01
1.800000000000000000e+01
1.700000000000000000e+01
2.000000000000000000e+01
1.900000000000000000e+01
3.700000000000000000e+01
3.000000000000000000e+01
-5.000000000000000000e+00
-1.100000000000000000e+01
2.000000000000000000e+01
1.900000000000000000e+01
1.800000000000000000e+01
2.000000000000000000e+01
5.100000000000000000e+01
2.000000000000000000e+01
1.100000000000000000e+01
8.000000000000000000e+00
4.400000000000000000e+01
3.100000000000000000e+01
4.000000000000000000e+00
4.800000000000000000e+01
1.700000000000000000e+01
-1.000000000000000000e+00
8.000000000000000000e+00
1.000000000000000000e+01
2.200000000000000000e+01
3.300000000000000000e+01
3.400000000000000000e+01
3.400000000000000000e+01
3.400000000000000000e+01
7.000000000000000000e+00
-1.000000000000000000e+00
3.500000000000000000e+01
2.800000000000000000e+01
-1.500000000000000000e+01
1.600000000000000000e+01
-1.700000000000000000e+01
-4.000000000000000000e+00
-2.000000000000000000e+00
7.000000000000000000e+00
1.600000000000000000e+01
-1.400000000000000000e+01
2.600000000000000000e+01
3.000000000000000000e+00
4.600000000000000000e+01
2.200000000000000000e+01
1.100000000000000000e+01
5.600000000000000000e+01
0.000000000000000000e+00
2.000000000000000000e+01
2.200000000000000000e+01
6.000000000000000000e+00
3.300000000000000000e+01
1.000000000000000000e+01
1.400000000000000000e+01
-1.000000000000000000e+01
4.700000000000000000e+01
-2.000000000000000000e+00
5.000000000000000000e+00
-2.500000000000000000e+01
1.800000000000000000e+01
1.900000000000000000e+01
2.400000000000000000e+01
4.900000000000000000e+01
2.200000000000000000e+01
4.300000000000000000e+01
4.300000000000000000e+01
-1.100000000000000000e+01
3.900000000000000000e+01
5.300000000000000000e+01
1.900000000000000000e+01
6.400000000000000000e+01
3.100000000000000000e+01
5.300000000000000000e+01
2.700000000000000000e+01
2.200000000000000000e+01
2.400000000000000000e+01
4.900000000000000000e+01
1.800000000000000000e+01
1.200000000000000000e+01
1.400000000000000000e+01
-2.000000000000000000e+00
1.700000000000000000e+01
3.600000000000000000e+01
-1.100000000000000000e+01
2.900000000000000000e+01
3.100000000000000000e+01
7.000000000000000000e+00
6.900000000000000000e+01
3.200000000000000000e+01
3.200000000000000000e+01
-6.000000000000000000e+00
1.900000000000000000e+01
2.400000000000000000e+01
1.800000000000000000e+01
3.900000000000000000e+01
8.000000000000000000e+00
4.900000000000000000e+01
4.000000000000000000e+01
3.800000000000000000e+01
2.900000000000000000e+01
1.500000000000000000e+01
6.800000000000000000e+01
2.000000000000000000e+01
3.300000000000000000e+01
2.200000000000000000e+01
3.000000000000000000e+00
5.200000000000000000e+01
3.600000000000000000e+01
4.500000000000000000e+01
-7.000000000000000000e+00
1.000000000000000000e+01
5.800000000000000000e+01
1.400000000000000000e+01
3.200000000000000000e+01
3.600000000000000000e+01
5.700000000000000000e+01
8.000000000000000000e+00
3.700000000000000000e+01
4.100000000000000000e+01
5.000000000000000000e+01
4.100000000000000000e+01
5.100000000000000000e+01
5.600000000000000000e+01
5.300000000000000000e+01
6.400000000000000000e+01
5.600000000000000000e+01
7.000000000000000000e+01
8.900000000000000000e+01
1.020000000000000000e+02
6.200000000000000000e+01
5.400000000000000000e+01
1.050000000000000000e+02
9.400000000000000000e+01
8.700000000000000000e+01
1.190000000000000000e+02
1.480000000000000000e+02
7.700000000000000000e+01
1.340000000000000000e+02
1.400000000000000000e+02
1.570000000000000000e+02
1.540000000000000000e+02
1.720000000000000000e+02
2.180000000000000000e+02
2.290000000000000000e+02
2.430000000000000000e+02
2.560000000000000000e+02
3.130000000000000000e+02
2.750000000000000000e+02
2.750000000000000000e+02
3.200000000000000000e+02
3.930000000000000000e+02
4.350000000000000000e+02
4.230000000000000000e+02
4.590000000000000000e+02
4.880000000000000000e+02
5.540000000000000000e+02
5.880000000000000000e+02
6.430000000000000000e+02
7.220000000000000000e+02
7.670000000000000000e+02
7.850000000000000000e+02
8.770000000000000000e+02
9.250000000000000000e+02
1.012000000000000000e+03
1.050000000000000000e+03
1.139000000000000000e+03
1.232000000000000000e+03
1.325000000000000000e+03
1.420000000000000000e+03
1.548000000000000000e+03
1.642000000000000000e+03
1.797000000000000000e+03
1.863000000000000000e+03
1.995000000000000000e+03
2.139000000000000000e+03
2.230000000000000000e+03
2.413000000000000000e+03
2.582000000000000000e+03
2.691000000000000000e+03
2.887000000000000000e+03
3.024000000000000000e+03
3.216000000000000000e+03
3.364000000000000000e+03
3.595000000000000000e+03
3.733000000000000000e+03
3.885000000000000000e+03
4.055000000000000000e+03
4.239000000000000000e+03
4.471000000000000000e+03
4.502000000000000000e+03
4.735000000000000000e+03
4.873000000000000000e+03
5.040000000000000000e+03
5.164000000000000000e+03
5.251000000000000000e+03
5.284000000000000000e+03
5.452000000000000000e+03
5.519000000000000000e+03
5.600000000000000000e+03
5.649000000000000000e+03
5.646000000000000000e+03
5.619000000000000000e+03
5.677000000000000000e+03
5.755000000000000000e+03
5.546000000000000000e+03
5.564000000000000000e+03
5.409000000000000000e+03
5.390000000000000000e+03
5.245000000000000000e+03
5.113000000000000000e+03
4.964000000000000000e+03
4.742000000000000000e+03
4.700000000000000000e+03
4.454000000000000000e+03
4.299000000000000000e+03
4.059000000000000000e+03
3.892000000000000000e+03
3.726000000000000000e+03
3.516000000000000000e+03
3.297000000000000000e+03
3.135000000000000000e+03
2.944000000000000000e+03
2.713000000000000000e+03
2.495000000000000000e+03
2.394000000000000000e+03
2.189000000000000000e+03
1.981000000000000000e+03
1.854000000000000000e+03
1.653000000000000000e+03
1.537000000000000000e+03
1.405000000000000000e+03
1.290000000000000000e+03
1.160000000000000000e+03
1.015000000000000000e+03
9.090000000000000000e+02
8.530000000000000000e+02
7.270000000000000000e+02
6.780000000000000000e+02
5.940000000000000000e+02
5.550000000000000000e+02
4.370000000000000000e+02
3.850000000000000000e+02
3.460000000000000000e+02
3.420000000000000000e+02
2.940000000000000000e+02
2.470000000000000000e+02
2.030000000000000000e+02
1.890000000000000000e+02
1.890000000000000000e+02
1.820000000000000000e+02
1.470000000000000000e+02
1.270000000000000000e+02
9.500000000000000000e+01
6.800000000000000000e+01
1.170000000000000000e+02
4.400000000000000000e+01
5.100000000000000000e+01
9.200000000000000000e+01
5.200000000000000000e+01
3.500000000000000000e+01
5.600000000000000000e+01
3.800000000000000000e+01
4.600000000000000000e+01
6.700000000000000000e+01
2.200000000000000000e+01
2.100000000000000000e+01
7.000000000000000000e+00
1.600000000000000000e+01
9.000000000000000000e+00
5.400000000000000000e+01
4.600000000000000000e+01
1.900000000000000000e+01
3.000000000000000000e+00
2.300000000000000000e+01
2.300000000000000000e+01
-1.000000000000000000e+00
2.400000000000000000e+01
2.900000000000000000e+01
1.000000000000000000e+01
2.800000000000000000e+01
2.900000000000000000e+01
2.200000000000000000e+01
1.500000000000000000e+01
5.100000000000000000e+01
2.800000000000000000e+01
3.900000000000000000e+01
2.400000000000000000e+01
2.700000000000000000e+01
3.200000000000000000e+01
3.400000000000000000e+01
7.000000000000000000e+00
-1.600000000000000000e+01
1.100000000000000000e+01
-9.000000000000000000e+00
3.000000000000000000e+01
4.700000000000000000e+01
3.600000000000000000e+01
1.700000000000000000e+01
8.000000000000000000e+00
2.500000000000000000e+01
1.200000000000000000e+01
4.400000000000000000e+01
1.200000000000000000e+01
3.000000000000000000e+00
9.000000000000000000e+00
1.800000000000000000e+01
4.400000000000000000e+01
1.800000000000000000e+01
3.300000000000000000e+01
3.600000000000000000e+01
1.800000000000000000e+01
2.500000000000000000e+01
-1.100000000000000000e+01
5.000000000000000000e+01
3.100000000000000000e+01
4.800000000000000000e+01
-1.900000000000000000e+01
2.800000000000000000e+01
1.900000000000000000e+01
1.500000000000000000e+01
3.500000000000000000e+01
3.100000000000000000e+01
3.000000000000000000e+01
0.000000000000000000e+00
5.800000000000000000e+01
1.000000000000000000e+00
-1.500000000000000000e+01
3.400000000000000000e+01
-1.000000000000000000e+00
3.900000000000000000e+01
4.200000000000000000e+01
1.400000000000000000e+01
4.700000000000000000e+01
-9.000000000000000000e+00
4.000000000000000000e+01
9.000000000000000000e+00
1.800000000000000000e+01
4.300000000000000000e+01
-8.000000000000000000e+00
9.000000000000000000e+00
1.700000000000000000e+01
3.000000000000000000e+00
9.000000000000000000e+00
-2.000000000000000000e+00
3.300000000000000000e+01
3.900000000000000000e+01
1.800000000000000000e+01
2.100000000000000000e+01
4.000000000000000000e+00
2.000000000000000000e+00
2.800000000000000000e+01
3.000000000000000000e+01
2.600000000000000000e+01
4.100000000000000000e+01
1.500000000000000000e+01
1.700000000000000000e+01
-1.200000000000000000e+01
1.700000000000000000e+01
2.400000000000000000e+01
1.700000000000000000e+01
2.700000000000000000e+01
3.000000000000000000e+01
1.600000000000000000e+01
3.600000000000000000e+01
2.600000000000000000e+01
1.700000000000000000e+01
1.100000000000000000e+01
2.700000000000000000e+01
1.200000000000000000e+01
2.300000000000000000e+01
1.800000000000000000e+01
2.500000000000000000e+01
3.200000000000000000e+01
2.000000000000000000e+00
1.700000000000000000e+01
-8.000000000000000000e+00
2.500000000000000000e+01
4.700000000000000000e+01
3.000000000000000000e+00
2.500000000000000000e+01
2.800000000000000000e+01
2.900000000000000000e+01
1.800000000000000000e+01
3.000000000000000000e+00
1.000000000000000000e+01
4.000000000000000000e+01
1.700000000000000000e+01
-1.500000000000000000e+01
-1.000000000000000000e+00
1.000000000000000000e+01
2.200000000000000000e+01
8.000000000000000000e+00
3.200000000000000000e+01
4.400000000000000000e+01
4.000000000000000000e+00
1.500000000000000000e+01
1.000000000000000000e+01
2.200000000000000000e+01
2.000000000000000000e+01
3.500000000000000000e+01
0.000000000000000000e+00
3.500000000000000000e+01
2.000000000000000000e+00
-1.000000000000000000e+00
-1.000000000000000000e+00
1.800000000000000000e+01
-4.000000000000000000e+00
3.000000000000000000e+00
3.900000000000000000e+01
4.600000000000000000e+01
2.400000000000000000e+01
1.000000000000000000e+01
1.600000000000000000e+01
2.300000000000000000e+01
4.200000000000000000e+01
1.500000000000000000e+01
1.600000000000000000e+01
-6.000000000000000000e+00
4.400000000000000000e+01
1.500000000000000000e+01
6.000000000000000000e+00
-1.000000000000000000e+00
3.000000000000000000e+01
2.200000000000000000e+01
1.600000000000000000e+01
3.800000000000000000e+01
5.000000000000000000e+00
3.500000000000000000e+01
-5.000000000000000000e+00
3.500000000000000000e+01
6.300000000000000000e+01
6.000000000000000000e+00
1.300000000000000000e+01
-2.000000000000000000e+00
-3.000000000000000000e+00
1.000000000000000000e+00
1.900000000000000000e+01
4.000000000000000000e+00
-5.000000000000000000e+00
2.900000000000000000e+01
-5.000000000000000000e+00
-2.500000000000000000e+01
4.100000000000000000e+01
3.500000000000000000e+01
1.300000000000000000e+01
6.000000000000000000e+00
2.000000000000000000e+01
1.100000000000000000e+01
-5.000000000000000000e+00
1.300000000000000000e+01
5.100000000000000000e+01
1.300000000000000000e+01
2.400000000000000000e+01
9.000000000000000000e+00
4.800000000000000000e+01
1.700000000000000000e+01
1.000000000000000000e+00
7.000000000000000000e+00
2.000000000000000000e+01
1.000000000000000000e+00
3.700000000000000000e+01
1.200000000000000000e+01
3.600000000000000000e+01
-7.000000000000000000e+00
7.000000000000000000e+00
3.600000000000000000e+01
-5.000000000000000000e+00
1.400000000000000000e+01
-6.000000000000000000e+00
5.000000000000000000e+00
2.900000000000000000e+01
1.600000000000000000e+01
8.000000000000000000e+00
-1.200000000000000000e+01
1.100000000000000000e+01
1.700000000000000000e+01
1.200000000000000000e+01
3.000000000000000000e+01
-2.100000000000000000e+01
9.000000000000000000e+00
-1.300000000000000000e+01
2.100000000000000000e+01
-1.900000000000000000e+01
3.700000000000000000e+01
-6.000000000000000000e+00
1.400000000000000000e+01
3.000000000000000000e+01
-4.000000000000000000e+00
1.400000000000000000e+01
1.200000000000000000e+01
2.500000000000000000e+01
1.500000000000000000e+01
3.100000000000000000e+01
-3.000000000000000000e+00
2.200000000000000000e+01
3.000000000000000000e+00
1.100000000000000000e+01
7.000000000000000000e+00
4.000000000000000000e+00
-1.000000000000000000e+01
1.000000000000000000e+01
2.000000000000000000e+01
3.000000000000000000e+01
4.700000000000000000e+01
1.100000000000000000e+01
4.200000000000000000e+01
3.600000000000000000e+01
-6.000000000000000000e+00
-2.000000000000000000e+00
-6.000000000000000000e+00
-1.100000000000000000e+01
2.400000000000000000e+01
2.700000000000000000e+01
1.000000000000000000e+00
5.000000000000000000e+00
6.000000000000000000e+00
2.000000000000000000e+00
2.000000000000000000e+00
2.500000000000000000e+01
-2.000000000000000000e+00
2.400000000000000000e+01
1.400000000000000000e+01
2.200000000000000000e+01
4.500000000000000000e+01
1.600000000000000000e+01
3.000000000000000000e+00
1.400000000000000000e+01
4.100000000000000000e+01
-2.000000000000000000e+00
1.200000000000000000e+01
1.700000000000000000e+01
1.500000000000000000e+01
2.000000000000000000e+01
2.800000000000000000e+01
1.300000000000000000e+01
1.900000000000000000e+01
2.500000000000000000e+01
1.900000000000000000e+01
2.200000000000000000e+01
3.400000000000000000e+01
2.700000000000000000e+01
-3.000000000000000000e+00
1.200000000000000000e+01
4.200000000000000000e+01
2.100000000000000000e+01
9.000000000000000000e+00
3.100000000000000000e+01
3.300000000000000000e+01
2.700000000000000000e+01
2.400000000000000000e+01
1.500000000000000000e+01
1.800000000000000000e+01
-1.000000000000000000e+01
8.000000000000000000e+00
1.000000000000000000e+01
-7.000000000000000000e+00
1.300000000000000000e+01
-1.000000000000000000e+01
2.200000000000000000e+01
1.800000000000000000e+01
-1.700000000000000000e+01
-1.900000000000000000e+01
-1.000000000000000000e+00
1.600000000000000000e+01
1.100000000000000000e+01
-1.700000000000000000e+01
4.000000000000000000e+00
-2.300000000000000000e+01
-1.300000000000000000e+01
5.000000000000000000e+00
-9.000000000000000000e+00
1.300000000000000000e+01
8.000000000000000000e+00
-2.000000000000000000e+00
-2.600000000000000000e+01
3.000000000000000000e+01
-3.000000000000000000e+00
2.000000000000000000e+00
2.500000000000000000e+01
2.600000000000000000e+01
1.300000000000000000e+01
1.600000000000000000e+01
-7.000000000000000000e+00
-1.000000000000000000e+00
2.300000000000000000e+01
3.000000000000000000e+00
1.600000000000000000e+01
-1.600000000000000000e+01
7.000000000000000000e+00
-2.000000000000000000e+00
-6.000000000000000000e+00
1.200000000000000000e+01
-5.000000000000000000e+00
-2.400000000000000000e+01
-7.000000000000000000e+00
-1.000000000000000000e+01
5.000000000000000000e+00
8.000000000000000000e+00
-2.600000000000000000e+01
2.300000000000000000e+01
-1.200000000000000000e+01
-1.100000000000000000e+01
-1.000000000000000000e+00
-2.000000000000000000e+00
-2.000000000000000000e+01
1.900000000000000000e+01
-6.000000000000000000e+00
8.000000000000000000e+01
-3.000000000000000000e+00
-5.000000000000000000e+00
-8.000000000000000000e+00
-1.900000000000000000e+01
5.000000000000000000e+00
-1.200000000000000000e+01
2.700000000000000000e+01
-2.000000000000000000e+00
-2.200000000000000000e+01
-1.500000000000000000e+01
1.600000000000000000e+01
1.500000000000000000e+01
-3.000000000000000000e+00
-5.000000000000000000e+00
0.000000000000000000e+00
-2.000000000000000000e+01
-3.000000000000000000e+00
6.000000000000000000e+00
1.000000000000000000e+01
-2.000000000000000000e+01
-5.000000000000000000e+00
0.000000000000000000e+00
2.500000000000000000e+01
-1.300000000000000000e+01
3.700000000000000000e+01
-1.400000000000000000e+01
1.200000000000000000e+01
4.000000000000000000e+00
1.000000000000000000e+00
-2.700000000000000000e+01
-3.000000000000000000e+00
-3.300000000000000000e+01
-3.100000000000000000e+01
1.700000000000000000e+01
-2.000000000000000000e+00
7.000000000000000000e+00
8.000000000000000000e+00
5.000000000000000000e+00
8.000000000000000000e+00
2.700000000000000000e+01
1.200000000000000000e+01
1.300000000000000000e+01
7.000000000000000000e+00
-3.200000000000000000e+01
1.000000000000000000e+00
2.800000000000000000e+01
-2.200000000000000000e+01
8.000000000000000000e+00
3.000000000000000000e+00
3.000000000000000000e+00
-4.000000000000000000e+00
0.000000000000000000e+00
1.100000000000000000e+01
2.300000000000000000e+01
-6.000000000000000000e+00
1.800000000000000000e+01
1.300000000000000000e+01
7.400000000000000000e+01
-1.100000000000000000e+01
1.700000000000000000e+01
4.000000000000000000e+00
2.700000000000000000e+01
8.000000000000000000e+00
-8.000000000000000000e+00
4.000000000000000000e+00
-2.000000000000000000e+01
-4.000000000000000000e+00
1.700000000000000000e+01
3.100000000000000000e+01
-3.000000000000000000e+00
1.000000000000000000e+01
1.200000000000000000e+01
-1.400000000000000000e+01
-2.400000000000000000e+01
-1.000000000000000000e+01
8.000000000000000000e+00
-1.700000000000000000e+01
5.000000000000000000e+00
9.000000000000000000e+00
-8.000000000000000000e+00
-3.000000000000000000e+00
2.500000000000000000e+01
-3.000000000000000000e+01
1.200000000000000000e+01
-3.000000000000000000e+00
2.600000000000000000e+01
-6.000000000000000000e+00
1.000000000000000000e+00
-4.000000000000000000e+00
8.000000000000000000e+00
1.900000000000000000e+01
-6.000000000000000000e+00
-3.400000000000000000e+01
-9.000000000000000000e+00
-1.100000000000000000e+01
1.000000000000000000e+00
0.000000000000000000e+00
-4.000000000000000000e+00
6.000000000000000000e+00
6.000000000000000000e+00
2.800000000000000000e+01
-3.100000000000000000e+01
4.100000000000000000e+01
-5.000000000000000000e+00
-6.000000000000000000e+00
-3.000000000000000000e+00
-3.400000000000000000e+01
1.400000000000000000e+01
1.700000000000000000e+01
4.000000000000000000e+00
2.100000000000000000e+01
-7.000000000000000000e+00
-2.400000000000000000e+01
1.300000000000000000e+01
-9.000000000000000000e+00
2.400000000000000000e+01
2.600000000000000000e+01
1.000000000000000000e+01
1.400000000000000000e+01
-8.000000000000000000e+00
-7.000000000000000000e+00
6.000000000000000000e+00
-2.300000000000000000e+01
-5.000000000000000000e+00
3.000000000000000000e+00
2.600000000000000000e+01
-4.000000000000000000e+00
4.900000000000000000e+01
-1.100000000000000000e+01
1.200000000000000000e+01
-1.500000000000000000e+01
-3.400000000000000000e+01
-1.000000000000000000e+00
-1.100000000000000000e+01
-3.000000000000000000e+00
1.000000000000000000e+01
9.000000000000000000e+00
-1.500000000000000000e+01
1.100000000000000000e+01
1.000000000000000000e+00
-1.000000000000000000e+01
-2.000000000000000000e+00
-2.200000000000000000e+01
1.800000000000000000e+01
7.000000000000000000e+00
-1.400000000000000000e+01
1.000000000000000000e+00
-5.000000000000000000e+00
6.000000000000000000e+00
1.300000000000000000e+01
1.200000000000000000e+01
1.600000000000000000e+01
8.000000000000000000e+00
-1.100000000000000000e+01
0.000000000000000000e+00
2.700000000000000000e+01
0.000000000000000000e+00
1.000000000000000000e+00
8.000000000000000000e+00
2.200000000000000000e+01
-3.800000000000000000e+01
1.500000000000000000e+01
1.200000000000000000e+01
-3.900000000000000000e+01
2.000000000000000000e+00
-1.200000000000000000e+01
-2.000000000000000000e+00
3.000000000000000000e+00
1.300000000000000000e+01
-1.000000000000000000e+00
-7.000000000000000000e+00
-6.000000000000000000e+00
-2.600000000000000000e+01
-7.000000000000000000e+00
8.000000000000000000e+00
-3.600000000000000000e+01
2.300000000000000000e+01
2.700000000000000000e+01
3.100000000000000000e+01
1.000000000000000000e+01
-3.100000000000000000e+01
-1.200000000000000000e+01
1.200000000000000000e+01
-2.000000000000000000e+00
-2.400000000000000000e+01
-1.400000000000000000e+01
-1.300000000000000000e+01
2.200000000000000000e+01
4.000000000000000000e+00
0.000000000000000000e+00
2.000000000000000000e+00
-3.000000000000000000e+00
2.400000000000000000e+01
1.000000000000000000e+01
5.000000000000000000e+00
-5.000000000000000000e+00
3.000000000000000000e+00
6.000000000000000000e+00
-2.000000000000000000e+00
-2.100000000000000000e+01
1.000000000000000000e+00
-9.000000000000000000e+00
1.500000000000000000e+01
1.600000000000000000e+01
3.000000000000000000e+01
4.600000000000000000e+01
-3.200000000000000000e+01
2.800000000000000000e+01
-1.800000000000000000e+01
-2.000000000000000000e+01
2.800000000000000000e+01
-7.000000000000000000e+00
-2.000000000000000000e+01
6.000000000000000000e+00
3.500000000000000000e+01
-9.000000000000000000e+00
7.000000000000000000e+00
1.700000000000000000e+01
0.000000000000000000e+00
6.000000000000000000e+00
-1.400000000000000000e+01
-1.600000000000000000e+01
1.400000000000000000e+01
-3.200000000000000000e+01
3.700000000000000000e+01
1.000000000000000000e+00
1.000000000000000000e+00
1.100000000000000000e+01
-4.000000000000000000e+00
-2.700000000000000000e+01
-1.600000000000000000e+01
-5.000000000000000000e+00
2.700000000000000000e+01
-2.000000000000000000e+01
6.000000000000000000e+00
1.200000000000000000e+01
-3.300000000000000000e+01
1.500000000000000000e+01
-1.300000000000000000e+01
0.000000000000000000e+00
-3.400000000000000000e+01
-3.000000000000000000e+00
1.600000000000000000e+01
-1.100000000000000000e+01
-3.000000000000000000e+01
-2.800000000000000000e+01
-4.000000000000000000e+00
-4.000000000000000000e+00
-2.300000000000000000e+01
-4.000000000000000000e+00
-1.500000000000000000e+01
8.000000000000000000e+00
-3.300000000000000000e+01
0.000000000000000000e+00
-2.100000000000000000e+01
1.500000000000000000e+01
-2.000000000000000000e+01
1.400000000000000000e+01
0.000000000000000000e+00
-9.000000000000000000e+00
-6.000000000000000000e+00
1.100000000000000000e+01
7.000000000000000000e+00
1.100000000000000000e+01
0.000000000000000000e+00
9.000000000000000000e+00
-4.000000000000000000e+00
1.000000000000000000e+00
-2.000000000000000000e+00
-1.000000000000000000e+00
-1.300000000000000000e+01
-4.400000000000000000e+01
-7.000000000000000000e+00
1.300000000000000000e+01
-6.000000000000000000e+00
-2.800000000000000000e+01
3.000000000000000000e+00
-3.200000000000000000e+01
9.000000000000000000e+00
8.000000000000000000e+00
2.000000000000000000e+00
1.500000000000000000e+01
-6.000000000000000000e+00
3.600000000000000000e+01
-5.000000000000000000e+00
-2.200000000000000000e+01
8.000000000000000000e+00
1.600000000000000000e+01
1.200000000000000000e+01
1.000000000000000000e+01
-1.100000000000000000e+01
2.600000000000000000e+01
4.000000000000000000e+00
-3.000000000000000000e+00
-4.000000000000000000e+01
-1.200000000000000000e+01
-9.000000000000000000e+00
4.400000000000000000e+01
7.000000000000000000e+00
-1.600000000000000000e+01
8.000000000000000000e+00
4.000000000000000000e+01
3.600000000000000000e+01
-2.400000000000000000e+01
-1.800000000000000000e+01
1.100000000000000000e+01
2.000000000000000000e+01
0.000000000000000000e+00
1.400000000000000000e+01
-3.000000000000000000e+00
-2.300000000000000000e+01
-1.200000000000000000e+01
1.000000000000000000e+01
-2.500000000000000000e+01
7.000000000000000000e+00
-3.700000000000000000e+01
3.000000000000000000e+00
3.800000000000000000e+01
-1.300000000000000000e+01
-1.500000000000000000e+01
-5.000000000000000000e+00
5.000000000000000000e+00
0.000000000000000000e+00
-9.000000000000000000e+00
-1.200000000000000000e+01
7.000000000000000000e+00
4.000000000000000000e+00
-5.000000000000000000e+00
-1.100000000000000000e+01
1.400000000000000000e+01
3.200000000000000000e+01
2.100000000000000000e+01
2.200000000000000000e+01
-1.900000000000000000e+01
1.000000000000000000e+01
1.600000000000000000e+01
9.000000000000000000e+00
-3.000000000000000000e+00
0.000000000000000000e+00
2.900000000000000000e+01
-1.800000000000000000e+01
-5.000000000000000000e+00
2.700000000000000000e+01
1.000000000000000000e+00
0.000000000000000000e+00
1.400000000000000000e+01
4.000000000000000000e+00
3.000000000000000000e+00
1.200000000000000000e+01
1.100000000000000000e+01
6.200000000000000000e+01
1.100000000000000000e+01
-3.000000000000000000e+01
-3.000000000000000000e+00
2.000000000000000000e+01
-1.900000000000000000e+01
-8.000000000000000000e+00
4.700000000000000000e+01
2.400000000000000000e+01
-4.000000000000000000e+01
1.300000000000000000e+01
-2.100000000000000000e+01
3.000000000000000000e+01
-5.000000000000000000e+00
2.200000000000000000e+01
2.700000000000000000e+01
3.500000000000000000e+01
-1.200000000000000000e+01
4.900000000000000000e+01
-1.400000000000000000e+01
2.000000000000000000e+00
-2.000000000000000000e+00
1.700000000000000000e+01
8.000000000000000000e+00
7.000000000000000000e+00
3.800000000000000000e+01
-8.000000000000000000e+00
1.100000000000000000e+01
-1.300000000000000000e+01
2.400000000000000000e+01
2.000000000000000000e+01
-3.300000000000000000e+01
2.100000000000000000e+01
3.000000000000000000e+01
2.200000000000000000e+01
2.100000000000000000e+01
-1.000000000000000000e+01
-8.000000000000000000e+00
2.800000000000000000e+01
-7.000000000000000000e+00
1.700000000000000000e+01
2.200000000000000000e+01
1.000000000000000000e+00
1.900000000000000000e+01
3.000000000000000000e+01
4.000000000000000000e+00
2.200000000000000000e+01
1.600000000000000000e+01
1.200000000000000000e+01
8.000000000000000000e+00
2.800000000000000000e+01
3.800000000000000000e+01
3.400000000000000000e+01
4.000000000000000000e+01
3.000000000000000000e+01
3.800000000000000000e+01
3.700000000000000000e+01
4.200000000000000000e+01
6.300000000000000000e+01
2.400000000000000000e+01
2.100000000000000000e+01
4.500000000000000000e+01
3.800000000000000000e+01
4.800000000000000000e+01
5.500000000000000000e+01
4.800000000000000000e+01
5.600000000000000000e+01
4.000000000000000000e+01
6.400000000000000000e+01
9.300000000000000000e+01
8.000000000000000000e+01
1.190000000000000000e+02
4.600000000000000000e+01
6.400000000000000000e+01
1.000000000000000000e+02
8.400000000000000000e+01
1.140000000000000000e+02
8.800000000000000000e+01
1.110000000000000000e+02
9.900000000000000000e+01
1.520000000000000000e+02
1.400000000000000000e+02
1.380000000000000000e+02
1.840000000000000000e+02
1.370000000000000000e+02
1.650000000000000000e+02
1.890000000000000000e+02
1.730000000000000000e+02
2.120000000000000000e+02
2.270000000000000000e+02
2.110000000000000000e+02
2.190000000000000000e+02
2.480000000000000000e+02
2.490000000000000000e+02
2.700000000000000000e+02
3.010000000000000000e+02
3.190000000000000000e+02
3.220000000000000000e+02
3.940000000000000000e+02
3.790000000000000000e+02
4.000000000000000000e+02
4.200000000000000000e+02
4.750000000000000000e+02
4.480000000000000000e+02
5.310000000000000000e+02
5.070000000000000000e+02
5.400000000000000000e+02
5.810000000000000000e+02
5.980000000000000000e+02
6.400000000000000000e+02
6.280000000000000000e+02
6.450000000000000000e+02
6.740000000000000000e+02
6.790000000000000000e+02
7.090000000000000000e+02
7.570000000000000000e+02
8.220000000000000000e+02
8.390000000000000000e+02
8.920000000000000000e+02
9.100000000000000000e+02
9.420000000000000000e+02
1.022000000000000000e+03
1.089000000000000000e+03
1.095000000000000000e+03
1.109000000000000000e+03
1.208000000000000000e+03
1.209000000000000000e+03
1.285000000000000000e+03
1.333000000000000000e+03
1.333000000000000000e+03
1.399000000000000000e+03
1.439000000000000000e+03
1.494000000000000000e+03
1.501000000000000000e+03
1.570000000000000000e+03
1.632000000000000000e+03
1.581000000000000000e+03
1.682000000000000000e+03
1.710000000000000000e+03
1.775000000000000000e+03
1.757000000000000000e+03
1.815000000000000000e+03
1.884000000000000000e+03
1.897000000000000000e+03
1.951000000000000000e+03
2.003000000000000000e+03
2.052000000000000000e+03
2.047000000000000000e+03
2.094000000000000000e+03
2.119000000000000000e+03
2.128000000000000000e+03
2.136000000000000000e+03
2.215000000000000000e+03
2.271000000000000000e+03
2.215000000000000000e+03
2.320000000000000000e+03
2.342000000000000000e+03
2.373000000000000000e+03
2.409000000000000000e+03
2.469000000000000000e+03
2.471000000000000000e+03
2.498000000000000000e+03
2.587000000000000000e+03
2.595000000000000000e+03
2.551000000000000000e+03
2.592000000000000000e+03
2.596000000000000000e+03
2.569000000000000000e+03
2.673000000000000000e+03
2.612000000000000000e+03
2.667000000000000000e+03
2.586000000000000000e+03
2.600000000000000000e+03
2.542000000000000000e+03
2.540000000000000000e+03
2.548000000000000000e+03
2.528000000000000000e+03
2.428000000000000000e+03
2.427000000000000000e+03
2.407000000000000000e+03
2.411000000000000000e+03
2.393000000000000000e+03
2.408000000000000000e+03
2.415000000000000000e+03
2.369000000000000000e+03
2.362000000000000000e+03
2.328000000000000000e+03
2.329000000000000000e+03
2.354000000000000000e+03
2.343000000000000000e+03
2.278000000000000000e+03
2.264000000000000000e+03
2.319000000000000000e+03
2.199000000000000000e+03
2.256000000000000000e+03
2.188000000000000000e+03
2.187000000000000000e+03
2.189000000000000000e+03
2.137000000000000000e+03
2.108000000000000000e+03
2.015000000000000000e+03
1.955000000000000000e+03
1.920000000000000000e+03
1.857000000000000000e+03
1.866000000000000000e+03
1.792000000000000000e+03
1.721000000000000000e+03
1.708000000000000000e+03
1.664000000000000000e+03
1.640000000000000000e+03
1.550000000000000000e+03
1.549000000000000000e+03
1.447000000000000000e+03
1.396000000000000000e+03
1.351000000000000000e+03
1.340000000000000000e+03
1.326000000000000000e+03
1.254000000000000000e+03
1.231000000000000000e+03
1.218000000000000000e+03
1.182000000000000000e+03
1.140000000000000000e+03
1.144000000000000000e+03
1.102000000000000000e+03
1.058000000000000000e+03
1.026000000000000000e+03
9.400000000000000000e+02
9.800000000000000000e+02
9.420000000000000000e+02
9.200000000000000000e+02
8.640000000000000000e+02
8.300000000000000000e+02
7.780000000000000000e+02
7.120000000000000000e+02
7.310000000000000000e+02
6.780000000000000000e+02
6.280000000000000000e+02
6.360000000000000000e+02
5.720000000000000000e+02
5.870000000000000000e+02
5.260000000000000000e+02
5.000000000000000000e+02
5.020000000000000000e+02
4.850000000000000000e+02
4.340000000000000000e+02
4.620000000000000000e+02
4.000000000000000000e+02
3.980000000000000000e+02
3.720000000000000000e+02
3.700000000000000000e+02
3.590000000000000000e+02
3.700000000000000000e+02
3.320000000000000000e+02
2.900000000000000000e+02
2.930000000000000000e+02
2.780000000000000000e+02
2.620000000000000000e+02
2.430000000000000000e+02
2.220000000000000000e+02
2.050000000000000000e+02
1.840000000000000000e+02
2.030000000000000000e+02
1.760000000000000000e+02
1.640000000000000000e+02
1.750000000000000000e+02
1.810000000000000000e+02
1.360000000000000000e+02
1.400000000000000000e+02
1.400000000000000000e+02
1.180000000000000000e+02
1.190000000000000000e+02
9.500000000000000000e+01
1.250000000000000000e+02
1.020000000000000000e+02
1.260000000000000000e+02
1.130000000000000000e+02
8.600000000000000000e+01
9.100000000000000000e+01
6.200000000000000000e+01
1.120000000000000000e+02
4.500000000000000000e+01
4.700000000000000000e+01
8.400000000000000000e+01
5.900000000000000000e+01
3.900000000000000000e+01
2.500000000000000000e+01
7.800000000000000000e+01
2.400000000000000000e+01
4.700000000000000000e+01
5.300000000000000000e+01
5.700000000000000000e+01
3.300000000000000000e+01
4.100000000000000000e+01
1.000000000000000000e+01
3.900000000000000000e+01
2.900000000000000000e+01
1.800000000000000000e+01
2.900000000000000000e+01
3.700000000000000000e+01
2.300000000000000000e+01
1.400000000000000000e+01
-9.000000000000000000e+00
1.300000000000000000e+01
-1.700000000000000000e+01
3.600000000000000000e+01
1.400000000000000000e+01
5.000000000000000000e+00
7.000000000000000000e+00
7.000000000000000000e+00
5.800000000000000000e+01
4.500000000000000000e+01
1.600000000000000000e+01
1.600000000000000000e+01
3.800000000000000000e+01
1.400000000000000000e+01
3.800000000000000000e+01
3.000000000000000000e+00
5.000000000000000000e+00
1.900000000000000000e+01
-9.000000000000000000e+00
2.300000000000000000e+01
1.500000000000000000e+01
1.100000000000000000e+01
-5.000000000000000000e+00
1.400000000000000000e+01
4.000000000000000000e+00
2.600000000000000000e+01
9.000000000000000000e+00
1.200000000000000000e+01
1.900000000000000000e+01
5.000000000000000000e+00
8.000000000000000000e+00
5.000000000000000000e+00
7.000000000000000000e+00
1.600000000000000000e+01
4.000000000000000000e+00
-3.000000000000000000e+00
2.900000000000000000e+01
-5.000000000000000000e+00
0.000000000000000000e+00
-1.000000000000000000e+00
-2.800000000000000000e+01
1.500000000000000000e+01
-1.000000000000000000e+01
3.500000000000000000e+01
-5.000000000000000000e+00
1.000000000000000000e+00
-2.600000000000000000e+01
-3.300000000000000000e+01
-1.800000000000000000e+01
-1.300000000000000000e+01
-1.800000000000000000e+01
1.000000000000000000e+00
2.280000000000000000e+02
-1.400000000000000000e+01
-4.000000000000000000e+00
-2.100000000000000000e+01
9.000000000000000000e+00
-1.000000000000000000e+01
-2.200000000000000000e+01
-1.000000000000000000e+01
-1.500000000000000000e+01
2.100000000000000000e+01
2.800000000000000000e+01
-1.100000000000000000e+01
2.500000000000000000e+01
-2.400000000000000000e+01
-1.100000000000000000e+01
4.000000000000000000e+00
-4.000000000000000000e+00
1.000000000000000000e+00
4.000000000000000000e+00
