2.000000000000000000e+00
-3.000000000000000000e+00
0.000000000000000000e+00
-1.000000000000000000e+00
-1.900000000000000000e+01
-1.600000000000000000e+01
-2.900000000000000000e+01
-9.000000000000000000e+00
7.000000000000000000e+00
-2.900000000000000000e+01
-9.000000000000000000e+00
2.800000000000000000e+01
-1.700000000000000000e+01
8.000000000000000000e+00
2.000000000000000000e+00
-2.000000000000000000e+00
3.000000000000000000e+01
-1.800000000000000000e+01
2.600000000000000000e+01
-5.000000000000000000e+00
-8.000000000000000000e+00
0.000000000000000000e+00
1.100000000000000000e+01
-7.000000000000000000e+00
-2.500000000000000000e+01
-1.400000000000000000e+01
-3.000000000000000000e+00
1.400000000000000000e+01
9.000000000000000000e+00
5.000000000000000000e+00
-3.800000000000000000e+01
-2.000000000000000000e+00
2.900000000000000000e+01
-2.000000000000000000e+00
4.000000000000000000e+00
-5.000000000000000000e+00
8.000000000000000000e+00
9.000000000000000000e+00
-1.100000000000000000e+01
0.000000000000000000e+00
7.000000000000000000e+00
-6.000000000000000000e+00
1.200000000000000000e+01
4.000000000000000000e+00
1.100000000000000000e+01
-1.800000000000000000e+01
1.900000000000000000e+01
-3.300000000000000000e+01
-3.000000000000000000e+00
-2.200000000000000000e+01
9.000000000000000000e+00
2.100000000000000000e+01
-4.000000000000000000e+00
-1.000000000000000000e+01
-2.200000000000000000e+01
8.000000000000000000e+00
-1.500000000000000000e+01
1.700000000000000000e+01
2.300000000000000000e+01
9.000000000000000000e+00
1.200000000000000000e+01
-2.000000000000000000e+00
-2.000000000000000000e+01
7.000000000000000000e+00
2.000000000000000000e+00
-3.000000000000000000e+00
2.400000000000000000e+01
3.300000000000000000e+01
3.100000000000000000e+01
1.100000000000000000e+01
1.600000000000000000e+01
2.000000000000000000e+00
-4.000000000000000000e+00
-2.800000000000000000e+01
1.200000000000000000e+01
1.000000000000000000e+00
-1.000000000000000000e+00
-1.500000000000000000e+01
-3.000000000000000000e+01
1.100000000000000000e+01
-3.000000000000000000e+00
4.000000000000000000e+00
-5.000000000000000000e+00
-1.700000000000000000e+01
-1.100000000000000000e+01
-2.600000000000000000e+01
-2.600000000000000000e+01
-6.000000000000000000e+00
-8.000000000000000000e+00
1.200000000000000000e+01
2.600000000000000000e+01
2.000000000000000000e+01
-2.000000000000000000e+00
-6.000000000000000000e+00
-7.000000000000000000e+00
4.500000000000000000e+01
-1.700000000000000000e+01
9.000000000000000000e+00
1.700000000000000000e+01
0.000000000000000000e+00
-1.200000000000000000e+01
-3.200000000000000000e+01
-3.300000000000000000e+01
-3.900000000000000000e+01
-3.300000000000000000e+01
5.000000000000000000e+00
-1.100000000000000000e+01
5.000000000000000000e+00
-8.000000000000000000e+00
1.500000000000000000e+01
-2.900000000000000000e+01
2.400000000000000000e+01
-3.000000000000000000e+00
-6.000000000000000000e+00
-8.000000000000000000e+00
2.900000000000000000e+01
-3.000000000000000000e+00
5.000000000000000000e+00
-4.000000000000000000e+00
-2.100000000000000000e+01
-1.300000000000000000e+01
2.300000000000000000e+01
3.000000000000000000e+00
2.900000000000000000e+01
7.000000000000000000e+00
-2.400000000000000000e+01
6.000000000000000000e+00
-8.000000000000000000e+00
-1.200000000000000000e+01
3.200000000000000000e+01
5.000000000000000000e+00
3.800000000000000000e+01
7.000000000000000000e+00
1.600000000000000000e+01
-3.000000000000000000e+01
4.000000000000000000e+00
-1.300000000000000000e+01
3.300000000000000000e+01
-1.700000000000000000e+01
1.200000000000000000e+01
-1.000000000000000000e+00
-3.000000000000000000e+00
-1.700000000000000000e+01
-2.900000000000000000e+01
2.600000000000000000e+01
-2.000000000000000000e+00
0.000000000000000000e+00
0.000000000000000000e+00
2.900000000000000000e+01
1.700000000000000000e+01
-2.100000000000000000e+01
1.300000000000000000e+01
-3.300000000000000000e+01
1.900000000000000000e+01
-4.000000000000000000e+00
2.000000000000000000e+00
-1.500000000000000000e+01
6.000000000000000000e+00
4.000000000000000000e+00
2.000000000000000000e+01
-7.000000000000000000e+00
3.200000000000000000e+01
-4.300000000000000000e+01
-1.000000000000000000e+00
-1.400000000000000000e+01
-1.100000000000000000e+01
-3.400000000000000000e+01
5.000000000000000000e+00
-2.000000000000000000e+01
-6.000000000000000000e+00
1.000000000000000000e+01
1.000000000000000000e+01
-4.000000000000000000e+00
6.000000000000000000e+00
1.700000000000000000e+01
-3.400000000000000000e+01
-2.800000000000000000e+01
-2.000000000000000000e+01
1.400000000000000000e+01
1.000000000000000000e+01
-3.000000000000000000e+01
-6.000000000000000000e+00
6.000000000000000000e+00
1.100000000000000000e+01
1.600000000000000000e+01
-6.000000000000000000e+00
-6.000000000000000000e+00
-1.200000000000000000e+01
-9.000000000000000000e+00
-2.000000000000000000e+00
-2.000000000000000000e+01
-2.600000000000000000e+01
1.500000000000000000e+01
-1.400000000000000000e+01
8.000000000000000000e+00
1.000000000000000000e+01
4.000000000000000000e+00
1.700000000000000000e+01
2.500000000000000000e+01
-1.000000000000000000e+00
-1.700000000000000000e+01
8.000000000000000000e+00
-1.100000000000000000e+01
1.000000000000000000e+00
-3.400000000000000000e+01
-5.000000000000000000e+00
-6.000000000000000000e+00
-2.000000000000000000e+01
2.000000000000000000e+00
-9.000000000000000000e+00
-1.000000000000000000e+01
-1.000000000000000000e+00
1.000000000000000000e+01
1.500000000000000000e+01
-1.000000000000000000e+00
2.200000000000000000e+01
-1.900000000000000000e+01
2.000000000000000000e+00
1.000000000000000000e+00
-2.000000000000000000e+01
-2.200000000000000000e+01
-1.100000000000000000e+01
-4.000000000000000000e+00
-9.000000000000000000e+00
-4.000000000000000000e+00
-1.300000000000000000e+01
-1.200000000000000000e+01
1.100000000000000000e+01
5.000000000000000000e+00
-2.000000000000000000e+00
-1.300000000000000000e+01
-3.000000000000000000e+01
2.000000000000000000e+00
-1.500000000000000000e+01
6.000000000000000000e+00
-3.900000000000000000e+01
4.000000000000000000e+00
8.000000000000000000e+00
-2.100000000000000000e+01
1.300000000000000000e+01
2.300000000000000000e+01
-7.000000000000000000e+00
2.000000000000000000e+00
-1.600000000000000000e+01
-1.500000000000000000e+01
2.000000000000000000e+01
-1.900000000000000000e+01
-2.700000000000000000e+01
4.000000000000000000e+00
1.800000000000000000e+01
4.000000000000000000e+00
1.000000000000000000e+01
-1.500000000000000000e+01
-3.000000000000000000e+01
1.400000000000000000e+01
-8.000000000000000000e+00
-1.400000000000000000e+01
-3.000000000000000000e+00
-3.000000000000000000e+01
-1.000000000000000000e+00
-4.000000000000000000e+00
-2.100000000000000000e+01
-2.000000000000000000e+01
-2.200000000000000000e+01
1.100000000000000000e+01
7.000000000000000000e+00
-3.000000000000000000e+00
1.200000000000000000e+01
8.000000000000000000e+00
-6.000000000000000000e+00
1.000000000000000000e+01
-1.100000000000000000e+01
-1.500000000000000000e+01
-1.100000000000000000e+01
1.300000000000000000e+01
1.600000000000000000e+01
8.000000000000000000e+00
2.100000000000000000e+01
-3.000000000000000000e+01
-5.000000000000000000e+00
5.000000000000000000e+00
3.000000000000000000e+00
-1.900000000000000000e+01
-6.000000000000000000e+00
2.100000000000000000e+01
3.600000000000000000e+01
1.000000000000000000e+01
-1.100000000000000000e+01
1.000000000000000000e+01
-3.800000000000000000e+01
1.800000000000000000e+01
5.000000000000000000e+00
-3.000000000000000000e+00
1.700000000000000000e+01
-2.800000000000000000e+01
-1.200000000000000000e+01
7.000000000000000000e+00
0.000000000000000000e+00
2.400000000000000000e+01
-2.700000000000000000e+01
-1.400000000000000000e+01
2.100000000000000000e+01
-6.000000000000000000e+00
-1.400000000000000000e+01
1.000000000000000000e+01
1.100000000000000000e+01
-1.400000000000000000e+01
-9.000000000000000000e+00
-2.400000000000000000e+01
1.100000000000000000e+01
1.000000000000000000e+00
7.000000000000000000e+00
-2.800000000000000000e+01
1.100000000000000000e+01
-7.000000000000000000e+00
-2.600000000000000000e+01
-2.400000000000000000e+01
2.300000000000000000e+01
1.300000000000000000e+01
1.000000000000000000e+00
-6.000000000000000000e+00
2.000000000000000000e+00
-2.100000000000000000e+01
-8.000000000000000000e+00
1.900000000000000000e+01
2.200000000000000000e+01
-3.600000000000000000e+01
-2.200000000000000000e+01
-1.000000000000000000e+00
-5.000000000000000000e+00
-1.100000000000000000e+01
-3.300000000000000000e+01
-2.300000000000000000e+01
-1.500000000000000000e+01
-1.300000000000000000e+01
1.700000000000000000e+01
1.600000000000000000e+01
-1.100000000000000000e+01
1.000000000000000000e+00
2.000000000000000000e+01
2.200000000000000000e+01
1.400000000000000000e+01
2.500000000000000000e+01
-7.000000000000000000e+00
-1.300000000000000000e+01
-9.000000000000000000e+00
-1.700000000000000000e+01
6.000000000000000000e+00
2.300000000000000000e+01
6.000000000000000000e+00
-2.400000000000000000e+01
-8.000000000000000000e+00
-1.300000000000000000e+01
-6.000000000000000000e+00
-2.000000000000000000e+00
-1.600000000000000000e+01
-6.000000000000000000e+00
9.000000000000000000e+00
2.600000000000000000e+01
-2.000000000000000000e+00
3.300000000000000000e+01
-5.000000000000000000e+00
-2.400000000000000000e+01
3.000000000000000000e+00
-3.000000000000000000e+00
2.000000000000000000e+00
-1.000000000000000000e+00
-1.900000000000000000e+01
1.500000000000000000e+01
-1.200000000000000000e+01
-2.200000000000000000e+01
2.000000000000000000e+00
-2.500000000000000000e+01
-8.000000000000000000e+00
-1.700000000000000000e+01
1.000000000000000000e+01
-5.000000000000000000e+00
1.400000000000000000e+01
3.000000000000000000e+01
-4.000000000000000000e+00
1.700000000000000000e+01
-1.600000000000000000e+01
1.000000000000000000e+00
-2.400000000000000000e+01
2.500000000000000000e+01
3.000000000000000000e+00
2.900000000000000000e+01
3.000000000000000000e+01
-3.000000000000000000e+00
-7.000000000000000000e+00
-4.000000000000000000e+00
1.000000000000000000e+00
1.400000000000000000e+01
2.300000000000000000e+01
1.500000000000000000e+01
-3.400000000000000000e+01
8.000000000000000000e+00
1.800000000000000000e+01
1.500000000000000000e+01
1.600000000000000000e+01
3.000000000000000000e+00
-1.500000000000000000e+01
1.500000000000000000e+01
1.600000000000000000e+01
-1.200000000000000000e+01
6.000000000000000000e+00
3.000000000000000000e+00
-8.000000000000000000e+00
-8.000000000000000000e+00
6.000000000000000000e+00
1.000000000000000000e+00
1.100000000000000000e+01
-1.100000000000000000e+01
-3.200000000000000000e+01
2.000000000000000000e+00
3.000000000000000000e+00
6.000000000000000000e+00
-3.600000000000000000e+01
-2.000000000000000000e+00
2.000000000000000000e+00
1.400000000000000000e+01
-1.900000000000000000e+01
5.000000000000000000e+01
-7.000000000000000000e+00
1.000000000000000000e+00
3.000000000000000000e+00
-1.700000000000000000e+01
2.000000000000000000e+01
4.200000000000000000e+01
1.800000000000000000e+01
1.200000000000000000e+01
4.000000000000000000e+00
4.000000000000000000e+01
-1.500000000000000000e+01
-3.100000000000000000e+01
-2.600000000000000000e+01
5.000000000000000000e+00
-1.100000000000000000e+01
-8.000000000000000000e+00
1.900000000000000000e+01
-6.000000000000000000e+00
-3.000000000000000000e+00
1.000000000000000000e+00
-3.000000000000000000e+00
9.000000000000000000e+00
-1.600000000000000000e+01
0.000000000000000000e+00
-2.000000000000000000e+01
2.000000000000000000e+00
0.000000000000000000e+00
2.000000000000000000e+00
-1.700000000000000000e+01
-5.000000000000000000e+00
1.100000000000000000e+01
-3.000000000000000000e+00
-2.100000000000000000e+01
-4.000000000000000000e+00
-3.000000000000000000e+00
2.400000000000000000e+01
1.500000000000000000e+01
-1.000000000000000000e+01
1.000000000000000000e+01
-1.600000000000000000e+01
1.000000000000000000e+01
-1.200000000000000000e+01
9.000000000000000000e+00
-1.500000000000000000e+01
9.000000000000000000e+00
4.000000000000000000e+00
-2.100000000000000000e+01
-3.600000000000000000e+01
4.000000000000000000e+00
-6.500000000000000000e+01
1.500000000000000000e+01
-2.100000000000000000e+01
-7.000000000000000000e+00
-1.300000000000000000e+01
3.900000000000000000e+01
1.500000000000000000e+01
1.400000000000000000e+01
-1.200000000000000000e+01
1.600000000000000000e+01
-3.500000000000000000e+01
1.500000000000000000e+01
2.100000000000000000e+01
7.000000000000000000e+00
-4.000000000000000000e+00
-4.300000000000000000e+01
-3.000000000000000000e+00
1.500000000000000000e+01
-9.000000000000000000e+00
-1.500000000000000000e+01
-1.600000000000000000e+01
-1.400000000000000000e+01
-2.000000000000000000e+00
-9.000000000000000000e+00
-2.000000000000000000e+01
1.600000000000000000e+01
1.800000000000000000e+01
-2.200000000000000000e+01
-1.800000000000000000e+01
-1.900000000000000000e+01
2.100000000000000000e+01
-2.200000000000000000e+01
-1.000000000000000000e+01
-2.300000000000000000e+01
2.000000000000000000e+00
-1.900000000000000000e+01
1.500000000000000000e+01
2.000000000000000000e+00
-7.000000000000000000e+00
2.500000000000000000e+01
-6.000000000000000000e+00
-8.000000000000000000e+00
8.000000000000000000e+00
3.000000000000000000e+00
2.200000000000000000e+01
3.200000000000000000e+01
1.100000000000000000e+01
2.100000000000000000e+01
1.000000000000000000e+01
1.700000000000000000e+01
5.000000000000000000e+00
-1.400000000000000000e+01
1.700000000000000000e+01
6.700000000000000000e+01
9.000000000000000000e+00
6.400000000000000000e+01
1.400000000000000000e+01
3.900000000000000000e+01
-1.200000000000000000e+01
4.800000000000000000e+01
4.300000000000000000e+01
6.000000000000000000e+01
2.000000000000000000e+01
5.100000000000000000e+01
4.800000000000000000e+01
4.700000000000000000e+01
3.200000000000000000e+01
4.900000000000000000e+01
4.200000000000000000e+01
2.600000000000000000e+01
4.000000000000000000e+00
4.500000000000000000e+01
4.100000000000000000e+01
4.900000000000000000e+01
5.000000000000000000e+00
8.000000000000000000e+00
9.000000000000000000e+00
2.100000000000000000e+01
-5.000000000000000000e+00
2.200000000000000000e+01
-6.000000000000000000e+00
-6.000000000000000000e+00
3.700000000000000000e+01
2.200000000000000000e+01
-2.200000000000000000e+01
-1.000000000000000000e+00
-1.600000000000000000e+01
4.000000000000000000e+00
1.400000000000000000e+01
-1.400000000000000000e+01
2.300000000000000000e+01
-8.000000000000000000e+00
-2.600000000000000000e+01
-2.400000000000000000e+01
1.400000000000000000e+01
-3.000000000000000000e+00
-2.500000000000000000e+01
3.600000000000000000e+01
2.500000000000000000e+01
-8.000000000000000000e+00
3.000000000000000000e+00
9.000000000000000000e+00
3.000000000000000000e+00
1.000000000000000000e+01
0.000000000000000000e+00
2.000000000000000000e+01
-1.400000000000000000e+01
2.300000000000000000e+01
-2.700000000000000000e+01
1.700000000000000000e+01
1.800000000000000000e+01
-7.000000000000000000e+00
5.600000000000000000e+01
-1.800000000000000000e+01
8.000000000000000000e+00
-2.000000000000000000e+00
-2.600000000000000000e+01
-2.100000000000000000e+01
3.100000000000000000e+01
-7.000000000000000000e+00
2.300000000000000000e+01
2.000000000000000000e+01
-1.000000000000000000e+00
-1.000000000000000000e+01
-1.800000000000000000e+01
-9.000000000000000000e+00
1.400000000000000000e+01
1.000000000000000000e+01
1.000000000000000000e+01
-1.800000000000000000e+01
1.400000000000000000e+01
-1.100000000000000000e+01
1.500000000000000000e+01
-2.200000000000000000e+01
2.200000000000000000e+01
-2.200000000000000000e+01
1.000000000000000000e+00
2.500000000000000000e+01
-1.000000000000000000e+00
-2.100000000000000000e+01
4.200000000000000000e+01
1.900000000000000000e+01
1.300000000000000000e+01
6.000000000000000000e+00
1.100000000000000000e+01
-1.000000000000000000e+01
3.700000000000000000e+01
3.300000000000000000e+01
1.200000000000000000e+01
1.500000000000000000e+01
1.000000000000000000e+01
1.400000000000000000e+01
-4.000000000000000000e+00
1.000000000000000000e+00
7.000000000000000000e+00
-1.000000000000000000e+01
1.500000000000000000e+01
0.000000000000000000e+00
-9.000000000000000000e+00
-2.600000000000000000e+01
1.700000000000000000e+01
-1.900000000000000000e+01
2.000000000000000000e+01
3.400000000000000000e+01
1.300000000000000000e+01
-1.100000000000000000e+01
5.000000000000000000e+00
2.200000000000000000e+01
4.000000000000000000e+00
1.400000000000000000e+01
2.100000000000000000e+01
2.500000000000000000e+01
3.500000000000000000e+01
-1.700000000000000000e+01
-1.500000000000000000e+01
3.200000000000000000e+01
-3.400000000000000000e+01
4.600000000000000000e+01
2.500000000000000000e+01
2.000000000000000000e+00
3.700000000000000000e+01
-1.000000000000000000e+00
2.300000000000000000e+01
1.300000000000000000e+01
-3.000000000000000000e+01
1.500000000000000000e+01
6.000000000000000000e+00
-2.000000000000000000e+00
2.700000000000000000e+01
2.300000000000000000e+01
3.200000000000000000e+01
2.800000000000000000e+01
-2.000000000000000000e+01
2.800000000000000000e+01
8.000000000000000000e+00
3.000000000000000000e+00
1.400000000000000000e+01
-1.000000000000000000e+00
1.800000000000000000e+01
1.500000000000000000e+01
-3.000000000000000000e+00
1.800000000000000000e+01
-1.000000000000000000e+00
1.800000000000000000e+01
2.500000000000000000e+01
1.200000000000000000e+01
1.800000000000000000e+01
-6.000000000000000000e+00
-1.500000000000000000e+01
2.000000000000000000e+00
1.000000000000000000e+00
6.000000000000000000e+00
2.300000000000000000e+01
0.000000000000000000e+00
3.400000000000000000e+01
-1.000000000000000000e+00
-1.900000000000000000e+01
5.000000000000000000e+01
2.500000000000000000e+01
4.000000000000000000e+00
0.000000000000000000e+00
3.100000000000000000e+01
-4.000000000000000000e+00
3.700000000000000000e+01
-6.000000000000000000e+00
-2.000000000000000000e+00
7.000000000000000000e+00
-2.100000000000000000e+01
-8.000000000000000000e+00
3.000000000000000000e+01
4.000000000000000000e+00
-1.300000000000000000e+01
2.800000000000000000e+01
2.200000000000000000e+01
-7.000000000000000000e+00
4.200000000000000000e+01
1.000000000000000000e+01
3.000000000000000000e+00
-2.200000000000000000e+01
1.000000000000000000e+01
3.800000000000000000e+01
2.600000000000000000e+01
8.000000000000000000e+00
1.000000000000000000e+00
0.000000000000000000e+00
-9.000000000000000000e+00
1.800000000000000000e+01
2.200000000000000000e+01
2.000000000000000000e+00
4.000000000000000000e+00
2.400000000000000000e+01
5.000000000000000000e+00
-7.000000000000000000e+00
2.400000000000000000e+01
1.000000000000000000e+01
1.000000000000000000e+01
1.600000000000000000e+01
3.200000000000000000e+01
1.100000000000000000e+01
1.400000000000000000e+01
-1.700000000000000000e+01
-7.000000000000000000e+00
1.500000000000000000e+01
-1.400000000000000000e+01
4.100000000000000000e+01
2.700000000000000000e+01
-1.400000000000000000e+01
2.000000000000000000e+01
3.100000000000000000e+01
5.400000000000000000e+01
1.400000000000000000e+01
9.000000000000000000e+00
2.200000000000000000e+01
2.400000000000000000e+01
1.700000000000000000e+01
2.800000000000000000e+01
4.200000000000000000e+01
2.400000000000000000e+01
2.300000000000000000e+01
2.200000000000000000e+01
1.500000000000000000e+01
3.100000000000000000e+01
3.200000000000000000e+01
-1.500000000000000000e+01
4.800000000000000000e+01
1.900000000000000000e+01
3.500000000000000000e+01
1.100000000000000000e+01
2.700000000000000000e+01
-1.000000000000000000e+00
1.500000000000000000e+01
-3.000000000000000000e+00
2.300000000000000000e+01
1.600000000000000000e+01
5.100000000000000000e+01
9.000000000000000000e+00
1.000000000000000000e+01
-7.000000000000000000e+00
1.100000000000000000e+01
3.500000000000000000e+01
1.600000000000000000e+01
3.700000000000000000e+01
1.200000000000000000e+01
-1.000000000000000000e+00
2.300000000000000000e+01
-6.000000000000000000e+00
1.900000000000000000e+01
1.200000000000000000e+01
1.800000000000000000e+01
2.900000000000000000e+01
2.000000000000000000e+01
1.000000000000000000e+01
2.500000000000000000e+01
1.500000000000000000e+01
5.000000000000000000e+00
1.000000000000000000e+01
-4.000000000000000000e+00
2.500000000000000000e+01
4.000000000000000000e+00
5.100000000000000000e+01
5.700000000000000000e+01
4.800000000000000000e+01
1.000000000000000000e+01
2.000000000000000000e+00
2.700000000000000000e+01
-1.000000000000000000e+00
1.200000000000000000e+01
-1.300000000000000000e+01
1.200000000000000000e+01
3.800000000000000000e+01
5.000000000000000000e+00
2.900000000000000000e+01
5.000000000000000000e+00
3.700000000000000000e+01
-1.000000000000000000e+01
3.400000000000000000e+01
2.600000000000000000e+01
3.800000000000000000e+01
-4.000000000000000000e+00
3.300000000000000000e+01
1.000000000000000000e+01
1.900000000000000000e+01
2.100000000000000000e+01
2.000000000000000000e+01
1.700000000000000000e+01
-2.400000000000000000e+01
2.000000000000000000e+00
3.100000000000000000e+01
3.000000000000000000e+01
4.800000000000000000e+01
8.000000000000000000e+00
4.600000000000000000e+01
5.400000000000000000e+01
-9.000000000000000000e+00
3.400000000000000000e+01
3.700000000000000000e+01
4.600000000000000000e+01
2.100000000000000000e+01
1.800000000000000000e+01
6.000000000000000000e+00
4.000000000000000000e+00
2.100000000000000000e+01
2.600000000000000000e+01
1.100000000000000000e+01
3.000000000000000000e+01
3.000000000000000000e+00
8.000000000000000000e+00
9.000000000000000000e+00
4.900000000000000000e+01
2.700000000000000000e+01
4.500000000000000000e+01
2.900000000000000000e+01
1.700000000000000000e+01
3.500000000000000000e+01
-1.700000000000000000e+01
4.400000000000000000e+01
2.600000000000000000e+01
9.000000000000000000e+00
9.000000000000000000e+00
1.600000000000000000e+01
1.700000000000000000e+01
2.900000000000000000e+01
5.100000000000000000e+01
2.000000000000000000e+00
2.000000000000000000e+01
2.300000000000000000e+01
4.600000000000000000e+01
4.000000000000000000e+01
6.000000000000000000e+01
1.900000000000000000e+01
5.100000000000000000e+01
5.600000000000000000e+01
2.000000000000000000e+01
6.900000000000000000e+01
1.300000000000000000e+01
4.000000000000000000e+00
7.900000000000000000e+01
4.300000000000000000e+01
5.300000000000000000e+01
4.300000000000000000e+01
6.900000000000000000e+01
7.900000000000000000e+01
7.600000000000000000e+01
7.000000000000000000e+01
7.500000000000000000e+01
8.100000000000000000e+01
9.600000000000000000e+01
1.020000000000000000e+02
1.160000000000000000e+02
1.080000000000000000e+02
1.340000000000000000e+02
1.320000000000000000e+02
1.430000000000000000e+02
1.190000000000000000e+02
1.610000000000000000e+02
2.100000000000000000e+02
1.930000000000000000e+02
2.070000000000000000e+02
2.290000000000000000e+02
2.630000000000000000e+02
2.840000000000000000e+02
2.620000000000000000e+02
3.190000000000000000e+02
3.630000000000000000e+02
3.750000000000000000e+02
4.010000000000000000e+02
4.450000000000000000e+02
5.460000000000000000e+02
5.400000000000000000e+02
6.000000000000000000e+02
6.780000000000000000e+02
7.390000000000000000e+02
8.200000000000000000e+02
8.900000000000000000e+02
1.032000000000000000e+03
1.063000000000000000e+03
1.137000000000000000e+03
1.278000000000000000e+03
1.394000000000000000e+03
1.499000000000000000e+03
1.564000000000000000e+03
1.707000000000000000e+03
1.859000000000000000e+03
1.926000000000000000e+03
2.100000000000000000e+03
2.221000000000000000e+03
2.338000000000000000e+03
2.503000000000000000e+03
2.621000000000000000e+03
2.684000000000000000e+03
2.895000000000000000e+03
3.002000000000000000e+03
3.138000000000000000e+03
3.260000000000000000e+03
3.260000000000000000e+03
3.406000000000000000e+03
3.528000000000000000e+03
3.669000000000000000e+03
3.727000000000000000e+03
3.795000000000000000e+03
3.722000000000000000e+03
3.848000000000000000e+03
3.829000000000000000e+03
3.942000000000000000e+03
3.933000000000000000e+03
3.832000000000000000e+03
3.856000000000000000e+03
3.734000000000000000e+03
3.724000000000000000e+03
3.661000000000000000e+03
3.623000000000000000e+03
3.607000000000000000e+03
3.502000000000000000e+03
3.311000000000000000e+03
3.276000000000000000e+03
3.110000000000000000e+03
2.988000000000000000e+03
2.880000000000000000e+03
2.716000000000000000e+03
2.636000000000000000e+03
2.484000000000000000e+03
2.292000000000000000e+03
2.203000000000000000e+03
2.109000000000000000e+03
1.964000000000000000e+03
1.841000000000000000e+03
1.716000000000000000e+03
1.554000000000000000e+03
1.499000000000000000e+03
1.321000000000000000e+03
1.234000000000000000e+03
1.093000000000000000e+03
1.032000000000000000e+03
9.220000000000000000e+02
8.480000000000000000e+02
7.490000000000000000e+02
7.040000000000000000e+02
6.130000000000000000e+02
5.730000000000000000e+02
5.100000000000000000e+02
4.420000000000000000e+02
3.980000000000000000e+02
3.330000000000000000e+02
3.330000000000000000e+02
2.930000000000000000e+02
2.250000000000000000e+02
2.240000000000000000e+02
1.780000000000000000e+02
1.690000000000000000e+02
1.370000000000000000e+02
1.060000000000000000e+02
1.180000000000000000e+02
1.360000000000000000e+02
8.300000000000000000e+01
4.100000000000000000e+01
6.000000000000000000e+01
4.500000000000000000e+01
2.900000000000000000e+01
5.300000000000000000e+01
3.400000000000000000e+01
6.900000000000000000e+01
2.400000000000000000e+01
2.400000000000000000e+01
2.400000000000000000e+01
3.700000000000000000e+01
5.300000000000000000e+01
1.100000000000000000e+01
1.600000000000000000e+01
1.700000000000000000e+01
1.100000000000000000e+01
2.200000000000000000e+01
1.300000000000000000e+01
-6.000000000000000000e+00
1.500000000000000000e+01
3.000000000000000000e+01
3.000000000000000000e+00
-1.100000000000000000e+01
-4.000000000000000000e+00
2.100000000000000000e+01
9.000000000000000000e+00
2.200000000000000000e+01
2.100000000000000000e+01
-5.000000000000000000e+00
6.000000000000000000e+00
1.900000000000000000e+01
7.000000000000000000e+00
8.000000000000000000e+00
9.000000000000000000e+00
3.700000000000000000e+01
6.000000000000000000e+00
1.700000000000000000e+01
1.600000000000000000e+01
2.700000000000000000e+01
-2.200000000000000000e+01
5.300000000000000000e+01
1.600000000000000000e+01
5.000000000000000000e+00
3.300000000000000000e+01
9.000000000000000000e+00
1.300000000000000000e+01
3.600000000000000000e+01
-1.300000000000000000e+01
4.200000000000000000e+01
2.000000000000000000e+00
2.700000000000000000e+01
2.500000000000000000e+01
3.700000000000000000e+01
7.000000000000000000e+00
8.000000000000000000e+00
1.400000000000000000e+01
-4.000000000000000000e+00
2.700000000000000000e+01
1.700000000000000000e+01
-5.000000000000000000e+00
2.800000000000000000e+01
-6.000000000000000000e+00
7.000000000000000000e+00
2.500000000000000000e+01
4.000000000000000000e+00
4.100000000000000000e+01
2.300000000000000000e+01
2.900000000000000000e+01
3.400000000000000000e+01
4.000000000000000000e+01
4.600000000000000000e+01
-1.000000000000000000e+00
1.300000000000000000e+01
1.700000000000000000e+01
6.000000000000000000e+00
3.000000000000000000e+01
2.100000000000000000e+01
-1.000000000000000000e+00
3.500000000000000000e+01
3.100000000000000000e+01
4.000000000000000000e+00
1.600000000000000000e+01
2.900000000000000000e+01
2.600000000000000000e+01
1.800000000000000000e+01
-8.000000000000000000e+00
1.000000000000000000e+00
2.100000000000000000e+01
1.500000000000000000e+01
2.200000000000000000e+01
-1.500000000000000000e+01
3.000000000000000000e+00
2.500000000000000000e+01
1.800000000000000000e+01
2.300000000000000000e+01
2.400000000000000000e+01
-1.000000000000000000e+00
-1.000000000000000000e+01
2.800000000000000000e+01
2.400000000000000000e+01
-2.800000000000000000e+01
1.100000000000000000e+01
1.000000000000000000e+01
2.400000000000000000e+01
1.400000000000000000e+01
0.000000000000000000e+00
1.400000000000000000e+01
-1.500000000000000000e+01
4.000000000000000000e+00
2.500000000000000000e+01
4.300000000000000000e+01
2.400000000000000000e+01
9.000000000000000000e+00
9.000000000000000000e+00
5.000000000000000000e+00
1.000000000000000000e+01
5.000000000000000000e+00
1.700000000000000000e+01
1.000000000000000000e+00
2.000000000000000000e+00
5.000000000000000000e+00
1.400000000000000000e+01
7.000000000000000000e+00
1.400000000000000000e+01
-1.700000000000000000e+01
1.400000000000000000e+01
1.600000000000000000e+01
5.000000000000000000e+00
2.500000000000000000e+01
0.000000000000000000e+00
3.000000000000000000e+00
2.600000000000000000e+01
6.000000000000000000e+00
1.000000000000000000e+01
2.500000000000000000e+01
1.100000000000000000e+01
1.000000000000000000e+00
2.600000000000000000e+01
3.600000000000000000e+01
3.600000000000000000e+01
1.600000000000000000e+01
2.500000000000000000e+01
2.600000000000000000e+01
3.000000000000000000e+01
2.600000000000000000e+01
-1.200000000000000000e+01
3.300000000000000000e+01
2.700000000000000000e+01
2.600000000000000000e+01
-1.000000000000000000e+00
1.300000000000000000e+01
-5.000000000000000000e+00
1.800000000000000000e+01
1.900000000000000000e+01
1.200000000000000000e+01
1.600000000000000000e+01
1.300000000000000000e+01
1.600000000000000000e+01
6.000000000000000000e+00
2.000000000000000000e+01
1.200000000000000000e+01
1.500000000000000000e+01
3.300000000000000000e+01
-1.700000000000000000e+01
7.000000000000000000e+00
3.500000000000000000e+01
1.100000000000000000e+01
2.700000000000000000e+01
4.000000000000000000e+00
-3.000000000000000000e+00
-8.000000000000000000e+00
4.300000000000000000e+01
3.000000000000000000e+00
1.500000000000000000e+01
2.600000000000000000e+01
3.400000000000000000e+01
1.000000000000000000e+01
-3.000000000000000000e+00
-4.000000000000000000e+00
1.700000000000000000e+01
4.000000000000000000e+00
2.300000000000000000e+01
1.100000000000000000e+01
1.600000000000000000e+01
1.000000000000000000e+00
7.000000000000000000e+00
2.000000000000000000e+00
1.000000000000000000e+00
-8.000000000000000000e+00
-1.200000000000000000e+01
-2.000000000000000000e+00
1.300000000000000000e+01
2.900000000000000000e+01
1.300000000000000000e+01
2.600000000000000000e+01
-1.900000000000000000e+01
2.000000000000000000e+00
2.000000000000000000e+01
-2.600000000000000000e+01
-1.300000000000000000e+01
-2.500000000000000000e+01
1.100000000000000000e+01
1.300000000000000000e+01
1.400000000000000000e+01
-1.000000000000000000e+00
-2.000000000000000000e+00
1.500000000000000000e+01
-1.200000000000000000e+01
1.500000000000000000e+01
7.000000000000000000e+00
3.200000000000000000e+01
1.000000000000000000e+01
2.000000000000000000e+00
6.000000000000000000e+00
3.200000000000000000e+01
3.900000000000000000e+01
2.000000000000000000e+00
8.000000000000000000e+00
1.000000000000000000e+00
-1.300000000000000000e+01
1.000000000000000000e+00
3.000000000000000000e+00
1.200000000000000000e+01
1.200000000000000000e+01
-2.600000000000000000e+01
2.900000000000000000e+01
8.000000000000000000e+00
2.800000000000000000e+01
3.000000000000000000e+01
1.200000000000000000e+01
-8.000000000000000000e+00
-1.000000000000000000e+01
-2.900000000000000000e+01
1.700000000000000000e+01
2.000000000000000000e+00
2.000000000000000000e+00
-2.000000000000000000e+00
-6.000000000000000000e+00
3.200000000000000000e+01
2.000000000000000000e+01
1.700000000000000000e+01
-1.600000000000000000e+01
2.000000000000000000e+00
-7.000000000000000000e+00
-1.000000000000000000e+01
9.000000000000000000e+00
1.700000000000000000e+01
1.000000000000000000e+01
1.900000000000000000e+01
1.100000000000000000e+01
-9.000000000000000000e+00
-8.000000000000000000e+00
-2.400000000000000000e+01
-1.000000000000000000e+01
6.000000000000000000e+00
1.100000000000000000e+01
7.000000000000000000e+00
4.000000000000000000e+01
-7.000000000000000000e+00
4.000000000000000000e+00
2.000000000000000000e+01
2.600000000000000000e+01
1.700000000000000000e+01
-1.000000000000000000e+00
3.100000000000000000e+01
-3.000000000000000000e+00
-1.100000000000000000e+01
5.000000000000000000e+00
8.000000000000000000e+00
4.000000000000000000e+00
9.000000000000000000e+00
-2.600000000000000000e+01
3.300000000000000000e+01
5.000000000000000000e+00
2.200000000000000000e+01
4.000000000000000000e+00
8.000000000000000000e+00
1.800000000000000000e+01
-3.000000000000000000e+00
2.500000000000000000e+01
-5.000000000000000000e+00
5.000000000000000000e+00
2.500000000000000000e+01
-8.000000000000000000e+00
3.000000000000000000e+01
5.000000000000000000e+00
2.300000000000000000e+01
-1.400000000000000000e+01
-3.000000000000000000e+00
0.000000000000000000e+00
2.000000000000000000e+00
2.300000000000000000e+01
-2.000000000000000000e+00
1.000000000000000000e+01
1.000000000000000000e+00
-1.000000000000000000e+00
-3.000000000000000000e+00
-1.300000000000000000e+01
2.100000000000000000e+01
4.000000000000000000e+00
5.000000000000000000e+00
4.000000000000000000e+00
2.300000000000000000e+01
9.000000000000000000e+00
-9.000000000000000000e+00
-1.000000000000000000e+00
-2.000000000000000000e+00
1.000000000000000000e+01
2.400000000000000000e+01
-3.400000000000000000e+01
2.000000000000000000e+00
4.000000000000000000e+00
-1.000000000000000000e+00
5.000000000000000000e+00
1.000000000000000000e+01
-1.200000000000000000e+01
-2.900000000000000000e+01
2.800000000000000000e+01
2.500000000000000000e+01
1.900000000000000000e+01
-1.200000000000000000e+01
2.000000000000000000e+00
-1.600000000000000000e+01
4.000000000000000000e+00
-4.000000000000000000e+00
2.000000000000000000e+00
-6.000000000000000000e+00
-5.000000000000000000e+00
3.000000000000000000e+00
-1.600000000000000000e+01
1.000000000000000000e+00
-3.000000000000000000e+00
-3.000000000000000000e+00
-9.000000000000000000e+00
-7.000000000000000000e+00
-2.200000000000000000e+01
-1.200000000000000000e+01
-4.000000000000000000e+00
-1.100000000000000000e+01
2.500000000000000000e+01
-1.900000000000000000e+01
-2.600000000000000000e+01
-1.000000000000000000e+00
-1.800000000000000000e+01
-2.000000000000000000e+00
-2.000000000000000000e+01
1.000000000000000000e+00
5.000000000000000000e+00
-4.000000000000000000e+00
-1.000000000000000000e+00
-1.500000000000000000e+01
-1.100000000000000000e+01
3.000000000000000000e+00
-2.100000000000000000e+01
7.000000000000000000e+00
-1.300000000000000000e+01
-7.000000000000000000e+00
1.100000000000000000e+01
1.700000000000000000e+01
-1.000000000000000000e+01
1.000000000000000000e+01
-6.000000000000000000e+00
-1.900000000000000000e+01
-3.000000000000000000e+00
-1.000000000000000000e+01
-2.900000000000000000e+01
-1.200000000000000000e+01
-1.000000000000000000e+01
9.000000000000000000e+00
1.200000000000000000e+01
-5.000000000000000000e+00
3.100000000000000000e+01
-5.000000000000000000e+00
-5.000000000000000000e+00
1.500000000000000000e+01
-5.000000000000000000e+00
2.800000000000000000e+01
-1.300000000000000000e+01
-3.000000000000000000e+00
-8.000000000000000000e+00
9.000000000000000000e+00
-1.200000000000000000e+01
-2.000000000000000000e+00
2.000000000000000000e+01
-9.000000000000000000e+00
-1.000000000000000000e+00
-7.000000000000000000e+00
4.000000000000000000e+00
-5.000000000000000000e+00
-1.800000000000000000e+01
-3.000000000000000000e+00
-1.000000000000000000e+00
8.000000000000000000e+00
-5.000000000000000000e+00
4.000000000000000000e+00
-8.000000000000000000e+00
-1.000000000000000000e+00
-1.100000000000000000e+01
1.000000000000000000e+00
-1.200000000000000000e+01
-5.000000000000000000e+00
1.700000000000000000e+01
-2.500000000000000000e+01
1.200000000000000000e+01
-8.000000000000000000e+00
2.000000000000000000e+01
1.900000000000000000e+01
-2.000000000000000000e+00
1.500000000000000000e+01
1.500000000000000000e+01
2.000000000000000000e+00
-1.800000000000000000e+01
1.100000000000000000e+01
-4.700000000000000000e+01
6.000000000000000000e+00
-1.500000000000000000e+01
-7.000000000000000000e+00
1.400000000000000000e+01
-7.000000000000000000e+00
2.000000000000000000e+00
2.400000000000000000e+01
6.000000000000000000e+00
-2.000000000000000000e+00
2.200000000000000000e+01
7.000000000000000000e+00
0.000000000000000000e+00
2.000000000000000000e+00
2.100000000000000000e+01
-2.000000000000000000e+00
3.000000000000000000e+00
1.500000000000000000e+01
5.000000000000000000e+00
-4.000000000000000000e+00
-2.200000000000000000e+01
-1.000000000000000000e+00
3.000000000000000000e+00
0.000000000000000000e+00
-1.100000000000000000e+01
0.000000000000000000e+00
-8.000000000000000000e+00
1.500000000000000000e+01
-1.800000000000000000e+01
-1.200000000000000000e+01
9.000000000000000000e+00
1.500000000000000000e+01
-1.000000000000000000e+00
1.500000000000000000e+01
1.000000000000000000e+00
1.700000000000000000e+01
-1.800000000000000000e+01
2.500000000000000000e+01
-7.000000000000000000e+00
-9.000000000000000000e+00
2.300000000000000000e+01
-2.000000000000000000e+01
-1.300000000000000000e+01
-3.000000000000000000e+00
-7.000000000000000000e+00
-2.900000000000000000e+01
-2.300000000000000000e+01
2.200000000000000000e+01
4.000000000000000000e+00
3.000000000000000000e+00
2.100000000000000000e+01
-1.300000000000000000e+01
-1.100000000000000000e+01
-3.000000000000000000e+00
-1.100000000000000000e+01
-3.000000000000000000e+01
-3.000000000000000000e+01
1.500000000000000000e+01
-2.500000000000000000e+01
0.000000000000000000e+00
3.000000000000000000e+00
-2.000000000000000000e+00
1.400000000000000000e+01
-1.900000000000000000e+01
1.100000000000000000e+01
-9.000000000000000000e+00
1.500000000000000000e+01
1.200000000000000000e+01
0.000000000000000000e+00
5.000000000000000000e+00
1.100000000000000000e+01
1.000000000000000000e+00
-2.000000000000000000e+00
-3.000000000000000000e+00
9.000000000000000000e+00
-5.000000000000000000e+00
-2.000000000000000000e+00
4.000000000000000000e+00
2.100000000000000000e+01
3.000000000000000000e+00
7.000000000000000000e+00
-4.000000000000000000e+01
5.000000000000000000e+00
-4.000000000000000000e+00
-1.500000000000000000e+01
1.000000000000000000e+00
-9.000000000000000000e+00
9.000000000000000000e+00
-9.000000000000000000e+00
4.000000000000000000e+00
-1.300000000000000000e+01
-8.000000000000000000e+00
1.000000000000000000e+00
-5.000000000000000000e+00
7.000000000000000000e+00
3.000000000000000000e+00
0.000000000000000000e+00
1.500000000000000000e+01
-3.000000000000000000e+01
-1.300000000000000000e+01
5.000000000000000000e+00
7.000000000000000000e+00
4.000000000000000000e+00
2.300000000000000000e+01
-1.000000000000000000e+01
4.000000000000000000e+00
-8.000000000000000000e+00
1.100000000000000000e+01
-2.000000000000000000e+00
7.000000000000000000e+00
-1.000000000000000000e+01
6.000000000000000000e+00
-1.700000000000000000e+01
-1.500000000000000000e+01
2.700000000000000000e+01
1.400000000000000000e+01
1.100000000000000000e+01
3.000000000000000000e+00
-1.100000000000000000e+01
-2.600000000000000000e+01
-1.700000000000000000e+01
-1.600000000000000000e+01
5.000000000000000000e+00
1.000000000000000000e+00
1.600000000000000000e+01
2.000000000000000000e+00
1.900000000000000000e+01
-2.300000000000000000e+01
1.000000000000000000e+01
-1.800000000000000000e+01
-5.000000000000000000e+00
1.200000000000000000e+01
1.700000000000000000e+01
-6.000000000000000000e+00
7.000000000000000000e+00
-1.900000000000000000e+01
0.000000000000000000e+00
-9.000000000000000000e+00
2.000000000000000000e+00
-1.500000000000000000e+01
2.400000000000000000e+01
-3.000000000000000000e+00
-1.800000000000000000e+01
4.000000000000000000e+00
0.000000000000000000e+00
1.200000000000000000e+01
-2.400000000000000000e+01
-2.300000000000000000e+01
0.000000000000000000e+00
1.100000000000000000e+01
-7.000000000000000000e+00
1.000000000000000000e+00
-1.000000000000000000e+01
0.000000000000000000e+00
4.400000000000000000e+01
-2.400000000000000000e+01
4.000000000000000000e+00
8.000000000000000000e+00
0.000000000000000000e+00
1.900000000000000000e+01
2.000000000000000000e+01
2.100000000000000000e+01
-1.000000000000000000e+01
-8.000000000000000000e+00
-1.400000000000000000e+01
-4.000000000000000000e+00
3.000000000000000000e+00
-1.800000000000000000e+01
1.300000000000000000e+01
2.100000000000000000e+01
-1.400000000000000000e+01
-1.400000000000000000e+01
-9.000000000000000000e+00
-6.000000000000000000e+00
3.000000000000000000e+00
2.300000000000000000e+01
0.000000000000000000e+00
1.400000000000000000e+01
-1.200000000000000000e+01
-1.100000000000000000e+01
3.000000000000000000e+00
-2.600000000000000000e+01
-8.000000000000000000e+00
2.000000000000000000e+00
2.400000000000000000e+01
1.200000000000000000e+01
-4.000000000000000000e+00
-2.300000000000000000e+01
-5.000000000000000000e+00
1.300000000000000000e+01
2.000000000000000000e+00
-3.300000000000000000e+01
1.400000000000000000e+01
2.900000000000000000e+01
-1.400000000000000000e+01
-6.000000000000000000e+00
-6.000000000000000000e+00
-6.000000000000000000e+00
-1.200000000000000000e+01
-2.000000000000000000e+01
1.800000000000000000e+01
-1.100000000000000000e+01
4.100000000000000000e+01
-2.700000000000000000e+01
6.000000000000000000e+00
-3.000000000000000000e+00
-3.000000000000000000e+00
1.400000000000000000e+01
6.000000000000000000e+00
-1.800000000000000000e+01
-9.000000000000000000e+00
0.000000000000000000e+00
1.700000000000000000e+01
1.000000000000000000e+00
1.600000000000000000e+01
3.000000000000000000e+00
1.600000000000000000e+01
-2.000000000000000000e+01
7.000000000000000000e+00
7.000000000000000000e+00
-6.000000000000000000e+00
2.000000000000000000e+01
-2.200000000000000000e+01
-9.000000000000000000e+00
9.000000000000000000e+00
-1.800000000000000000e+01
4.000000000000000000e+00
-7.000000000000000000e+00
-2.000000000000000000e+00
-1.200000000000000000e+01
8.000000000000000000e+00
-6.000000000000000000e+00
2.200000000000000000e+01
-3.300000000000000000e+01
-3.000000000000000000e+00
-1.800000000000000000e+01
9.000000000000000000e+00
-2.100000000000000000e+01
2.200000000000000000e+01
-2.500000000000000000e+01
1.200000000000000000e+01
1.100000000000000000e+01
-1.000000000000000000e+00
1.800000000000000000e+01
-1.400000000000000000e+01
-2.500000000000000000e+01
0.000000000000000000e+00
3.000000000000000000e+00
-3.000000000000000000e+00
6.000000000000000000e+00
1.800000000000000000e+01
-5.000000000000000000e+00
9.000000000000000000e+00
-1.200000000000000000e+01
-1.000000000000000000e+00
8.000000000000000000e+00
8.000000000000000000e+00
-1.100000000000000000e+01
-1.300000000000000000e+01
2.200000000000000000e+01
1.200000000000000000e+01
-3.000000000000000000e+00
1.000000000000000000e+00
-2.500000000000000000e+01
2.000000000000000000e+00
8.000000000000000000e+00
-1.000000000000000000e+01
1.800000000000000000e+01
-2.200000000000000000e+01
1.900000000000000000e+01
-1.100000000000000000e+01
8.000000000000000000e+00
-2.400000000000000000e+01
-9.000000000000000000e+00
-8.000000000000000000e+00
-7.000000000000000000e+00
-5.000000000000000000e+00
4.000000000000000000e+00
2.200000000000000000e+01
1.400000000000000000e+01
2.400000000000000000e+01
-1.200000000000000000e+01
-1.800000000000000000e+01
-3.000000000000000000e+00
-2.100000000000000000e+01
2.200000000000000000e+01
1.600000000000000000e+01
7.000000000000000000e+00
-1.000000000000000000e+01
9.000000000000000000e+00
-1.500000000000000000e+01
5.000000000000000000e+00
-3.000000000000000000e+00
-6.000000000000000000e+00
1.300000000000000000e+01
1.900000000000000000e+01
0.000000000000000000e+00
1.900000000000000000e+01
-1.400000000000000000e+01
1.600000000000000000e+01
4.000000000000000000e+00
-1.600000000000000000e+01
-2.300000000000000000e+01
1.700000000000000000e+01
-9.000000000000000000e+00
-1.000000000000000000e+01
2.500000000000000000e+01
9.000000000000000000e+00
-6.000000000000000000e+00
1.400000000000000000e+01
1.700000000000000000e+01
1.200000000000000000e+01
-2.000000000000000000e+00
3.000000000000000000e+00
1.900000000000000000e+01
0.000000000000000000e+00
1.400000000000000000e+01
1.700000000000000000e+01
3.000000000000000000e+00
3.100000000000000000e+01
7.000000000000000000e+00
4.000000000000000000e+00
-1.000000000000000000e+00
1.700000000000000000e+01
1.300000000000000000e+01
1.100000000000000000e+01
1.100000000000000000e+01
2.600000000000000000e+01
5.000000000000000000e+01
-6.000000000000000000e+00
3.900000000000000000e+01
3.300000000000000000e+01
1.600000000000000000e+01
-6.000000000000000000e+00
3.000000000000000000e+00
-6.000000000000000000e+00
2.500000000000000000e+01
7.000000000000000000e+00
3.000000000000000000e+01
1.200000000000000000e+01
4.000000000000000000e+00
2.400000000000000000e+01
-1.800000000000000000e+01
1.700000000000000000e+01
4.600000000000000000e+01
3.400000000000000000e+01
9.000000000000000000e+00
1.600000000000000000e+01
4.400000000000000000e+01
1.900000000000000000e+01
3.400000000000000000e+01
1.200000000000000000e+01
3.200000000000000000e+01
1.000000000000000000e+00
4.500000000000000000e+01
1.800000000000000000e+01
3.500000000000000000e+01
3.700000000000000000e+01
6.300000000000000000e+01
1.400000000000000000e+01
6.000000000000000000e+01
5.600000000000000000e+01
7.000000000000000000e+01
3.700000000000000000e+01
7.900000000000000000e+01
4.000000000000000000e+01
4.200000000000000000e+01
6.900000000000000000e+01
6.100000000000000000e+01
7.600000000000000000e+01
6.400000000000000000e+01
1.050000000000000000e+02
8.100000000000000000e+01
9.300000000000000000e+01
1.090000000000000000e+02
9.800000000000000000e+01
1.240000000000000000e+02
1.160000000000000000e+02
1.470000000000000000e+02
1.250000000000000000e+02
1.320000000000000000e+02
1.320000000000000000e+02
1.490000000000000000e+02
1.290000000000000000e+02
1.630000000000000000e+02
1.760000000000000000e+02
2.070000000000000000e+02
2.000000000000000000e+02
2.370000000000000000e+02
1.910000000000000000e+02
2.340000000000000000e+02
2.590000000000000000e+02
2.580000000000000000e+02
2.740000000000000000e+02
3.210000000000000000e+02
3.350000000000000000e+02
3.350000000000000000e+02
3.240000000000000000e+02
3.570000000000000000e+02
3.800000000000000000e+02
3.790000000000000000e+02
4.560000000000000000e+02
4.300000000000000000e+02
4.530000000000000000e+02
4.910000000000000000e+02
5.030000000000000000e+02
5.280000000000000000e+02
5.100000000000000000e+02
5.690000000000000000e+02
5.830000000000000000e+02
5.560000000000000000e+02
5.780000000000000000e+02
6.480000000000000000e+02
6.570000000000000000e+02
7.030000000000000000e+02
7.430000000000000000e+02
7.390000000000000000e+02
7.760000000000000000e+02
8.680000000000000000e+02
8.620000000000000000e+02
8.720000000000000000e+02
9.150000000000000000e+02
9.640000000000000000e+02
9.780000000000000000e+02
9.980000000000000000e+02
1.083000000000000000e+03
1.057000000000000000e+03
1.105000000000000000e+03
1.125000000000000000e+03
1.166000000000000000e+03
1.143000000000000000e+03
1.183000000000000000e+03
1.230000000000000000e+03
1.214000000000000000e+03
1.331000000000000000e+03
1.363000000000000000e+03
1.293000000000000000e+03
1.347000000000000000e+03
1.355000000000000000e+03
1.371000000000000000e+03
1.469000000000000000e+03
1.486000000000000000e+03
1.486000000000000000e+03
1.487000000000000000e+03
1.548000000000000000e+03
1.537000000000000000e+03
1.592000000000000000e+03
1.606000000000000000e+03
1.583000000000000000e+03
1.603000000000000000e+03
1.634000000000000000e+03
1.611000000000000000e+03
1.676000000000000000e+03
1.667000000000000000e+03
1.668000000000000000e+03
1.758000000000000000e+03
1.763000000000000000e+03
1.727000000000000000e+03
1.803000000000000000e+03
1.725000000000000000e+03
1.791000000000000000e+03
1.769000000000000000e+03
1.787000000000000000e+03
1.800000000000000000e+03
1.745000000000000000e+03
1.780000000000000000e+03
1.758000000000000000e+03
1.759000000000000000e+03
1.711000000000000000e+03
1.720000000000000000e+03
1.733000000000000000e+03
1.671000000000000000e+03
1.695000000000000000e+03
1.640000000000000000e+03
1.680000000000000000e+03
1.585000000000000000e+03
1.584000000000000000e+03
1.540000000000000000e+03
1.581000000000000000e+03
1.533000000000000000e+03
1.548000000000000000e+03
1.531000000000000000e+03
1.535000000000000000e+03
1.507000000000000000e+03
1.474000000000000000e+03
1.474000000000000000e+03
1.443000000000000000e+03
1.432000000000000000e+03
1.407000000000000000e+03
1.406000000000000000e+03
1.352000000000000000e+03
1.348000000000000000e+03
1.354000000000000000e+03
1.310000000000000000e+03
1.345000000000000000e+03
1.312000000000000000e+03
1.262000000000000000e+03
1.252000000000000000e+03
1.209000000000000000e+03
1.133000000000000000e+03
1.139000000000000000e+03
1.085000000000000000e+03
1.076000000000000000e+03
1.069000000000000000e+03
1.034000000000000000e+03
9.670000000000000000e+02
9.470000000000000000e+02
9.380000000000000000e+02
9.030000000000000000e+02
8.760000000000000000e+02
8.680000000000000000e+02
8.210000000000000000e+02
8.080000000000000000e+02
7.770000000000000000e+02
7.510000000000000000e+02
7.280000000000000000e+02
7.590000000000000000e+02
6.700000000000000000e+02
6.800000000000000000e+02
6.230000000000000000e+02
6.290000000000000000e+02
5.870000000000000000e+02
5.410000000000000000e+02
5.630000000000000000e+02
5.340000000000000000e+02
5.400000000000000000e+02
5.030000000000000000e+02
5.020000000000000000e+02
4.710000000000000000e+02
4.450000000000000000e+02
4.600000000000000000e+02
3.870000000000000000e+02
4.030000000000000000e+02
3.380000000000000000e+02
3.590000000000000000e+02
3.330000000000000000e+02
3.300000000000000000e+02
2.850000000000000000e+02
3.120000000000000000e+02
2.780000000000000000e+02
3.010000000000000000e+02
2.250000000000000000e+02
2.740000000000000000e+02
2.360000000000000000e+02
2.400000000000000000e+02
2.140000000000000000e+02
2.220000000000000000e+02
1.960000000000000000e+02
1.960000000000000000e+02
2.040000000000000000e+02
1.650000000000000000e+02
1.430000000000000000e+02
1.530000000000000000e+02
1.390000000000000000e+02
1.710000000000000000e+02
1.270000000000000000e+02
1.360000000000000000e+02
1.090000000000000000e+02
1.010000000000000000e+02
1.220000000000000000e+02
8.700000000000000000e+01
6.400000000000000000e+01
9.900000000000000000e+01
8.900000000000000000e+01
7.100000000000000000e+01
8.300000000000000000e+01
7.500000000000000000e+01
4.800000000000000000e+01
7.800000000000000000e+01
3.800000000000000000e+01
6.200000000000000000e+01
1.900000000000000000e+01
4.900000000000000000e+01
4.800000000000000000e+01
5.400000000000000000e+01
4.700000000000000000e+01
3.500000000000000000e+01
2.500000000000000000e+01
3.000000000000000000e+01
2.700000000000000000e+01
5.100000000000000000e+01
9.000000000000000000e+00
-3.000000000000000000e+00
5.500000000000000000e+01
1.200000000000000000e+01
1.000000000000000000e+01
2.900000000000000000e+01
4.200000000000000000e+01
8.000000000000000000e+00
2.300000000000000000e+01
1.000000000000000000e+01
9.000000000000000000e+00
1.800000000000000000e+01
2.500000000000000000e+01
-1.000000000000000000e+00
3.300000000000000000e+01
4.000000000000000000e+00
1.200000000000000000e+01
2.300000000000000000e+01
6.300000000000000000e+01
2.300000000000000000e+01
5.000000000000000000e+00
4.200000000000000000e+01
-2.100000000000000000e+01
3.800000000000000000e+01
1.600000000000000000e+01
-1.900000000000000000e+01
1.300000000000000000e+01
4.000000000000000000e+00
-5.000000000000000000e+00
-1.900000000000000000e+01
5.000000000000000000e+00
1.000000000000000000e+01
-4.000000000000000000e+00
1.100000000000000000e+01
-7.000000000000000000e+00
2.200000000000000000e+01
1.000000000000000000e+00
-3.000000000000000000e+00
1.000000000000000000e+00
-2.400000000000000000e+01
-1.600000000000000000e+01
-2.000000000000000000e+00
-1.600000000000000000e+01
1.200000000000000000e+01
2.500000000000000000e+01
2.500000000000000000e+01
-2.000000000000000000e+00
0.000000000000000000e+00
-7.000000000000000000e+00
7.000000000000000000e+00
0.000000000000000000e+00
5.000000000000000000e+00
-1.000000000000000000e+01
-9.000000000000000000e+00
8.000000000000000000e+00
-4.000000000000000000e+00
1.500000000000000000e+01
-1.000000000000000000e+01
9.000000000000000000e+00
0.000000000000000000e+00
-7.000000000000000000e+00
-1.100000000000000000e+01
1.900000000000000000e+01
-3.000000000000000000e+00
-2.000000000000000000e+00
-4.000000000000000000e+00
2.000000000000000000e+01
0.000000000000000000e+00
1.700000000000000000e+01
-2.200000000000000000e+01
-2.000000000000000000e+00
-4.000000000000000000e+00
-3.000000000000000000e+00
1.800000000000000000e+01
3.000000000000000000e+00
-2.800000000000000000e+01
-2.300000000000000000e+01
-1.700000000000000000e+01
1.000000000000000000e+00
1.700000000000000000e+01
-7.000000000000000000e+00
-2.600000000000000000e+01
1.600000000000000000e+01
1.900000000000000000e+01
-4.000000000000000000e+00
-2.000000000000000000e+00
-2.000000000000000000e+00
-1.000000000000000000e+00
