-1.000000000000000000e+00
1.000000000000000000e+00
0.000000000000000000e+00
8.000000000000000000e+00
-2.000000000000000000e+00
-1.600000000000000000e+01
-2.500000000000000000e+01
-5.000000000000000000e+00
1.000000000000000000e+00
-3.000000000000000000e+00
-3.000000000000000000e+00
-7.000000000000000000e+00
-1.700000000000000000e+01
3.000000000000000000e+00
1.000000000000000000e+00
2.000000000000000000e+01
-1.000000000000000000e+00
2.800000000000000000e+01
-1.000000000000000000e+00
1.100000000000000000e+01
3.000000000000000000e+01
-6.000000000000000000e+00
6.000000000000000000e+00
1.300000000000000000e+01
-2.600000000000000000e+01
2.000000000000000000e+00
1.800000000000000000e+01
-1.600000000000000000e+01
-1.300000000000000000e+01
-1.000000000000000000e+00
-1.000000000000000000e+00
-1.500000000000000000e+01
1.700000000000000000e+01
-5.000000000000000000e+00
5.000000000000000000e+00
-2.100000000000000000e+01
5.000000000000000000e+00
-1.100000000000000000e+01
-8.000000000000000000e+00
2.100000000000000000e+01
-1.100000000000000000e+01
7.000000000000000000e+00
-8.000000000000000000e+00
-1.000000000000000000e+00
4.000000000000000000e+00
1.200000000000000000e+01
-1.200000000000000000e+01
1.200000000000000000e+01
-1.400000000000000000e+01
-1.000000000000000000e+01
-9.000000000000000000e+00
-2.300000000000000000e+01
0.000000000000000000e+00
-3.000000000000000000e+00
1.300000000000000000e+01
1.000000000000000000e+01
-1.500000000000000000e+01
-1.900000000000000000e+01
6.000000000000000000e+00
-1.400000000000000000e+01
-1.000000000000000000e+00
2.000000000000000000e+01
-1.300000000000000000e+01
6.000000000000000000e+00
-2.900000000000000000e+01
1.300000000000000000e+01
-3.400000000000000000e+01
1.200000000000000000e+01
2.000000000000000000e+00
-2.000000000000000000e+00
-6.000000000000000000e+00
4.000000000000000000e+00
-1.400000000000000000e+01
-4.000000000000000000e+00
1.000000000000000000e+00
1.100000000000000000e+01
-3.400000000000000000e+01
1.000000000000000000e+00
-1.200000000000000000e+01
7.000000000000000000e+00
-8.000000000000000000e+00
2.000000000000000000e+01
-2.600000000000000000e+01
3.300000000000000000e+01
-1.900000000000000000e+01
-8.000000000000000000e+00
2.500000000000000000e+01
-2.800000000000000000e+01
4.000000000000000000e+00
0.000000000000000000e+00
-1.700000000000000000e+01
-1.900000000000000000e+01
-6.000000000000000000e+00
0.000000000000000000e+00
7.000000000000000000e+00
-6.000000000000000000e+00
-3.100000000000000000e+01
3.000000000000000000e+00
-1.000000000000000000e+00
1.100000000000000000e+01
-5.000000000000000000e+00
1.300000000000000000e+01
5.000000000000000000e+00
-8.000000000000000000e+00
-2.000000000000000000e+00
-1.400000000000000000e+01
4.000000000000000000e+00
1.200000000000000000e+01
9.000000000000000000e+00
-1.200000000000000000e+01
-7.000000000000000000e+00
-2.000000000000000000e+00
2.700000000000000000e+01
-3.300000000000000000e+01
9.000000000000000000e+00
1.200000000000000000e+01
-1.500000000000000000e+01
-1.700000000000000000e+01
-8.000000000000000000e+00
1.800000000000000000e+01
-1.000000000000000000e+00
4.000000000000000000e+00
3.000000000000000000e+00
1.000000000000000000e+01
5.900000000000000000e+01
-2.100000000000000000e+01
-1.000000000000000000e+01
-1.700000000000000000e+01
1.400000000000000000e+01
3.000000000000000000e+00
2.100000000000000000e+01
1.600000000000000000e+01
-1.500000000000000000e+01
1.200000000000000000e+01
-1.200000000000000000e+01
1.200000000000000000e+01
2.300000000000000000e+01
3.100000000000000000e+01
-2.500000000000000000e+01
3.700000000000000000e+01
-1.600000000000000000e+01
2.000000000000000000e+01
-1.900000000000000000e+01
3.000000000000000000e+00
1.400000000000000000e+01
4.000000000000000000e+00
2.300000000000000000e+01
-6.000000000000000000e+00
-4.000000000000000000e+00
-2.000000000000000000e+00
-8.000000000000000000e+00
1.200000000000000000e+01
-9.000000000000000000e+00
1.000000000000000000e+01
-1.000000000000000000e+00
2.000000000000000000e+00
-1.000000000000000000e+00
-8.000000000000000000e+00
-3.000000000000000000e+00
-1.000000000000000000e+00
-1.800000000000000000e+01
-1.600000000000000000e+01
-3.000000000000000000e+01
-1.300000000000000000e+01
-3.200000000000000000e+01
-2.200000000000000000e+01
-3.000000000000000000e+00
-1.000000000000000000e+01
6.000000000000000000e+00
-6.000000000000000000e+00
1.600000000000000000e+01
1.200000000000000000e+01
1.300000000000000000e+01
1.100000000000000000e+01
3.100000000000000000e+01
1.000000000000000000e+00
-3.600000000000000000e+01
-1.200000000000000000e+01
-6.000000000000000000e+00
1.000000000000000000e+01
8.000000000000000000e+00
5.000000000000000000e+00
4.200000000000000000e+01
-1.600000000000000000e+01
-8.000000000000000000e+00
-3.300000000000000000e+01
2.800000000000000000e+01
-7.000000000000000000e+00
-4.000000000000000000e+00
2.500000000000000000e+01
2.500000000000000000e+01
-1.500000000000000000e+01
-6.000000000000000000e+00
-4.000000000000000000e+00
2.000000000000000000e+00
-9.000000000000000000e+00
1.300000000000000000e+01
1.500000000000000000e+01
-4.000000000000000000e+00
2.500000000000000000e+01
6.000000000000000000e+00
3.000000000000000000e+00
-9.000000000000000000e+00
1.400000000000000000e+01
1.200000000000000000e+01
-3.000000000000000000e+00
8.000000000000000000e+00
-2.000000000000000000e+01
4.000000000000000000e+00
8.000000000000000000e+00
2.200000000000000000e+01
-1.300000000000000000e+01
2.100000000000000000e+01
9.000000000000000000e+00
-1.700000000000000000e+01
7.000000000000000000e+00
3.000000000000000000e+00
1.400000000000000000e+01
2.200000000000000000e+01
-4.000000000000000000e+00
2.600000000000000000e+01
-2.400000000000000000e+01
-6.000000000000000000e+00
1.700000000000000000e+01
-2.500000000000000000e+01
1.000000000000000000e+01
-8.000000000000000000e+00
-2.100000000000000000e+01
6.000000000000000000e+00
-3.000000000000000000e+00
-5.000000000000000000e+00
1.200000000000000000e+01
5.000000000000000000e+00
-1.500000000000000000e+01
1.400000000000000000e+01
-7.000000000000000000e+00
9.000000000000000000e+00
-1.600000000000000000e+01
-1.000000000000000000e+00
-7.000000000000000000e+00
1.000000000000000000e+00
-3.000000000000000000e+00
6.000000000000000000e+00
6.000000000000000000e+00
1.000000000000000000e+00
9.000000000000000000e+00
1.800000000000000000e+01
1.300000000000000000e+01
-1.900000000000000000e+01
3.000000000000000000e+01
-5.000000000000000000e+00
-9.000000000000000000e+00
-4.200000000000000000e+01
-2.500000000000000000e+01
-3.500000000000000000e+01
-1.600000000000000000e+01
1.400000000000000000e+01
-1.600000000000000000e+01
-1.900000000000000000e+01
-1.000000000000000000e+00
-4.000000000000000000e+00
1.800000000000000000e+01
-1.000000000000000000e+00
9.000000000000000000e+00
9.000000000000000000e+00
4.000000000000000000e+01
7.000000000000000000e+00
2.300000000000000000e+01
-1.100000000000000000e+01
5.000000000000000000e+00
-6.000000000000000000e+00
-3.000000000000000000e+00
-2.300000000000000000e+01
-1.500000000000000000e+01
2.300000000000000000e+01
1.600000000000000000e+01
-2.600000000000000000e+01
-1.100000000000000000e+01
-1.500000000000000000e+01
1.400000000000000000e+01
-8.000000000000000000e+00
-7.000000000000000000e+00
3.100000000000000000e+01
1.000000000000000000e+01
1.000000000000000000e+00
2.000000000000000000e+00
-2.400000000000000000e+01
-2.200000000000000000e+01
-2.000000000000000000e+01
-1.200000000000000000e+01
-6.000000000000000000e+00
7.000000000000000000e+00
-1.400000000000000000e+01
7.000000000000000000e+00
-6.000000000000000000e+00
1.900000000000000000e+01
1.100000000000000000e+01
-1.200000000000000000e+01
-6.000000000000000000e+00
3.000000000000000000e+00
1.000000000000000000e+01
-1.000000000000000000e+00
-2.800000000000000000e+01
2.000000000000000000e+00
-7.000000000000000000e+00
4.000000000000000000e+00
-1.000000000000000000e+00
-1.800000000000000000e+01
-8.000000000000000000e+00
1.000000000000000000e+00
-2.900000000000000000e+01
2.800000000000000000e+01
2.100000000000000000e+01
-1.000000000000000000e+01
6.000000000000000000e+00
1.000000000000000000e+01
1.200000000000000000e+01
2.300000000000000000e+01
-7.000000000000000000e+00
-8.000000000000000000e+00
-2.000000000000000000e+01
-9.000000000000000000e+00
-1.100000000000000000e+01
-1.700000000000000000e+01
1.600000000000000000e+01
-1.200000000000000000e+01
2.000000000000000000e+00
-2.000000000000000000e+00
-1.500000000000000000e+01
8.000000000000000000e+00
5.000000000000000000e+00
4.000000000000000000e+01
-2.900000000000000000e+01
-2.000000000000000000e+00
-1.000000000000000000e+00
-6.000000000000000000e+00
2.900000000000000000e+01
-5.000000000000000000e+00
2.400000000000000000e+01
-7.000000000000000000e+00
-8.000000000000000000e+00
-2.600000000000000000e+01
6.000000000000000000e+00
-3.000000000000000000e+00
-1.000000000000000000e+00
-9.000000000000000000e+00
-9.000000000000000000e+00
4.000000000000000000e+00
-1.300000000000000000e+01
-7.000000000000000000e+00
5.000000000000000000e+00
-1.000000000000000000e+01
2.600000000000000000e+01
-1.400000000000000000e+01
3.400000000000000000e+01
1.000000000000000000e+01
2.900000000000000000e+01
-1.600000000000000000e+01
-1.200000000000000000e+01
-1.300000000000000000e+01
1.000000000000000000e+00
1.500000000000000000e+01
0.000000000000000000e+00
2.600000000000000000e+01
0.000000000000000000e+00
5.000000000000000000e+00
5.000000000000000000e+00
-9.000000000000000000e+00
1.500000000000000000e+01
2.000000000000000000e+00
-1.600000000000000000e+01
7.000000000000000000e+00
-5.000000000000000000e+00
-1.000000000000000000e+01
7.000000000000000000e+00
-1.000000000000000000e+00
-1.900000000000000000e+01
-2.000000000000000000e+01
7.000000000000000000e+00
-4.000000000000000000e+00
1.300000000000000000e+01
-4.000000000000000000e+00
-3.900000000000000000e+01
3.500000000000000000e+01
-6.000000000000000000e+00
1.800000000000000000e+01
5.000000000000000000e+00
-1.500000000000000000e+01
-2.000000000000000000e+00
2.400000000000000000e+01
-1.800000000000000000e+01
-2.100000000000000000e+01
-1.300000000000000000e+01
-6.000000000000000000e+00
-4.000000000000000000e+00
5.000000000000000000e+00
1.000000000000000000e+00
-2.700000000000000000e+01
-1.300000000000000000e+01
2.000000000000000000e+01
1.400000000000000000e+01
6.000000000000000000e+00
1.400000000000000000e+01
-9.000000000000000000e+00
-1.500000000000000000e+01
-1.300000000000000000e+01
4.000000000000000000e+00
-1.500000000000000000e+01
-1.000000000000000000e+01
-3.700000000000000000e+01
1.000000000000000000e+01
-1.800000000000000000e+01
-2.400000000000000000e+01
-2.600000000000000000e+01
3.300000000000000000e+01
-1.000000000000000000e+01
7.000000000000000000e+00
-2.200000000000000000e+01
-7.000000000000000000e+00
7.000000000000000000e+00
8.000000000000000000e+00
1.500000000000000000e+01
-2.700000000000000000e+01
-2.300000000000000000e+01
-1.600000000000000000e+01
-1.900000000000000000e+01
-7.000000000000000000e+00
-1.500000000000000000e+01
-5.000000000000000000e+00
-5.000000000000000000e+00
1.900000000000000000e+01
1.100000000000000000e+01
-1.600000000000000000e+01
-8.000000000000000000e+00
4.000000000000000000e+00
3.000000000000000000e+00
-1.500000000000000000e+01
1.800000000000000000e+01
-3.000000000000000000e+00
1.600000000000000000e+01
2.700000000000000000e+01
-1.500000000000000000e+01
-1.100000000000000000e+01
9.000000000000000000e+00
1.400000000000000000e+01
1.400000000000000000e+01
1.300000000000000000e+01
-4.000000000000000000e+00
-1.900000000000000000e+01
0.000000000000000000e+00
1.800000000000000000e+01
8.000000000000000000e+00
-7.000000000000000000e+00
-2.200000000000000000e+01
1.000000000000000000e+00
7.000000000000000000e+00
1.800000000000000000e+01
2.500000000000000000e+01
-1.500000000000000000e+01
1.700000000000000000e+01
-1.900000000000000000e+01
-3.000000000000000000e+00
-1.000000000000000000e+00
-9.000000000000000000e+00
-5.000000000000000000e+00
9.000000000000000000e+00
1.400000000000000000e+01
1.500000000000000000e+01
-6.000000000000000000e+00
7.000000000000000000e+00
1.500000000000000000e+01
-1.200000000000000000e+01
7.900000000000000000e+01
-3.000000000000000000e+00
-6.000000000000000000e+00
-1.500000000000000000e+01
-1.000000000000000000e+00
1.000000000000000000e+01
2.100000000000000000e+01
-5.000000000000000000e+00
-2.300000000000000000e+01
-7.000000000000000000e+00
1.100000000000000000e+01
-7.000000000000000000e+00
-1.600000000000000000e+01
1.000000000000000000e+01
4.000000000000000000e+00
3.000000000000000000e+00
0.000000000000000000e+00
9.000000000000000000e+00
1.500000000000000000e+01
9.000000000000000000e+00
-6.000000000000000000e+00
9.000000000000000000e+00
1.400000000000000000e+01
-7.000000000000000000e+00
-8.000000000000000000e+00
-1.200000000000000000e+01
-1.900000000000000000e+01
-1.800000000000000000e+01
6.000000000000000000e+00
2.300000000000000000e+01
-1.000000000000000000e+01
2.500000000000000000e+01
-8.000000000000000000e+00
-2.100000000000000000e+01
-3.000000000000000000e+00
1.600000000000000000e+01
-1.000000000000000000e+01
1.200000000000000000e+01
-1.900000000000000000e+01
-1.100000000000000000e+01
2.300000000000000000e+01
-3.200000000000000000e+01
0.000000000000000000e+00
0.000000000000000000e+00
-2.200000000000000000e+01
0.000000000000000000e+00
9.000000000000000000e+00
2.000000000000000000e+00
1.400000000000000000e+01
1.200000000000000000e+01
-1.500000000000000000e+01
3.000000000000000000e+01
-1.300000000000000000e+01
-1.400000000000000000e+01
0.000000000000000000e+00
1.000000000000000000e+01
2.500000000000000000e+01
-5.000000000000000000e+00
4.600000000000000000e+01
2.200000000000000000e+01
3.000000000000000000e+00
4.500000000000000000e+01
1.700000000000000000e+01
7.000000000000000000e+00
6.000000000000000000e+00
1.800000000000000000e+01
-1.000000000000000000e+01
1.000000000000000000e+00
6.300000000000000000e+01
6.000000000000000000e+00
2.200000000000000000e+01
-8.000000000000000000e+00
5.000000000000000000e+00
-8.000000000000000000e+00
4.300000000000000000e+01
-1.600000000000000000e+01
2.000000000000000000e+00
-8.000000000000000000e+00
9.000000000000000000e+00
-1.600000000000000000e+01
2.500000000000000000e+01
-9.000000000000000000e+00
5.600000000000000000e+01
-1.400000000000000000e+01
2.300000000000000000e+01
8.000000000000000000e+00
-1.400000000000000000e+01
6.000000000000000000e+00
-5.000000000000000000e+00
-2.300000000000000000e+01
3.000000000000000000e+00
8.000000000000000000e+00
-6.000000000000000000e+00
-5.000000000000000000e+00
1.300000000000000000e+01
1.000000000000000000e+01
-6.000000000000000000e+00
1.000000000000000000e+00
3.000000000000000000e+00
3.000000000000000000e+00
2.800000000000000000e+01
-3.000000000000000000e+00
2.100000000000000000e+01
2.000000000000000000e+01
-1.900000000000000000e+01
-1.300000000000000000e+01
3.100000000000000000e+01
-1.000000000000000000e+00
-2.200000000000000000e+01
4.000000000000000000e+00
2.000000000000000000e+00
1.300000000000000000e+01
1.900000000000000000e+01
4.500000000000000000e+01
2.200000000000000000e+01
1.900000000000000000e+01
1.400000000000000000e+01
1.000000000000000000e+00
-2.900000000000000000e+01
-6.000000000000000000e+00
2.100000000000000000e+01
-1.400000000000000000e+01
2.200000000000000000e+01
2.400000000000000000e+01
5.000000000000000000e+00
-1.800000000000000000e+01
2.900000000000000000e+01
4.000000000000000000e+00
-1.000000000000000000e+00
-2.100000000000000000e+01
0.000000000000000000e+00
4.000000000000000000e+01
-6.000000000000000000e+00
-1.200000000000000000e+01
9.000000000000000000e+00
1.900000000000000000e+01
-9.000000000000000000e+00
0.000000000000000000e+00
5.000000000000000000e+00
7.000000000000000000e+00
-1.600000000000000000e+01
1.700000000000000000e+01
-1.000000000000000000e+01
-1.600000000000000000e+01
-2.100000000000000000e+01
4.000000000000000000e+00
-6.000000000000000000e+00
-2.200000000000000000e+01
2.400000000000000000e+01
-3.000000000000000000e+00
4.000000000000000000e+00
1.000000000000000000e+01
-1.100000000000000000e+01
-3.800000000000000000e+01
6.000000000000000000e+00
1.700000000000000000e+01
1.200000000000000000e+01
-4.200000000000000000e+01
2.400000000000000000e+01
1.500000000000000000e+01
2.000000000000000000e+00
-2.400000000000000000e+01
-3.400000000000000000e+01
-3.000000000000000000e+00
-1.100000000000000000e+01
1.300000000000000000e+01
2.600000000000000000e+01
0.000000000000000000e+00
-1.000000000000000000e+00
-3.200000000000000000e+01
9.000000000000000000e+00
-3.000000000000000000e+00
2.500000000000000000e+01
4.700000000000000000e+01
-2.400000000000000000e+01
-1.000000000000000000e+01
-2.000000000000000000e+01
1.800000000000000000e+01
-3.000000000000000000e+00
-3.000000000000000000e+00
2.600000000000000000e+01
3.100000000000000000e+01
8.000000000000000000e+00
-3.700000000000000000e+01
4.600000000000000000e+01
6.000000000000000000e+00
3.700000000000000000e+01
1.700000000000000000e+01
3.200000000000000000e+01
2.700000000000000000e+01
-1.600000000000000000e+01
2.600000000000000000e+01
3.000000000000000000e+00
-8.000000000000000000e+00
7.000000000000000000e+00
4.000000000000000000e+01
3.300000000000000000e+01
3.000000000000000000e+00
-1.500000000000000000e+01
0.000000000000000000e+00
1.300000000000000000e+01
1.300000000000000000e+01
-1.400000000000000000e+01
-5.100000000000000000e+01
1.700000000000000000e+01
1.100000000000000000e+01
-1.000000000000000000e+00
-3.400000000000000000e+01
6.000000000000000000e+00
2.800000000000000000e+01
0.000000000000000000e+00
3.100000000000000000e+01
1.300000000000000000e+01
-7.000000000000000000e+00
4.400000000000000000e+01
6.000000000000000000e+00
-5.000000000000000000e+00
-1.800000000000000000e+01
-5.000000000000000000e+00
2.000000000000000000e+00
-1.700000000000000000e+01
-2.000000000000000000e+00
-2.000000000000000000e+00
-3.000000000000000000e+00
-9.000000000000000000e+00
1.500000000000000000e+01
-1.500000000000000000e+01
2.000000000000000000e+00
2.100000000000000000e+01
2.800000000000000000e+01
1.800000000000000000e+01
-8.000000000000000000e+00
1.400000000000000000e+01
5.600000000000000000e+01
-2.300000000000000000e+01
6.000000000000000000e+00
-6.000000000000000000e+00
2.500000000000000000e+01
2.000000000000000000e+01
1.700000000000000000e+01
3.200000000000000000e+01
2.700000000000000000e+01
2.900000000000000000e+01
-1.700000000000000000e+01
2.500000000000000000e+01
-3.200000000000000000e+01
-5.000000000000000000e+00
3.100000000000000000e+01
-1.400000000000000000e+01
2.600000000000000000e+01
7.000000000000000000e+00
2.800000000000000000e+01
-8.000000000000000000e+00
4.000000000000000000e+00
-1.000000000000000000e+00
3.000000000000000000e+00
-1.600000000000000000e+01
3.200000000000000000e+01
9.000000000000000000e+00
-1.000000000000000000e+00
1.900000000000000000e+01
2.600000000000000000e+01
1.800000000000000000e+01
3.000000000000000000e+01
1.600000000000000000e+01
3.900000000000000000e+01
4.000000000000000000e+01
2.700000000000000000e+01
1.500000000000000000e+01
-1.600000000000000000e+01
3.500000000000000000e+01
1.000000000000000000e+01
-1.500000000000000000e+01
-8.000000000000000000e+00
1.600000000000000000e+01
-4.000000000000000000e+00
2.800000000000000000e+01
1.600000000000000000e+01
1.600000000000000000e+01
1.800000000000000000e+01
4.000000000000000000e+01
3.300000000000000000e+01
3.800000000000000000e+01
2.200000000000000000e+01
3.200000000000000000e+01
2.100000000000000000e+01
3.000000000000000000e+00
3.700000000000000000e+01
4.300000000000000000e+01
1.900000000000000000e+01
-6.000000000000000000e+00
2.100000000000000000e+01
3.900000000000000000e+01
1.600000000000000000e+01
-1.100000000000000000e+01
1.200000000000000000e+01
1.600000000000000000e+01
3.500000000000000000e+01
1.900000000000000000e+01
-5.000000000000000000e+00
2.700000000000000000e+01
2.100000000000000000e+01
-6.000000000000000000e+00
3.800000000000000000e+01
1.500000000000000000e+01
3.100000000000000000e+01
3.000000000000000000e+01
1.900000000000000000e+01
1.800000000000000000e+01
2.000000000000000000e+00
3.500000000000000000e+01
1.800000000000000000e+01
8.000000000000000000e+00
3.700000000000000000e+01
-1.400000000000000000e+01
0.000000000000000000e+00
1.900000000000000000e+01
2.100000000000000000e+01
-3.000000000000000000e+00
-9.000000000000000000e+00
-1.700000000000000000e+01
-2.000000000000000000e+00
2.200000000000000000e+01
-1.700000000000000000e+01
1.500000000000000000e+01
3.000000000000000000e+00
-6.000000000000000000e+00
2.300000000000000000e+01
2.300000000000000000e+01
3.400000000000000000e+01
7.000000000000000000e+00
-1.000000000000000000e+00
2.400000000000000000e+01
-4.000000000000000000e+00
1.400000000000000000e+01
-2.000000000000000000e+00
3.700000000000000000e+01
2.800000000000000000e+01
2.500000000000000000e+01
6.800000000000000000e+01
5.000000000000000000e+00
2.300000000000000000e+01
-2.600000000000000000e+01
1.800000000000000000e+01
6.000000000000000000e+00
3.000000000000000000e+01
2.700000000000000000e+01
1.300000000000000000e+01
-4.000000000000000000e+00
3.100000000000000000e+01
-4.000000000000000000e+00
2.500000000000000000e+01
4.200000000000000000e+01
5.300000000000000000e+01
1.900000000000000000e+01
3.500000000000000000e+01
1.700000000000000000e+01
-1.000000000000000000e+00
2.400000000000000000e+01
3.900000000000000000e+01
-1.400000000000000000e+01
1.000000000000000000e+00
3.400000000000000000e+01
9.000000000000000000e+00
1.400000000000000000e+01
5.000000000000000000e+00
5.200000000000000000e+01
7.000000000000000000e+01
4.000000000000000000e+00
1.300000000000000000e+01
-1.400000000000000000e+01
3.500000000000000000e+01
3.900000000000000000e+01
4.900000000000000000e+01
1.900000000000000000e+01
3.000000000000000000e+01
1.000000000000000000e+01
2.400000000000000000e+01
4.500000000000000000e+01
1.200000000000000000e+01
9.000000000000000000e+00
3.000000000000000000e+01
6.000000000000000000e+00
1.700000000000000000e+01
2.300000000000000000e+01
5.000000000000000000e+01
1.700000000000000000e+01
2.000000000000000000e+01
4.000000000000000000e+01
3.300000000000000000e+01
3.900000000000000000e+01
3.000000000000000000e+01
4.400000000000000000e+01
5.000000000000000000e+00
1.000000000000000000e+01
4.000000000000000000e+01
4.900000000000000000e+01
2.500000000000000000e+01
3.600000000000000000e+01
3.600000000000000000e+01
3.400000000000000000e+01
5.600000000000000000e+01
4.600000000000000000e+01
6.000000000000000000e+01
4.400000000000000000e+01
7.000000000000000000e+01
9.500000000000000000e+01
5.300000000000000000e+01
6.400000000000000000e+01
4.700000000000000000e+01
7.300000000000000000e+01
9.300000000000000000e+01
1.050000000000000000e+02
9.300000000000000000e+01
1.090000000000000000e+02
1.170000000000000000e+02
1.450000000000000000e+02
1.730000000000000000e+02
1.600000000000000000e+02
1.860000000000000000e+02
2.100000000000000000e+02
2.370000000000000000e+02
2.550000000000000000e+02
3.180000000000000000e+02
3.410000000000000000e+02
4.170000000000000000e+02
4.540000000000000000e+02
5.360000000000000000e+02
5.690000000000000000e+02
6.620000000000000000e+02
7.560000000000000000e+02
8.680000000000000000e+02
9.160000000000000000e+02
1.026000000000000000e+03
1.154000000000000000e+03
1.299000000000000000e+03
1.442000000000000000e+03
1.604000000000000000e+03
1.707000000000000000e+03
1.854000000000000000e+03
1.982000000000000000e+03
2.177000000000000000e+03
2.338000000000000000e+03
2.446000000000000000e+03
2.605000000000000000e+03
2.815000000000000000e+03
2.975000000000000000e+03
3.106000000000000000e+03
3.312000000000000000e+03
3.370000000000000000e+03
3.511000000000000000e+03
3.651000000000000000e+03
3.758000000000000000e+03
3.913000000000000000e+03
3.986000000000000000e+03
4.039000000000000000e+03
4.134000000000000000e+03
4.180000000000000000e+03
4.170000000000000000e+03
4.236000000000000000e+03
4.102000000000000000e+03
4.187000000000000000e+03
4.166000000000000000e+03
4.098000000000000000e+03
4.052000000000000000e+03
3.921000000000000000e+03
3.827000000000000000e+03
3.771000000000000000e+03
3.584000000000000000e+03
3.553000000000000000e+03
3.410000000000000000e+03
3.298000000000000000e+03
3.126000000000000000e+03
2.994000000000000000e+03
2.812000000000000000e+03
2.747000000000000000e+03
2.530000000000000000e+03
2.412000000000000000e+03
2.280000000000000000e+03
2.108000000000000000e+03
1.925000000000000000e+03
1.824000000000000000e+03
1.684000000000000000e+03
1.571000000000000000e+03
1.458000000000000000e+03
1.313000000000000000e+03
1.229000000000000000e+03
1.097000000000000000e+03
9.400000000000000000e+02
8.830000000000000000e+02
7.760000000000000000e+02
7.490000000000000000e+02
6.330000000000000000e+02
5.820000000000000000e+02
4.630000000000000000e+02
4.400000000000000000e+02
4.030000000000000000e+02
3.760000000000000000e+02
3.240000000000000000e+02
2.800000000000000000e+02
2.170000000000000000e+02
2.180000000000000000e+02
1.700000000000000000e+02
1.650000000000000000e+02
1.060000000000000000e+02
1.470000000000000000e+02
9.000000000000000000e+01
6.200000000000000000e+01
8.800000000000000000e+01
9.000000000000000000e+01
4.000000000000000000e+01
4.000000000000000000e+01
3.200000000000000000e+01
3.000000000000000000e+01
2.800000000000000000e+01
4.400000000000000000e+01
1.800000000000000000e+01
1.200000000000000000e+01
1.300000000000000000e+01
3.900000000000000000e+01
3.000000000000000000e+00
2.800000000000000000e+01
9.000000000000000000e+00
4.400000000000000000e+01
7.000000000000000000e+00
4.200000000000000000e+01
2.000000000000000000e+00
9.000000000000000000e+00
2.700000000000000000e+01
-5.000000000000000000e+00
4.000000000000000000e+00
1.000000000000000000e+00
1.200000000000000000e+01
4.000000000000000000e+01
6.000000000000000000e+00
1.700000000000000000e+01
1.800000000000000000e+01
2.800000000000000000e+01
3.100000000000000000e+01
1.300000000000000000e+01
-2.000000000000000000e+01
3.300000000000000000e+01
1.800000000000000000e+01
3.600000000000000000e+01
1.100000000000000000e+01
2.500000000000000000e+01
-1.400000000000000000e+01
2.100000000000000000e+01
1.400000000000000000e+01
3.200000000000000000e+01
5.400000000000000000e+01
0.000000000000000000e+00
3.200000000000000000e+01
2.000000000000000000e+01
2.500000000000000000e+01
-1.300000000000000000e+01
1.300000000000000000e+01
2.500000000000000000e+01
1.900000000000000000e+01
2.500000000000000000e+01
-9.000000000000000000e+00
5.000000000000000000e+00
3.100000000000000000e+01
4.000000000000000000e+01
1.300000000000000000e+01
3.400000000000000000e+01
3.000000000000000000e+00
3.300000000000000000e+01
2.000000000000000000e+00
4.400000000000000000e+01
2.700000000000000000e+01
3.500000000000000000e+01
3.200000000000000000e+01
-3.100000000000000000e+01
9.000000000000000000e+00
-3.000000000000000000e+00
1.900000000000000000e+01
2.300000000000000000e+01
1.900000000000000000e+01
2.900000000000000000e+01
1.600000000000000000e+01
1.600000000000000000e+01
1.100000000000000000e+01
2.400000000000000000e+01
3.400000000000000000e+01
6.000000000000000000e+00
5.000000000000000000e+00
2.100000000000000000e+01
-5.000000000000000000e+00
1.100000000000000000e+01
2.000000000000000000e+01
4.000000000000000000e+00
1.000000000000000000e+00
-6.000000000000000000e+00
2.000000000000000000e+00
3.200000000000000000e+01
1.600000000000000000e+01
-2.000000000000000000e+00
8.000000000000000000e+00
3.600000000000000000e+01
2.200000000000000000e+01
1.600000000000000000e+01
3.000000000000000000e+00
3.000000000000000000e+00
4.300000000000000000e+01
2.200000000000000000e+01
2.700000000000000000e+01
4.600000000000000000e+01
-1.300000000000000000e+01
5.000000000000000000e+00
1.000000000000000000e+00
1.100000000000000000e+01
-1.400000000000000000e+01
3.000000000000000000e+00
2.800000000000000000e+01
3.000000000000000000e+00
2.900000000000000000e+01
1.500000000000000000e+01
1.500000000000000000e+01
3.500000000000000000e+01
7.000000000000000000e+00
1.700000000000000000e+01
2.100000000000000000e+01
1.500000000000000000e+01
2.000000000000000000e+00
-7.000000000000000000e+00
-8.000000000000000000e+00
2.100000000000000000e+01
-1.600000000000000000e+01
2.300000000000000000e+01
1.700000000000000000e+01
-1.000000000000000000e+01
1.500000000000000000e+01
-1.500000000000000000e+01
5.800000000000000000e+01
-9.000000000000000000e+00
2.500000000000000000e+01
8.000000000000000000e+00
1.600000000000000000e+01
5.000000000000000000e+00
5.000000000000000000e+00
-1.200000000000000000e+01
-1.600000000000000000e+01
4.600000000000000000e+01
3.800000000000000000e+01
3.000000000000000000e+00
1.700000000000000000e+01
1.400000000000000000e+01
2.400000000000000000e+01
3.000000000000000000e+00
0.000000000000000000e+00
1.900000000000000000e+01
2.700000000000000000e+01
-2.700000000000000000e+01
2.100000000000000000e+01
-8.000000000000000000e+00
2.500000000000000000e+01
3.000000000000000000e+01
1.700000000000000000e+01
-9.000000000000000000e+00
2.100000000000000000e+01
4.000000000000000000e+00
1.400000000000000000e+01
1.400000000000000000e+01
-7.000000000000000000e+00
1.100000000000000000e+01
2.100000000000000000e+01
-3.000000000000000000e+00
-1.400000000000000000e+01
4.600000000000000000e+01
1.500000000000000000e+01
0.000000000000000000e+00
3.500000000000000000e+01
-1.800000000000000000e+01
1.900000000000000000e+01
3.900000000000000000e+01
-2.200000000000000000e+01
2.500000000000000000e+01
2.000000000000000000e+00
-5.000000000000000000e+00
-2.000000000000000000e+00
5.000000000000000000e+00
1.500000000000000000e+01
-7.000000000000000000e+00
-4.000000000000000000e+00
1.300000000000000000e+01
1.800000000000000000e+01
-1.100000000000000000e+01
1.800000000000000000e+01
2.300000000000000000e+01
-2.000000000000000000e+00
1.000000000000000000e+01
2.300000000000000000e+01
7.000000000000000000e+00
1.100000000000000000e+01
1.000000000000000000e+01
0.000000000000000000e+00
2.300000000000000000e+01
0.000000000000000000e+00
2.600000000000000000e+01
-3.600000000000000000e+01
-1.300000000000000000e+01
3.600000000000000000e+01
9.000000000000000000e+00
3.400000000000000000e+01
-1.600000000000000000e+01
-2.000000000000000000e+00
-1.000000000000000000e+01
-2.000000000000000000e+00
-3.100000000000000000e+01
1.800000000000000000e+01
2.400000000000000000e+01
2.600000000000000000e+01
2.900000000000000000e+01
2.100000000000000000e+01
1.300000000000000000e+01
-6.000000000000000000e+00
-4.000000000000000000e+00
-4.000000000000000000e+00
2.000000000000000000e+01
-4.000000000000000000e+00
-2.000000000000000000e+00
1.300000000000000000e+01
1.600000000000000000e+01
-1.300000000000000000e+01
7.000000000000000000e+00
1.800000000000000000e+01
8.000000000000000000e+00
1.200000000000000000e+01
7.000000000000000000e+00
1.800000000000000000e+01
1.000000000000000000e+01
9.000000000000000000e+00
4.100000000000000000e+01
-1.500000000000000000e+01
1.500000000000000000e+01
1.600000000000000000e+01
5.000000000000000000e+00
-3.000000000000000000e+00
-1.500000000000000000e+01
5.000000000000000000e+00
9.000000000000000000e+00
4.000000000000000000e+00
0.000000000000000000e+00
-1.500000000000000000e+01
3.000000000000000000e+01
6.000000000000000000e+00
-3.000000000000000000e+00
1.000000000000000000e+01
2.000000000000000000e+00
7.000000000000000000e+00
2.000000000000000000e+00
8.000000000000000000e+00
-5.000000000000000000e+00
1.500000000000000000e+01
1.300000000000000000e+01
8.000000000000000000e+00
2.000000000000000000e+00
1.600000000000000000e+01
-3.000000000000000000e+00
-1.300000000000000000e+01
2.200000000000000000e+01
-1.000000000000000000e+01
-1.100000000000000000e+01
7.000000000000000000e+00
0.000000000000000000e+00
9.000000000000000000e+00
1.900000000000000000e+01
2.100000000000000000e+01
-2.000000000000000000e+00
3.300000000000000000e+01
3.000000000000000000e+00
2.800000000000000000e+01
0.000000000000000000e+00
3.000000000000000000e+00
1.100000000000000000e+01
1.000000000000000000e+00
1.800000000000000000e+01
-8.000000000000000000e+00
1.500000000000000000e+01
-1.600000000000000000e+01
1.900000000000000000e+01
-1.000000000000000000e+00
7.000000000000000000e+00
-1.000000000000000000e+00
3.200000000000000000e+01
1.400000000000000000e+01
-1.400000000000000000e+01
1.900000000000000000e+01
1.200000000000000000e+01
1.700000000000000000e+01
1.400000000000000000e+01
1.200000000000000000e+01
-1.700000000000000000e+01
1.800000000000000000e+01
9.000000000000000000e+00
3.300000000000000000e+01
3.000000000000000000e+00
7.000000000000000000e+00
3.000000000000000000e+00
-1.000000000000000000e+00
1.500000000000000000e+01
-2.000000000000000000e+00
1.000000000000000000e+01
8.000000000000000000e+00
2.700000000000000000e+01
-1.400000000000000000e+01
5.000000000000000000e+00
1.400000000000000000e+01
-9.000000000000000000e+00
-3.000000000000000000e+00
-3.000000000000000000e+00
-1.500000000000000000e+01
1.800000000000000000e+01
-1.300000000000000000e+01
2.300000000000000000e+01
1.500000000000000000e+01
2.500000000000000000e+01
2.000000000000000000e+01
3.100000000000000000e+01
1.600000000000000000e+01
4.000000000000000000e+00
-1.900000000000000000e+01
-2.600000000000000000e+01
-6.000000000000000000e+00
-4.000000000000000000e+00
2.000000000000000000e+00
-2.300000000000000000e+01
3.200000000000000000e+01
-1.300000000000000000e+01
1.100000000000000000e+01
1.300000000000000000e+01
2.000000000000000000e+00
-1.000000000000000000e+01
6.000000000000000000e+00
-1.100000000000000000e+01
1.400000000000000000e+01
-3.000000000000000000e+00
0.000000000000000000e+00
-4.000000000000000000e+00
1.200000000000000000e+01
-1.600000000000000000e+01
1.700000000000000000e+01
4.000000000000000000e+00
-1.000000000000000000e+00
-4.000000000000000000e+00
1.000000000000000000e+01
0.000000000000000000e+00
4.000000000000000000e+00
-2.300000000000000000e+01
-1.500000000000000000e+01
3.000000000000000000e+00
1.800000000000000000e+01
-2.900000000000000000e+01
-2.000000000000000000e+00
-1.400000000000000000e+01
-1.300000000000000000e+01
-2.900000000000000000e+01
3.100000000000000000e+01
2.800000000000000000e+01
-1.000000000000000000e+00
-6.000000000000000000e+00
1.500000000000000000e+01
1.000000000000000000e+00
-1.200000000000000000e+01
0.000000000000000000e+00
3.000000000000000000e+00
-2.000000000000000000e+00
-8.000000000000000000e+00
-1.000000000000000000e+01
-1.400000000000000000e+01
1.200000000000000000e+01
2.000000000000000000e+00
-6.100000000000000000e+01
-5.000000000000000000e+00
3.000000000000000000e+00
2.100000000000000000e+01
3.600000000000000000e+01
-8.000000000000000000e+00
-2.400000000000000000e+01
-9.000000000000000000e+00
1.200000000000000000e+01
-1.000000000000000000e+00
1.000000000000000000e+01
-4.000000000000000000e+00
-1.100000000000000000e+01
-8.000000000000000000e+00
-1.700000000000000000e+01
-7.000000000000000000e+00
4.000000000000000000e+00
3.100000000000000000e+01
1.000000000000000000e+00
7.000000000000000000e+00
-1.000000000000000000e+01
7.000000000000000000e+00
-3.000000000000000000e+00
2.100000000000000000e+01
1.000000000000000000e+00
5.000000000000000000e+00
2.600000000000000000e+01
4.200000000000000000e+01
3.000000000000000000e+01
-4.000000000000000000e+00
8.000000000000000000e+00
1.900000000000000000e+01
2.800000000000000000e+01
3.500000000000000000e+01
1.000000000000000000e+00
2.600000000000000000e+01
-1.000000000000000000e+01
8.000000000000000000e+00
2.100000000000000000e+01
2.300000000000000000e+01
-1.400000000000000000e+01
1.700000000000000000e+01
-2.000000000000000000e+00
1.000000000000000000e+01
-1.500000000000000000e+01
1.000000000000000000e+00
1.500000000000000000e+01
-4.000000000000000000e+00
-6.000000000000000000e+00
2.800000000000000000e+01
-7.000000000000000000e+00
-1.800000000000000000e+01
1.900000000000000000e+01
-1.900000000000000000e+01
7.000000000000000000e+00
-9.000000000000000000e+00
1.500000000000000000e+01
2.000000000000000000e+01
-1.000000000000000000e+00
7.000000000000000000e+00
1.300000000000000000e+01
1.000000000000000000e+01
1.900000000000000000e+01
8.000000000000000000e+00
-1.100000000000000000e+01
-2.800000000000000000e+01
2.000000000000000000e+00
1.100000000000000000e+01
5.000000000000000000e+00
-2.000000000000000000e+01
2.000000000000000000e+01
-2.800000000000000000e+01
-6.000000000000000000e+00
3.000000000000000000e+01
-6.000000000000000000e+00
7.000000000000000000e+00
2.200000000000000000e+01
-1.200000000000000000e+01
-1.000000000000000000e+01
1.500000000000000000e+01
6.000000000000000000e+00
6.000000000000000000e+00
-4.000000000000000000e+00
-1.000000000000000000e+00
2.100000000000000000e+01
1.300000000000000000e+01
6.000000000000000000e+00
3.000000000000000000e+01
-1.300000000000000000e+01
-6.000000000000000000e+00
1.900000000000000000e+01
-1.000000000000000000e+01
1.400000000000000000e+01
-4.000000000000000000e+00
1.900000000000000000e+01
-8.000000000000000000e+00
-3.700000000000000000e+01
1.200000000000000000e+01
-1.200000000000000000e+01
-1.700000000000000000e+01
8.000000000000000000e+00
2.100000000000000000e+01
-8.000000000000000000e+00
2.400000000000000000e+01
5.000000000000000000e+00
3.400000000000000000e+01
2.200000000000000000e+01
4.000000000000000000e+00
5.000000000000000000e+00
9.000000000000000000e+00
2.800000000000000000e+01
-1.400000000000000000e+01
5.000000000000000000e+00
1.000000000000000000e+01
1.000000000000000000e+00
-1.300000000000000000e+01
2.400000000000000000e+01
-2.000000000000000000e+00
8.000000000000000000e+00
0.000000000000000000e+00
9.000000000000000000e+00
1.100000000000000000e+01
-1.600000000000000000e+01
8.000000000000000000e+00
-2.000000000000000000e+01
-1.200000000000000000e+01
2.500000000000000000e+01
0.000000000000000000e+00
1.100000000000000000e+01
5.000000000000000000e+00
-8.000000000000000000e+00
-1.600000000000000000e+01
3.000000000000000000e+00
-1.300000000000000000e+01
2.600000000000000000e+01
-2.800000000000000000e+01
-1.000000000000000000e+01
4.000000000000000000e+00
-1.900000000000000000e+01
7.000000000000000000e+00
-1.900000000000000000e+01
0.000000000000000000e+00
-1.600000000000000000e+01
-7.000000000000000000e+00
-2.000000000000000000e+00
-1.200000000000000000e+01
5.000000000000000000e+00
-5.000000000000000000e+00
-2.000000000000000000e+00
1.700000000000000000e+01
2.000000000000000000e+01
-6.000000000000000000e+00
-3.100000000000000000e+01
3.200000000000000000e+01
9.000000000000000000e+00
1.300000000000000000e+01
0.000000000000000000e+00
8.000000000000000000e+00
1.600000000000000000e+01
3.000000000000000000e+00
-1.400000000000000000e+01
0.000000000000000000e+00
7.000000000000000000e+00
-2.000000000000000000e+00
-1.100000000000000000e+01
-2.000000000000000000e+00
6.000000000000000000e+00
2.200000000000000000e+01
2.500000000000000000e+01
8.000000000000000000e+00
-2.400000000000000000e+01
-2.200000000000000000e+01
-1.000000000000000000e+01
-1.300000000000000000e+01
-1.000000000000000000e+01
-5.000000000000000000e+00
-1.000000000000000000e+00
0.000000000000000000e+00
3.000000000000000000e+00
-3.500000000000000000e+01
4.100000000000000000e+01
6.000000000000000000e+00
-7.000000000000000000e+00
-3.200000000000000000e+01
-3.400000000000000000e+01
2.300000000000000000e+01
-7.000000000000000000e+00
5.000000000000000000e+00
4.000000000000000000e+00
1.000000000000000000e+00
9.000000000000000000e+00
8.000000000000000000e+00
1.000000000000000000e+01
1.200000000000000000e+01
7.000000000000000000e+00
1.600000000000000000e+01
-2.500000000000000000e+01
-1.000000000000000000e+00
1.700000000000000000e+01
-2.400000000000000000e+01
-5.000000000000000000e+00
0.000000000000000000e+00
-1.900000000000000000e+01
2.000000000000000000e+00
3.900000000000000000e+01
3.000000000000000000e+01
-1.100000000000000000e+01
2.400000000000000000e+01
2.000000000000000000e+01
3.000000000000000000e+00
2.000000000000000000e+00
-1.200000000000000000e+01
2.900000000000000000e+01
1.300000000000000000e+01
-7.000000000000000000e+00
-1.400000000000000000e+01
-1.600000000000000000e+01
1.000000000000000000e+01
2.000000000000000000e+01
-1.600000000000000000e+01
-1.200000000000000000e+01
-8.000000000000000000e+00
-1.100000000000000000e+01
3.200000000000000000e+01
5.000000000000000000e+00
-2.500000000000000000e+01
1.300000000000000000e+01
2.200000000000000000e+01
2.000000000000000000e+00
3.000000000000000000e+00
-1.300000000000000000e+01
1.100000000000000000e+01
6.000000000000000000e+00
2.300000000000000000e+01
0.000000000000000000e+00
-5.000000000000000000e+00
2.400000000000000000e+01
1.900000000000000000e+01
-3.400000000000000000e+01
1.500000000000000000e+01
-1.800000000000000000e+01
-5.000000000000000000e+00
-3.000000000000000000e+00
-6.000000000000000000e+00
-1.100000000000000000e+01
-6.000000000000000000e+00
2.000000000000000000e+00
7.000000000000000000e+00
-2.100000000000000000e+01
1.500000000000000000e+01
-7.000000000000000000e+00
-1.200000000000000000e+01
-4.000000000000000000e+00
-7.000000000000000000e+00
-7.000000000000000000e+00
-1.400000000000000000e+01
2.000000000000000000e+00
-4.000000000000000000e+00
-2.000000000000000000e+00
1.000000000000000000e+00
4.000000000000000000e+00
-1.000000000000000000e+01
1.000000000000000000e+01
1.800000000000000000e+01
-1.800000000000000000e+01
1.000000000000000000e+00
-5.000000000000000000e+00
0.000000000000000000e+00
-6.000000000000000000e+00
-1.100000000000000000e+01
4.000000000000000000e+00
1.500000000000000000e+01
0.000000000000000000e+00
8.000000000000000000e+00
6.000000000000000000e+00
-2.000000000000000000e+01
-1.200000000000000000e+01
1.500000000000000000e+01
1.400000000000000000e+01
-1.000000000000000000e+01
-1.100000000000000000e+01
-2.000000000000000000e+01
8.000000000000000000e+00
-2.600000000000000000e+01
2.300000000000000000e+01
2.000000000000000000e+00
-7.000000000000000000e+00
1.000000000000000000e+00
2.000000000000000000e+00
9.000000000000000000e+00
0.000000000000000000e+00
6.000000000000000000e+00
7.000000000000000000e+00
-9.000000000000000000e+00
8.000000000000000000e+00
2.000000000000000000e+00
6.000000000000000000e+00
1.600000000000000000e+01
1.000000000000000000e+00
-2.600000000000000000e+01
9.000000000000000000e+00
-7.000000000000000000e+00
-1.200000000000000000e+01
-2.300000000000000000e+01
1.000000000000000000e+01
-1.800000000000000000e+01
3.300000000000000000e+01
-1.000000000000000000e+00
4.000000000000000000e+00
1.400000000000000000e+01
-8.000000000000000000e+00
-1.900000000000000000e+01
6.000000000000000000e+00
-2.200000000000000000e+01
-4.000000000000000000e+00
3.000000000000000000e+01
-1.200000000000000000e+01
-6.000000000000000000e+00
-1.500000000000000000e+01
4.000000000000000000e+00
-3.000000000000000000e+00
2.000000000000000000e+00
-6.000000000000000000e+00
-1.900000000000000000e+01
-6.000000000000000000e+00
1.000000000000000000e+00
1.000000000000000000e+00
2.000000000000000000e+00
-2.500000000000000000e+01
3.000000000000000000e+01
8.000000000000000000e+00
-5.000000000000000000e+00
-1.800000000000000000e+01
6.000000000000000000e+00
-1.300000000000000000e+01
-1.000000000000000000e+01
-1.100000000000000000e+01
-1.000000000000000000e+01
-2.400000000000000000e+01
2.200000000000000000e+01
-2.000000000000000000e+00
0.000000000000000000e+00
-8.000000000000000000e+00
-9.000000000000000000e+00
8.000000000000000000e+00
2.000000000000000000e+01
9.000000000000000000e+00
2.300000000000000000e+01
1.700000000000000000e+01
-5.000000000000000000e+00
-1.800000000000000000e+01
1.800000000000000000e+01
1.400000000000000000e+01
1.000000000000000000e+00
1.800000000000000000e+01
3.700000000000000000e+01
-1.400000000000000000e+01
-3.000000000000000000e+00
1.500000000000000000e+01
-2.000000000000000000e+01
-2.300000000000000000e+01
-1.200000000000000000e+01
-1.000000000000000000e+01
4.000000000000000000e+00
2.700000000000000000e+01
6.000000000000000000e+00
2.500000000000000000e+01
1.200000000000000000e+01
1.400000000000000000e+01
-1.000000000000000000e+00
-1.500000000000000000e+01
1.000000000000000000e+01
-1.000000000000000000e+01
1.100000000000000000e+01
1.800000000000000000e+01
-1.300000000000000000e+01
-9.000000000000000000e+00
1.300000000000000000e+01
1.000000000000000000e+00
2.500000000000000000e+01
4.000000000000000000e+00
1.300000000000000000e+01
-3.000000000000000000e+00
-1.300000000000000000e+01
1.000000000000000000e+01
7.000000000000000000e+00
-8.000000000000000000e+00
1.700000000000000000e+01
-6.000000000000000000e+00
4.000000000000000000e+00
8.000000000000000000e+00
3.000000000000000000e+00
-5.000000000000000000e+00
1.000000000000000000e+01
-5.000000000000000000e+00
1.200000000000000000e+01
3.100000000000000000e+01
3.000000000000000000e+01
1.900000000000000000e+01
1.500000000000000000e+01
1.300000000000000000e+01
-1.000000000000000000e+00
4.000000000000000000e+00
-2.200000000000000000e+01
3.400000000000000000e+01
-4.000000000000000000e+00
4.400000000000000000e+01
2.900000000000000000e+01
9.000000000000000000e+00
2.300000000000000000e+01
4.400000000000000000e+01
1.900000000000000000e+01
4.700000000000000000e+01
4.500000000000000000e+01
1.300000000000000000e+01
6.300000000000000000e+01
3.100000000000000000e+01
6.600000000000000000e+01
4.300000000000000000e+01
5.300000000000000000e+01
5.000000000000000000e+01
5.500000000000000000e+01
5.200000000000000000e+01
3.900000000000000000e+01
6.300000000000000000e+01
3.200000000000000000e+01
8.200000000000000000e+01
7.400000000000000000e+01
6.500000000000000000e+01
6.200000000000000000e+01
6.800000000000000000e+01
1.000000000000000000e+02
6.800000000000000000e+01
8.600000000000000000e+01
1.040000000000000000e+02
1.250000000000000000e+02
7.100000000000000000e+01
1.280000000000000000e+02
1.140000000000000000e+02
1.300000000000000000e+02
1.420000000000000000e+02
1.370000000000000000e+02
1.660000000000000000e+02
1.690000000000000000e+02
1.860000000000000000e+02
1.920000000000000000e+02
1.970000000000000000e+02
2.060000000000000000e+02
2.310000000000000000e+02
2.460000000000000000e+02
2.340000000000000000e+02
2.590000000000000000e+02
3.270000000000000000e+02
2.910000000000000000e+02
3.140000000000000000e+02
3.640000000000000000e+02
3.660000000000000000e+02
4.020000000000000000e+02
3.910000000000000000e+02
4.090000000000000000e+02
4.180000000000000000e+02
4.380000000000000000e+02
4.660000000000000000e+02
4.590000000000000000e+02
4.790000000000000000e+02
4.960000000000000000e+02
5.250000000000000000e+02
5.050000000000000000e+02
5.630000000000000000e+02
5.930000000000000000e+02
6.280000000000000000e+02
6.740000000000000000e+02
7.170000000000000000e+02
6.930000000000000000e+02
7.260000000000000000e+02
8.000000000000000000e+02
8.020000000000000000e+02
8.080000000000000000e+02
8.480000000000000000e+02
8.870000000000000000e+02
9.120000000000000000e+02
9.220000000000000000e+02
9.340000000000000000e+02
9.980000000000000000e+02
9.830000000000000000e+02
1.002000000000000000e+03
1.023000000000000000e+03
1.093000000000000000e+03
1.102000000000000000e+03
1.102000000000000000e+03
1.097000000000000000e+03
1.131000000000000000e+03
1.185000000000000000e+03
1.257000000000000000e+03
1.217000000000000000e+03
1.234000000000000000e+03
1.261000000000000000e+03
1.254000000000000000e+03
1.296000000000000000e+03
1.274000000000000000e+03
1.347000000000000000e+03
1.303000000000000000e+03
1.375000000000000000e+03
1.397000000000000000e+03
1.418000000000000000e+03
1.335000000000000000e+03
1.398000000000000000e+03
1.454000000000000000e+03
1.477000000000000000e+03
1.507000000000000000e+03
1.492000000000000000e+03
1.473000000000000000e+03
1.482000000000000000e+03
1.536000000000000000e+03
1.531000000000000000e+03
1.528000000000000000e+03
1.502000000000000000e+03
1.522000000000000000e+03
1.533000000000000000e+03
1.545000000000000000e+03
1.556000000000000000e+03
1.507000000000000000e+03
1.514000000000000000e+03
1.516000000000000000e+03
1.438000000000000000e+03
1.461000000000000000e+03
1.418000000000000000e+03
1.408000000000000000e+03
1.388000000000000000e+03
1.363000000000000000e+03
1.269000000000000000e+03
1.328000000000000000e+03
1.265000000000000000e+03
1.274000000000000000e+03
1.254000000000000000e+03
1.281000000000000000e+03
1.253000000000000000e+03
1.207000000000000000e+03
1.212000000000000000e+03
1.240000000000000000e+03
1.201000000000000000e+03
1.192000000000000000e+03
1.203000000000000000e+03
1.126000000000000000e+03
1.129000000000000000e+03
1.132000000000000000e+03
1.097000000000000000e+03
1.111000000000000000e+03
1.067000000000000000e+03
1.056000000000000000e+03
1.042000000000000000e+03
9.950000000000000000e+02
9.560000000000000000e+02
9.600000000000000000e+02
9.190000000000000000e+02
8.650000000000000000e+02
8.930000000000000000e+02
8.370000000000000000e+02
8.090000000000000000e+02
8.140000000000000000e+02
7.720000000000000000e+02
7.830000000000000000e+02
7.170000000000000000e+02
6.950000000000000000e+02
6.850000000000000000e+02
6.510000000000000000e+02
6.670000000000000000e+02
6.180000000000000000e+02
6.180000000000000000e+02
5.840000000000000000e+02
5.980000000000000000e+02
5.760000000000000000e+02
5.320000000000000000e+02
4.720000000000000000e+02
5.000000000000000000e+02
5.100000000000000000e+02
5.000000000000000000e+02
4.570000000000000000e+02
4.480000000000000000e+02
4.110000000000000000e+02
3.960000000000000000e+02
3.800000000000000000e+02
3.720000000000000000e+02
3.470000000000000000e+02
3.340000000000000000e+02
3.470000000000000000e+02
3.500000000000000000e+02
2.980000000000000000e+02
2.700000000000000000e+02
2.510000000000000000e+02
2.100000000000000000e+02
2.360000000000000000e+02
2.440000000000000000e+02
2.160000000000000000e+02
2.000000000000000000e+02
2.040000000000000000e+02
2.160000000000000000e+02
1.820000000000000000e+02
1.770000000000000000e+02
1.510000000000000000e+02
1.740000000000000000e+02
1.370000000000000000e+02
1.730000000000000000e+02
1.490000000000000000e+02
1.370000000000000000e+02
1.360000000000000000e+02
1.260000000000000000e+02
9.600000000000000000e+01
1.110000000000000000e+02
8.200000000000000000e+01
7.900000000000000000e+01
1.050000000000000000e+02
8.800000000000000000e+01
6.400000000000000000e+01
7.200000000000000000e+01
8.600000000000000000e+01
6.300000000000000000e+01
5.100000000000000000e+01
8.300000000000000000e+01
5.100000000000000000e+01
8.100000000000000000e+01
3.700000000000000000e+01
7.700000000000000000e+01
5.700000000000000000e+01
5.200000000000000000e+01
2.700000000000000000e+01
4.900000000000000000e+01
1.800000000000000000e+01
1.300000000000000000e+01
2.900000000000000000e+01
5.500000000000000000e+01
2.300000000000000000e+01
3.800000000000000000e+01
1.200000000000000000e+01
2.800000000000000000e+01
9.000000000000000000e+00
5.000000000000000000e+00
4.300000000000000000e+01
3.600000000000000000e+01
-5.000000000000000000e+00
1.100000000000000000e+01
3.000000000000000000e+00
1.400000000000000000e+01
3.300000000000000000e+01
2.400000000000000000e+01
2.000000000000000000e+00
1.800000000000000000e+01
-8.000000000000000000e+00
1.900000000000000000e+01
-2.000000000000000000e+00
3.400000000000000000e+01
9.000000000000000000e+00
-1.400000000000000000e+01
1.000000000000000000e+01
1.700000000000000000e+01
2.400000000000000000e+01
9.000000000000000000e+00
2.200000000000000000e+01
2.300000000000000000e+01
2.300000000000000000e+01
1.400000000000000000e+01
1.100000000000000000e+01
-3.000000000000000000e+00
5.000000000000000000e+00
2.300000000000000000e+01
3.000000000000000000e+00
8.000000000000000000e+00
3.300000000000000000e+01
6.000000000000000000e+00
1.200000000000000000e+01
2.800000000000000000e+01
2.200000000000000000e+01
1.800000000000000000e+01
1.000000000000000000e+00
-9.000000000000000000e+00
1.000000000000000000e+00
2.000000000000000000e+00
6.000000000000000000e+00
-1.000000000000000000e+00
-1.400000000000000000e+01
6.000000000000000000e+00
-1.800000000000000000e+01
-1.000000000000000000e+01
-1.600000000000000000e+01
-1.700000000000000000e+01
-1.600000000000000000e+01
-1.600000000000000000e+01
1.500000000000000000e+01
-5.000000000000000000e+00
7.000000000000000000e+00
9.000000000000000000e+00
2.300000000000000000e+01
-2.100000000000000000e+01
-2.000000000000000000e+00
2.000000000000000000e+00
7.000000000000000000e+00
-7.000000000000000000e+00
-4.000000000000000000e+00
-4.000000000000000000e+00
0.000000000000000000e+00
6.000000000000000000e+00
-1.200000000000000000e+01
-5.000000000000000000e+00
-3.200000000000000000e+01
-1.110000000000000000e+02
2.100000000000000000e+01
-2.000000000000000000e+01
-1.000000000000000000e+00
-8.000000000000000000e+00
-1.000000000000000000e+01
6.000000000000000000e+00
9.000000000000000000e+00
1.600000000000000000e+01
-1.000000000000000000e+01
4.000000000000000000e+00
2.000000000000000000e+00
1.700000000000000000e+01
-1.300000000000000000e+01
3.200000000000000000e+01
3.000000000000000000e+00
-1.000000000000000000e+00
5.000000000000000000e+00
-3.000000000000000000e+00
