-4.000000000000000000e+00
1.000000000000000000e+00
-4.000000000000000000e+00
-2.000000000000000000e+00
-2.300000000000000000e+01
-2.600000000000000000e+01
-9.000000000000000000e+00
7.000000000000000000e+00
-8.000000000000000000e+00
1.000000000000000000e+00
-1.200000000000000000e+01
-4.000000000000000000e+00
0.000000000000000000e+00
-5.000000000000000000e+00
-3.300000000000000000e+01
3.000000000000000000e+00
6.000000000000000000e+00
3.000000000000000000e+00
-2.200000000000000000e+01
-2.900000000000000000e+01
-4.800000000000000000e+01
-7.000000000000000000e+00
-2.100000000000000000e+01
-6.000000000000000000e+00
-1.400000000000000000e+01
-9.000000000000000000e+00
-8.000000000000000000e+00
-5.000000000000000000e+00
-1.700000000000000000e+01
-4.400000000000000000e+01
-3.700000000000000000e+01
-2.500000000000000000e+01
-1.000000000000000000e+00
-3.200000000000000000e+01
-1.600000000000000000e+01
-2.800000000000000000e+01
-3.800000000000000000e+01
4.000000000000000000e+00
-8.000000000000000000e+00
-1.700000000000000000e+01
-1.100000000000000000e+01
-2.800000000000000000e+01
-4.400000000000000000e+01
2.000000000000000000e+00
-2.000000000000000000e+01
-3.100000000000000000e+01
-3.700000000000000000e+01
-3.400000000000000000e+01
-1.200000000000000000e+01
9.000000000000000000e+00
-2.300000000000000000e+01
-3.200000000000000000e+01
-2.000000000000000000e+01
-2.400000000000000000e+01
-3.800000000000000000e+01
-2.600000000000000000e+01
-4.900000000000000000e+01
-1.400000000000000000e+01
-7.000000000000000000e+00
-1.000000000000000000e+00
-1.400000000000000000e+01
-2.700000000000000000e+01
-4.200000000000000000e+01
-7.000000000000000000e+00
-2.000000000000000000e+00
-1.400000000000000000e+01
-2.500000000000000000e+01
-4.000000000000000000e+00
-1.900000000000000000e+01
9.000000000000000000e+00
-3.000000000000000000e+01
-1.100000000000000000e+01
-1.600000000000000000e+01
-2.900000000000000000e+01
-1.800000000000000000e+01
-1.100000000000000000e+01
-1.100000000000000000e+01
-4.100000000000000000e+01
6.000000000000000000e+00
-1.100000000000000000e+01
-2.000000000000000000e+00
-3.700000000000000000e+01
-5.200000000000000000e+01
0.000000000000000000e+00
-1.100000000000000000e+01
-7.000000000000000000e+00
-1.000000000000000000e+01
-1.700000000000000000e+01
-5.000000000000000000e+00
5.000000000000000000e+00
-2.400000000000000000e+01
-1.900000000000000000e+01
-2.900000000000000000e+01
-3.900000000000000000e+01
1.000000000000000000e+00
-4.000000000000000000e+00
-3.200000000000000000e+01
-2.600000000000000000e+01
-2.100000000000000000e+01
1.100000000000000000e+01
-2.700000000000000000e+01
-1.900000000000000000e+01
-2.700000000000000000e+01
-1.400000000000000000e+01
-1.000000000000000000e+00
-3.300000000000000000e+01
-2.800000000000000000e+01
-3.000000000000000000e+00
-3.200000000000000000e+01
-2.200000000000000000e+01
-8.000000000000000000e+00
-2.100000000000000000e+01
-5.400000000000000000e+01
-2.500000000000000000e+01
-3.500000000000000000e+01
-3.200000000000000000e+01
1.000000000000000000e+00
-4.100000000000000000e+01
-9.000000000000000000e+00
-3.900000000000000000e+01
7.000000000000000000e+00
-7.000000000000000000e+00
-2.300000000000000000e+01
-3.600000000000000000e+01
4.400000000000000000e+01
-3.900000000000000000e+01
-1.000000000000000000e+01
-9.000000000000000000e+00
-3.400000000000000000e+01
-2.800000000000000000e+01
-2.600000000000000000e+01
-1.400000000000000000e+01
-7.000000000000000000e+00
-1.100000000000000000e+01
-2.600000000000000000e+01
9.000000000000000000e+00
-5.100000000000000000e+01
-3.600000000000000000e+01
-1.000000000000000000e+00
-3.800000000000000000e+01
-4.800000000000000000e+01
-5.300000000000000000e+01
3.100000000000000000e+01
-9.000000000000000000e+00
-1.100000000000000000e+01
-2.100000000000000000e+01
-4.500000000000000000e+01
-2.600000000000000000e+01
-4.900000000000000000e+01
-8.000000000000000000e+00
-4.200000000000000000e+01
-3.100000000000000000e+01
-2.900000000000000000e+01
-2.500000000000000000e+01
-8.000000000000000000e+00
-3.400000000000000000e+01
-3.700000000000000000e+01
-3.200000000000000000e+01
6.000000000000000000e+00
-3.200000000000000000e+01
-5.000000000000000000e+00
-2.800000000000000000e+01
0.000000000000000000e+00
-4.300000000000000000e+01
-4.000000000000000000e+01
-1.100000000000000000e+01
-1.100000000000000000e+01
-1.600000000000000000e+01
-8.000000000000000000e+00
-1.900000000000000000e+01
-4.800000000000000000e+01
-2.700000000000000000e+01
-3.000000000000000000e+01
-3.300000000000000000e+01
-4.000000000000000000e+00
-7.000000000000000000e+00
-2.500000000000000000e+01
-3.700000000000000000e+01
-1.800000000000000000e+01
-4.000000000000000000e+01
-9.000000000000000000e+00
1.800000000000000000e+01
-4.800000000000000000e+01
-1.800000000000000000e+01
1.000000000000000000e+00
-2.700000000000000000e+01
-1.300000000000000000e+01
-1.900000000000000000e+01
4.000000000000000000e+00
-2.100000000000000000e+01
-3.000000000000000000e+00
-1.900000000000000000e+01
-3.300000000000000000e+01
-3.000000000000000000e+00
8.000000000000000000e+00
-8.000000000000000000e+00
-4.000000000000000000e+01
-3.900000000000000000e+01
-3.400000000000000000e+01
-1.700000000000000000e+01
-1.500000000000000000e+01
-3.000000000000000000e+01
-2.100000000000000000e+01
-6.000000000000000000e+00
-3.000000000000000000e+01
-7.000000000000000000e+00
-6.000000000000000000e+01
-2.600000000000000000e+01
-3.000000000000000000e+01
-8.000000000000000000e+00
1.700000000000000000e+01
-9.000000000000000000e+00
-5.300000000000000000e+01
-1.600000000000000000e+01
-9.000000000000000000e+00
-8.000000000000000000e+00
-3.100000000000000000e+01
-1.000000000000000000e+01
-2.400000000000000000e+01
-4.600000000000000000e+01
-5.100000000000000000e+01
-1.900000000000000000e+01
-3.400000000000000000e+01
-2.600000000000000000e+01
-5.200000000000000000e+01
-3.500000000000000000e+01
-3.100000000000000000e+01
-2.100000000000000000e+01
-1.400000000000000000e+01
-2.600000000000000000e+01
1.600000000000000000e+01
-1.000000000000000000e+01
-2.800000000000000000e+01
-9.000000000000000000e+00
-2.300000000000000000e+01
1.000000000000000000e+00
-1.700000000000000000e+01
-1.000000000000000000e+00
-3.600000000000000000e+01
-2.600000000000000000e+01
-3.600000000000000000e+01
-2.900000000000000000e+01
-3.800000000000000000e+01
2.300000000000000000e+01
-1.500000000000000000e+01
-2.100000000000000000e+01
-2.200000000000000000e+01
-1.100000000000000000e+01
-2.100000000000000000e+01
-2.900000000000000000e+01
-2.000000000000000000e+01
-1.000000000000000000e+01
-7.000000000000000000e+00
4.000000000000000000e+00
7.000000000000000000e+00
-4.700000000000000000e+01
-1.700000000000000000e+01
-1.000000000000000000e+00
1.000000000000000000e+00
3.000000000000000000e+01
-1.300000000000000000e+01
-9.000000000000000000e+00
-2.000000000000000000e+01
-3.100000000000000000e+01
-2.700000000000000000e+01
-2.200000000000000000e+01
-1.900000000000000000e+01
-3.300000000000000000e+01
-1.400000000000000000e+01
-2.400000000000000000e+01
-1.600000000000000000e+01
-3.700000000000000000e+01
-1.000000000000000000e+01
6.000000000000000000e+00
-2.000000000000000000e+01
-1.700000000000000000e+01
-1.000000000000000000e+01
-1.900000000000000000e+01
-1.000000000000000000e+01
-2.500000000000000000e+01
-2.000000000000000000e+00
4.000000000000000000e+00
-5.500000000000000000e+01
2.000000000000000000e+00
1.000000000000000000e+01
-3.700000000000000000e+01
-2.100000000000000000e+01
-2.200000000000000000e+01
-1.900000000000000000e+01
-3.200000000000000000e+01
-1.300000000000000000e+01
1.500000000000000000e+01
-2.700000000000000000e+01
-5.000000000000000000e+00
-3.300000000000000000e+01
-8.000000000000000000e+00
-1.000000000000000000e+01
1.500000000000000000e+01
-3.700000000000000000e+01
-3.800000000000000000e+01
-2.800000000000000000e+01
3.000000000000000000e+00
-1.900000000000000000e+01
-2.000000000000000000e+00
-4.200000000000000000e+01
-4.000000000000000000e+00
-5.000000000000000000e+00
-3.000000000000000000e+00
-3.800000000000000000e+01
-3.500000000000000000e+01
-2.700000000000000000e+01
2.400000000000000000e+01
-1.900000000000000000e+01
-2.800000000000000000e+01
-2.700000000000000000e+01
-6.000000000000000000e+00
-3.000000000000000000e+01
-8.000000000000000000e+00
-3.600000000000000000e+01
-3.500000000000000000e+01
-5.500000000000000000e+01
-1.500000000000000000e+01
1.800000000000000000e+01
0.000000000000000000e+00
1.000000000000000000e+00
-2.100000000000000000e+01
-3.000000000000000000e+01
3.000000000000000000e+00
-2.100000000000000000e+01
-4.100000000000000000e+01
-5.000000000000000000e+00
1.000000000000000000e+00
-2.000000000000000000e+01
-1.000000000000000000e+01
8.000000000000000000e+00
-2.900000000000000000e+01
-3.000000000000000000e+00
-3.200000000000000000e+01
-7.000000000000000000e+00
-9.000000000000000000e+00
-1.100000000000000000e+01
-7.000000000000000000e+00
-1.200000000000000000e+01
-1.100000000000000000e+01
-4.700000000000000000e+01
-2.800000000000000000e+01
-1.500000000000000000e+01
-1.200000000000000000e+01
-3.000000000000000000e+00
-1.000000000000000000e+00
-2.900000000000000000e+01
-1.400000000000000000e+01
-2.000000000000000000e+00
-1.100000000000000000e+01
-1.200000000000000000e+01
-1.600000000000000000e+01
-1.900000000000000000e+01
-1.700000000000000000e+01
9.000000000000000000e+00
-3.000000000000000000e+00
-3.900000000000000000e+01
-7.000000000000000000e+00
-7.000000000000000000e+00
1.000000000000000000e+00
-3.000000000000000000e+00
4.000000000000000000e+00
-5.000000000000000000e+00
-1.000000000000000000e+00
-3.100000000000000000e+01
-3.000000000000000000e+01
-9.000000000000000000e+00
2.000000000000000000e+00
-2.000000000000000000e+00
-3.400000000000000000e+01
-2.600000000000000000e+01
-3.600000000000000000e+01
-2.100000000000000000e+01
-1.000000000000000000e+01
-4.100000000000000000e+01
-1.100000000000000000e+01
-2.600000000000000000e+01
-3.700000000000000000e+01
-8.000000000000000000e+00
-3.000000000000000000e+01
-2.700000000000000000e+01
-4.100000000000000000e+01
-2.700000000000000000e+01
-7.000000000000000000e+00
6.000000000000000000e+00
-4.000000000000000000e+00
-2.900000000000000000e+01
9.000000000000000000e+00
-1.400000000000000000e+01
-3.100000000000000000e+01
-4.300000000000000000e+01
-3.200000000000000000e+01
1.000000000000000000e+01
-2.800000000000000000e+01
-2.000000000000000000e+00
-7.000000000000000000e+00
-7.000000000000000000e+00
-5.800000000000000000e+01
-2.300000000000000000e+01
-1.700000000000000000e+01
-3.800000000000000000e+01
-2.700000000000000000e+01
-1.600000000000000000e+01
-1.000000000000000000e+01
-2.300000000000000000e+01
-3.600000000000000000e+01
0.000000000000000000e+00
2.000000000000000000e+00
-1.900000000000000000e+01
-6.000000000000000000e+00
-7.000000000000000000e+00
-6.100000000000000000e+01
-1.400000000000000000e+01
-3.000000000000000000e+01
6.000000000000000000e+00
-4.200000000000000000e+01
8.000000000000000000e+00
-1.700000000000000000e+01
-1.300000000000000000e+01
2.900000000000000000e+01
8.000000000000000000e+00
-2.500000000000000000e+01
-2.000000000000000000e+01
-1.400000000000000000e+01
-2.500000000000000000e+01
-1.900000000000000000e+01
-1.800000000000000000e+01
-5.300000000000000000e+01
-2.100000000000000000e+01
-1.900000000000000000e+01
-1.100000000000000000e+01
-1.400000000000000000e+01
2.100000000000000000e+01
-4.500000000000000000e+01
-8.000000000000000000e+00
-2.500000000000000000e+01
-1.200000000000000000e+01
-1.900000000000000000e+01
-1.500000000000000000e+01
-4.700000000000000000e+01
-6.000000000000000000e+00
-3.100000000000000000e+01
-1.200000000000000000e+01
-2.800000000000000000e+01
-1.500000000000000000e+01
-1.300000000000000000e+01
-2.000000000000000000e+00
-1.900000000000000000e+01
-2.600000000000000000e+01
-4.500000000000000000e+01
-3.500000000000000000e+01
-1.200000000000000000e+01
-9.000000000000000000e+00
-7.000000000000000000e+00
-1.800000000000000000e+01
-3.900000000000000000e+01
-9.000000000000000000e+00
-2.300000000000000000e+01
-7.000000000000000000e+00
-1.400000000000000000e+01
-1.300000000000000000e+01
-2.800000000000000000e+01
-1.800000000000000000e+01
-2.500000000000000000e+01
-1.300000000000000000e+01
-1.300000000000000000e+01
-2.800000000000000000e+01
-2.200000000000000000e+01
-1.300000000000000000e+01
7.000000000000000000e+00
-3.900000000000000000e+01
-1.000000000000000000e+01
-3.300000000000000000e+01
1.200000000000000000e+01
-6.000000000000000000e+00
-3.600000000000000000e+01
-3.200000000000000000e+01
-3.200000000000000000e+01
-2.100000000000000000e+01
-4.400000000000000000e+01
5.000000000000000000e+00
4.000000000000000000e+00
-1.300000000000000000e+01
-2.300000000000000000e+01
7.000000000000000000e+00
-1.700000000000000000e+01
-3.700000000000000000e+01
0.000000000000000000e+00
-2.000000000000000000e+00
-2.300000000000000000e+01
-1.700000000000000000e+01
-7.000000000000000000e+00
-3.000000000000000000e+01
-8.000000000000000000e+00
-1.800000000000000000e+01
-1.600000000000000000e+01
-1.300000000000000000e+01
-1.400000000000000000e+01
-9.000000000000000000e+00
1.800000000000000000e+01
2.100000000000000000e+01
8.000000000000000000e+00
-4.400000000000000000e+01
-4.000000000000000000e+00
-3.300000000000000000e+01
-1.800000000000000000e+01
-1.800000000000000000e+01
-1.900000000000000000e+01
-4.600000000000000000e+01
-1.600000000000000000e+01
1.200000000000000000e+01
-4.000000000000000000e+00
-1.400000000000000000e+01
-2.600000000000000000e+01
-3.000000000000000000e+01
-7.000000000000000000e+00
7.000000000000000000e+00
-1.200000000000000000e+01
8.000000000000000000e+00
-4.200000000000000000e+01
0.000000000000000000e+00
-2.000000000000000000e+00
-1.500000000000000000e+01
-1.300000000000000000e+01
-1.200000000000000000e+01
-8.000000000000000000e+00
-3.000000000000000000e+00
6.000000000000000000e+00
0.000000000000000000e+00
1.200000000000000000e+01
1.600000000000000000e+01
-6.000000000000000000e+00
1.700000000000000000e+01
2.000000000000000000e+00
3.800000000000000000e+01
-9.000000000000000000e+00
-2.200000000000000000e+01
1.300000000000000000e+01
3.000000000000000000e+00
4.000000000000000000e+00
5.000000000000000000e+00
-6.300000000000000000e+01
-5.000000000000000000e+00
-2.300000000000000000e+01
-1.300000000000000000e+01
-1.100000000000000000e+01
1.600000000000000000e+01
-3.300000000000000000e+01
1.100000000000000000e+01
-1.500000000000000000e+01
1.700000000000000000e+01
-1.800000000000000000e+01
-5.000000000000000000e+00
-8.000000000000000000e+00
-4.000000000000000000e+01
-2.200000000000000000e+01
-4.100000000000000000e+01
-1.900000000000000000e+01
-4.200000000000000000e+01
1.000000000000000000e+01
-6.000000000000000000e+00
-2.300000000000000000e+01
-3.000000000000000000e+00
4.000000000000000000e+00
-3.700000000000000000e+01
-1.600000000000000000e+01
1.200000000000000000e+01
3.000000000000000000e+00
-1.900000000000000000e+01
-1.400000000000000000e+01
1.800000000000000000e+01
-5.100000000000000000e+01
5.000000000000000000e+00
-1.300000000000000000e+01
0.000000000000000000e+00
7.000000000000000000e+00
-4.000000000000000000e+01
-1.100000000000000000e+01
-1.300000000000000000e+01
-4.900000000000000000e+01
-1.500000000000000000e+01
-3.500000000000000000e+01
-2.100000000000000000e+01
-3.500000000000000000e+01
5.000000000000000000e+00
1.000000000000000000e+01
-2.400000000000000000e+01
-3.400000000000000000e+01
-1.600000000000000000e+01
-3.400000000000000000e+01
7.000000000000000000e+00
-5.000000000000000000e+00
-2.600000000000000000e+01
-8.000000000000000000e+00
1.400000000000000000e+01
-1.200000000000000000e+01
-2.500000000000000000e+01
-3.400000000000000000e+01
-1.400000000000000000e+01
-4.000000000000000000e+01
1.400000000000000000e+01
-1.900000000000000000e+01
-3.600000000000000000e+01
-2.100000000000000000e+01
-6.000000000000000000e+00
-2.100000000000000000e+01
4.000000000000000000e+00
-3.200000000000000000e+01
1.000000000000000000e+00
-2.000000000000000000e+01
-5.000000000000000000e+00
-1.900000000000000000e+01
1.000000000000000000e+00
2.200000000000000000e+01
-1.600000000000000000e+01
-1.700000000000000000e+01
-3.600000000000000000e+01
0.000000000000000000e+00
-1.800000000000000000e+01
-2.700000000000000000e+01
-5.000000000000000000e+00
-2.200000000000000000e+01
-2.000000000000000000e+01
1.000000000000000000e+00
-2.300000000000000000e+01
1.000000000000000000e+00
-2.000000000000000000e+01
-9.000000000000000000e+00
-3.400000000000000000e+01
7.000000000000000000e+00
-7.000000000000000000e+00
-4.700000000000000000e+01
-3.000000000000000000e+01
1.700000000000000000e+01
-1.100000000000000000e+01
-4.100000000000000000e+01
-1.000000000000000000e+01
-1.100000000000000000e+01
-5.300000000000000000e+01
3.000000000000000000e+00
-2.600000000000000000e+01
-1.300000000000000000e+01
-5.000000000000000000e+00
-3.700000000000000000e+01
2.000000000000000000e+00
-1.000000000000000000e+01
-3.000000000000000000e+00
-7.000000000000000000e+00
-2.200000000000000000e+01
-1.700000000000000000e+01
-2.900000000000000000e+01
-1.200000000000000000e+01
-5.000000000000000000e+00
-2.600000000000000000e+01
-3.500000000000000000e+01
-1.500000000000000000e+01
-2.000000000000000000e+01
-3.300000000000000000e+01
1.600000000000000000e+01
-1.000000000000000000e+01
-3.700000000000000000e+01
-3.400000000000000000e+01
-3.000000000000000000e+00
-2.700000000000000000e+01
-2.200000000000000000e+01
2.000000000000000000e+01
-1.000000000000000000e+01
-1.600000000000000000e+01
-1.400000000000000000e+01
2.100000000000000000e+01
4.000000000000000000e+00
-9.000000000000000000e+00
-7.000000000000000000e+00
6.000000000000000000e+00
-1.500000000000000000e+01
-1.900000000000000000e+01
1.600000000000000000e+01
-2.700000000000000000e+01
9.000000000000000000e+00
-4.000000000000000000e+01
-1.000000000000000000e+00
-1.000000000000000000e+00
0.000000000000000000e+00
-3.700000000000000000e+01
-4.000000000000000000e+00
-1.000000000000000000e+00
-1.000000000000000000e+01
7.000000000000000000e+00
-1.500000000000000000e+01
-2.500000000000000000e+01
-2.300000000000000000e+01
2.200000000000000000e+01
-1.000000000000000000e+01
1.000000000000000000e+01
-3.000000000000000000e+00
-1.000000000000000000e+00
-2.900000000000000000e+01
-8.000000000000000000e+00
-3.000000000000000000e+01
-9.000000000000000000e+00
-1.100000000000000000e+01
-9.000000000000000000e+00
-2.500000000000000000e+01
-1.000000000000000000e+00
-1.000000000000000000e+01
8.000000000000000000e+00
6.000000000000000000e+00
1.000000000000000000e+00
-2.600000000000000000e+01
1.000000000000000000e+00
-1.100000000000000000e+01
1.800000000000000000e+01
-1.800000000000000000e+01
-5.000000000000000000e+00
-1.600000000000000000e+01
-2.000000000000000000e+01
1.800000000000000000e+01
-1.800000000000000000e+01
-8.000000000000000000e+00
1.600000000000000000e+01
4.000000000000000000e+00
-9.000000000000000000e+00
-1.700000000000000000e+01
-2.500000000000000000e+01
-1.600000000000000000e+01
-1.200000000000000000e+01
2.400000000000000000e+01
-2.900000000000000000e+01
-4.000000000000000000e+01
-6.000000000000000000e+00
1.700000000000000000e+01
-3.700000000000000000e+01
1.600000000000000000e+01
-1.600000000000000000e+01
-1.000000000000000000e+00
-1.300000000000000000e+01
8.000000000000000000e+00
1.500000000000000000e+01
-7.000000000000000000e+00
2.100000000000000000e+01
1.100000000000000000e+01
4.000000000000000000e+00
2.100000000000000000e+01
-2.000000000000000000e+00
-3.000000000000000000e+00
1.300000000000000000e+01
-1.000000000000000000e+01
1.300000000000000000e+01
2.400000000000000000e+01
5.000000000000000000e+00
3.100000000000000000e+01
-2.100000000000000000e+01
7.000000000000000000e+00
3.000000000000000000e+01
8.000000000000000000e+00
-7.000000000000000000e+00
-9.000000000000000000e+00
1.800000000000000000e+01
3.000000000000000000e+00
-1.100000000000000000e+01
1.100000000000000000e+01
0.000000000000000000e+00
2.200000000000000000e+01
3.000000000000000000e+00
8.000000000000000000e+00
-4.000000000000000000e+01
-7.000000000000000000e+00
1.100000000000000000e+01
-5.000000000000000000e+00
-3.300000000000000000e+01
-7.000000000000000000e+00
7.000000000000000000e+00
-8.000000000000000000e+00
1.000000000000000000e+00
-1.200000000000000000e+01
2.200000000000000000e+01
-8.000000000000000000e+00
-6.000000000000000000e+00
-6.000000000000000000e+00
1.200000000000000000e+01
-1.700000000000000000e+01
-1.700000000000000000e+01
2.000000000000000000e+00
-2.300000000000000000e+01
-9.000000000000000000e+00
6.000000000000000000e+00
6.000000000000000000e+00
-2.000000000000000000e+01
-1.200000000000000000e+01
-1.200000000000000000e+01
1.500000000000000000e+01
2.300000000000000000e+01
-1.300000000000000000e+01
-3.900000000000000000e+01
1.000000000000000000e+01
1.400000000000000000e+01
-3.100000000000000000e+01
7.000000000000000000e+00
2.100000000000000000e+01
1.900000000000000000e+01
-2.000000000000000000e+00
-2.000000000000000000e+01
9.000000000000000000e+00
-1.400000000000000000e+01
-2.300000000000000000e+01
4.200000000000000000e+01
6.000000000000000000e+00
0.000000000000000000e+00
4.000000000000000000e+01
-5.000000000000000000e+00
-1.200000000000000000e+01
-1.300000000000000000e+01
1.300000000000000000e+01
-1.500000000000000000e+01
2.000000000000000000e+00
2.300000000000000000e+01
5.000000000000000000e+00
1.800000000000000000e+01
1.900000000000000000e+01
-1.800000000000000000e+01
4.400000000000000000e+01
1.900000000000000000e+01
-1.200000000000000000e+01
2.600000000000000000e+01
1.500000000000000000e+01
8.000000000000000000e+00
2.000000000000000000e+01
-4.000000000000000000e+00
-1.800000000000000000e+01
6.000000000000000000e+00
4.500000000000000000e+01
-2.200000000000000000e+01
2.400000000000000000e+01
7.000000000000000000e+00
1.200000000000000000e+01
-2.000000000000000000e+00
1.500000000000000000e+01
2.200000000000000000e+01
1.000000000000000000e+01
4.000000000000000000e+01
2.000000000000000000e+01
2.400000000000000000e+01
-2.100000000000000000e+01
-1.900000000000000000e+01
1.900000000000000000e+01
-7.000000000000000000e+00
2.100000000000000000e+01
-1.800000000000000000e+01
-4.000000000000000000e+00
-1.900000000000000000e+01
2.900000000000000000e+01
-3.400000000000000000e+01
2.400000000000000000e+01
7.000000000000000000e+00
1.000000000000000000e+00
3.800000000000000000e+01
-1.200000000000000000e+01
-6.000000000000000000e+00
2.700000000000000000e+01
-1.700000000000000000e+01
2.900000000000000000e+01
-1.800000000000000000e+01
1.300000000000000000e+01
2.500000000000000000e+01
6.000000000000000000e+00
1.600000000000000000e+01
2.400000000000000000e+01
4.000000000000000000e+00
2.100000000000000000e+01
3.100000000000000000e+01
1.600000000000000000e+01
2.300000000000000000e+01
6.000000000000000000e+01
6.000000000000000000e+01
3.900000000000000000e+01
5.200000000000000000e+01
3.300000000000000000e+01
7.500000000000000000e+01
4.700000000000000000e+01
7.100000000000000000e+01
5.800000000000000000e+01
9.300000000000000000e+01
9.100000000000000000e+01
1.160000000000000000e+02
1.080000000000000000e+02
1.330000000000000000e+02
1.630000000000000000e+02
1.780000000000000000e+02
1.750000000000000000e+02
2.020000000000000000e+02
2.510000000000000000e+02
3.110000000000000000e+02
3.130000000000000000e+02
3.110000000000000000e+02
3.650000000000000000e+02
4.170000000000000000e+02
4.860000000000000000e+02
5.520000000000000000e+02
6.330000000000000000e+02
6.760000000000000000e+02
8.280000000000000000e+02
9.040000000000000000e+02
9.830000000000000000e+02
1.126000000000000000e+03
1.221000000000000000e+03
1.311000000000000000e+03
1.478000000000000000e+03
1.625000000000000000e+03
1.794000000000000000e+03
1.947000000000000000e+03
2.049000000000000000e+03
2.217000000000000000e+03
2.334000000000000000e+03
2.558000000000000000e+03
2.768000000000000000e+03
2.852000000000000000e+03
3.006000000000000000e+03
3.200000000000000000e+03
3.370000000000000000e+03
3.537000000000000000e+03
3.648000000000000000e+03
3.788000000000000000e+03
3.909000000000000000e+03
4.016000000000000000e+03
4.089000000000000000e+03
4.114000000000000000e+03
4.338000000000000000e+03
4.316000000000000000e+03
4.363000000000000000e+03
4.411000000000000000e+03
4.413000000000000000e+03
4.411000000000000000e+03
4.427000000000000000e+03
4.337000000000000000e+03
4.371000000000000000e+03
4.325000000000000000e+03
4.192000000000000000e+03
4.048000000000000000e+03
3.962000000000000000e+03
3.945000000000000000e+03
3.787000000000000000e+03
3.610000000000000000e+03
3.481000000000000000e+03
3.386000000000000000e+03
3.261000000000000000e+03
3.152000000000000000e+03
2.981000000000000000e+03
2.749000000000000000e+03
2.617000000000000000e+03
2.436000000000000000e+03
2.244000000000000000e+03
2.097000000000000000e+03
2.023000000000000000e+03
1.822000000000000000e+03
1.728000000000000000e+03
1.587000000000000000e+03
1.389000000000000000e+03
1.330000000000000000e+03
1.163000000000000000e+03
1.108000000000000000e+03
9.540000000000000000e+02
8.800000000000000000e+02
7.870000000000000000e+02
7.330000000000000000e+02
6.270000000000000000e+02
5.100000000000000000e+02
4.850000000000000000e+02
4.250000000000000000e+02
3.250000000000000000e+02
3.200000000000000000e+02
2.860000000000000000e+02
2.350000000000000000e+02
1.990000000000000000e+02
1.880000000000000000e+02
1.500000000000000000e+02
1.340000000000000000e+02
1.070000000000000000e+02
6.300000000000000000e+01
5.700000000000000000e+01
3.500000000000000000e+01
4.200000000000000000e+01
2.600000000000000000e+01
4.000000000000000000e+00
6.200000000000000000e+01
8.000000000000000000e+00
1.000000000000000000e+01
2.400000000000000000e+01
-3.500000000000000000e+01
-7.000000000000000000e+00
-1.500000000000000000e+01
0.000000000000000000e+00
-5.000000000000000000e+00
-4.000000000000000000e+00
-2.300000000000000000e+01
-2.400000000000000000e+01
-9.000000000000000000e+00
2.900000000000000000e+01
-6.000000000000000000e+00
2.500000000000000000e+01
2.000000000000000000e+00
-1.400000000000000000e+01
1.000000000000000000e+01
-2.300000000000000000e+01
-2.000000000000000000e+00
3.100000000000000000e+01
-1.100000000000000000e+01
1.000000000000000000e+00
4.000000000000000000e+00
1.000000000000000000e+01
3.000000000000000000e+00
-1.000000000000000000e+01
1.300000000000000000e+01
-6.000000000000000000e+00
2.600000000000000000e+01
-1.800000000000000000e+01
-4.600000000000000000e+01
-1.100000000000000000e+01
4.000000000000000000e+00
1.000000000000000000e+00
1.900000000000000000e+01
-1.900000000000000000e+01
1.400000000000000000e+01
2.800000000000000000e+01
-2.300000000000000000e+01
-2.700000000000000000e+01
-6.000000000000000000e+00
1.000000000000000000e+01
-8.000000000000000000e+00
9.000000000000000000e+00
2.000000000000000000e+01
-2.500000000000000000e+01
-2.000000000000000000e+01
-1.400000000000000000e+01
-3.000000000000000000e+00
2.100000000000000000e+01
-4.000000000000000000e+00
-2.100000000000000000e+01
-9.000000000000000000e+00
1.900000000000000000e+01
-7.000000000000000000e+00
-1.200000000000000000e+01
2.200000000000000000e+01
-1.100000000000000000e+01
-1.900000000000000000e+01
9.000000000000000000e+00
-5.000000000000000000e+00
-6.000000000000000000e+00
-2.000000000000000000e+01
2.400000000000000000e+01
1.500000000000000000e+01
9.000000000000000000e+00
-1.700000000000000000e+01
-1.300000000000000000e+01
-6.000000000000000000e+00
-1.100000000000000000e+01
4.000000000000000000e+00
-2.900000000000000000e+01
-3.300000000000000000e+01
9.000000000000000000e+00
-1.100000000000000000e+01
1.600000000000000000e+01
-2.300000000000000000e+01
4.000000000000000000e+00
1.700000000000000000e+01
2.400000000000000000e+01
-2.100000000000000000e+01
-2.200000000000000000e+01
1.600000000000000000e+01
1.000000000000000000e+01
-1.700000000000000000e+01
-8.000000000000000000e+00
-1.000000000000000000e+00
1.200000000000000000e+01
-2.800000000000000000e+01
-1.000000000000000000e+00
-9.000000000000000000e+00
-1.700000000000000000e+01
2.100000000000000000e+01
-2.100000000000000000e+01
9.000000000000000000e+00
2.800000000000000000e+01
9.000000000000000000e+00
-2.600000000000000000e+01
-2.400000000000000000e+01
-4.200000000000000000e+01
1.600000000000000000e+01
-2.300000000000000000e+01
-1.400000000000000000e+01
1.000000000000000000e+00
-7.000000000000000000e+00
1.200000000000000000e+01
-1.900000000000000000e+01
-2.000000000000000000e+01
1.300000000000000000e+01
-4.000000000000000000e+00
-4.000000000000000000e+00
1.200000000000000000e+01
-1.700000000000000000e+01
-4.800000000000000000e+01
-1.500000000000000000e+01
-1.600000000000000000e+01
-4.000000000000000000e+01
-1.000000000000000000e+00
1.300000000000000000e+01
-3.900000000000000000e+01
-7.000000000000000000e+00
5.000000000000000000e+00
-3.200000000000000000e+01
1.400000000000000000e+01
3.000000000000000000e+00
-6.000000000000000000e+00
-1.300000000000000000e+01
-1.400000000000000000e+01
-3.300000000000000000e+01
2.000000000000000000e+00
-4.700000000000000000e+01
-1.000000000000000000e+01
-1.900000000000000000e+01
1.200000000000000000e+01
-2.400000000000000000e+01
1.900000000000000000e+01
-1.000000000000000000e+01
1.300000000000000000e+01
-9.000000000000000000e+00
1.900000000000000000e+01
1.700000000000000000e+01
-3.000000000000000000e+00
-3.000000000000000000e+00
8.000000000000000000e+00
-1.500000000000000000e+01
8.000000000000000000e+00
1.700000000000000000e+01
-2.000000000000000000e+01
8.000000000000000000e+00
-2.900000000000000000e+01
-2.400000000000000000e+01
-1.500000000000000000e+01
5.000000000000000000e+00
-1.000000000000000000e+01
-9.000000000000000000e+00
2.400000000000000000e+01
2.400000000000000000e+01
-1.000000000000000000e+00
4.000000000000000000e+00
-1.100000000000000000e+01
-1.700000000000000000e+01
-8.000000000000000000e+00
7.000000000000000000e+00
-1.300000000000000000e+01
9.000000000000000000e+00
-1.900000000000000000e+01
3.000000000000000000e+00
4.000000000000000000e+00
-3.100000000000000000e+01
-6.000000000000000000e+00
-1.200000000000000000e+01
-1.800000000000000000e+01
-2.200000000000000000e+01
3.000000000000000000e+00
-5.000000000000000000e+00
1.800000000000000000e+01
-4.300000000000000000e+01
-2.800000000000000000e+01
3.000000000000000000e+00
1.700000000000000000e+01
-2.100000000000000000e+01
2.000000000000000000e+01
7.000000000000000000e+00
-1.600000000000000000e+01
-5.000000000000000000e+00
2.100000000000000000e+01
-1.600000000000000000e+01
3.000000000000000000e+00
-1.700000000000000000e+01
-1.400000000000000000e+01
-1.000000000000000000e+01
-5.000000000000000000e+00
-1.700000000000000000e+01
-2.300000000000000000e+01
-3.500000000000000000e+01
-7.000000000000000000e+00
0.000000000000000000e+00
-1.000000000000000000e+00
-1.800000000000000000e+01
-2.500000000000000000e+01
2.400000000000000000e+01
-1.000000000000000000e+00
-1.000000000000000000e+00
-2.100000000000000000e+01
1.800000000000000000e+01
-4.000000000000000000e+00
4.000000000000000000e+00
-7.000000000000000000e+00
8.000000000000000000e+00
-2.200000000000000000e+01
-1.300000000000000000e+01
-8.000000000000000000e+00
-4.000000000000000000e+00
1.400000000000000000e+01
-1.500000000000000000e+01
6.000000000000000000e+00
-2.000000000000000000e+01
-1.700000000000000000e+01
-1.900000000000000000e+01
-5.000000000000000000e+00
-7.000000000000000000e+00
-2.300000000000000000e+01
-1.900000000000000000e+01
-2.000000000000000000e+00
-1.800000000000000000e+01
-1.600000000000000000e+01
-3.100000000000000000e+01
-2.200000000000000000e+01
-3.000000000000000000e+00
-1.000000000000000000e+00
-2.900000000000000000e+01
3.000000000000000000e+00
1.200000000000000000e+01
-3.200000000000000000e+01
-2.500000000000000000e+01
-3.000000000000000000e+00
-2.900000000000000000e+01
-1.300000000000000000e+01
-2.800000000000000000e+01
-5.000000000000000000e+00
-1.000000000000000000e+01
-3.400000000000000000e+01
-1.600000000000000000e+01
3.000000000000000000e+00
-4.000000000000000000e+00
3.000000000000000000e+00
-3.600000000000000000e+01
-1.700000000000000000e+01
1.500000000000000000e+01
-1.300000000000000000e+01
-6.000000000000000000e+00
1.400000000000000000e+01
-2.400000000000000000e+01
-3.000000000000000000e+00
-2.400000000000000000e+01
-3.700000000000000000e+01
1.000000000000000000e+00
-2.000000000000000000e+00
-1.000000000000000000e+00
-5.200000000000000000e+01
-2.800000000000000000e+01
3.000000000000000000e+00
-1.300000000000000000e+01
-8.000000000000000000e+00
6.000000000000000000e+00
1.100000000000000000e+01
0.000000000000000000e+00
1.800000000000000000e+01
-3.300000000000000000e+01
5.000000000000000000e+00
-8.000000000000000000e+00
-8.000000000000000000e+00
8.000000000000000000e+00
1.600000000000000000e+01
-1.200000000000000000e+01
0.000000000000000000e+00
-1.300000000000000000e+01
-1.800000000000000000e+01
3.000000000000000000e+00
-2.700000000000000000e+01
-1.900000000000000000e+01
-1.600000000000000000e+01
2.000000000000000000e+00
-1.800000000000000000e+01
-1.400000000000000000e+01
-9.000000000000000000e+00
-2.100000000000000000e+01
-1.000000000000000000e+00
4.000000000000000000e+00
1.300000000000000000e+01
-1.300000000000000000e+01
-2.400000000000000000e+01
-9.000000000000000000e+00
-2.000000000000000000e+01
-7.000000000000000000e+00
-2.400000000000000000e+01
3.000000000000000000e+00
-4.500000000000000000e+01
-1.100000000000000000e+01
-2.600000000000000000e+01
1.000000000000000000e+00
-2.400000000000000000e+01
1.000000000000000000e+01
8.000000000000000000e+00
1.000000000000000000e+00
0.000000000000000000e+00
-2.000000000000000000e+01
-7.000000000000000000e+00
6.000000000000000000e+00
-2.100000000000000000e+01
-5.000000000000000000e+00
5.000000000000000000e+00
1.200000000000000000e+01
-5.500000000000000000e+01
0.000000000000000000e+00
-2.700000000000000000e+01
-2.900000000000000000e+01
-1.100000000000000000e+01
-2.300000000000000000e+01
1.700000000000000000e+01
-1.800000000000000000e+01
-3.100000000000000000e+01
9.000000000000000000e+00
-3.400000000000000000e+01
-1.100000000000000000e+01
9.000000000000000000e+00
-2.000000000000000000e+01
-2.000000000000000000e+00
-1.000000000000000000e+01
-1.800000000000000000e+01
-2.400000000000000000e+01
-1.400000000000000000e+01
-2.400000000000000000e+01
-2.400000000000000000e+01
-1.500000000000000000e+01
-1.400000000000000000e+01
-2.600000000000000000e+01
-1.600000000000000000e+01
-3.800000000000000000e+01
4.000000000000000000e+00
-2.400000000000000000e+01
-1.900000000000000000e+01
-8.000000000000000000e+00
-2.300000000000000000e+01
-3.000000000000000000e+00
-1.700000000000000000e+01
-1.200000000000000000e+01
0.000000000000000000e+00
-4.200000000000000000e+01
2.000000000000000000e+00
-1.900000000000000000e+01
-1.300000000000000000e+01
-3.300000000000000000e+01
0.000000000000000000e+00
2.100000000000000000e+01
-1.800000000000000000e+01
5.200000000000000000e+01
-1.600000000000000000e+01
-1.000000000000000000e+01
-2.000000000000000000e+01
6.000000000000000000e+00
-9.000000000000000000e+00
-5.000000000000000000e+00
2.000000000000000000e+00
-1.000000000000000000e+00
1.300000000000000000e+01
-1.000000000000000000e+01
-8.000000000000000000e+00
-1.800000000000000000e+01
-3.700000000000000000e+01
-3.200000000000000000e+01
-1.800000000000000000e+01
-2.500000000000000000e+01
-3.100000000000000000e+01
-2.000000000000000000e+01
-1.900000000000000000e+01
-4.500000000000000000e+01
-2.000000000000000000e+01
-1.400000000000000000e+01
-1.500000000000000000e+01
-1.600000000000000000e+01
-2.500000000000000000e+01
-3.100000000000000000e+01
-3.000000000000000000e+00
4.000000000000000000e+00
-5.400000000000000000e+01
-2.200000000000000000e+01
-1.300000000000000000e+01
-3.700000000000000000e+01
-2.800000000000000000e+01
-5.000000000000000000e+01
-3.800000000000000000e+01
-2.900000000000000000e+01
2.000000000000000000e+00
-3.200000000000000000e+01
-9.000000000000000000e+00
-1.200000000000000000e+01
-2.000000000000000000e+01
-1.100000000000000000e+01
-2.700000000000000000e+01
-8.000000000000000000e+00
-2.500000000000000000e+01
-1.400000000000000000e+01
-2.900000000000000000e+01
5.000000000000000000e+00
-1.400000000000000000e+01
-2.400000000000000000e+01
-2.500000000000000000e+01
-4.000000000000000000e+00
-2.100000000000000000e+01
-2.700000000000000000e+01
-4.000000000000000000e+00
-3.000000000000000000e+00
-1.600000000000000000e+01
-1.300000000000000000e+01
-4.500000000000000000e+01
1.100000000000000000e+01
-1.000000000000000000e+01
-2.000000000000000000e+01
-7.000000000000000000e+00
-4.100000000000000000e+01
-5.000000000000000000e+00
-9.000000000000000000e+00
-8.000000000000000000e+00
-2.600000000000000000e+01
-4.000000000000000000e+00
-4.000000000000000000e+01
-3.300000000000000000e+01
-2.700000000000000000e+01
-2.500000000000000000e+01
-2.400000000000000000e+01
-1.000000000000000000e+01
-1.700000000000000000e+01
-1.400000000000000000e+01
-1.600000000000000000e+01
-3.000000000000000000e+01
-2.700000000000000000e+01
-3.400000000000000000e+01
-3.000000000000000000e+00
-2.000000000000000000e+00
-2.200000000000000000e+01
3.000000000000000000e+00
-1.700000000000000000e+01
-9.000000000000000000e+00
-1.100000000000000000e+01
-1.100000000000000000e+01
-2.600000000000000000e+01
-1.200000000000000000e+01
-1.900000000000000000e+01
-3.700000000000000000e+01
-1.600000000000000000e+01
-1.500000000000000000e+01
-2.200000000000000000e+01
-9.000000000000000000e+00
-2.200000000000000000e+01
-1.100000000000000000e+01
-7.000000000000000000e+00
-3.000000000000000000e+00
-4.000000000000000000e+01
-1.500000000000000000e+01
5.000000000000000000e+00
-1.300000000000000000e+01
-1.700000000000000000e+01
-2.100000000000000000e+01
-8.000000000000000000e+00
-1.300000000000000000e+01
-1.700000000000000000e+01
-9.000000000000000000e+00
-3.900000000000000000e+01
-5.000000000000000000e+00
-1.500000000000000000e+01
1.000000000000000000e+00
-2.800000000000000000e+01
-1.900000000000000000e+01
-1.700000000000000000e+01
-3.000000000000000000e+00
-2.000000000000000000e+00
-1.800000000000000000e+01
-8.000000000000000000e+00
-3.600000000000000000e+01
-3.900000000000000000e+01
-2.500000000000000000e+01
-3.200000000000000000e+01
-7.000000000000000000e+00
-2.700000000000000000e+01
3.000000000000000000e+00
-3.700000000000000000e+01
-3.000000000000000000e+00
-1.700000000000000000e+01
-1.000000000000000000e+01
-4.100000000000000000e+01
-3.600000000000000000e+01
-1.900000000000000000e+01
-3.300000000000000000e+01
-3.400000000000000000e+01
-5.000000000000000000e+00
-2.200000000000000000e+01
-9.000000000000000000e+00
-3.200000000000000000e+01
1.800000000000000000e+01
3.200000000000000000e+01
-2.400000000000000000e+01
-1.800000000000000000e+01
-2.100000000000000000e+01
-3.200000000000000000e+01
-8.000000000000000000e+00
2.000000000000000000e+00
-2.100000000000000000e+01
2.000000000000000000e+00
-3.500000000000000000e+01
-2.000000000000000000e+00
-6.000000000000000000e+00
-2.800000000000000000e+01
-3.400000000000000000e+01
-2.900000000000000000e+01
-1.300000000000000000e+01
-1.400000000000000000e+01
-1.500000000000000000e+01
-1.500000000000000000e+01
1.200000000000000000e+01
-1.200000000000000000e+01
-6.000000000000000000e+00
5.000000000000000000e+00
-2.200000000000000000e+01
-1.000000000000000000e+01
-5.000000000000000000e+00
-3.100000000000000000e+01
-3.300000000000000000e+01
7.000000000000000000e+00
-2.300000000000000000e+01
-4.000000000000000000e+00
-2.100000000000000000e+01
-4.300000000000000000e+01
-1.500000000000000000e+01
-2.000000000000000000e+01
-6.000000000000000000e+00
-7.000000000000000000e+00
-1.800000000000000000e+01
-3.700000000000000000e+01
-1.300000000000000000e+01
-3.900000000000000000e+01
-7.000000000000000000e+00
-3.400000000000000000e+01
5.000000000000000000e+00
-1.200000000000000000e+01
-2.500000000000000000e+01
-2.300000000000000000e+01
-4.000000000000000000e+00
-1.100000000000000000e+01
-1.600000000000000000e+01
-1.400000000000000000e+01
-4.300000000000000000e+01
-3.200000000000000000e+01
-2.000000000000000000e+01
1.000000000000000000e+01
-1.800000000000000000e+01
-8.000000000000000000e+00
1.000000000000000000e+00
-4.700000000000000000e+01
-1.800000000000000000e+01
-2.900000000000000000e+01
-2.300000000000000000e+01
-4.000000000000000000e+00
-5.400000000000000000e+01
-2.300000000000000000e+01
-1.700000000000000000e+01
-2.700000000000000000e+01
8.000000000000000000e+00
6.000000000000000000e+00
-5.000000000000000000e+00
-5.000000000000000000e+00
-6.000000000000000000e+00
-1.600000000000000000e+01
-3.500000000000000000e+01
-3.700000000000000000e+01
1.700000000000000000e+01
-6.000000000000000000e+00
-1.800000000000000000e+01
-3.500000000000000000e+01
2.600000000000000000e+01
1.300000000000000000e+01
-3.400000000000000000e+01
-1.900000000000000000e+01
-1.600000000000000000e+01
-1.500000000000000000e+01
-1.900000000000000000e+01
-1.200000000000000000e+01
4.000000000000000000e+00
-8.000000000000000000e+00
-2.000000000000000000e+01
-3.000000000000000000e+01
-1.800000000000000000e+01
5.000000000000000000e+00
-1.200000000000000000e+01
-4.200000000000000000e+01
-2.200000000000000000e+01
-4.000000000000000000e+00
3.000000000000000000e+00
-5.200000000000000000e+01
4.000000000000000000e+00
-1.900000000000000000e+01
-9.000000000000000000e+00
-2.600000000000000000e+01
-4.100000000000000000e+01
-4.300000000000000000e+01
-2.500000000000000000e+01
-1.300000000000000000e+01
-3.600000000000000000e+01
-5.600000000000000000e+01
-4.300000000000000000e+01
-7.000000000000000000e+00
-1.800000000000000000e+01
-3.000000000000000000e+00
-4.900000000000000000e+01
-3.000000000000000000e+00
-5.000000000000000000e+00
4.000000000000000000e+00
-2.700000000000000000e+01
-1.700000000000000000e+01
-3.400000000000000000e+01
-3.000000000000000000e+01
-2.900000000000000000e+01
4.000000000000000000e+00
6.000000000000000000e+00
1.400000000000000000e+01
-1.500000000000000000e+01
-1.000000000000000000e+00
-3.000000000000000000e+01
-3.300000000000000000e+01
-5.000000000000000000e+00
-1.800000000000000000e+01
-2.900000000000000000e+01
-1.200000000000000000e+01
-1.200000000000000000e+01
-5.800000000000000000e+01
-6.400000000000000000e+01
-3.200000000000000000e+01
-2.900000000000000000e+01
-2.000000000000000000e+00
-2.600000000000000000e+01
-1.000000000000000000e+00
-1.700000000000000000e+01
2.000000000000000000e+01
-3.600000000000000000e+01
-2.000000000000000000e+01
3.000000000000000000e+00
-2.700000000000000000e+01
-8.000000000000000000e+00
-2.000000000000000000e+01
-1.700000000000000000e+01
-6.000000000000000000e+00
-1.600000000000000000e+01
-1.400000000000000000e+01
-2.000000000000000000e+00
1.000000000000000000e+00
-2.200000000000000000e+01
-3.000000000000000000e+00
-2.000000000000000000e+00
6.000000000000000000e+00
-3.200000000000000000e+01
-2.000000000000000000e+01
-2.500000000000000000e+01
-2.400000000000000000e+01
-1.400000000000000000e+01
3.000000000000000000e+00
-6.000000000000000000e+00
-1.300000000000000000e+01
-1.400000000000000000e+01
-8.000000000000000000e+00
1.300000000000000000e+01
6.000000000000000000e+00
-3.400000000000000000e+01
-1.300000000000000000e+01
-4.000000000000000000e+00
-5.000000000000000000e+01
-1.500000000000000000e+01
-1.300000000000000000e+01
-1.400000000000000000e+01
1.000000000000000000e+00
-1.900000000000000000e+01
-3.100000000000000000e+01
-2.000000000000000000e+01
-1.200000000000000000e+01
-3.100000000000000000e+01
-2.900000000000000000e+01
-2.600000000000000000e+01
1.000000000000000000e+01
-6.000000000000000000e+00
-1.900000000000000000e+01
-3.100000000000000000e+01
-1.500000000000000000e+01
-4.000000000000000000e+00
1.900000000000000000e+01
0.000000000000000000e+00
-1.800000000000000000e+01
-1.900000000000000000e+01
-6.000000000000000000e+00
-3.400000000000000000e+01
-1.700000000000000000e+01
-3.200000000000000000e+01
-1.100000000000000000e+01
-1.400000000000000000e+01
0.000000000000000000e+00
-1.900000000000000000e+01
-2.700000000000000000e+01
-1.100000000000000000e+01
-3.200000000000000000e+01
-3.700000000000000000e+01
-3.200000000000000000e+01
-1.600000000000000000e+01
-5.000000000000000000e+00
-5.000000000000000000e+00
-1.100000000000000000e+01
-1.700000000000000000e+01
-3.000000000000000000e+00
-1.400000000000000000e+01
-1.500000000000000000e+01
-5.000000000000000000e+00
-1.000000000000000000e+00
-3.000000000000000000e+01
-1.200000000000000000e+01
-1.900000000000000000e+01
-2.900000000000000000e+01
1.200000000000000000e+01
-3.100000000000000000e+01
-1.700000000000000000e+01
-1.900000000000000000e+01
-1.000000000000000000e+01
2.100000000000000000e+01
-3.000000000000000000e+00
-1.900000000000000000e+01
-1.900000000000000000e+01
-3.000000000000000000e+01
1.100000000000000000e+01
-1.000000000000000000e+01
-4.000000000000000000e+00
-1.100000000000000000e+01
-7.000000000000000000e+00
-2.300000000000000000e+01
-1.300000000000000000e+01
1.100000000000000000e+01
-1.800000000000000000e+01
-1.000000000000000000e+01
-1.000000000000000000e+00
-1.000000000000000000e+00
-1.300000000000000000e+01
-2.000000000000000000e+01
1.600000000000000000e+01
-2.200000000000000000e+01
-1.400000000000000000e+01
-1.100000000000000000e+01
6.000000000000000000e+00
-3.000000000000000000e+01
2.700000000000000000e+01
2.100000000000000000e+01
-1.700000000000000000e+01
5.000000000000000000e+00
1.400000000000000000e+01
1.500000000000000000e+01
-4.000000000000000000e+00
0.000000000000000000e+00
-4.000000000000000000e+00
-2.200000000000000000e+01
7.000000000000000000e+00
6.000000000000000000e+00
-1.300000000000000000e+01
-5.000000000000000000e+00
1.300000000000000000e+01
-1.300000000000000000e+01
2.700000000000000000e+01
4.000000000000000000e+00
2.100000000000000000e+01
2.200000000000000000e+01
5.100000000000000000e+01
4.300000000000000000e+01
1.600000000000000000e+01
1.600000000000000000e+01
2.700000000000000000e+01
-7.000000000000000000e+00
3.100000000000000000e+01
3.000000000000000000e+01
1.700000000000000000e+01
2.700000000000000000e+01
2.800000000000000000e+01
4.200000000000000000e+01
5.200000000000000000e+01
7.900000000000000000e+01
6.400000000000000000e+01
5.500000000000000000e+01
7.100000000000000000e+01
9.800000000000000000e+01
1.030000000000000000e+02
9.000000000000000000e+01
9.900000000000000000e+01
8.300000000000000000e+01
8.100000000000000000e+01
1.470000000000000000e+02
1.000000000000000000e+02
1.370000000000000000e+02
1.470000000000000000e+02
1.600000000000000000e+02
1.410000000000000000e+02
1.580000000000000000e+02
1.770000000000000000e+02
1.950000000000000000e+02
2.050000000000000000e+02
2.140000000000000000e+02
2.310000000000000000e+02
2.270000000000000000e+02
2.320000000000000000e+02
2.540000000000000000e+02
2.730000000000000000e+02
3.210000000000000000e+02
3.050000000000000000e+02
3.090000000000000000e+02
3.610000000000000000e+02
3.450000000000000000e+02
4.020000000000000000e+02
4.070000000000000000e+02
3.960000000000000000e+02
4.050000000000000000e+02
4.610000000000000000e+02
4.100000000000000000e+02
4.260000000000000000e+02
5.000000000000000000e+02
4.980000000000000000e+02
5.430000000000000000e+02
5.630000000000000000e+02
5.870000000000000000e+02
6.200000000000000000e+02
6.370000000000000000e+02
6.620000000000000000e+02
6.390000000000000000e+02
7.480000000000000000e+02
7.000000000000000000e+02
7.600000000000000000e+02
7.730000000000000000e+02
8.310000000000000000e+02
8.340000000000000000e+02
8.810000000000000000e+02
8.700000000000000000e+02
8.660000000000000000e+02
9.180000000000000000e+02
9.110000000000000000e+02
9.790000000000000000e+02
1.018000000000000000e+03
1.058000000000000000e+03
1.006000000000000000e+03
1.077000000000000000e+03
1.089000000000000000e+03
1.074000000000000000e+03
1.119000000000000000e+03
1.122000000000000000e+03
1.145000000000000000e+03
1.147000000000000000e+03
1.154000000000000000e+03
1.171000000000000000e+03
1.238000000000000000e+03
1.284000000000000000e+03
1.229000000000000000e+03
1.219000000000000000e+03
1.269000000000000000e+03
1.309000000000000000e+03
1.324000000000000000e+03
1.282000000000000000e+03
1.340000000000000000e+03
1.313000000000000000e+03
1.344000000000000000e+03
1.426000000000000000e+03
1.387000000000000000e+03
1.408000000000000000e+03
1.369000000000000000e+03
1.401000000000000000e+03
1.408000000000000000e+03
1.408000000000000000e+03
1.400000000000000000e+03
1.385000000000000000e+03
1.386000000000000000e+03
1.377000000000000000e+03
1.378000000000000000e+03
1.379000000000000000e+03
1.367000000000000000e+03
1.322000000000000000e+03
1.335000000000000000e+03
1.299000000000000000e+03
1.281000000000000000e+03
1.286000000000000000e+03
1.254000000000000000e+03
1.263000000000000000e+03
1.235000000000000000e+03
1.286000000000000000e+03
1.265000000000000000e+03
1.202000000000000000e+03
1.157000000000000000e+03
1.194000000000000000e+03
1.143000000000000000e+03
1.189000000000000000e+03
1.151000000000000000e+03
1.126000000000000000e+03
1.133000000000000000e+03
1.145000000000000000e+03
1.140000000000000000e+03
1.135000000000000000e+03
1.075000000000000000e+03
1.037000000000000000e+03
1.020000000000000000e+03
1.005000000000000000e+03
1.001000000000000000e+03
9.790000000000000000e+02
9.350000000000000000e+02
9.550000000000000000e+02
9.310000000000000000e+02
8.880000000000000000e+02
8.680000000000000000e+02
8.600000000000000000e+02
8.360000000000000000e+02
7.190000000000000000e+02
8.050000000000000000e+02
7.720000000000000000e+02
7.020000000000000000e+02
7.100000000000000000e+02
7.040000000000000000e+02
6.410000000000000000e+02
6.520000000000000000e+02
6.390000000000000000e+02
6.250000000000000000e+02
6.340000000000000000e+02
5.700000000000000000e+02
5.510000000000000000e+02
5.680000000000000000e+02
5.260000000000000000e+02
4.980000000000000000e+02
4.920000000000000000e+02
5.170000000000000000e+02
4.400000000000000000e+02
4.820000000000000000e+02
4.380000000000000000e+02
4.280000000000000000e+02
3.970000000000000000e+02
3.780000000000000000e+02
3.670000000000000000e+02
3.680000000000000000e+02
3.550000000000000000e+02
3.590000000000000000e+02
2.820000000000000000e+02
2.490000000000000000e+02
2.700000000000000000e+02
2.640000000000000000e+02
2.390000000000000000e+02
2.570000000000000000e+02
2.450000000000000000e+02
2.320000000000000000e+02
2.210000000000000000e+02
2.130000000000000000e+02
1.880000000000000000e+02
1.870000000000000000e+02
1.810000000000000000e+02
1.650000000000000000e+02
1.610000000000000000e+02
1.270000000000000000e+02
1.400000000000000000e+02
1.300000000000000000e+02
1.570000000000000000e+02
1.060000000000000000e+02
1.210000000000000000e+02
1.140000000000000000e+02
8.700000000000000000e+01
9.700000000000000000e+01
1.130000000000000000e+02
9.600000000000000000e+01
1.050000000000000000e+02
8.900000000000000000e+01
7.300000000000000000e+01
4.300000000000000000e+01
7.500000000000000000e+01
6.800000000000000000e+01
7.100000000000000000e+01
6.500000000000000000e+01
6.400000000000000000e+01
5.900000000000000000e+01
5.100000000000000000e+01
4.200000000000000000e+01
4.500000000000000000e+01
1.300000000000000000e+01
1.700000000000000000e+01
3.900000000000000000e+01
3.600000000000000000e+01
5.300000000000000000e+01
4.800000000000000000e+01
-2.000000000000000000e+00
2.400000000000000000e+01
2.200000000000000000e+01
4.000000000000000000e+00
1.000000000000000000e+00
4.600000000000000000e+01
8.000000000000000000e+00
1.000000000000000000e+01
1.200000000000000000e+01
3.000000000000000000e+00
7.000000000000000000e+00
-6.000000000000000000e+00
-1.200000000000000000e+01
1.200000000000000000e+01
-9.000000000000000000e+00
3.000000000000000000e+01
-1.600000000000000000e+01
-1.400000000000000000e+01
-3.400000000000000000e+01
3.000000000000000000e+00
-8.000000000000000000e+00
-3.200000000000000000e+01
-1.400000000000000000e+01
-2.100000000000000000e+01
-1.800000000000000000e+01
-1.700000000000000000e+01
-9.000000000000000000e+00
-9.000000000000000000e+00
-3.800000000000000000e+01
-8.000000000000000000e+00
-1.100000000000000000e+01
1.300000000000000000e+01
-3.500000000000000000e+01
-2.600000000000000000e+01
-2.500000000000000000e+01
4.000000000000000000e+00
1.000000000000000000e+00
-3.400000000000000000e+01
2.200000000000000000e+01
-1.700000000000000000e+01
-1.100000000000000000e+01
-1.900000000000000000e+01
-2.200000000000000000e+01
-6.000000000000000000e+00
-1.400000000000000000e+01
-1.700000000000000000e+01
-1.000000000000000000e+00
-2.900000000000000000e+01
-7.000000000000000000e+00
-9.000000000000000000e+00
-6.300000000000000000e+01
-3.400000000000000000e+01
3.000000000000000000e+00
-2.000000000000000000e+01
-1.000000000000000000e+01
-1.100000000000000000e+01
-1.300000000000000000e+01
5.000000000000000000e+00
-1.500000000000000000e+01
-1.500000000000000000e+01
-5.000000000000000000e+00
4.000000000000000000e+00
-2.300000000000000000e+01
1.000000000000000000e+00
9.000000000000000000e+00
-1.000000000000000000e+00
-5.000000000000000000e+00
-2.100000000000000000e+01
2.000000000000000000e+00
-1.800000000000000000e+01
-2.000000000000000000e+00
3.900000000000000000e+01
-1.200000000000000000e+01
3.000000000000000000e+00
-3.800000000000000000e+01
-2.100000000000000000e+01
-2.500000000000000000e+01
-2.800000000000000000e+01
-1.400000000000000000e+01
-2.600000000000000000e+01
-2.100000000000000000e+01
-6.000000000000000000e+00
-7.000000000000000000e+00
6.000000000000000000e+00
-2.200000000000000000e+01
-2.800000000000000000e+01
-4.000000000000000000e+00
5.000000000000000000e+00
-6.000000000000000000e+00
7.000000000000000000e+00
