3.000000000000000000e+00
0.000000000000000000e+00
4.000000000000000000e+00
-6.000000000000000000e+00
-2.300000000000000000e+01
-1.100000000000000000e+01
-1.500000000000000000e+01
4.000000000000000000e+00
-6.000000000000000000e+00
-2.600000000000000000e+01
-4.000000000000000000e+00
1.300000000000000000e+01
-3.600000000000000000e+01
6.000000000000000000e+00
9.000000000000000000e+00
-1.200000000000000000e+01
1.100000000000000000e+01
-9.000000000000000000e+00
1.700000000000000000e+01
-8.000000000000000000e+00
7.000000000000000000e+00
0.000000000000000000e+00
1.900000000000000000e+01
1.600000000000000000e+01
-9.000000000000000000e+00
-2.000000000000000000e+01
-4.000000000000000000e+00
0.000000000000000000e+00
2.100000000000000000e+01
-1.900000000000000000e+01
-1.800000000000000000e+01
1.800000000000000000e+01
1.400000000000000000e+01
-1.200000000000000000e+01
3.000000000000000000e+00
-8.000000000000000000e+00
2.900000000000000000e+01
-1.600000000000000000e+01
-1.500000000000000000e+01
1.800000000000000000e+01
1.000000000000000000e+00
-1.300000000000000000e+01
-3.000000000000000000e+00
6.000000000000000000e+00
1.300000000000000000e+01
-3.600000000000000000e+01
1.000000000000000000e+01
-3.300000000000000000e+01
-3.000000000000000000e+00
3.900000000000000000e+01
1.000000000000000000e+01
1.500000000000000000e+01
-2.800000000000000000e+01
3.000000000000000000e+00
-2.300000000000000000e+01
4.400000000000000000e+01
5.000000000000000000e+00
3.000000000000000000e+00
7.000000000000000000e+00
-1.300000000000000000e+01
1.200000000000000000e+01
-1.100000000000000000e+01
-1.000000000000000000e+00
1.200000000000000000e+01
5.000000000000000000e+00
-1.200000000000000000e+01
2.000000000000000000e+01
8.000000000000000000e+00
5.000000000000000000e+00
-1.600000000000000000e+01
8.000000000000000000e+00
-2.000000000000000000e+01
0.000000000000000000e+00
-2.000000000000000000e+01
-9.000000000000000000e+00
-2.000000000000000000e+00
8.000000000000000000e+00
7.000000000000000000e+00
-1.200000000000000000e+01
1.100000000000000000e+01
1.000000000000000000e+00
2.500000000000000000e+01
-2.000000000000000000e+01
-5.000000000000000000e+00
0.000000000000000000e+00
-1.900000000000000000e+01
1.000000000000000000e+00
8.000000000000000000e+00
-1.200000000000000000e+01
8.000000000000000000e+00
1.000000000000000000e+01
1.100000000000000000e+01
-9.000000000000000000e+00
0.000000000000000000e+00
-2.000000000000000000e+00
1.400000000000000000e+01
-3.000000000000000000e+00
4.000000000000000000e+00
1.600000000000000000e+01
1.900000000000000000e+01
-2.700000000000000000e+01
-1.900000000000000000e+01
-7.000000000000000000e+00
-2.200000000000000000e+01
-3.000000000000000000e+00
5.000000000000000000e+00
-1.600000000000000000e+01
1.100000000000000000e+01
2.000000000000000000e+00
-2.000000000000000000e+00
0.000000000000000000e+00
6.000000000000000000e+00
-2.200000000000000000e+01
5.000000000000000000e+00
-1.000000000000000000e+00
1.700000000000000000e+01
9.000000000000000000e+00
3.400000000000000000e+01
1.000000000000000000e+01
-2.600000000000000000e+01
-2.200000000000000000e+01
2.700000000000000000e+01
9.000000000000000000e+00
-6.000000000000000000e+00
-1.600000000000000000e+01
-1.500000000000000000e+01
-4.000000000000000000e+00
5.000000000000000000e+00
-3.100000000000000000e+01
2.200000000000000000e+01
-1.200000000000000000e+01
9.000000000000000000e+00
-1.000000000000000000e+00
4.000000000000000000e+01
-1.500000000000000000e+01
2.100000000000000000e+01
-1.000000000000000000e+00
6.000000000000000000e+00
-1.500000000000000000e+01
2.100000000000000000e+01
-2.700000000000000000e+01
1.300000000000000000e+01
-2.000000000000000000e+01
-6.000000000000000000e+00
7.000000000000000000e+00
5.000000000000000000e+00
-2.000000000000000000e+00
0.000000000000000000e+00
1.300000000000000000e+01
1.400000000000000000e+01
9.000000000000000000e+00
7.000000000000000000e+00
-2.000000000000000000e+01
1.500000000000000000e+01
1.000000000000000000e+01
-2.700000000000000000e+01
-7.000000000000000000e+00
2.200000000000000000e+01
-1.900000000000000000e+01
3.400000000000000000e+01
-2.500000000000000000e+01
-1.000000000000000000e+00
-1.200000000000000000e+01
-5.000000000000000000e+00
1.200000000000000000e+01
-8.000000000000000000e+00
-1.500000000000000000e+01
-2.500000000000000000e+01
0.000000000000000000e+00
-2.200000000000000000e+01
3.100000000000000000e+01
1.400000000000000000e+01
1.200000000000000000e+01
6.000000000000000000e+00
8.000000000000000000e+00
-1.700000000000000000e+01
-8.000000000000000000e+00
1.000000000000000000e+00
1.400000000000000000e+01
2.100000000000000000e+01
2.000000000000000000e+00
0.000000000000000000e+00
-2.600000000000000000e+01
1.300000000000000000e+01
-7.000000000000000000e+00
-1.600000000000000000e+01
-1.000000000000000000e+01
-7.000000000000000000e+00
-3.000000000000000000e+00
-1.400000000000000000e+01
-2.000000000000000000e+01
-5.000000000000000000e+00
5.000000000000000000e+00
-2.700000000000000000e+01
-2.000000000000000000e+01
0.000000000000000000e+00
5.000000000000000000e+00
3.200000000000000000e+01
3.500000000000000000e+01
3.000000000000000000e+00
-2.600000000000000000e+01
-1.000000000000000000e+01
-3.700000000000000000e+01
1.100000000000000000e+01
-2.800000000000000000e+01
5.000000000000000000e+00
-3.000000000000000000e+00
-2.200000000000000000e+01
1.400000000000000000e+01
-2.000000000000000000e+01
1.100000000000000000e+01
1.000000000000000000e+00
-1.400000000000000000e+01
1.500000000000000000e+01
8.000000000000000000e+00
1.300000000000000000e+01
-1.200000000000000000e+01
-6.000000000000000000e+00
4.000000000000000000e+00
-2.600000000000000000e+01
-5.000000000000000000e+00
-2.500000000000000000e+01
1.000000000000000000e+01
-1.500000000000000000e+01
-3.000000000000000000e+00
-3.100000000000000000e+01
-9.000000000000000000e+00
2.800000000000000000e+01
-1.300000000000000000e+01
-5.000000000000000000e+00
-1.000000000000000000e+00
-7.000000000000000000e+00
2.000000000000000000e+01
-2.000000000000000000e+01
2.400000000000000000e+01
-3.500000000000000000e+01
-1.000000000000000000e+00
1.100000000000000000e+01
-1.500000000000000000e+01
-3.000000000000000000e+00
5.000000000000000000e+00
-1.900000000000000000e+01
1.000000000000000000e+00
0.000000000000000000e+00
-1.900000000000000000e+01
2.900000000000000000e+01
-6.000000000000000000e+00
-2.500000000000000000e+01
0.000000000000000000e+00
-3.000000000000000000e+00
-2.500000000000000000e+01
-1.900000000000000000e+01
-2.400000000000000000e+01
-2.500000000000000000e+01
2.400000000000000000e+01
9.000000000000000000e+00
-2.000000000000000000e+00
-1.400000000000000000e+01
-1.100000000000000000e+01
4.000000000000000000e+00
-1.000000000000000000e+00
-3.900000000000000000e+01
-7.000000000000000000e+00
1.000000000000000000e+00
1.100000000000000000e+01
1.600000000000000000e+01
4.000000000000000000e+00
8.000000000000000000e+00
8.000000000000000000e+00
-1.800000000000000000e+01
1.000000000000000000e+00
6.000000000000000000e+00
-6.000000000000000000e+00
-1.900000000000000000e+01
-7.000000000000000000e+00
2.000000000000000000e+01
1.700000000000000000e+01
-5.000000000000000000e+00
-2.700000000000000000e+01
2.000000000000000000e+00
3.000000000000000000e+00
-1.600000000000000000e+01
-2.000000000000000000e+00
-1.200000000000000000e+01
-1.000000000000000000e+00
2.900000000000000000e+01
1.300000000000000000e+01
1.000000000000000000e+00
7.000000000000000000e+00
-3.000000000000000000e+01
-7.000000000000000000e+00
-1.400000000000000000e+01
-1.300000000000000000e+01
7.000000000000000000e+00
-1.100000000000000000e+01
-1.100000000000000000e+01
-1.500000000000000000e+01
9.000000000000000000e+00
3.600000000000000000e+01
8.000000000000000000e+00
2.100000000000000000e+01
1.600000000000000000e+01
2.000000000000000000e+00
-1.000000000000000000e+00
1.400000000000000000e+01
2.500000000000000000e+01
-5.000000000000000000e+00
-9.000000000000000000e+00
-1.600000000000000000e+01
-8.000000000000000000e+00
9.000000000000000000e+00
-1.000000000000000000e+00
-2.100000000000000000e+01
2.200000000000000000e+01
-2.700000000000000000e+01
-2.000000000000000000e+01
-7.000000000000000000e+00
3.000000000000000000e+00
2.500000000000000000e+01
-2.000000000000000000e+00
-1.500000000000000000e+01
-8.000000000000000000e+00
-2.000000000000000000e+00
1.500000000000000000e+01
1.400000000000000000e+01
3.200000000000000000e+01
-5.000000000000000000e+00
-4.000000000000000000e+00
8.000000000000000000e+00
-1.600000000000000000e+01
-3.000000000000000000e+01
0.000000000000000000e+00
-4.000000000000000000e+00
-1.600000000000000000e+01
-7.000000000000000000e+00
1.000000000000000000e+00
-8.000000000000000000e+00
2.100000000000000000e+01
1.000000000000000000e+01
-9.000000000000000000e+00
1.500000000000000000e+01
-1.500000000000000000e+01
1.000000000000000000e+00
-2.300000000000000000e+01
-2.300000000000000000e+01
3.000000000000000000e+00
3.000000000000000000e+00
0.000000000000000000e+00
1.800000000000000000e+01
-1.100000000000000000e+01
1.100000000000000000e+01
-3.000000000000000000e+00
-6.000000000000000000e+00
1.200000000000000000e+01
-3.000000000000000000e+00
-1.700000000000000000e+01
8.000000000000000000e+00
1.900000000000000000e+01
3.700000000000000000e+01
-7.000000000000000000e+00
4.000000000000000000e+00
5.000000000000000000e+00
-5.000000000000000000e+00
1.000000000000000000e+00
-5.000000000000000000e+00
-1.000000000000000000e+00
-1.400000000000000000e+01
0.000000000000000000e+00
2.600000000000000000e+01
-3.600000000000000000e+01
1.000000000000000000e+01
1.400000000000000000e+01
-2.700000000000000000e+01
-1.200000000000000000e+01
-1.000000000000000000e+01
-8.000000000000000000e+00
-1.600000000000000000e+01
2.000000000000000000e+00
4.000000000000000000e+01
4.000000000000000000e+00
1.800000000000000000e+01
-3.000000000000000000e+00
-1.400000000000000000e+01
-3.000000000000000000e+01
1.800000000000000000e+01
8.000000000000000000e+00
3.000000000000000000e+00
1.500000000000000000e+01
3.000000000000000000e+00
1.100000000000000000e+01
-4.000000000000000000e+00
-3.400000000000000000e+01
3.600000000000000000e+01
0.000000000000000000e+00
8.000000000000000000e+00
-2.300000000000000000e+01
-2.100000000000000000e+01
2.000000000000000000e+01
3.400000000000000000e+01
1.300000000000000000e+01
1.000000000000000000e+00
-7.000000000000000000e+00
-7.000000000000000000e+00
2.800000000000000000e+01
-9.000000000000000000e+00
7.000000000000000000e+00
-1.800000000000000000e+01
1.100000000000000000e+01
-4.000000000000000000e+00
3.300000000000000000e+01
1.000000000000000000e+00
-7.000000000000000000e+00
1.000000000000000000e+01
-3.200000000000000000e+01
1.600000000000000000e+01
-3.000000000000000000e+00
3.100000000000000000e+01
-1.700000000000000000e+01
-1.200000000000000000e+01
1.000000000000000000e+01
-7.000000000000000000e+00
-1.800000000000000000e+01
3.300000000000000000e+01
-1.300000000000000000e+01
4.000000000000000000e+00
-3.400000000000000000e+01
-1.900000000000000000e+01
1.500000000000000000e+01
3.300000000000000000e+01
1.000000000000000000e+01
-2.000000000000000000e+00
0.000000000000000000e+00
3.000000000000000000e+01
-5.000000000000000000e+00
1.000000000000000000e+00
1.000000000000000000e+01
-3.300000000000000000e+01
-1.500000000000000000e+01
-3.100000000000000000e+01
-2.000000000000000000e+01
-2.100000000000000000e+01
1.000000000000000000e+00
1.300000000000000000e+01
-1.600000000000000000e+01
3.000000000000000000e+00
-1.800000000000000000e+01
1.600000000000000000e+01
-1.600000000000000000e+01
1.200000000000000000e+01
2.100000000000000000e+01
-1.000000000000000000e+00
-2.500000000000000000e+01
-1.500000000000000000e+01
-6.000000000000000000e+00
-1.900000000000000000e+01
-2.000000000000000000e+00
1.300000000000000000e+01
1.000000000000000000e+01
2.000000000000000000e+00
-2.600000000000000000e+01
-2.000000000000000000e+01
3.500000000000000000e+01
-5.000000000000000000e+00
-5.000000000000000000e+00
-2.400000000000000000e+01
1.900000000000000000e+01
-2.000000000000000000e+00
1.300000000000000000e+01
1.000000000000000000e+00
-9.000000000000000000e+00
9.000000000000000000e+00
9.000000000000000000e+00
-6.900000000000000000e+01
2.800000000000000000e+01
-1.900000000000000000e+01
3.000000000000000000e+00
-9.000000000000000000e+00
3.000000000000000000e+01
2.100000000000000000e+01
4.000000000000000000e+00
-2.000000000000000000e+00
-2.000000000000000000e+00
-2.100000000000000000e+01
1.000000000000000000e+01
-5.000000000000000000e+00
1.300000000000000000e+01
2.000000000000000000e+00
-1.300000000000000000e+01
0.000000000000000000e+00
1.000000000000000000e+00
-7.000000000000000000e+00
-1.300000000000000000e+01
3.000000000000000000e+00
-7.000000000000000000e+00
1.600000000000000000e+01
-1.000000000000000000e+01
7.000000000000000000e+00
1.900000000000000000e+01
4.000000000000000000e+00
-1.100000000000000000e+01
-9.000000000000000000e+00
-2.000000000000000000e+00
9.000000000000000000e+00
5.000000000000000000e+00
4.000000000000000000e+00
-1.900000000000000000e+01
8.000000000000000000e+00
-3.200000000000000000e+01
2.000000000000000000e+01
4.000000000000000000e+00
-1.000000000000000000e+00
1.100000000000000000e+01
-2.000000000000000000e+01
-1.200000000000000000e+01
2.000000000000000000e+00
7.000000000000000000e+00
5.000000000000000000e+00
-8.000000000000000000e+00
1.000000000000000000e+01
4.500000000000000000e+01
2.700000000000000000e+01
4.000000000000000000e+00
1.700000000000000000e+01
1.900000000000000000e+01
8.000000000000000000e+00
4.600000000000000000e+01
5.000000000000000000e+00
5.800000000000000000e+01
4.100000000000000000e+01
6.400000000000000000e+01
1.900000000000000000e+01
5.400000000000000000e+01
6.900000000000000000e+01
8.400000000000000000e+01
2.800000000000000000e+01
6.200000000000000000e+01
6.100000000000000000e+01
5.600000000000000000e+01
5.600000000000000000e+01
6.700000000000000000e+01
6.000000000000000000e+01
5.900000000000000000e+01
4.100000000000000000e+01
6.400000000000000000e+01
4.300000000000000000e+01
7.400000000000000000e+01
9.000000000000000000e+00
4.100000000000000000e+01
2.700000000000000000e+01
3.200000000000000000e+01
1.500000000000000000e+01
1.600000000000000000e+01
4.500000000000000000e+01
1.000000000000000000e+01
3.700000000000000000e+01
-5.000000000000000000e+00
-1.600000000000000000e+01
1.800000000000000000e+01
-3.000000000000000000e+00
1.500000000000000000e+01
-1.100000000000000000e+01
1.300000000000000000e+01
1.600000000000000000e+01
-6.000000000000000000e+00
2.200000000000000000e+01
9.000000000000000000e+00
1.000000000000000000e+01
-2.600000000000000000e+01
-1.100000000000000000e+01
3.000000000000000000e+01
-1.100000000000000000e+01
1.200000000000000000e+01
-1.000000000000000000e+01
6.000000000000000000e+00
1.000000000000000000e+01
2.100000000000000000e+01
1.700000000000000000e+01
0.000000000000000000e+00
4.000000000000000000e+00
5.000000000000000000e+00
-4.000000000000000000e+00
3.600000000000000000e+01
0.000000000000000000e+00
9.000000000000000000e+00
-1.200000000000000000e+01
-7.000000000000000000e+00
-1.000000000000000000e+01
1.400000000000000000e+01
-3.600000000000000000e+01
-1.500000000000000000e+01
2.000000000000000000e+00
-1.900000000000000000e+01
1.700000000000000000e+01
1.000000000000000000e+00
-1.000000000000000000e+01
-2.800000000000000000e+01
-1.100000000000000000e+01
-2.600000000000000000e+01
7.000000000000000000e+00
1.300000000000000000e+01
0.000000000000000000e+00
0.000000000000000000e+00
2.500000000000000000e+01
2.000000000000000000e+00
-7.000000000000000000e+00
1.800000000000000000e+01
1.800000000000000000e+01
-3.100000000000000000e+01
-8.000000000000000000e+00
3.300000000000000000e+01
4.000000000000000000e+00
-5.000000000000000000e+00
1.000000000000000000e+00
3.100000000000000000e+01
4.800000000000000000e+01
1.900000000000000000e+01
2.500000000000000000e+01
2.600000000000000000e+01
8.000000000000000000e+00
1.500000000000000000e+01
1.800000000000000000e+01
-6.000000000000000000e+00
5.000000000000000000e+00
1.400000000000000000e+01
1.600000000000000000e+01
2.600000000000000000e+01
4.300000000000000000e+01
-5.000000000000000000e+00
0.000000000000000000e+00
-1.000000000000000000e+00
-9.000000000000000000e+00
-2.900000000000000000e+01
2.800000000000000000e+01
-1.300000000000000000e+01
2.100000000000000000e+01
4.800000000000000000e+01
-1.000000000000000000e+00
1.300000000000000000e+01
-3.000000000000000000e+01
7.000000000000000000e+00
1.300000000000000000e+01
3.000000000000000000e+00
4.900000000000000000e+01
2.200000000000000000e+01
6.600000000000000000e+01
-1.000000000000000000e+00
-2.000000000000000000e+00
3.500000000000000000e+01
-1.000000000000000000e+00
3.300000000000000000e+01
2.200000000000000000e+01
-9.000000000000000000e+00
3.800000000000000000e+01
1.300000000000000000e+01
1.600000000000000000e+01
2.000000000000000000e+00
-1.200000000000000000e+01
4.200000000000000000e+01
4.100000000000000000e+01
2.000000000000000000e+00
2.400000000000000000e+01
-9.000000000000000000e+00
2.500000000000000000e+01
2.200000000000000000e+01
5.000000000000000000e+00
2.600000000000000000e+01
1.100000000000000000e+01
8.000000000000000000e+00
1.400000000000000000e+01
-1.300000000000000000e+01
2.700000000000000000e+01
2.200000000000000000e+01
-2.000000000000000000e+00
-5.000000000000000000e+00
-1.200000000000000000e+01
3.000000000000000000e+00
-2.100000000000000000e+01
7.000000000000000000e+00
-3.000000000000000000e+00
5.000000000000000000e+00
-1.300000000000000000e+01
1.600000000000000000e+01
7.000000000000000000e+00
-3.000000000000000000e+00
2.000000000000000000e+00
4.000000000000000000e+00
7.000000000000000000e+00
2.000000000000000000e+01
5.000000000000000000e+00
7.000000000000000000e+00
1.000000000000000000e+00
2.000000000000000000e+00
1.400000000000000000e+01
3.500000000000000000e+01
-1.100000000000000000e+01
1.900000000000000000e+01
1.300000000000000000e+01
-1.600000000000000000e+01
2.100000000000000000e+01
-8.000000000000000000e+00
8.000000000000000000e+00
1.600000000000000000e+01
5.000000000000000000e+00
-2.100000000000000000e+01
1.400000000000000000e+01
1.700000000000000000e+01
1.900000000000000000e+01
1.200000000000000000e+01
1.000000000000000000e+01
2.500000000000000000e+01
-6.000000000000000000e+00
3.600000000000000000e+01
3.500000000000000000e+01
1.300000000000000000e+01
4.800000000000000000e+01
4.300000000000000000e+01
5.000000000000000000e+00
1.100000000000000000e+01
5.600000000000000000e+01
1.000000000000000000e+01
-4.000000000000000000e+00
1.300000000000000000e+01
-9.000000000000000000e+00
-1.800000000000000000e+01
9.000000000000000000e+00
2.600000000000000000e+01
1.500000000000000000e+01
-2.400000000000000000e+01
1.800000000000000000e+01
1.000000000000000000e+01
4.000000000000000000e+00
3.600000000000000000e+01
1.400000000000000000e+01
4.300000000000000000e+01
1.800000000000000000e+01
-4.000000000000000000e+00
3.200000000000000000e+01
2.600000000000000000e+01
-1.200000000000000000e+01
2.400000000000000000e+01
3.300000000000000000e+01
4.600000000000000000e+01
2.000000000000000000e+01
2.800000000000000000e+01
1.900000000000000000e+01
1.800000000000000000e+01
2.900000000000000000e+01
1.800000000000000000e+01
4.500000000000000000e+01
1.800000000000000000e+01
2.100000000000000000e+01
1.000000000000000000e+01
2.800000000000000000e+01
1.500000000000000000e+01
4.200000000000000000e+01
1.700000000000000000e+01
4.900000000000000000e+01
3.300000000000000000e+01
2.600000000000000000e+01
2.300000000000000000e+01
4.200000000000000000e+01
4.000000000000000000e+00
4.100000000000000000e+01
2.400000000000000000e+01
2.900000000000000000e+01
1.700000000000000000e+01
2.600000000000000000e+01
2.500000000000000000e+01
3.000000000000000000e+00
2.800000000000000000e+01
-3.000000000000000000e+00
3.500000000000000000e+01
1.400000000000000000e+01
4.400000000000000000e+01
2.500000000000000000e+01
1.100000000000000000e+01
3.600000000000000000e+01
1.900000000000000000e+01
3.400000000000000000e+01
2.600000000000000000e+01
4.500000000000000000e+01
2.800000000000000000e+01
3.000000000000000000e+01
1.400000000000000000e+01
4.200000000000000000e+01
1.300000000000000000e+01
3.300000000000000000e+01
8.000000000000000000e+00
3.000000000000000000e+00
1.800000000000000000e+01
1.000000000000000000e+00
4.000000000000000000e+01
3.100000000000000000e+01
3.900000000000000000e+01
-5.000000000000000000e+00
2.100000000000000000e+01
3.000000000000000000e+01
2.200000000000000000e+01
2.600000000000000000e+01
-6.000000000000000000e+00
2.000000000000000000e+00
6.100000000000000000e+01
9.000000000000000000e+00
3.200000000000000000e+01
2.200000000000000000e+01
3.100000000000000000e+01
-9.000000000000000000e+00
1.500000000000000000e+01
1.200000000000000000e+01
1.700000000000000000e+01
-2.000000000000000000e+00
4.100000000000000000e+01
4.000000000000000000e+00
3.300000000000000000e+01
1.700000000000000000e+01
4.400000000000000000e+01
4.300000000000000000e+01
3.000000000000000000e+01
2.100000000000000000e+01
2.400000000000000000e+01
1.000000000000000000e+01
3.600000000000000000e+01
1.800000000000000000e+01
3.500000000000000000e+01
4.300000000000000000e+01
-1.000000000000000000e+00
3.200000000000000000e+01
4.200000000000000000e+01
3.400000000000000000e+01
2.400000000000000000e+01
2.400000000000000000e+01
2.300000000000000000e+01
1.500000000000000000e+01
9.000000000000000000e+00
3.000000000000000000e+01
2.600000000000000000e+01
4.300000000000000000e+01
2.700000000000000000e+01
2.300000000000000000e+01
3.000000000000000000e+01
3.000000000000000000e+01
4.300000000000000000e+01
2.000000000000000000e+01
4.900000000000000000e+01
2.800000000000000000e+01
3.100000000000000000e+01
-7.000000000000000000e+00
4.200000000000000000e+01
6.000000000000000000e+00
0.000000000000000000e+00
2.800000000000000000e+01
2.800000000000000000e+01
3.800000000000000000e+01
1.700000000000000000e+01
2.700000000000000000e+01
7.000000000000000000e+00
4.200000000000000000e+01
2.300000000000000000e+01
5.300000000000000000e+01
4.800000000000000000e+01
4.900000000000000000e+01
2.000000000000000000e+01
4.500000000000000000e+01
8.800000000000000000e+01
4.400000000000000000e+01
3.600000000000000000e+01
1.900000000000000000e+01
5.000000000000000000e+00
5.700000000000000000e+01
5.700000000000000000e+01
7.000000000000000000e+01
7.400000000000000000e+01
1.000000000000000000e+02
9.000000000000000000e+01
1.180000000000000000e+02
1.250000000000000000e+02
9.500000000000000000e+01
1.000000000000000000e+02
1.310000000000000000e+02
1.320000000000000000e+02
1.080000000000000000e+02
1.650000000000000000e+02
1.580000000000000000e+02
1.680000000000000000e+02
2.040000000000000000e+02
1.670000000000000000e+02
2.310000000000000000e+02
2.650000000000000000e+02
2.610000000000000000e+02
2.770000000000000000e+02
2.720000000000000000e+02
3.330000000000000000e+02
3.480000000000000000e+02
3.310000000000000000e+02
3.920000000000000000e+02
4.320000000000000000e+02
4.050000000000000000e+02
4.840000000000000000e+02
4.970000000000000000e+02
5.460000000000000000e+02
6.100000000000000000e+02
6.220000000000000000e+02
6.570000000000000000e+02
7.540000000000000000e+02
7.850000000000000000e+02
8.500000000000000000e+02
9.300000000000000000e+02
9.990000000000000000e+02
1.052000000000000000e+03
1.196000000000000000e+03
1.265000000000000000e+03
1.342000000000000000e+03
1.427000000000000000e+03
1.516000000000000000e+03
1.597000000000000000e+03
1.782000000000000000e+03
1.835000000000000000e+03
1.937000000000000000e+03
2.073000000000000000e+03
2.200000000000000000e+03
2.291000000000000000e+03
2.418000000000000000e+03
2.507000000000000000e+03
2.577000000000000000e+03
2.763000000000000000e+03
2.894000000000000000e+03
2.923000000000000000e+03
2.974000000000000000e+03
3.135000000000000000e+03
3.254000000000000000e+03
3.319000000000000000e+03
3.306000000000000000e+03
3.478000000000000000e+03
3.507000000000000000e+03
3.464000000000000000e+03
3.549000000000000000e+03
3.559000000000000000e+03
3.585000000000000000e+03
3.606000000000000000e+03
3.516000000000000000e+03
3.526000000000000000e+03
3.487000000000000000e+03
3.428000000000000000e+03
3.439000000000000000e+03
3.306000000000000000e+03
3.197000000000000000e+03
3.108000000000000000e+03
3.060000000000000000e+03
2.951000000000000000e+03
2.872000000000000000e+03
2.766000000000000000e+03
2.713000000000000000e+03
2.534000000000000000e+03
2.404000000000000000e+03
2.274000000000000000e+03
2.174000000000000000e+03
2.037000000000000000e+03
1.948000000000000000e+03
1.835000000000000000e+03
1.674000000000000000e+03
1.585000000000000000e+03
1.396000000000000000e+03
1.388000000000000000e+03
1.234000000000000000e+03
1.115000000000000000e+03
1.059000000000000000e+03
9.510000000000000000e+02
8.790000000000000000e+02
8.060000000000000000e+02
7.500000000000000000e+02
6.600000000000000000e+02
5.870000000000000000e+02
4.990000000000000000e+02
4.610000000000000000e+02
4.050000000000000000e+02
3.760000000000000000e+02
3.480000000000000000e+02
2.900000000000000000e+02
2.660000000000000000e+02
1.970000000000000000e+02
2.310000000000000000e+02
1.700000000000000000e+02
1.400000000000000000e+02
1.130000000000000000e+02
1.460000000000000000e+02
1.270000000000000000e+02
7.300000000000000000e+01
8.900000000000000000e+01
5.000000000000000000e+01
4.600000000000000000e+01
5.900000000000000000e+01
4.300000000000000000e+01
8.900000000000000000e+01
4.500000000000000000e+01
2.000000000000000000e+01
3.800000000000000000e+01
5.200000000000000000e+01
3.900000000000000000e+01
3.200000000000000000e+01
3.500000000000000000e+01
-1.100000000000000000e+01
-4.000000000000000000e+00
1.700000000000000000e+01
3.600000000000000000e+01
3.300000000000000000e+01
4.300000000000000000e+01
7.000000000000000000e+00
3.100000000000000000e+01
6.000000000000000000e+00
2.500000000000000000e+01
3.000000000000000000e+01
1.800000000000000000e+01
5.200000000000000000e+01
1.300000000000000000e+01
2.000000000000000000e+01
-8.000000000000000000e+00
2.900000000000000000e+01
-6.000000000000000000e+00
-3.100000000000000000e+01
2.200000000000000000e+01
5.700000000000000000e+01
2.000000000000000000e+00
1.600000000000000000e+01
-9.000000000000000000e+00
4.900000000000000000e+01
-1.400000000000000000e+01
2.400000000000000000e+01
1.100000000000000000e+01
2.000000000000000000e+00
4.300000000000000000e+01
3.000000000000000000e+00
2.300000000000000000e+01
3.200000000000000000e+01
-7.000000000000000000e+00
3.900000000000000000e+01
1.000000000000000000e+01
3.000000000000000000e+01
3.100000000000000000e+01
4.500000000000000000e+01
3.000000000000000000e+01
1.500000000000000000e+01
2.700000000000000000e+01
-4.000000000000000000e+00
2.500000000000000000e+01
2.600000000000000000e+01
-2.100000000000000000e+01
1.100000000000000000e+01
1.300000000000000000e+01
2.000000000000000000e+00
1.900000000000000000e+01
9.000000000000000000e+00
2.900000000000000000e+01
3.700000000000000000e+01
2.500000000000000000e+01
3.700000000000000000e+01
1.400000000000000000e+01
4.200000000000000000e+01
2.600000000000000000e+01
7.000000000000000000e+00
-4.000000000000000000e+00
1.100000000000000000e+01
-4.000000000000000000e+00
2.100000000000000000e+01
9.000000000000000000e+00
4.800000000000000000e+01
2.200000000000000000e+01
1.300000000000000000e+01
3.000000000000000000e+01
-2.000000000000000000e+00
1.200000000000000000e+01
2.700000000000000000e+01
1.500000000000000000e+01
2.000000000000000000e+00
-2.000000000000000000e+00
-2.100000000000000000e+01
1.300000000000000000e+01
-3.000000000000000000e+00
8.000000000000000000e+00
1.600000000000000000e+01
8.000000000000000000e+00
1.500000000000000000e+01
-4.000000000000000000e+00
-2.000000000000000000e+00
-6.000000000000000000e+00
1.800000000000000000e+01
7.000000000000000000e+00
-2.200000000000000000e+01
4.300000000000000000e+01
1.900000000000000000e+01
1.000000000000000000e+01
-2.000000000000000000e+00
0.000000000000000000e+00
7.000000000000000000e+00
5.000000000000000000e+00
1.000000000000000000e+00
7.000000000000000000e+00
2.300000000000000000e+01
3.000000000000000000e+00
2.800000000000000000e+01
2.100000000000000000e+01
4.000000000000000000e+00
2.300000000000000000e+01
6.000000000000000000e+00
2.700000000000000000e+01
3.000000000000000000e+00
-1.000000000000000000e+00
1.500000000000000000e+01
2.100000000000000000e+01
1.200000000000000000e+01
2.300000000000000000e+01
-1.000000000000000000e+00
2.100000000000000000e+01
1.000000000000000000e+01
-4.000000000000000000e+00
1.200000000000000000e+01
2.000000000000000000e+00
2.100000000000000000e+01
3.500000000000000000e+01
-1.300000000000000000e+01
-1.000000000000000000e+00
7.000000000000000000e+00
2.000000000000000000e+01
1.400000000000000000e+01
-2.000000000000000000e+00
3.600000000000000000e+01
3.400000000000000000e+01
1.500000000000000000e+01
1.600000000000000000e+01
1.900000000000000000e+01
1.700000000000000000e+01
1.300000000000000000e+01
0.000000000000000000e+00
-5.000000000000000000e+00
2.500000000000000000e+01
2.200000000000000000e+01
1.600000000000000000e+01
-9.000000000000000000e+00
-3.000000000000000000e+01
-4.000000000000000000e+00
7.000000000000000000e+00
1.200000000000000000e+01
4.000000000000000000e+00
1.200000000000000000e+01
3.100000000000000000e+01
2.000000000000000000e+01
2.200000000000000000e+01
1.100000000000000000e+01
1.000000000000000000e+01
2.900000000000000000e+01
-6.000000000000000000e+00
-8.000000000000000000e+00
2.500000000000000000e+01
1.100000000000000000e+01
1.300000000000000000e+01
1.700000000000000000e+01
-2.100000000000000000e+01
-9.000000000000000000e+00
2.900000000000000000e+01
-1.000000000000000000e+00
1.000000000000000000e+00
3.900000000000000000e+01
3.900000000000000000e+01
1.400000000000000000e+01
-3.000000000000000000e+01
-1.000000000000000000e+01
1.000000000000000000e+00
2.600000000000000000e+01
1.500000000000000000e+01
3.600000000000000000e+01
1.900000000000000000e+01
1.400000000000000000e+01
0.000000000000000000e+00
2.200000000000000000e+01
1.500000000000000000e+01
5.000000000000000000e+00
-2.000000000000000000e+01
-3.000000000000000000e+00
4.000000000000000000e+00
2.800000000000000000e+01
-4.000000000000000000e+00
1.900000000000000000e+01
-2.000000000000000000e+00
2.100000000000000000e+01
1.500000000000000000e+01
-3.000000000000000000e+01
1.600000000000000000e+01
-1.600000000000000000e+01
0.000000000000000000e+00
1.000000000000000000e+00
5.000000000000000000e+00
-8.000000000000000000e+00
-1.100000000000000000e+01
-1.000000000000000000e+01
-1.000000000000000000e+01
2.700000000000000000e+01
-1.000000000000000000e+01
2.500000000000000000e+01
1.300000000000000000e+01
-1.000000000000000000e+00
-4.000000000000000000e+00
1.100000000000000000e+01
1.800000000000000000e+01
8.000000000000000000e+00
2.300000000000000000e+01
-5.000000000000000000e+00
-4.000000000000000000e+00
7.000000000000000000e+00
2.200000000000000000e+01
6.000000000000000000e+00
1.900000000000000000e+01
-2.300000000000000000e+01
1.000000000000000000e+01
5.000000000000000000e+00
6.000000000000000000e+00
3.100000000000000000e+01
-2.000000000000000000e+00
-1.900000000000000000e+01
7.000000000000000000e+00
-7.000000000000000000e+00
2.300000000000000000e+01
8.000000000000000000e+00
1.900000000000000000e+01
3.000000000000000000e+00
1.100000000000000000e+01
1.900000000000000000e+01
1.900000000000000000e+01
-1.000000000000000000e+00
-2.900000000000000000e+01
-3.200000000000000000e+01
5.000000000000000000e+00
-7.000000000000000000e+00
5.000000000000000000e+00
1.600000000000000000e+01
2.500000000000000000e+01
5.100000000000000000e+01
-8.000000000000000000e+00
2.000000000000000000e+00
-1.700000000000000000e+01
-1.300000000000000000e+01
0.000000000000000000e+00
-4.000000000000000000e+00
1.600000000000000000e+01
1.900000000000000000e+01
3.600000000000000000e+01
-8.000000000000000000e+00
1.300000000000000000e+01
0.000000000000000000e+00
1.400000000000000000e+01
1.300000000000000000e+01
8.000000000000000000e+00
3.800000000000000000e+01
1.100000000000000000e+01
5.000000000000000000e+00
8.000000000000000000e+00
1.900000000000000000e+01
2.100000000000000000e+01
-1.000000000000000000e+00
-6.000000000000000000e+00
1.800000000000000000e+01
2.400000000000000000e+01
3.900000000000000000e+01
1.900000000000000000e+01
3.700000000000000000e+01
2.600000000000000000e+01
-6.000000000000000000e+00
5.200000000000000000e+01
1.900000000000000000e+01
2.400000000000000000e+01
2.200000000000000000e+01
-9.000000000000000000e+00
1.300000000000000000e+01
1.800000000000000000e+01
4.500000000000000000e+01
1.300000000000000000e+01
9.000000000000000000e+00
-1.600000000000000000e+01
1.700000000000000000e+01
1.800000000000000000e+01
7.000000000000000000e+00
2.200000000000000000e+01
1.000000000000000000e+00
1.000000000000000000e+01
6.000000000000000000e+00
-5.000000000000000000e+00
4.000000000000000000e+00
1.800000000000000000e+01
3.100000000000000000e+01
1.700000000000000000e+01
5.000000000000000000e+00
0.000000000000000000e+00
4.000000000000000000e+00
1.200000000000000000e+01
-1.100000000000000000e+01
1.400000000000000000e+01
4.300000000000000000e+01
0.000000000000000000e+00
6.000000000000000000e+00
1.000000000000000000e+01
3.000000000000000000e+00
1.200000000000000000e+01
1.900000000000000000e+01
-1.100000000000000000e+01
-4.000000000000000000e+00
2.200000000000000000e+01
1.400000000000000000e+01
7.000000000000000000e+00
-6.000000000000000000e+00
-4.000000000000000000e+00
1.000000000000000000e+00
3.200000000000000000e+01
-5.000000000000000000e+00
1.500000000000000000e+01
1.000000000000000000e+00
5.000000000000000000e+00
-7.000000000000000000e+00
-1.900000000000000000e+01
3.000000000000000000e+00
-6.000000000000000000e+00
-1.200000000000000000e+01
5.000000000000000000e+00
-1.000000000000000000e+00
-2.100000000000000000e+01
1.100000000000000000e+01
-1.700000000000000000e+01
-1.000000000000000000e+00
2.200000000000000000e+01
1.100000000000000000e+01
4.000000000000000000e+00
2.600000000000000000e+01
-1.600000000000000000e+01
2.000000000000000000e+00
-9.000000000000000000e+00
2.000000000000000000e+00
-1.400000000000000000e+01
-3.000000000000000000e+00
-1.100000000000000000e+01
1.000000000000000000e+00
-1.600000000000000000e+01
1.400000000000000000e+01
-1.700000000000000000e+01
-4.000000000000000000e+00
9.000000000000000000e+00
-8.000000000000000000e+00
-2.000000000000000000e+00
5.000000000000000000e+00
1.050000000000000000e+02
1.000000000000000000e+00
-2.100000000000000000e+01
-7.000000000000000000e+00
1.000000000000000000e+01
-2.200000000000000000e+01
-1.100000000000000000e+01
-2.500000000000000000e+01
-1.900000000000000000e+01
1.100000000000000000e+01
1.100000000000000000e+01
-1.600000000000000000e+01
2.900000000000000000e+01
-1.500000000000000000e+01
1.000000000000000000e+00
1.300000000000000000e+01
1.000000000000000000e+00
-4.000000000000000000e+00
-2.800000000000000000e+01
-8.000000000000000000e+00
-2.600000000000000000e+01
2.100000000000000000e+01
1.700000000000000000e+01
-1.200000000000000000e+01
1.000000000000000000e+00
-1.600000000000000000e+01
2.000000000000000000e+00
-4.000000000000000000e+00
2.500000000000000000e+01
1.500000000000000000e+01
-7.000000000000000000e+00
3.800000000000000000e+01
-8.000000000000000000e+00
1.100000000000000000e+01
-2.200000000000000000e+01
-1.600000000000000000e+01
-1.400000000000000000e+01
7.000000000000000000e+00
6.000000000000000000e+00
4.000000000000000000e+00
-2.000000000000000000e+00
-3.000000000000000000e+01
2.600000000000000000e+01
-2.400000000000000000e+01
8.000000000000000000e+00
1.400000000000000000e+01
-1.200000000000000000e+01
-4.000000000000000000e+00
-1.800000000000000000e+01
-1.600000000000000000e+01
8.000000000000000000e+00
-1.900000000000000000e+01
-1.000000000000000000e+00
6.000000000000000000e+00
-5.100000000000000000e+01
1.000000000000000000e+01
-2.400000000000000000e+01
-1.800000000000000000e+01
1.300000000000000000e+01
-1.600000000000000000e+01
2.000000000000000000e+01
2.200000000000000000e+01
2.500000000000000000e+01
1.300000000000000000e+01
1.300000000000000000e+01
1.700000000000000000e+01
1.000000000000000000e+00
-3.000000000000000000e+00
1.800000000000000000e+01
-6.000000000000000000e+00
4.000000000000000000e+00
2.000000000000000000e+01
-6.000000000000000000e+00
-1.700000000000000000e+01
-2.200000000000000000e+01
-9.000000000000000000e+00
-4.000000000000000000e+00
3.000000000000000000e+00
-5.000000000000000000e+00
3.000000000000000000e+00
-1.600000000000000000e+01
-5.000000000000000000e+00
0.000000000000000000e+00
8.000000000000000000e+00
2.500000000000000000e+01
1.000000000000000000e+01
-5.000000000000000000e+00
3.200000000000000000e+01
-1.700000000000000000e+01
2.000000000000000000e+01
-1.100000000000000000e+01
3.200000000000000000e+01
2.000000000000000000e+00
-3.500000000000000000e+01
1.300000000000000000e+01
-2.400000000000000000e+01
6.000000000000000000e+00
3.000000000000000000e+01
1.000000000000000000e+01
-2.200000000000000000e+01
-2.700000000000000000e+01
1.800000000000000000e+01
-1.300000000000000000e+01
2.000000000000000000e+00
1.900000000000000000e+01
0.000000000000000000e+00
1.300000000000000000e+01
-4.000000000000000000e+00
2.000000000000000000e+00
-1.700000000000000000e+01
1.500000000000000000e+01
5.000000000000000000e+00
-1.600000000000000000e+01
1.500000000000000000e+01
1.700000000000000000e+01
8.000000000000000000e+00
1.200000000000000000e+01
0.000000000000000000e+00
3.000000000000000000e+00
-9.000000000000000000e+00
-2.000000000000000000e+00
-9.000000000000000000e+00
-2.000000000000000000e+01
3.000000000000000000e+00
1.500000000000000000e+01
-1.000000000000000000e+00
9.000000000000000000e+00
1.200000000000000000e+01
-1.800000000000000000e+01
2.000000000000000000e+00
-5.000000000000000000e+00
-1.300000000000000000e+01
1.200000000000000000e+01
-1.000000000000000000e+00
1.700000000000000000e+01
-1.900000000000000000e+01
-1.400000000000000000e+01
3.000000000000000000e+00
-2.300000000000000000e+01
1.700000000000000000e+01
1.300000000000000000e+01
4.000000000000000000e+00
1.000000000000000000e+00
-2.200000000000000000e+01
1.600000000000000000e+01
1.500000000000000000e+01
3.000000000000000000e+00
1.100000000000000000e+01
1.600000000000000000e+01
-2.000000000000000000e+00
1.900000000000000000e+01
2.000000000000000000e+00
-5.000000000000000000e+00
4.000000000000000000e+00
8.000000000000000000e+00
-1.000000000000000000e+01
-1.400000000000000000e+01
1.900000000000000000e+01
-2.000000000000000000e+00
-2.600000000000000000e+01
-8.000000000000000000e+00
2.600000000000000000e+01
6.000000000000000000e+00
-1.000000000000000000e+00
-8.000000000000000000e+00
2.300000000000000000e+01
1.300000000000000000e+01
-8.000000000000000000e+00
2.000000000000000000e+01
-2.000000000000000000e+00
1.200000000000000000e+01
-2.100000000000000000e+01
-1.400000000000000000e+01
-2.700000000000000000e+01
1.800000000000000000e+01
-1.000000000000000000e+00
3.000000000000000000e+00
7.000000000000000000e+00
1.700000000000000000e+01
-1.500000000000000000e+01
1.700000000000000000e+01
-2.000000000000000000e+01
2.100000000000000000e+01
-1.700000000000000000e+01
3.000000000000000000e+00
1.700000000000000000e+01
0.000000000000000000e+00
-4.000000000000000000e+00
8.000000000000000000e+00
-8.000000000000000000e+00
-1.200000000000000000e+01
-5.000000000000000000e+00
1.300000000000000000e+01
-1.600000000000000000e+01
3.700000000000000000e+01
-9.000000000000000000e+00
-2.200000000000000000e+01
1.500000000000000000e+01
-2.400000000000000000e+01
1.500000000000000000e+01
9.000000000000000000e+00
-2.700000000000000000e+01
1.400000000000000000e+01
1.500000000000000000e+01
-2.800000000000000000e+01
1.600000000000000000e+01
-2.000000000000000000e+00
1.000000000000000000e+00
2.000000000000000000e+01
-1.600000000000000000e+01
1.000000000000000000e+00
2.000000000000000000e+00
-8.000000000000000000e+00
2.900000000000000000e+01
6.000000000000000000e+00
3.000000000000000000e+00
-1.000000000000000000e+00
-1.000000000000000000e+01
0.000000000000000000e+00
1.800000000000000000e+01
2.000000000000000000e+00
0.000000000000000000e+00
-2.000000000000000000e+00
-1.300000000000000000e+01
6.000000000000000000e+00
-1.000000000000000000e+00
1.400000000000000000e+01
1.100000000000000000e+01
1.000000000000000000e+00
1.000000000000000000e+01
1.100000000000000000e+01
-2.000000000000000000e+00
-2.500000000000000000e+01
-3.200000000000000000e+01
-2.600000000000000000e+01
-2.400000000000000000e+01
1.300000000000000000e+01
-1.600000000000000000e+01
9.000000000000000000e+00
2.500000000000000000e+01
0.000000000000000000e+00
0.000000000000000000e+00
-9.000000000000000000e+00
0.000000000000000000e+00
3.000000000000000000e+00
-2.100000000000000000e+01
4.000000000000000000e+00
-1.000000000000000000e+01
-2.600000000000000000e+01
7.000000000000000000e+00
-1.100000000000000000e+01
-1.200000000000000000e+01
-4.000000000000000000e+00
-3.000000000000000000e+01
0.000000000000000000e+00
6.000000000000000000e+00
6.000000000000000000e+00
-1.500000000000000000e+01
-2.000000000000000000e+00
1.000000000000000000e+01
1.100000000000000000e+01
-2.000000000000000000e+00
1.000000000000000000e+01
-2.000000000000000000e+00
2.100000000000000000e+01
1.000000000000000000e+00
-3.000000000000000000e+00
1.700000000000000000e+01
9.000000000000000000e+00
1.300000000000000000e+01
4.000000000000000000e+00
-2.400000000000000000e+01
4.000000000000000000e+00
1.400000000000000000e+01
-2.000000000000000000e+01
2.900000000000000000e+01
-5.000000000000000000e+00
-1.500000000000000000e+01
1.400000000000000000e+01
-6.000000000000000000e+00
2.100000000000000000e+01
-2.200000000000000000e+01
1.000000000000000000e+01
-1.600000000000000000e+01
3.400000000000000000e+01
-1.100000000000000000e+01
1.900000000000000000e+01
-1.600000000000000000e+01
-4.000000000000000000e+00
-5.000000000000000000e+00
2.100000000000000000e+01
-5.000000000000000000e+00
3.100000000000000000e+01
-1.200000000000000000e+01
1.300000000000000000e+01
-1.400000000000000000e+01
-5.000000000000000000e+00
7.000000000000000000e+00
-1.300000000000000000e+01
3.000000000000000000e+00
2.500000000000000000e+01
2.200000000000000000e+01
9.000000000000000000e+00
5.000000000000000000e+00
2.200000000000000000e+01
-1.400000000000000000e+01
1.300000000000000000e+01
-2.600000000000000000e+01
-8.000000000000000000e+00
1.400000000000000000e+01
-4.000000000000000000e+00
-1.000000000000000000e+01
-1.400000000000000000e+01
0.000000000000000000e+00
1.900000000000000000e+01
-1.700000000000000000e+01
-3.000000000000000000e+00
-1.800000000000000000e+01
1.300000000000000000e+01
-1.300000000000000000e+01
-9.000000000000000000e+00
2.400000000000000000e+01
2.000000000000000000e+00
2.000000000000000000e+00
-1.200000000000000000e+01
0.000000000000000000e+00
-3.600000000000000000e+01
7.000000000000000000e+00
-7.000000000000000000e+00
2.000000000000000000e+00
1.800000000000000000e+01
-1.600000000000000000e+01
1.600000000000000000e+01
1.200000000000000000e+01
1.700000000000000000e+01
-8.000000000000000000e+00
6.000000000000000000e+00
-2.000000000000000000e+00
-6.000000000000000000e+00
1.500000000000000000e+01
2.000000000000000000e+00
2.400000000000000000e+01
1.600000000000000000e+01
-8.000000000000000000e+00
-4.000000000000000000e+00
-3.000000000000000000e+00
-1.000000000000000000e+00
-1.900000000000000000e+01
0.000000000000000000e+00
2.200000000000000000e+01
1.300000000000000000e+01
4.200000000000000000e+01
1.000000000000000000e+01
2.600000000000000000e+01
-4.000000000000000000e+00
-1.900000000000000000e+01
-2.300000000000000000e+01
3.000000000000000000e+00
1.400000000000000000e+01
-1.000000000000000000e+00
3.200000000000000000e+01
1.000000000000000000e+00
3.100000000000000000e+01
-2.500000000000000000e+01
6.000000000000000000e+00
1.200000000000000000e+01
-2.000000000000000000e+01
-2.000000000000000000e+00
2.000000000000000000e+00
8.000000000000000000e+00
4.000000000000000000e+00
2.800000000000000000e+01
4.000000000000000000e+01
3.500000000000000000e+01
1.100000000000000000e+01
1.500000000000000000e+01
1.800000000000000000e+01
2.100000000000000000e+01
1.000000000000000000e+00
2.000000000000000000e+01
1.100000000000000000e+01
4.600000000000000000e+01
1.900000000000000000e+01
1.300000000000000000e+01
9.000000000000000000e+00
3.600000000000000000e+01
7.000000000000000000e+00
-2.200000000000000000e+01
-1.100000000000000000e+01
2.200000000000000000e+01
5.000000000000000000e+00
2.500000000000000000e+01
9.000000000000000000e+00
7.000000000000000000e+00
-7.000000000000000000e+00
2.600000000000000000e+01
-1.000000000000000000e+00
1.800000000000000000e+01
3.400000000000000000e+01
2.700000000000000000e+01
1.100000000000000000e+01
1.800000000000000000e+01
4.700000000000000000e+01
2.700000000000000000e+01
2.500000000000000000e+01
1.900000000000000000e+01
2.300000000000000000e+01
3.000000000000000000e+01
2.800000000000000000e+01
3.000000000000000000e+00
3.400000000000000000e+01
2.200000000000000000e+01
5.900000000000000000e+01
5.200000000000000000e+01
7.300000000000000000e+01
5.600000000000000000e+01
5.500000000000000000e+01
4.000000000000000000e+01
4.400000000000000000e+01
4.400000000000000000e+01
8.200000000000000000e+01
5.500000000000000000e+01
8.100000000000000000e+01
7.700000000000000000e+01
5.900000000000000000e+01
8.900000000000000000e+01
8.000000000000000000e+01
1.050000000000000000e+02
9.200000000000000000e+01
9.200000000000000000e+01
1.400000000000000000e+02
1.230000000000000000e+02
1.250000000000000000e+02
1.360000000000000000e+02
1.450000000000000000e+02
1.380000000000000000e+02
1.390000000000000000e+02
1.360000000000000000e+02
1.510000000000000000e+02
1.550000000000000000e+02
1.840000000000000000e+02
2.160000000000000000e+02
2.190000000000000000e+02
2.270000000000000000e+02
2.640000000000000000e+02
2.770000000000000000e+02
2.670000000000000000e+02
2.750000000000000000e+02
2.940000000000000000e+02
3.240000000000000000e+02
3.150000000000000000e+02
3.330000000000000000e+02
3.660000000000000000e+02
3.590000000000000000e+02
4.100000000000000000e+02
4.390000000000000000e+02
4.570000000000000000e+02
4.940000000000000000e+02
4.800000000000000000e+02
5.110000000000000000e+02
4.890000000000000000e+02
5.330000000000000000e+02
5.660000000000000000e+02
6.020000000000000000e+02
6.090000000000000000e+02
5.970000000000000000e+02
6.670000000000000000e+02
6.880000000000000000e+02
7.220000000000000000e+02
7.330000000000000000e+02
7.900000000000000000e+02
7.910000000000000000e+02
8.930000000000000000e+02
9.210000000000000000e+02
9.170000000000000000e+02
9.660000000000000000e+02
9.750000000000000000e+02
1.021000000000000000e+03
1.047000000000000000e+03
1.119000000000000000e+03
1.137000000000000000e+03
1.171000000000000000e+03
1.188000000000000000e+03
1.162000000000000000e+03
1.220000000000000000e+03
1.251000000000000000e+03
1.262000000000000000e+03
1.287000000000000000e+03
1.362000000000000000e+03
1.387000000000000000e+03
1.391000000000000000e+03
1.448000000000000000e+03
1.434000000000000000e+03
1.513000000000000000e+03
1.495000000000000000e+03
1.603000000000000000e+03
1.587000000000000000e+03
1.596000000000000000e+03
1.624000000000000000e+03
1.647000000000000000e+03
1.665000000000000000e+03
1.675000000000000000e+03
1.649000000000000000e+03
1.695000000000000000e+03
1.777000000000000000e+03
1.700000000000000000e+03
1.798000000000000000e+03
1.762000000000000000e+03
1.816000000000000000e+03
1.873000000000000000e+03
1.847000000000000000e+03
1.881000000000000000e+03
1.930000000000000000e+03
1.898000000000000000e+03
1.926000000000000000e+03
1.911000000000000000e+03
1.894000000000000000e+03
1.966000000000000000e+03
1.918000000000000000e+03
1.941000000000000000e+03
1.876000000000000000e+03
1.945000000000000000e+03
1.871000000000000000e+03
1.881000000000000000e+03
1.915000000000000000e+03
1.778000000000000000e+03
1.831000000000000000e+03
1.723000000000000000e+03
1.780000000000000000e+03
1.741000000000000000e+03
1.770000000000000000e+03
1.720000000000000000e+03
1.717000000000000000e+03
1.683000000000000000e+03
1.688000000000000000e+03
1.660000000000000000e+03
1.608000000000000000e+03
1.656000000000000000e+03
1.605000000000000000e+03
1.648000000000000000e+03
1.612000000000000000e+03
1.576000000000000000e+03
1.553000000000000000e+03
1.581000000000000000e+03
1.502000000000000000e+03
1.497000000000000000e+03
1.521000000000000000e+03
1.484000000000000000e+03
1.480000000000000000e+03
1.385000000000000000e+03
1.396000000000000000e+03
1.361000000000000000e+03
1.357000000000000000e+03
1.295000000000000000e+03
1.256000000000000000e+03
1.224000000000000000e+03
1.150000000000000000e+03
1.205000000000000000e+03
1.074000000000000000e+03
1.037000000000000000e+03
1.038000000000000000e+03
9.880000000000000000e+02
9.950000000000000000e+02
9.740000000000000000e+02
9.200000000000000000e+02
9.010000000000000000e+02
8.800000000000000000e+02
8.660000000000000000e+02
8.220000000000000000e+02
8.060000000000000000e+02
8.070000000000000000e+02
7.630000000000000000e+02
7.020000000000000000e+02
7.010000000000000000e+02
6.600000000000000000e+02
6.280000000000000000e+02
6.260000000000000000e+02
5.750000000000000000e+02
5.790000000000000000e+02
5.270000000000000000e+02
5.280000000000000000e+02
5.480000000000000000e+02
5.290000000000000000e+02
4.840000000000000000e+02
4.840000000000000000e+02
4.160000000000000000e+02
4.250000000000000000e+02
3.910000000000000000e+02
3.720000000000000000e+02
3.550000000000000000e+02
3.300000000000000000e+02
3.370000000000000000e+02
3.470000000000000000e+02
2.990000000000000000e+02
3.030000000000000000e+02
2.590000000000000000e+02
2.650000000000000000e+02
3.090000000000000000e+02
2.430000000000000000e+02
2.440000000000000000e+02
2.570000000000000000e+02
2.170000000000000000e+02
2.400000000000000000e+02
1.880000000000000000e+02
1.820000000000000000e+02
1.750000000000000000e+02
1.450000000000000000e+02
1.340000000000000000e+02
1.780000000000000000e+02
1.200000000000000000e+02
1.440000000000000000e+02
1.240000000000000000e+02
1.150000000000000000e+02
1.210000000000000000e+02
9.200000000000000000e+01
9.100000000000000000e+01
1.280000000000000000e+02
1.100000000000000000e+02
9.700000000000000000e+01
7.900000000000000000e+01
7.000000000000000000e+01
9.000000000000000000e+01
5.200000000000000000e+01
7.400000000000000000e+01
5.800000000000000000e+01
6.000000000000000000e+01
6.700000000000000000e+01
6.100000000000000000e+01
3.700000000000000000e+01
4.200000000000000000e+01
2.400000000000000000e+01
3.700000000000000000e+01
3.100000000000000000e+01
3.100000000000000000e+01
4.700000000000000000e+01
3.200000000000000000e+01
1.000000000000000000e+01
4.500000000000000000e+01
9.000000000000000000e+00
1.000000000000000000e+00
3.200000000000000000e+01
2.300000000000000000e+01
3.000000000000000000e+00
1.800000000000000000e+01
2.200000000000000000e+01
-1.000000000000000000e+01
2.100000000000000000e+01
3.000000000000000000e+00
1.800000000000000000e+01
3.700000000000000000e+01
2.100000000000000000e+01
1.000000000000000000e+01
2.000000000000000000e+01
4.800000000000000000e+01
2.000000000000000000e+01
1.600000000000000000e+01
2.500000000000000000e+01
1.100000000000000000e+01
2.200000000000000000e+01
2.200000000000000000e+01
-7.000000000000000000e+00
2.000000000000000000e+01
1.200000000000000000e+01
1.000000000000000000e+00
-1.100000000000000000e+01
1.800000000000000000e+01
8.000000000000000000e+00
2.000000000000000000e+01
1.300000000000000000e+01
1.000000000000000000e+01
-8.000000000000000000e+00
8.000000000000000000e+00
7.000000000000000000e+00
-1.300000000000000000e+01
5.000000000000000000e+00
-1.000000000000000000e+00
5.000000000000000000e+00
1.200000000000000000e+01
1.300000000000000000e+01
-8.000000000000000000e+00
0.000000000000000000e+00
-3.000000000000000000e+00
-6.000000000000000000e+00
-6.000000000000000000e+00
-4.000000000000000000e+00
-2.400000000000000000e+01
2.100000000000000000e+01
2.000000000000000000e+00
1.000000000000000000e+01
7.000000000000000000e+00
5.000000000000000000e+00
6.000000000000000000e+00
3.200000000000000000e+01
-1.000000000000000000e+00
1.000000000000000000e+01
1.800000000000000000e+01
-1.600000000000000000e+01
4.000000000000000000e+00
-3.000000000000000000e+00
6.000000000000000000e+00
-2.100000000000000000e+01
2.800000000000000000e+01
1.300000000000000000e+01
-1.000000000000000000e+00
-3.000000000000000000e+01
1.700000000000000000e+01
5.000000000000000000e+00
1.800000000000000000e+01
-6.000000000000000000e+00
-2.000000000000000000e+00
-1.700000000000000000e+01
-3.000000000000000000e+00
-8.000000000000000000e+00
1.600000000000000000e+01
1.600000000000000000e+01
2.000000000000000000e+00
-1.500000000000000000e+01
1.100000000000000000e+01
-3.000000000000000000e+00
-3.000000000000000000e+00
1.000000000000000000e+00
1.000000000000000000e+00
0.000000000000000000e+00
