2.000000000000000000e+00
-1.000000000000000000e+00
-4.000000000000000000e+00
3.000000000000000000e+00
7.000000000000000000e+00
0.000000000000000000e+00
-3.000000000000000000e+00
-1.100000000000000000e+01
2.000000000000000000e+00
-6.000000000000000000e+00
9.000000000000000000e+00
-2.800000000000000000e+01
5.000000000000000000e+00
-3.000000000000000000e+00
-1.400000000000000000e+01
8.000000000000000000e+00
1.300000000000000000e+01
1.400000000000000000e+01
-4.000000000000000000e+00
1.200000000000000000e+01
3.700000000000000000e+01
2.000000000000000000e+00
1.400000000000000000e+01
-8.000000000000000000e+00
-2.300000000000000000e+01
9.000000000000000000e+00
-1.100000000000000000e+01
5.000000000000000000e+00
1.000000000000000000e+00
-9.000000000000000000e+00
-8.000000000000000000e+00
-2.100000000000000000e+01
2.900000000000000000e+01
-1.000000000000000000e+00
-1.500000000000000000e+01
-2.100000000000000000e+01
0.000000000000000000e+00
-7.000000000000000000e+00
2.500000000000000000e+01
1.800000000000000000e+01
-1.400000000000000000e+01
4.000000000000000000e+00
-2.000000000000000000e+01
-3.000000000000000000e+01
1.400000000000000000e+01
-1.100000000000000000e+01
-3.000000000000000000e+00
-1.400000000000000000e+01
7.000000000000000000e+00
0.000000000000000000e+00
-1.900000000000000000e+01
-2.100000000000000000e+01
6.000000000000000000e+00
6.000000000000000000e+00
-2.600000000000000000e+01
-1.100000000000000000e+01
-2.000000000000000000e+01
-3.800000000000000000e+01
3.000000000000000000e+00
-4.600000000000000000e+01
-1.300000000000000000e+01
-6.000000000000000000e+00
2.000000000000000000e+00
8.000000000000000000e+00
2.000000000000000000e+00
8.000000000000000000e+00
-1.300000000000000000e+01
2.200000000000000000e+01
1.100000000000000000e+01
-2.700000000000000000e+01
4.000000000000000000e+00
1.500000000000000000e+01
1.100000000000000000e+01
-4.800000000000000000e+01
-1.200000000000000000e+01
2.700000000000000000e+01
-3.800000000000000000e+01
2.700000000000000000e+01
1.200000000000000000e+01
0.000000000000000000e+00
9.000000000000000000e+00
1.900000000000000000e+01
-2.400000000000000000e+01
2.700000000000000000e+01
0.000000000000000000e+00
-2.900000000000000000e+01
1.200000000000000000e+01
-1.100000000000000000e+01
1.600000000000000000e+01
3.000000000000000000e+00
-2.000000000000000000e+00
-1.400000000000000000e+01
-1.700000000000000000e+01
-1.200000000000000000e+01
2.300000000000000000e+01
4.000000000000000000e+00
1.000000000000000000e+00
-1.000000000000000000e+00
-6.000000000000000000e+00
9.000000000000000000e+00
1.700000000000000000e+01
1.400000000000000000e+01
-1.400000000000000000e+01
-3.500000000000000000e+01
-1.400000000000000000e+01
2.000000000000000000e+00
-1.000000000000000000e+00
6.000000000000000000e+00
-3.000000000000000000e+00
1.000000000000000000e+00
1.000000000000000000e+00
1.500000000000000000e+01
3.300000000000000000e+01
-1.200000000000000000e+01
1.100000000000000000e+01
1.300000000000000000e+01
1.000000000000000000e+01
-1.200000000000000000e+01
1.200000000000000000e+01
1.600000000000000000e+01
-1.500000000000000000e+01
1.600000000000000000e+01
-1.200000000000000000e+01
-6.000000000000000000e+00
2.200000000000000000e+01
-3.600000000000000000e+01
1.500000000000000000e+01
-1.200000000000000000e+01
9.000000000000000000e+00
6.000000000000000000e+00
2.000000000000000000e+00
2.200000000000000000e+01
-9.000000000000000000e+00
7.000000000000000000e+00
-4.000000000000000000e+00
3.000000000000000000e+01
-5.000000000000000000e+00
2.400000000000000000e+01
-3.000000000000000000e+00
2.500000000000000000e+01
-1.100000000000000000e+01
-1.300000000000000000e+01
-4.000000000000000000e+00
5.000000000000000000e+00
1.200000000000000000e+01
2.000000000000000000e+01
-3.000000000000000000e+00
-9.000000000000000000e+00
1.300000000000000000e+01
-3.000000000000000000e+00
8.000000000000000000e+00
1.500000000000000000e+01
-1.400000000000000000e+01
8.000000000000000000e+00
-4.000000000000000000e+00
-1.100000000000000000e+01
1.600000000000000000e+01
4.000000000000000000e+00
1.000000000000000000e+00
-1.100000000000000000e+01
1.600000000000000000e+01
-2.300000000000000000e+01
-1.000000000000000000e+00
-1.000000000000000000e+01
-1.500000000000000000e+01
-2.000000000000000000e+01
-2.000000000000000000e+00
-1.100000000000000000e+01
1.000000000000000000e+00
1.000000000000000000e+00
2.200000000000000000e+01
-2.500000000000000000e+01
8.000000000000000000e+00
2.900000000000000000e+01
1.000000000000000000e+00
-1.100000000000000000e+01
2.100000000000000000e+01
1.500000000000000000e+01
6.000000000000000000e+00
1.000000000000000000e+00
1.000000000000000000e+01
1.900000000000000000e+01
1.400000000000000000e+01
-8.000000000000000000e+00
7.000000000000000000e+00
-3.000000000000000000e+01
-7.000000000000000000e+00
-4.000000000000000000e+00
2.100000000000000000e+01
7.000000000000000000e+00
5.000000000000000000e+00
-1.800000000000000000e+01
-1.300000000000000000e+01
-5.000000000000000000e+00
2.000000000000000000e+00
-1.800000000000000000e+01
6.000000000000000000e+00
8.000000000000000000e+00
0.000000000000000000e+00
-1.000000000000000000e+01
-1.000000000000000000e+00
2.500000000000000000e+01
-6.000000000000000000e+00
1.100000000000000000e+01
2.000000000000000000e+00
-1.600000000000000000e+01
8.000000000000000000e+00
-7.000000000000000000e+00
-7.000000000000000000e+00
-2.000000000000000000e+01
-3.000000000000000000e+00
5.000000000000000000e+00
1.500000000000000000e+01
5.000000000000000000e+00
7.000000000000000000e+00
-4.000000000000000000e+00
1.800000000000000000e+01
1.800000000000000000e+01
1.300000000000000000e+01
2.300000000000000000e+01
1.800000000000000000e+01
-2.200000000000000000e+01
-2.100000000000000000e+01
9.000000000000000000e+00
-3.000000000000000000e+01
-1.200000000000000000e+01
-2.100000000000000000e+01
9.000000000000000000e+00
1.500000000000000000e+01
1.200000000000000000e+01
-2.300000000000000000e+01
3.000000000000000000e+00
2.100000000000000000e+01
3.000000000000000000e+00
-1.000000000000000000e+00
1.300000000000000000e+01
-9.000000000000000000e+00
-3.100000000000000000e+01
-4.000000000000000000e+00
4.000000000000000000e+00
1.400000000000000000e+01
9.000000000000000000e+00
1.200000000000000000e+01
4.000000000000000000e+00
2.100000000000000000e+01
8.000000000000000000e+00
-6.000000000000000000e+00
2.000000000000000000e+00
-2.000000000000000000e+01
1.300000000000000000e+01
3.000000000000000000e+00
-1.900000000000000000e+01
-2.600000000000000000e+01
-8.000000000000000000e+00
-4.300000000000000000e+01
1.100000000000000000e+01
1.400000000000000000e+01
-2.600000000000000000e+01
-1.400000000000000000e+01
-2.100000000000000000e+01
0.000000000000000000e+00
1.000000000000000000e+00
2.000000000000000000e+00
-1.000000000000000000e+01
1.600000000000000000e+01
7.000000000000000000e+00
-4.000000000000000000e+00
8.000000000000000000e+00
1.600000000000000000e+01
-7.000000000000000000e+00
2.000000000000000000e+00
-3.000000000000000000e+00
-1.200000000000000000e+01
7.000000000000000000e+00
1.700000000000000000e+01
2.000000000000000000e+01
-1.000000000000000000e+01
1.000000000000000000e+01
-3.400000000000000000e+01
6.000000000000000000e+00
-2.500000000000000000e+01
-1.500000000000000000e+01
4.000000000000000000e+00
-8.000000000000000000e+00
-1.800000000000000000e+01
3.000000000000000000e+00
-3.500000000000000000e+01
-1.000000000000000000e+01
-1.000000000000000000e+01
-9.000000000000000000e+00
-1.100000000000000000e+01
-8.000000000000000000e+00
-1.500000000000000000e+01
1.700000000000000000e+01
1.800000000000000000e+01
7.000000000000000000e+00
2.000000000000000000e+00
-3.000000000000000000e+00
-1.000000000000000000e+00
-7.000000000000000000e+00
0.000000000000000000e+00
-1.400000000000000000e+01
-2.500000000000000000e+01
-8.000000000000000000e+00
-1.000000000000000000e+01
-2.300000000000000000e+01
-3.000000000000000000e+01
-8.000000000000000000e+00
-4.200000000000000000e+01
4.000000000000000000e+00
-2.600000000000000000e+01
1.700000000000000000e+01
2.400000000000000000e+01
3.900000000000000000e+01
-1.200000000000000000e+01
1.100000000000000000e+01
1.100000000000000000e+01
1.400000000000000000e+01
-3.200000000000000000e+01
-2.800000000000000000e+01
-8.000000000000000000e+00
1.300000000000000000e+01
-7.000000000000000000e+00
1.300000000000000000e+01
5.000000000000000000e+00
-1.600000000000000000e+01
0.000000000000000000e+00
-1.000000000000000000e+01
-1.500000000000000000e+01
2.600000000000000000e+01
1.000000000000000000e+01
4.900000000000000000e+01
-3.100000000000000000e+01
0.000000000000000000e+00
-1.000000000000000000e+00
-1.800000000000000000e+01
1.200000000000000000e+01
-1.100000000000000000e+01
-1.200000000000000000e+01
2.000000000000000000e+00
-3.000000000000000000e+00
-1.800000000000000000e+01
2.700000000000000000e+01
1.300000000000000000e+01
1.100000000000000000e+01
-2.700000000000000000e+01
-1.600000000000000000e+01
-2.300000000000000000e+01
-3.400000000000000000e+01
0.000000000000000000e+00
1.000000000000000000e+00
3.000000000000000000e+00
1.000000000000000000e+01
-1.800000000000000000e+01
8.000000000000000000e+00
1.500000000000000000e+01
-1.100000000000000000e+01
7.000000000000000000e+00
6.000000000000000000e+00
-6.000000000000000000e+00
-6.000000000000000000e+00
2.500000000000000000e+01
1.000000000000000000e+01
3.000000000000000000e+01
-1.200000000000000000e+01
-9.000000000000000000e+00
-2.000000000000000000e+00
-5.000000000000000000e+00
1.100000000000000000e+01
-5.000000000000000000e+00
-1.000000000000000000e+00
-1.000000000000000000e+00
-1.300000000000000000e+01
6.000000000000000000e+00
-4.000000000000000000e+00
2.000000000000000000e+00
1.000000000000000000e+00
-1.000000000000000000e+00
0.000000000000000000e+00
7.000000000000000000e+00
1.800000000000000000e+01
7.000000000000000000e+00
-4.800000000000000000e+01
2.100000000000000000e+01
-1.500000000000000000e+01
2.900000000000000000e+01
-9.000000000000000000e+00
-2.100000000000000000e+01
1.600000000000000000e+01
2.400000000000000000e+01
-1.700000000000000000e+01
4.000000000000000000e+00
1.300000000000000000e+01
3.000000000000000000e+00
0.000000000000000000e+00
9.000000000000000000e+00
-2.000000000000000000e+00
1.200000000000000000e+01
3.000000000000000000e+00
1.600000000000000000e+01
2.000000000000000000e+00
2.000000000000000000e+00
1.900000000000000000e+01
-8.000000000000000000e+00
-7.000000000000000000e+00
0.000000000000000000e+00
5.000000000000000000e+00
-2.800000000000000000e+01
-3.000000000000000000e+00
-2.900000000000000000e+01
7.000000000000000000e+00
-6.000000000000000000e+00
-2.600000000000000000e+01
-1.200000000000000000e+01
5.000000000000000000e+00
-1.500000000000000000e+01
2.900000000000000000e+01
-2.600000000000000000e+01
-2.900000000000000000e+01
2.700000000000000000e+01
1.100000000000000000e+01
7.000000000000000000e+00
-2.000000000000000000e+00
-1.000000000000000000e+01
8.000000000000000000e+00
3.000000000000000000e+00
-3.600000000000000000e+01
-7.000000000000000000e+00
-3.800000000000000000e+01
-1.500000000000000000e+01
5.000000000000000000e+00
2.100000000000000000e+01
8.000000000000000000e+00
3.000000000000000000e+00
1.100000000000000000e+01
3.000000000000000000e+00
-1.900000000000000000e+01
1.400000000000000000e+01
-1.400000000000000000e+01
6.000000000000000000e+00
4.700000000000000000e+01
-2.300000000000000000e+01
6.000000000000000000e+00
2.900000000000000000e+01
1.700000000000000000e+01
-4.000000000000000000e+00
-2.200000000000000000e+01
-9.000000000000000000e+00
-4.100000000000000000e+01
1.300000000000000000e+01
1.000000000000000000e+01
2.900000000000000000e+01
-5.000000000000000000e+00
-1.500000000000000000e+01
8.000000000000000000e+00
3.000000000000000000e+00
4.500000000000000000e+01
1.300000000000000000e+01
1.400000000000000000e+01
-1.000000000000000000e+01
-9.000000000000000000e+00
-2.200000000000000000e+01
-1.700000000000000000e+01
-6.000000000000000000e+00
-7.000000000000000000e+00
-4.000000000000000000e+00
8.000000000000000000e+00
-3.000000000000000000e+00
-1.300000000000000000e+01
1.300000000000000000e+01
-1.000000000000000000e+01
-4.000000000000000000e+00
7.600000000000000000e+01
1.400000000000000000e+01
-1.500000000000000000e+01
1.000000000000000000e+00
1.700000000000000000e+01
-1.000000000000000000e+00
1.700000000000000000e+01
-2.000000000000000000e+00
1.000000000000000000e+00
1.200000000000000000e+01
3.000000000000000000e+00
-5.000000000000000000e+00
-1.400000000000000000e+01
-1.000000000000000000e+00
-2.000000000000000000e+01
-4.000000000000000000e+00
-1.800000000000000000e+01
2.800000000000000000e+01
2.100000000000000000e+01
4.000000000000000000e+00
1.000000000000000000e+00
1.000000000000000000e+00
7.000000000000000000e+00
3.000000000000000000e+00
-1.900000000000000000e+01
-6.000000000000000000e+00
8.000000000000000000e+00
2.700000000000000000e+01
2.100000000000000000e+01
7.000000000000000000e+00
1.100000000000000000e+01
1.600000000000000000e+01
-1.400000000000000000e+01
-5.000000000000000000e+00
-4.000000000000000000e+00
-1.000000000000000000e+00
-4.000000000000000000e+00
9.000000000000000000e+00
-3.900000000000000000e+01
1.300000000000000000e+01
1.000000000000000000e+00
-5.000000000000000000e+00
9.000000000000000000e+00
1.300000000000000000e+01
-2.300000000000000000e+01
1.500000000000000000e+01
2.100000000000000000e+01
3.000000000000000000e+00
-8.000000000000000000e+00
1.000000000000000000e+01
-3.300000000000000000e+01
-1.100000000000000000e+01
7.000000000000000000e+00
-9.000000000000000000e+00
6.000000000000000000e+00
-3.000000000000000000e+00
1.100000000000000000e+01
1.000000000000000000e+01
6.000000000000000000e+00
1.100000000000000000e+01
4.600000000000000000e+01
3.100000000000000000e+01
4.300000000000000000e+01
-7.000000000000000000e+00
-1.200000000000000000e+01
-4.000000000000000000e+00
-6.000000000000000000e+00
-3.000000000000000000e+00
3.500000000000000000e+01
2.200000000000000000e+01
5.200000000000000000e+01
1.300000000000000000e+01
2.700000000000000000e+01
8.000000000000000000e+00
2.500000000000000000e+01
-7.000000000000000000e+00
6.000000000000000000e+00
-1.400000000000000000e+01
-1.000000000000000000e+01
-2.100000000000000000e+01
1.300000000000000000e+01
-1.400000000000000000e+01
5.500000000000000000e+01
-1.100000000000000000e+01
3.200000000000000000e+01
-1.600000000000000000e+01
-4.000000000000000000e+00
5.000000000000000000e+00
1.400000000000000000e+01
-1.300000000000000000e+01
1.900000000000000000e+01
2.600000000000000000e+01
8.000000000000000000e+00
4.000000000000000000e+00
5.000000000000000000e+00
-2.300000000000000000e+01
-2.400000000000000000e+01
1.500000000000000000e+01
-3.000000000000000000e+00
7.000000000000000000e+00
5.000000000000000000e+00
-5.000000000000000000e+00
1.000000000000000000e+01
7.200000000000000000e+01
-2.300000000000000000e+01
-2.000000000000000000e+00
1.400000000000000000e+01
-1.900000000000000000e+01
-2.700000000000000000e+01
-1.200000000000000000e+01
-9.000000000000000000e+00
2.400000000000000000e+01
-1.000000000000000000e+00
5.100000000000000000e+01
1.600000000000000000e+01
1.400000000000000000e+01
1.100000000000000000e+01
6.000000000000000000e+00
-1.200000000000000000e+01
2.000000000000000000e+00
5.000000000000000000e+00
4.000000000000000000e+01
1.000000000000000000e+00
2.000000000000000000e+01
-6.000000000000000000e+00
-1.600000000000000000e+01
5.000000000000000000e+00
6.000000000000000000e+00
-5.000000000000000000e+00
-1.000000000000000000e+00
6.000000000000000000e+00
-3.000000000000000000e+00
1.500000000000000000e+01
0.000000000000000000e+00
1.500000000000000000e+01
1.500000000000000000e+01
9.000000000000000000e+00
0.000000000000000000e+00
-1.000000000000000000e+00
-1.000000000000000000e+00
-2.100000000000000000e+01
-6.000000000000000000e+00
-2.000000000000000000e+00
-1.900000000000000000e+01
9.000000000000000000e+00
-1.300000000000000000e+01
7.000000000000000000e+00
3.000000000000000000e+00
3.800000000000000000e+01
-1.700000000000000000e+01
3.000000000000000000e+01
1.000000000000000000e+00
0.000000000000000000e+00
-2.400000000000000000e+01
3.000000000000000000e+00
2.000000000000000000e+01
5.000000000000000000e+00
-2.300000000000000000e+01
4.000000000000000000e+00
2.000000000000000000e+01
-1.100000000000000000e+01
0.000000000000000000e+00
3.000000000000000000e+00
-1.900000000000000000e+01
-1.600000000000000000e+01
2.200000000000000000e+01
1.500000000000000000e+01
-6.000000000000000000e+00
1.500000000000000000e+01
-2.200000000000000000e+01
-1.100000000000000000e+01
-6.000000000000000000e+00
1.800000000000000000e+01
1.200000000000000000e+01
-1.300000000000000000e+01
-3.000000000000000000e+00
1.400000000000000000e+01
3.000000000000000000e+00
-1.100000000000000000e+01
-3.400000000000000000e+01
1.800000000000000000e+01
4.800000000000000000e+01
-2.000000000000000000e+00
-1.700000000000000000e+01
1.500000000000000000e+01
-6.000000000000000000e+00
0.000000000000000000e+00
1.400000000000000000e+01
1.300000000000000000e+01
2.000000000000000000e+01
-7.000000000000000000e+00
9.000000000000000000e+00
-2.000000000000000000e+01
-2.000000000000000000e+00
-1.000000000000000000e+01
5.200000000000000000e+01
3.000000000000000000e+01
1.800000000000000000e+01
-2.100000000000000000e+01
1.200000000000000000e+01
1.200000000000000000e+01
2.400000000000000000e+01
-3.000000000000000000e+00
-2.100000000000000000e+01
1.300000000000000000e+01
4.700000000000000000e+01
1.700000000000000000e+01
-8.000000000000000000e+00
1.300000000000000000e+01
1.300000000000000000e+01
-2.000000000000000000e+00
4.000000000000000000e+00
-1.400000000000000000e+01
8.000000000000000000e+00
4.900000000000000000e+01
8.000000000000000000e+00
0.000000000000000000e+00
-1.000000000000000000e+01
1.600000000000000000e+01
-9.000000000000000000e+00
0.000000000000000000e+00
-2.000000000000000000e+00
-1.400000000000000000e+01
-1.100000000000000000e+01
-5.000000000000000000e+00
1.700000000000000000e+01
-1.100000000000000000e+01
1.400000000000000000e+01
2.900000000000000000e+01
1.900000000000000000e+01
7.000000000000000000e+00
1.100000000000000000e+01
-1.000000000000000000e+01
7.000000000000000000e+00
3.000000000000000000e+00
5.000000000000000000e+00
1.500000000000000000e+01
3.100000000000000000e+01
5.900000000000000000e+01
2.200000000000000000e+01
4.000000000000000000e+00
2.600000000000000000e+01
1.900000000000000000e+01
2.000000000000000000e+00
1.900000000000000000e+01
-6.000000000000000000e+00
7.000000000000000000e+00
1.600000000000000000e+01
-1.600000000000000000e+01
2.500000000000000000e+01
1.800000000000000000e+01
-1.300000000000000000e+01
1.000000000000000000e+01
-3.200000000000000000e+01
0.000000000000000000e+00
1.500000000000000000e+01
-2.000000000000000000e+00
4.300000000000000000e+01
1.600000000000000000e+01
3.200000000000000000e+01
5.000000000000000000e+00
-4.000000000000000000e+00
-1.300000000000000000e+01
1.700000000000000000e+01
2.500000000000000000e+01
8.000000000000000000e+00
9.000000000000000000e+00
4.100000000000000000e+01
3.300000000000000000e+01
1.200000000000000000e+01
3.300000000000000000e+01
1.600000000000000000e+01
-3.000000000000000000e+01
1.500000000000000000e+01
-5.000000000000000000e+00
-9.000000000000000000e+00
2.100000000000000000e+01
-2.000000000000000000e+00
2.400000000000000000e+01
1.100000000000000000e+01
9.000000000000000000e+00
4.900000000000000000e+01
2.500000000000000000e+01
-8.000000000000000000e+00
2.600000000000000000e+01
2.000000000000000000e+01
2.100000000000000000e+01
1.700000000000000000e+01
3.500000000000000000e+01
2.200000000000000000e+01
3.500000000000000000e+01
-4.000000000000000000e+00
1.400000000000000000e+01
2.300000000000000000e+01
2.000000000000000000e+00
3.400000000000000000e+01
-1.400000000000000000e+01
3.600000000000000000e+01
7.000000000000000000e+00
1.500000000000000000e+01
1.600000000000000000e+01
2.400000000000000000e+01
-1.900000000000000000e+01
2.600000000000000000e+01
6.000000000000000000e+00
3.600000000000000000e+01
2.800000000000000000e+01
2.600000000000000000e+01
1.000000000000000000e+00
1.800000000000000000e+01
3.400000000000000000e+01
1.300000000000000000e+01
3.500000000000000000e+01
4.200000000000000000e+01
3.000000000000000000e+00
4.400000000000000000e+01
1.300000000000000000e+01
6.000000000000000000e+00
1.000000000000000000e+01
-1.800000000000000000e+01
-1.000000000000000000e+00
1.200000000000000000e+01
1.500000000000000000e+01
-4.000000000000000000e+00
1.400000000000000000e+01
8.000000000000000000e+00
1.600000000000000000e+01
1.100000000000000000e+01
9.000000000000000000e+00
4.400000000000000000e+01
2.000000000000000000e+00
2.300000000000000000e+01
-3.000000000000000000e+00
-1.600000000000000000e+01
2.000000000000000000e+01
1.100000000000000000e+01
-1.000000000000000000e+01
1.900000000000000000e+01
4.300000000000000000e+01
5.400000000000000000e+01
1.400000000000000000e+01
2.600000000000000000e+01
-1.000000000000000000e+01
2.100000000000000000e+01
1.300000000000000000e+01
2.300000000000000000e+01
4.000000000000000000e+01
2.900000000000000000e+01
2.900000000000000000e+01
2.700000000000000000e+01
2.000000000000000000e+01
1.200000000000000000e+01
4.500000000000000000e+01
1.300000000000000000e+01
6.000000000000000000e+00
1.000000000000000000e+01
-1.000000000000000000e+00
-8.000000000000000000e+00
1.800000000000000000e+01
4.200000000000000000e+01
-1.400000000000000000e+01
-1.000000000000000000e+01
2.100000000000000000e+01
5.000000000000000000e+00
1.500000000000000000e+01
1.800000000000000000e+01
1.300000000000000000e+01
7.100000000000000000e+01
6.000000000000000000e+00
3.800000000000000000e+01
-2.700000000000000000e+01
3.900000000000000000e+01
3.900000000000000000e+01
6.000000000000000000e+01
1.200000000000000000e+01
3.500000000000000000e+01
5.000000000000000000e+00
3.400000000000000000e+01
4.500000000000000000e+01
0.000000000000000000e+00
1.700000000000000000e+01
3.300000000000000000e+01
3.000000000000000000e+00
1.600000000000000000e+01
2.500000000000000000e+01
4.900000000000000000e+01
3.400000000000000000e+01
-3.000000000000000000e+00
3.200000000000000000e+01
2.300000000000000000e+01
1.500000000000000000e+01
4.300000000000000000e+01
3.700000000000000000e+01
1.800000000000000000e+01
3.500000000000000000e+01
4.000000000000000000e+01
1.500000000000000000e+01
2.400000000000000000e+01
4.000000000000000000e+01
4.000000000000000000e+01
2.500000000000000000e+01
3.100000000000000000e+01
3.900000000000000000e+01
5.300000000000000000e+01
5.700000000000000000e+01
4.700000000000000000e+01
7.700000000000000000e+01
6.400000000000000000e+01
8.700000000000000000e+01
7.000000000000000000e+01
8.200000000000000000e+01
9.800000000000000000e+01
1.130000000000000000e+02
5.900000000000000000e+01
1.010000000000000000e+02
1.000000000000000000e+02
1.400000000000000000e+02
1.800000000000000000e+02
1.640000000000000000e+02
1.920000000000000000e+02
2.200000000000000000e+02
2.530000000000000000e+02
2.930000000000000000e+02
3.100000000000000000e+02
3.110000000000000000e+02
3.730000000000000000e+02
4.480000000000000000e+02
5.060000000000000000e+02
5.480000000000000000e+02
6.140000000000000000e+02
7.370000000000000000e+02
8.790000000000000000e+02
9.310000000000000000e+02
9.830000000000000000e+02
1.108000000000000000e+03
1.264000000000000000e+03
1.398000000000000000e+03
1.516000000000000000e+03
1.666000000000000000e+03
1.817000000000000000e+03
1.930000000000000000e+03
2.097000000000000000e+03
2.238000000000000000e+03
2.401000000000000000e+03
2.508000000000000000e+03
2.690000000000000000e+03
2.868000000000000000e+03
3.040000000000000000e+03
3.164000000000000000e+03
3.251000000000000000e+03
3.448000000000000000e+03
3.538000000000000000e+03
3.646000000000000000e+03
3.724000000000000000e+03
3.854000000000000000e+03
3.942000000000000000e+03
3.989000000000000000e+03
3.989000000000000000e+03
4.063000000000000000e+03
4.118000000000000000e+03
4.073000000000000000e+03
4.113000000000000000e+03
4.139000000000000000e+03
3.979000000000000000e+03
4.109000000000000000e+03
3.839000000000000000e+03
3.799000000000000000e+03
3.673000000000000000e+03
3.612000000000000000e+03
3.564000000000000000e+03
3.380000000000000000e+03
3.221000000000000000e+03
3.067000000000000000e+03
3.001000000000000000e+03
2.807000000000000000e+03
2.628000000000000000e+03
2.475000000000000000e+03
2.363000000000000000e+03
2.256000000000000000e+03
2.033000000000000000e+03
1.937000000000000000e+03
1.832000000000000000e+03
1.667000000000000000e+03
1.564000000000000000e+03
1.466000000000000000e+03
1.307000000000000000e+03
1.178000000000000000e+03
1.039000000000000000e+03
9.890000000000000000e+02
8.990000000000000000e+02
8.430000000000000000e+02
7.220000000000000000e+02
6.470000000000000000e+02
5.450000000000000000e+02
5.120000000000000000e+02
4.090000000000000000e+02
3.860000000000000000e+02
3.400000000000000000e+02
3.190000000000000000e+02
2.220000000000000000e+02
2.230000000000000000e+02
2.100000000000000000e+02
1.560000000000000000e+02
1.530000000000000000e+02
1.200000000000000000e+02
1.180000000000000000e+02
8.400000000000000000e+01
5.100000000000000000e+01
8.200000000000000000e+01
8.500000000000000000e+01
2.500000000000000000e+01
5.200000000000000000e+01
5.700000000000000000e+01
3.000000000000000000e+01
3.100000000000000000e+01
5.800000000000000000e+01
1.100000000000000000e+01
5.500000000000000000e+01
3.900000000000000000e+01
9.000000000000000000e+00
5.000000000000000000e+00
4.100000000000000000e+01
2.400000000000000000e+01
3.400000000000000000e+01
7.000000000000000000e+00
3.600000000000000000e+01
1.000000000000000000e+01
2.000000000000000000e+01
2.000000000000000000e+00
-1.900000000000000000e+01
2.300000000000000000e+01
1.900000000000000000e+01
1.900000000000000000e+01
9.000000000000000000e+00
6.000000000000000000e+00
6.000000000000000000e+00
3.000000000000000000e+01
2.300000000000000000e+01
3.200000000000000000e+01
3.900000000000000000e+01
-1.700000000000000000e+01
-2.000000000000000000e+00
2.200000000000000000e+01
4.800000000000000000e+01
1.500000000000000000e+01
2.000000000000000000e+01
-8.000000000000000000e+00
2.500000000000000000e+01
8.000000000000000000e+00
2.400000000000000000e+01
3.500000000000000000e+01
1.400000000000000000e+01
3.300000000000000000e+01
-1.000000000000000000e+01
3.400000000000000000e+01
0.000000000000000000e+00
2.600000000000000000e+01
3.800000000000000000e+01
-3.000000000000000000e+01
1.100000000000000000e+01
-2.000000000000000000e+00
1.300000000000000000e+01
3.200000000000000000e+01
1.400000000000000000e+01
2.400000000000000000e+01
3.900000000000000000e+01
-4.000000000000000000e+00
4.000000000000000000e+01
1.500000000000000000e+01
3.800000000000000000e+01
1.100000000000000000e+01
2.900000000000000000e+01
3.300000000000000000e+01
-8.000000000000000000e+00
2.100000000000000000e+01
-3.000000000000000000e+00
2.200000000000000000e+01
3.400000000000000000e+01
1.500000000000000000e+01
2.100000000000000000e+01
6.000000000000000000e+00
5.000000000000000000e+00
1.700000000000000000e+01
3.100000000000000000e+01
4.000000000000000000e+01
-2.000000000000000000e+00
1.000000000000000000e+00
2.400000000000000000e+01
-4.000000000000000000e+00
-9.000000000000000000e+00
4.000000000000000000e+01
1.900000000000000000e+01
2.700000000000000000e+01
-7.000000000000000000e+00
2.000000000000000000e+00
3.000000000000000000e+00
1.400000000000000000e+01
-2.800000000000000000e+01
-2.500000000000000000e+01
2.500000000000000000e+01
0.000000000000000000e+00
4.000000000000000000e+01
1.900000000000000000e+01
7.000000000000000000e+00
4.400000000000000000e+01
2.700000000000000000e+01
4.600000000000000000e+01
3.600000000000000000e+01
4.000000000000000000e+00
3.800000000000000000e+01
1.300000000000000000e+01
2.800000000000000000e+01
-4.000000000000000000e+00
-9.000000000000000000e+00
2.400000000000000000e+01
9.000000000000000000e+00
6.700000000000000000e+01
1.700000000000000000e+01
1.500000000000000000e+01
8.000000000000000000e+00
-3.000000000000000000e+00
6.000000000000000000e+00
-1.700000000000000000e+01
-1.000000000000000000e+01
2.000000000000000000e+01
9.000000000000000000e+00
2.200000000000000000e+01
2.000000000000000000e+01
0.000000000000000000e+00
1.700000000000000000e+01
3.200000000000000000e+01
-4.000000000000000000e+00
7.000000000000000000e+00
5.000000000000000000e+00
2.300000000000000000e+01
8.000000000000000000e+00
1.100000000000000000e+01
1.200000000000000000e+01
3.800000000000000000e+01
-2.000000000000000000e+00
-2.000000000000000000e+00
-4.000000000000000000e+00
1.900000000000000000e+01
9.000000000000000000e+00
3.100000000000000000e+01
2.800000000000000000e+01
2.600000000000000000e+01
2.000000000000000000e+01
3.000000000000000000e+01
4.000000000000000000e+00
-1.600000000000000000e+01
2.400000000000000000e+01
1.700000000000000000e+01
-5.000000000000000000e+00
1.100000000000000000e+01
-1.600000000000000000e+01
1.800000000000000000e+01
4.100000000000000000e+01
-1.400000000000000000e+01
-6.000000000000000000e+00
-1.400000000000000000e+01
1.600000000000000000e+01
1.600000000000000000e+01
1.300000000000000000e+01
7.000000000000000000e+00
2.700000000000000000e+01
1.500000000000000000e+01
-1.300000000000000000e+01
-1.200000000000000000e+01
2.300000000000000000e+01
-4.000000000000000000e+00
0.000000000000000000e+00
8.000000000000000000e+00
-2.200000000000000000e+01
3.400000000000000000e+01
1.500000000000000000e+01
-1.600000000000000000e+01
2.400000000000000000e+01
6.000000000000000000e+00
1.200000000000000000e+01
1.700000000000000000e+01
2.500000000000000000e+01
-6.000000000000000000e+00
-1.800000000000000000e+01
1.700000000000000000e+01
3.300000000000000000e+01
6.000000000000000000e+00
-1.400000000000000000e+01
4.400000000000000000e+01
1.500000000000000000e+01
3.300000000000000000e+01
1.600000000000000000e+01
2.500000000000000000e+01
4.000000000000000000e+00
-2.000000000000000000e+00
8.000000000000000000e+00
2.400000000000000000e+01
8.000000000000000000e+00
-8.000000000000000000e+00
2.000000000000000000e+01
-1.000000000000000000e+00
-1.500000000000000000e+01
1.900000000000000000e+01
-3.000000000000000000e+01
3.200000000000000000e+01
-1.400000000000000000e+01
9.000000000000000000e+00
1.900000000000000000e+01
5.000000000000000000e+00
-2.000000000000000000e+00
9.000000000000000000e+00
2.200000000000000000e+01
1.300000000000000000e+01
1.300000000000000000e+01
1.100000000000000000e+01
1.700000000000000000e+01
1.700000000000000000e+01
-2.700000000000000000e+01
1.300000000000000000e+01
0.000000000000000000e+00
-6.000000000000000000e+00
-1.000000000000000000e+01
3.400000000000000000e+01
2.000000000000000000e+01
2.700000000000000000e+01
-3.000000000000000000e+00
-2.000000000000000000e+00
1.000000000000000000e+00
4.000000000000000000e+00
0.000000000000000000e+00
1.400000000000000000e+01
-1.400000000000000000e+01
1.200000000000000000e+01
1.800000000000000000e+01
6.000000000000000000e+00
5.400000000000000000e+01
6.000000000000000000e+00
6.000000000000000000e+00
-2.400000000000000000e+01
2.400000000000000000e+01
-7.000000000000000000e+00
9.000000000000000000e+00
-1.500000000000000000e+01
-2.100000000000000000e+01
2.000000000000000000e+00
1.600000000000000000e+01
1.000000000000000000e+01
1.200000000000000000e+01
-8.000000000000000000e+00
-1.200000000000000000e+01
3.600000000000000000e+01
7.000000000000000000e+00
-1.700000000000000000e+01
-1.800000000000000000e+01
8.000000000000000000e+00
-1.500000000000000000e+01
1.000000000000000000e+01
2.300000000000000000e+01
2.000000000000000000e+00
1.700000000000000000e+01
3.000000000000000000e+00
3.100000000000000000e+01
-1.600000000000000000e+01
-1.000000000000000000e+01
-3.000000000000000000e+00
8.000000000000000000e+00
1.300000000000000000e+01
3.400000000000000000e+01
8.000000000000000000e+00
1.700000000000000000e+01
3.200000000000000000e+01
1.500000000000000000e+01
-7.000000000000000000e+00
4.000000000000000000e+00
1.300000000000000000e+01
-5.000000000000000000e+00
1.200000000000000000e+01
2.000000000000000000e+01
-1.500000000000000000e+01
2.700000000000000000e+01
1.300000000000000000e+01
1.000000000000000000e+01
-1.000000000000000000e+01
3.400000000000000000e+01
3.000000000000000000e+00
9.000000000000000000e+00
-1.300000000000000000e+01
6.000000000000000000e+00
3.000000000000000000e+00
2.400000000000000000e+01
2.700000000000000000e+01
2.100000000000000000e+01
1.900000000000000000e+01
1.000000000000000000e+00
1.100000000000000000e+01
-9.000000000000000000e+00
1.000000000000000000e+00
-4.000000000000000000e+00
-8.000000000000000000e+00
1.600000000000000000e+01
-1.300000000000000000e+01
-5.000000000000000000e+00
1.600000000000000000e+01
9.000000000000000000e+00
4.800000000000000000e+01
1.300000000000000000e+01
-1.500000000000000000e+01
3.000000000000000000e+00
1.600000000000000000e+01
-5.000000000000000000e+00
-1.000000000000000000e+01
8.000000000000000000e+00
-7.000000000000000000e+00
1.500000000000000000e+01
-6.000000000000000000e+00
1.000000000000000000e+01
8.000000000000000000e+00
-2.100000000000000000e+01
2.200000000000000000e+01
5.000000000000000000e+00
2.100000000000000000e+01
1.300000000000000000e+01
-1.000000000000000000e+01
-3.800000000000000000e+01
6.000000000000000000e+00
1.200000000000000000e+01
2.000000000000000000e+00
-1.000000000000000000e+01
9.000000000000000000e+00
-2.200000000000000000e+01
-7.000000000000000000e+00
-8.000000000000000000e+00
-2.200000000000000000e+01
1.300000000000000000e+01
9.000000000000000000e+00
-2.000000000000000000e+00
3.200000000000000000e+01
6.000000000000000000e+00
-1.200000000000000000e+01
2.100000000000000000e+01
3.500000000000000000e+01
1.800000000000000000e+01
-1.000000000000000000e+01
6.000000000000000000e+00
-6.000000000000000000e+00
7.000000000000000000e+00
1.600000000000000000e+01
-8.000000000000000000e+00
-1.000000000000000000e+00
-2.000000000000000000e+01
1.000000000000000000e+00
-2.000000000000000000e+00
3.300000000000000000e+01
-8.000000000000000000e+00
4.000000000000000000e+00
-3.700000000000000000e+01
1.300000000000000000e+01
-1.300000000000000000e+01
3.000000000000000000e+01
-1.000000000000000000e+00
4.200000000000000000e+01
1.600000000000000000e+01
-5.000000000000000000e+00
-5.000000000000000000e+00
8.000000000000000000e+00
-4.000000000000000000e+00
2.100000000000000000e+01
-1.000000000000000000e+01
-7.000000000000000000e+00
-8.000000000000000000e+00
-4.000000000000000000e+00
-8.000000000000000000e+00
-1.100000000000000000e+01
-2.000000000000000000e+00
2.300000000000000000e+01
-5.000000000000000000e+00
9.000000000000000000e+00
2.200000000000000000e+01
-9.000000000000000000e+00
3.000000000000000000e+00
-7.000000000000000000e+00
8.000000000000000000e+00
-7.000000000000000000e+00
1.100000000000000000e+01
7.000000000000000000e+00
2.100000000000000000e+01
-2.800000000000000000e+01
-1.500000000000000000e+01
-4.000000000000000000e+00
3.300000000000000000e+01
3.000000000000000000e+01
1.200000000000000000e+01
7.000000000000000000e+00
-1.000000000000000000e+00
1.200000000000000000e+01
-1.100000000000000000e+01
-4.000000000000000000e+00
-2.000000000000000000e+00
4.000000000000000000e+00
-4.000000000000000000e+00
2.900000000000000000e+01
1.000000000000000000e+00
-1.000000000000000000e+00
-7.000000000000000000e+00
1.000000000000000000e+01
8.000000000000000000e+00
4.400000000000000000e+01
2.300000000000000000e+01
1.100000000000000000e+01
7.000000000000000000e+00
-4.000000000000000000e+00
-8.000000000000000000e+00
-3.000000000000000000e+00
-1.500000000000000000e+01
1.900000000000000000e+01
-2.500000000000000000e+01
1.700000000000000000e+01
8.000000000000000000e+00
-1.900000000000000000e+01
1.500000000000000000e+01
1.400000000000000000e+01
-9.000000000000000000e+00
1.500000000000000000e+01
3.000000000000000000e+00
0.000000000000000000e+00
-1.600000000000000000e+01
-1.900000000000000000e+01
3.600000000000000000e+01
1.700000000000000000e+01
-9.000000000000000000e+00
0.000000000000000000e+00
-7.000000000000000000e+00
1.300000000000000000e+01
9.000000000000000000e+00
1.900000000000000000e+01
1.200000000000000000e+01
2.900000000000000000e+01
-1.100000000000000000e+01
-3.900000000000000000e+01
1.200000000000000000e+01
2.200000000000000000e+01
1.700000000000000000e+01
-3.900000000000000000e+01
1.500000000000000000e+01
-2.100000000000000000e+01
8.000000000000000000e+00
1.800000000000000000e+01
-1.000000000000000000e+01
-1.100000000000000000e+01
3.600000000000000000e+01
-9.000000000000000000e+00
-1.600000000000000000e+01
1.800000000000000000e+01
-6.000000000000000000e+00
1.600000000000000000e+01
-1.400000000000000000e+01
-1.000000000000000000e+01
2.700000000000000000e+01
3.000000000000000000e+00
-3.000000000000000000e+00
1.200000000000000000e+01
1.300000000000000000e+01
1.400000000000000000e+01
3.000000000000000000e+01
0.000000000000000000e+00
1.700000000000000000e+01
1.200000000000000000e+01
1.100000000000000000e+01
-1.000000000000000000e+01
-3.100000000000000000e+01
1.400000000000000000e+01
-9.000000000000000000e+00
-4.100000000000000000e+01
-1.000000000000000000e+00
2.100000000000000000e+01
1.300000000000000000e+01
1.600000000000000000e+01
-1.800000000000000000e+01
3.100000000000000000e+01
1.700000000000000000e+01
7.000000000000000000e+00
2.100000000000000000e+01
-4.000000000000000000e+00
9.000000000000000000e+00
1.200000000000000000e+01
1.000000000000000000e+01
-1.000000000000000000e+00
-1.100000000000000000e+01
-1.500000000000000000e+01
4.000000000000000000e+00
5.000000000000000000e+00
3.000000000000000000e+01
2.000000000000000000e+00
4.000000000000000000e+00
-6.000000000000000000e+00
-1.700000000000000000e+01
-1.300000000000000000e+01
-7.000000000000000000e+00
-2.000000000000000000e+00
1.100000000000000000e+01
-2.000000000000000000e+00
-8.000000000000000000e+00
-1.800000000000000000e+01
-1.400000000000000000e+01
1.000000000000000000e+01
-9.000000000000000000e+00
1.000000000000000000e+01
-1.800000000000000000e+01
-1.100000000000000000e+01
1.000000000000000000e+00
-1.000000000000000000e+00
-1.500000000000000000e+01
8.000000000000000000e+00
-4.000000000000000000e+00
8.000000000000000000e+00
-1.500000000000000000e+01
-1.900000000000000000e+01
-2.000000000000000000e+00
3.000000000000000000e+00
1.400000000000000000e+01
1.700000000000000000e+01
-5.000000000000000000e+00
-4.000000000000000000e+00
-1.200000000000000000e+01
-5.000000000000000000e+00
-2.100000000000000000e+01
3.000000000000000000e+01
8.000000000000000000e+00
3.400000000000000000e+01
2.400000000000000000e+01
-1.000000000000000000e+01
1.800000000000000000e+01
-1.300000000000000000e+01
7.000000000000000000e+00
-1.400000000000000000e+01
2.000000000000000000e+00
-5.000000000000000000e+00
-1.400000000000000000e+01
7.000000000000000000e+00
2.200000000000000000e+01
2.400000000000000000e+01
3.100000000000000000e+01
2.000000000000000000e+00
-2.100000000000000000e+01
1.400000000000000000e+01
-9.000000000000000000e+00
-2.200000000000000000e+01
3.000000000000000000e+00
0.000000000000000000e+00
-1.400000000000000000e+01
-7.000000000000000000e+00
-5.000000000000000000e+00
-3.300000000000000000e+01
2.100000000000000000e+01
-2.100000000000000000e+01
2.000000000000000000e+00
-1.700000000000000000e+01
-2.100000000000000000e+01
-1.000000000000000000e+00
-2.000000000000000000e+00
1.500000000000000000e+01
-1.100000000000000000e+01
-6.000000000000000000e+00
3.000000000000000000e+01
2.500000000000000000e+01
-4.000000000000000000e+00
3.000000000000000000e+00
1.200000000000000000e+01
-6.000000000000000000e+00
0.000000000000000000e+00
1.000000000000000000e+00
-1.000000000000000000e+01
-6.000000000000000000e+00
-4.000000000000000000e+00
-2.300000000000000000e+01
-1.300000000000000000e+01
1.300000000000000000e+01
2.000000000000000000e+01
2.600000000000000000e+01
-5.000000000000000000e+00
1.000000000000000000e+00
7.000000000000000000e+00
8.000000000000000000e+00
9.000000000000000000e+00
-3.000000000000000000e+00
-9.000000000000000000e+00
1.600000000000000000e+01
6.000000000000000000e+00
-2.700000000000000000e+01
2.400000000000000000e+01
1.000000000000000000e+00
5.000000000000000000e+00
5.000000000000000000e+00
-4.000000000000000000e+00
-7.000000000000000000e+00
-2.000000000000000000e+00
1.100000000000000000e+01
1.000000000000000000e+01
1.800000000000000000e+01
8.000000000000000000e+00
-6.000000000000000000e+00
8.000000000000000000e+00
-4.000000000000000000e+00
-1.300000000000000000e+01
1.200000000000000000e+01
4.000000000000000000e+00
1.800000000000000000e+01
-9.000000000000000000e+00
-6.000000000000000000e+00
9.000000000000000000e+00
1.800000000000000000e+01
-9.000000000000000000e+00
1.600000000000000000e+01
7.000000000000000000e+00
3.300000000000000000e+01
-2.000000000000000000e+01
-2.200000000000000000e+01
-2.100000000000000000e+01
-7.000000000000000000e+00
6.000000000000000000e+00
-4.000000000000000000e+00
-1.700000000000000000e+01
1.000000000000000000e+00
3.000000000000000000e+00
3.000000000000000000e+00
1.900000000000000000e+01
-4.000000000000000000e+00
-2.000000000000000000e+01
-2.900000000000000000e+01
-5.000000000000000000e+00
2.000000000000000000e+00
2.000000000000000000e+00
1.300000000000000000e+01
1.400000000000000000e+01
8.000000000000000000e+00
1.800000000000000000e+01
-1.300000000000000000e+01
9.000000000000000000e+00
8.000000000000000000e+00
-1.400000000000000000e+01
1.600000000000000000e+01
4.000000000000000000e+00
-2.700000000000000000e+01
1.100000000000000000e+01
1.200000000000000000e+01
-2.400000000000000000e+01
-5.000000000000000000e+00
1.300000000000000000e+01
0.000000000000000000e+00
-1.400000000000000000e+01
1.100000000000000000e+01
1.600000000000000000e+01
-1.900000000000000000e+01
1.400000000000000000e+01
-3.700000000000000000e+01
0.000000000000000000e+00
-6.000000000000000000e+00
3.200000000000000000e+01
6.000000000000000000e+00
-6.000000000000000000e+00
-1.100000000000000000e+01
3.000000000000000000e+00
1.500000000000000000e+01
1.000000000000000000e+01
-5.000000000000000000e+00
-1.000000000000000000e+01
-7.000000000000000000e+00
9.000000000000000000e+00
-8.000000000000000000e+00
-5.000000000000000000e+00
-1.300000000000000000e+01
0.000000000000000000e+00
-1.600000000000000000e+01
-1.000000000000000000e+00
3.000000000000000000e+00
1.000000000000000000e+00
-1.000000000000000000e+01
1.800000000000000000e+01
3.000000000000000000e+00
1.400000000000000000e+01
-5.000000000000000000e+00
1.800000000000000000e+01
-1.000000000000000000e+01
-1.000000000000000000e+00
-3.000000000000000000e+00
6.000000000000000000e+00
-2.600000000000000000e+01
0.000000000000000000e+00
2.900000000000000000e+01
-1.600000000000000000e+01
3.000000000000000000e+00
0.000000000000000000e+00
3.000000000000000000e+00
1.500000000000000000e+01
1.100000000000000000e+01
2.000000000000000000e+00
-1.300000000000000000e+01
1.500000000000000000e+01
1.200000000000000000e+01
9.000000000000000000e+00
3.000000000000000000e+00
-3.100000000000000000e+01
1.100000000000000000e+01
1.500000000000000000e+01
-3.000000000000000000e+00
-2.400000000000000000e+01
-8.000000000000000000e+00
-6.000000000000000000e+00
2.000000000000000000e+00
-1.500000000000000000e+01
-2.000000000000000000e+00
-3.200000000000000000e+01
4.000000000000000000e+00
1.500000000000000000e+01
1.200000000000000000e+01
-4.000000000000000000e+00
1.700000000000000000e+01
-1.000000000000000000e+00
8.000000000000000000e+00
2.500000000000000000e+01
1.200000000000000000e+01
1.700000000000000000e+01
1.400000000000000000e+01
-4.000000000000000000e+00
9.000000000000000000e+00
-1.400000000000000000e+01
-2.000000000000000000e+00
1.600000000000000000e+01
1.000000000000000000e+00
-2.500000000000000000e+01
-1.000000000000000000e+01
-8.000000000000000000e+00
-2.000000000000000000e+01
-2.000000000000000000e+00
-3.000000000000000000e+00
-1.700000000000000000e+01
-3.000000000000000000e+00
1.000000000000000000e+01
2.200000000000000000e+01
3.100000000000000000e+01
7.000000000000000000e+00
9.000000000000000000e+00
-7.000000000000000000e+00
1.400000000000000000e+01
5.000000000000000000e+00
-1.000000000000000000e+00
2.600000000000000000e+01
1.500000000000000000e+01
1.000000000000000000e+00
-3.100000000000000000e+01
1.400000000000000000e+01
-3.000000000000000000e+00
1.600000000000000000e+01
-6.000000000000000000e+00
2.700000000000000000e+01
0.000000000000000000e+00
0.000000000000000000e+00
1.700000000000000000e+01
1.800000000000000000e+01
-2.400000000000000000e+01
6.000000000000000000e+00
1.100000000000000000e+01
3.300000000000000000e+01
3.000000000000000000e+00
-6.000000000000000000e+00
-6.000000000000000000e+00
2.300000000000000000e+01
1.500000000000000000e+01
-5.000000000000000000e+00
8.000000000000000000e+00
1.400000000000000000e+01
4.000000000000000000e+00
2.500000000000000000e+01
1.000000000000000000e+01
5.000000000000000000e+00
1.500000000000000000e+01
-9.000000000000000000e+00
1.200000000000000000e+01
1.800000000000000000e+01
2.400000000000000000e+01
2.800000000000000000e+01
-7.000000000000000000e+00
5.000000000000000000e+00
2.700000000000000000e+01
1.800000000000000000e+01
3.000000000000000000e+01
4.500000000000000000e+01
1.800000000000000000e+01
4.800000000000000000e+01
3.300000000000000000e+01
3.000000000000000000e+01
3.200000000000000000e+01
1.500000000000000000e+01
5.000000000000000000e+01
6.700000000000000000e+01
4.200000000000000000e+01
6.100000000000000000e+01
5.300000000000000000e+01
5.600000000000000000e+01
6.500000000000000000e+01
7.900000000000000000e+01
5.000000000000000000e+01
7.000000000000000000e+01
7.700000000000000000e+01
1.050000000000000000e+02
7.600000000000000000e+01
7.800000000000000000e+01
9.000000000000000000e+01
1.300000000000000000e+02
1.080000000000000000e+02
1.300000000000000000e+02
1.120000000000000000e+02
1.520000000000000000e+02
1.250000000000000000e+02
1.830000000000000000e+02
1.710000000000000000e+02
1.570000000000000000e+02
1.400000000000000000e+02
1.920000000000000000e+02
2.080000000000000000e+02
2.120000000000000000e+02
2.380000000000000000e+02
2.450000000000000000e+02
2.290000000000000000e+02
2.650000000000000000e+02
2.710000000000000000e+02
2.780000000000000000e+02
3.030000000000000000e+02
3.510000000000000000e+02
3.530000000000000000e+02
3.530000000000000000e+02
3.850000000000000000e+02
4.240000000000000000e+02
4.210000000000000000e+02
3.990000000000000000e+02
4.090000000000000000e+02
4.630000000000000000e+02
4.460000000000000000e+02
4.830000000000000000e+02
4.970000000000000000e+02
5.200000000000000000e+02
5.880000000000000000e+02
5.910000000000000000e+02
6.210000000000000000e+02
6.850000000000000000e+02
6.370000000000000000e+02
7.020000000000000000e+02
7.530000000000000000e+02
7.240000000000000000e+02
7.810000000000000000e+02
8.350000000000000000e+02
8.030000000000000000e+02
8.550000000000000000e+02
8.590000000000000000e+02
8.670000000000000000e+02
9.380000000000000000e+02
9.580000000000000000e+02
9.260000000000000000e+02
1.009000000000000000e+03
1.049000000000000000e+03
1.063000000000000000e+03
1.085000000000000000e+03
1.129000000000000000e+03
1.115000000000000000e+03
1.182000000000000000e+03
1.179000000000000000e+03
1.178000000000000000e+03
1.197000000000000000e+03
1.257000000000000000e+03
1.203000000000000000e+03
1.266000000000000000e+03
1.287000000000000000e+03
1.293000000000000000e+03
1.315000000000000000e+03
1.347000000000000000e+03
1.303000000000000000e+03
1.319000000000000000e+03
1.364000000000000000e+03
1.349000000000000000e+03
1.394000000000000000e+03
1.399000000000000000e+03
1.426000000000000000e+03
1.444000000000000000e+03
1.493000000000000000e+03
1.455000000000000000e+03
1.473000000000000000e+03
1.506000000000000000e+03
1.496000000000000000e+03
1.504000000000000000e+03
1.474000000000000000e+03
1.504000000000000000e+03
1.490000000000000000e+03
1.499000000000000000e+03
1.541000000000000000e+03
1.502000000000000000e+03
1.409000000000000000e+03
1.437000000000000000e+03
1.427000000000000000e+03
1.431000000000000000e+03
1.406000000000000000e+03
1.350000000000000000e+03
1.343000000000000000e+03
1.329000000000000000e+03
1.300000000000000000e+03
1.301000000000000000e+03
1.302000000000000000e+03
1.317000000000000000e+03
1.233000000000000000e+03
1.259000000000000000e+03
1.228000000000000000e+03
1.233000000000000000e+03
1.189000000000000000e+03
1.232000000000000000e+03
1.160000000000000000e+03
1.175000000000000000e+03
1.149000000000000000e+03
1.144000000000000000e+03
1.122000000000000000e+03
1.134000000000000000e+03
1.095000000000000000e+03
1.104000000000000000e+03
1.013000000000000000e+03
1.060000000000000000e+03
1.023000000000000000e+03
9.490000000000000000e+02
8.870000000000000000e+02
9.190000000000000000e+02
9.090000000000000000e+02
8.710000000000000000e+02
8.790000000000000000e+02
8.340000000000000000e+02
8.200000000000000000e+02
8.220000000000000000e+02
7.610000000000000000e+02
7.220000000000000000e+02
6.940000000000000000e+02
6.960000000000000000e+02
6.800000000000000000e+02
6.300000000000000000e+02
5.990000000000000000e+02
6.130000000000000000e+02
6.180000000000000000e+02
5.810000000000000000e+02
5.610000000000000000e+02
5.450000000000000000e+02
5.180000000000000000e+02
5.290000000000000000e+02
4.920000000000000000e+02
4.760000000000000000e+02
4.810000000000000000e+02
4.430000000000000000e+02
4.150000000000000000e+02
4.300000000000000000e+02
3.880000000000000000e+02
3.820000000000000000e+02
3.830000000000000000e+02
3.640000000000000000e+02
3.190000000000000000e+02
3.080000000000000000e+02
2.930000000000000000e+02
2.580000000000000000e+02
2.870000000000000000e+02
2.580000000000000000e+02
2.440000000000000000e+02
2.460000000000000000e+02
2.340000000000000000e+02
2.200000000000000000e+02
2.290000000000000000e+02
2.230000000000000000e+02
1.700000000000000000e+02
1.880000000000000000e+02
1.860000000000000000e+02
1.630000000000000000e+02
1.810000000000000000e+02
1.650000000000000000e+02
1.550000000000000000e+02
1.540000000000000000e+02
1.320000000000000000e+02
1.160000000000000000e+02
1.340000000000000000e+02
1.060000000000000000e+02
1.190000000000000000e+02
1.120000000000000000e+02
7.800000000000000000e+01
1.280000000000000000e+02
8.200000000000000000e+01
7.300000000000000000e+01
1.010000000000000000e+02
7.400000000000000000e+01
7.200000000000000000e+01
6.400000000000000000e+01
6.600000000000000000e+01
6.400000000000000000e+01
5.000000000000000000e+01
4.700000000000000000e+01
8.300000000000000000e+01
4.000000000000000000e+01
6.500000000000000000e+01
7.000000000000000000e+00
4.900000000000000000e+01
1.700000000000000000e+01
2.400000000000000000e+01
3.700000000000000000e+01
6.300000000000000000e+01
5.000000000000000000e+00
4.000000000000000000e+01
2.800000000000000000e+01
4.500000000000000000e+01
2.000000000000000000e+00
1.200000000000000000e+01
2.000000000000000000e+01
4.400000000000000000e+01
1.200000000000000000e+01
1.600000000000000000e+01
1.800000000000000000e+01
2.000000000000000000e+00
3.900000000000000000e+01
2.300000000000000000e+01
-3.000000000000000000e+00
3.400000000000000000e+01
-8.000000000000000000e+00
1.600000000000000000e+01
-1.300000000000000000e+01
8.000000000000000000e+00
1.500000000000000000e+01
-2.400000000000000000e+01
1.900000000000000000e+01
8.000000000000000000e+00
8.000000000000000000e+00
8.000000000000000000e+00
-1.000000000000000000e+00
3.300000000000000000e+01
2.500000000000000000e+01
2.300000000000000000e+01
-4.000000000000000000e+00
1.800000000000000000e+01
-1.400000000000000000e+01
2.000000000000000000e+00
1.700000000000000000e+01
-8.000000000000000000e+00
2.500000000000000000e+01
-7.000000000000000000e+00
2.600000000000000000e+01
1.800000000000000000e+01
1.800000000000000000e+01
2.500000000000000000e+01
0.000000000000000000e+00
1.200000000000000000e+01
7.000000000000000000e+00
1.200000000000000000e+01
2.000000000000000000e+00
0.000000000000000000e+00
3.100000000000000000e+01
3.000000000000000000e+00
-1.600000000000000000e+01
-1.700000000000000000e+01
1.000000000000000000e+00
-1.500000000000000000e+01
2.000000000000000000e+00
2.500000000000000000e+01
1.300000000000000000e+01
7.000000000000000000e+00
-7.000000000000000000e+00
5.000000000000000000e+00
-3.000000000000000000e+00
-2.000000000000000000e+01
-2.000000000000000000e+00
1.400000000000000000e+01
6.000000000000000000e+00
1.700000000000000000e+01
3.000000000000000000e+00
-1.300000000000000000e+01
-2.000000000000000000e+01
8.000000000000000000e+00
-1.600000000000000000e+01
0.000000000000000000e+00
-8.000000000000000000e+00
-1.320000000000000000e+02
2.000000000000000000e+00
-1.200000000000000000e+01
4.000000000000000000e+00
-4.000000000000000000e+00
1.500000000000000000e+01
2.000000000000000000e+00
2.000000000000000000e+00
1.800000000000000000e+01
-1.800000000000000000e+01
3.000000000000000000e+01
1.100000000000000000e+01
2.500000000000000000e+01
-1.900000000000000000e+01
2.400000000000000000e+01
-2.000000000000000000e+00
0.000000000000000000e+00
-2.000000000000000000e+00
-3.000000000000000000e+00
