0.000000000000000000e+00
2.000000000000000000e+00
1.000000000000000000e+00
3.000000000000000000e+00
-3.000000000000000000e+00
-4.000000000000000000e+00
-4.000000000000000000e+01
7.000000000000000000e+00
3.000000000000000000e+00
-1.200000000000000000e+01
0.000000000000000000e+00
5.000000000000000000e+00
-1.000000000000000000e+01
3.000000000000000000e+00
-9.000000000000000000e+00
1.000000000000000000e+01
2.000000000000000000e+00
3.600000000000000000e+01
0.000000000000000000e+00
2.000000000000000000e+00
2.900000000000000000e+01
6.000000000000000000e+00
1.900000000000000000e+01
-3.000000000000000000e+00
-1.300000000000000000e+01
-9.000000000000000000e+00
-9.000000000000000000e+00
5.000000000000000000e+00
1.300000000000000000e+01
-8.000000000000000000e+00
-2.000000000000000000e+01
0.000000000000000000e+00
2.300000000000000000e+01
1.300000000000000000e+01
1.300000000000000000e+01
-5.000000000000000000e+00
-2.000000000000000000e+01
-1.000000000000000000e+00
-1.000000000000000000e+00
1.400000000000000000e+01
-9.000000000000000000e+00
-1.500000000000000000e+01
-1.500000000000000000e+01
8.000000000000000000e+00
7.000000000000000000e+00
1.400000000000000000e+01
8.000000000000000000e+00
3.000000000000000000e+00
-2.000000000000000000e+00
-1.100000000000000000e+01
-3.000000000000000000e+00
-2.000000000000000000e+01
2.100000000000000000e+01
-1.500000000000000000e+01
-1.700000000000000000e+01
-1.700000000000000000e+01
0.000000000000000000e+00
-1.200000000000000000e+01
-3.000000000000000000e+00
7.000000000000000000e+00
-9.000000000000000000e+00
7.000000000000000000e+00
-3.200000000000000000e+01
1.300000000000000000e+01
2.100000000000000000e+01
-7.000000000000000000e+00
-2.700000000000000000e+01
3.000000000000000000e+00
-6.000000000000000000e+00
-1.600000000000000000e+01
7.000000000000000000e+00
1.900000000000000000e+01
-1.100000000000000000e+01
-1.000000000000000000e+00
1.000000000000000000e+01
1.300000000000000000e+01
-1.300000000000000000e+01
1.100000000000000000e+01
2.200000000000000000e+01
-6.000000000000000000e+00
1.200000000000000000e+01
2.400000000000000000e+01
-2.600000000000000000e+01
4.100000000000000000e+01
4.000000000000000000e+00
-3.000000000000000000e+01
-4.000000000000000000e+00
2.000000000000000000e+00
2.000000000000000000e+01
-8.000000000000000000e+00
7.000000000000000000e+00
-5.000000000000000000e+00
2.000000000000000000e+00
-2.000000000000000000e+00
3.400000000000000000e+01
1.800000000000000000e+01
6.000000000000000000e+00
-1.300000000000000000e+01
-1.300000000000000000e+01
1.600000000000000000e+01
-7.000000000000000000e+00
7.000000000000000000e+00
1.800000000000000000e+01
-3.200000000000000000e+01
6.000000000000000000e+00
-1.000000000000000000e+01
1.000000000000000000e+00
3.100000000000000000e+01
2.200000000000000000e+01
-2.000000000000000000e+00
-1.000000000000000000e+00
-3.000000000000000000e+00
1.800000000000000000e+01
-2.100000000000000000e+01
2.500000000000000000e+01
1.000000000000000000e+00
1.500000000000000000e+01
-4.000000000000000000e+00
4.000000000000000000e+00
-3.000000000000000000e+00
1.400000000000000000e+01
5.000000000000000000e+00
-6.000000000000000000e+00
2.500000000000000000e+01
9.000000000000000000e+00
-2.400000000000000000e+01
1.000000000000000000e+00
5.000000000000000000e+00
1.400000000000000000e+01
7.000000000000000000e+00
1.500000000000000000e+01
9.000000000000000000e+00
-1.700000000000000000e+01
2.500000000000000000e+01
-1.700000000000000000e+01
2.000000000000000000e+00
2.500000000000000000e+01
2.500000000000000000e+01
-1.300000000000000000e+01
-5.000000000000000000e+00
-7.000000000000000000e+00
-7.000000000000000000e+00
2.000000000000000000e+00
1.300000000000000000e+01
8.000000000000000000e+00
6.000000000000000000e+00
2.000000000000000000e+01
-7.000000000000000000e+00
-1.400000000000000000e+01
-3.000000000000000000e+00
1.100000000000000000e+01
1.100000000000000000e+01
1.100000000000000000e+01
-1.200000000000000000e+01
1.400000000000000000e+01
-2.600000000000000000e+01
-1.300000000000000000e+01
1.000000000000000000e+01
-1.000000000000000000e+01
-2.100000000000000000e+01
4.000000000000000000e+00
-3.000000000000000000e+00
0.000000000000000000e+00
-6.000000000000000000e+00
-1.300000000000000000e+01
-1.200000000000000000e+01
6.000000000000000000e+00
1.500000000000000000e+01
-1.000000000000000000e+00
-1.800000000000000000e+01
7.000000000000000000e+00
9.000000000000000000e+00
2.000000000000000000e+00
3.800000000000000000e+01
1.100000000000000000e+01
3.000000000000000000e+00
-1.400000000000000000e+01
3.000000000000000000e+00
1.600000000000000000e+01
1.100000000000000000e+01
2.000000000000000000e+00
8.000000000000000000e+00
4.000000000000000000e+00
-1.200000000000000000e+01
2.700000000000000000e+01
-2.100000000000000000e+01
1.300000000000000000e+01
-8.000000000000000000e+00
-8.000000000000000000e+00
4.000000000000000000e+00
1.100000000000000000e+01
-3.100000000000000000e+01
-8.000000000000000000e+00
-5.000000000000000000e+00
2.600000000000000000e+01
4.000000000000000000e+00
-1.000000000000000000e+00
-8.000000000000000000e+00
1.000000000000000000e+00
-1.800000000000000000e+01
9.000000000000000000e+00
2.200000000000000000e+01
-1.800000000000000000e+01
2.000000000000000000e+01
-8.000000000000000000e+00
-2.000000000000000000e+00
9.000000000000000000e+00
-1.200000000000000000e+01
2.300000000000000000e+01
-2.500000000000000000e+01
1.400000000000000000e+01
-1.000000000000000000e+01
9.000000000000000000e+00
7.000000000000000000e+00
-5.000000000000000000e+00
4.000000000000000000e+00
1.600000000000000000e+01
1.300000000000000000e+01
1.600000000000000000e+01
9.000000000000000000e+00
1.100000000000000000e+01
-1.200000000000000000e+01
1.000000000000000000e+01
2.700000000000000000e+01
-2.200000000000000000e+01
1.200000000000000000e+01
-2.000000000000000000e+01
1.900000000000000000e+01
1.900000000000000000e+01
6.000000000000000000e+00
1.800000000000000000e+01
4.400000000000000000e+01
0.000000000000000000e+00
-9.000000000000000000e+00
-1.100000000000000000e+01
1.500000000000000000e+01
-2.600000000000000000e+01
-5.000000000000000000e+00
-2.400000000000000000e+01
5.000000000000000000e+00
-9.000000000000000000e+00
-2.900000000000000000e+01
2.000000000000000000e+01
3.000000000000000000e+00
1.600000000000000000e+01
2.000000000000000000e+00
-9.000000000000000000e+00
2.000000000000000000e+01
-7.000000000000000000e+00
3.400000000000000000e+01
1.400000000000000000e+01
-1.600000000000000000e+01
-2.200000000000000000e+01
-2.200000000000000000e+01
-2.200000000000000000e+01
-4.000000000000000000e+00
2.100000000000000000e+01
-6.000000000000000000e+00
-2.600000000000000000e+01
-8.000000000000000000e+00
-2.000000000000000000e+00
2.500000000000000000e+01
-1.700000000000000000e+01
1.300000000000000000e+01
2.000000000000000000e+01
2.600000000000000000e+01
-2.700000000000000000e+01
-1.000000000000000000e+01
-7.000000000000000000e+00
9.000000000000000000e+00
-2.500000000000000000e+01
-4.000000000000000000e+00
-2.300000000000000000e+01
-1.600000000000000000e+01
1.600000000000000000e+01
-7.000000000000000000e+00
8.000000000000000000e+00
-3.600000000000000000e+01
-2.200000000000000000e+01
1.300000000000000000e+01
-2.000000000000000000e+01
-1.400000000000000000e+01
-1.500000000000000000e+01
3.000000000000000000e+00
4.000000000000000000e+00
0.000000000000000000e+00
-2.100000000000000000e+01
-1.700000000000000000e+01
-1.300000000000000000e+01
-2.000000000000000000e+00
-2.600000000000000000e+01
1.000000000000000000e+00
-3.000000000000000000e+00
-7.000000000000000000e+00
2.400000000000000000e+01
5.000000000000000000e+00
-4.000000000000000000e+00
-2.000000000000000000e+00
-1.000000000000000000e+00
2.200000000000000000e+01
-7.000000000000000000e+00
-6.000000000000000000e+00
-3.100000000000000000e+01
5.000000000000000000e+00
-1.500000000000000000e+01
-2.400000000000000000e+01
-1.400000000000000000e+01
1.200000000000000000e+01
-2.000000000000000000e+01
1.900000000000000000e+01
-1.800000000000000000e+01
1.900000000000000000e+01
2.300000000000000000e+01
7.000000000000000000e+00
5.000000000000000000e+00
2.000000000000000000e+01
-6.000000000000000000e+00
1.600000000000000000e+01
-8.000000000000000000e+00
-2.500000000000000000e+01
-2.100000000000000000e+01
2.700000000000000000e+01
-2.000000000000000000e+01
-1.200000000000000000e+01
2.200000000000000000e+01
-3.000000000000000000e+01
2.400000000000000000e+01
-1.300000000000000000e+01
1.000000000000000000e+00
1.500000000000000000e+01
2.900000000000000000e+01
4.100000000000000000e+01
-1.600000000000000000e+01
4.000000000000000000e+00
-9.000000000000000000e+00
-1.900000000000000000e+01
2.000000000000000000e+01
-9.000000000000000000e+00
1.900000000000000000e+01
-1.000000000000000000e+00
-2.000000000000000000e+00
-1.400000000000000000e+01
4.000000000000000000e+00
8.000000000000000000e+00
-1.200000000000000000e+01
-1.300000000000000000e+01
1.600000000000000000e+01
3.000000000000000000e+00
2.000000000000000000e+00
-2.700000000000000000e+01
7.000000000000000000e+00
-3.100000000000000000e+01
-1.000000000000000000e+00
-1.000000000000000000e+00
4.800000000000000000e+01
4.000000000000000000e+00
-2.000000000000000000e+00
-2.000000000000000000e+00
-2.000000000000000000e+00
-1.600000000000000000e+01
-8.000000000000000000e+00
8.000000000000000000e+00
1.100000000000000000e+01
9.000000000000000000e+00
-2.000000000000000000e+01
5.000000000000000000e+00
-1.500000000000000000e+01
-2.600000000000000000e+01
2.000000000000000000e+00
5.000000000000000000e+00
-3.000000000000000000e+00
2.300000000000000000e+01
-7.000000000000000000e+00
-1.900000000000000000e+01
1.800000000000000000e+01
6.000000000000000000e+00
-1.700000000000000000e+01
-3.300000000000000000e+01
-6.000000000000000000e+00
-1.000000000000000000e+00
4.000000000000000000e+01
0.000000000000000000e+00
-4.100000000000000000e+01
3.000000000000000000e+01
-2.700000000000000000e+01
1.800000000000000000e+01
-1.900000000000000000e+01
1.600000000000000000e+01
8.000000000000000000e+00
2.100000000000000000e+01
-4.000000000000000000e+00
-1.000000000000000000e+00
-5.000000000000000000e+00
-8.000000000000000000e+00
1.700000000000000000e+01
1.400000000000000000e+01
-1.200000000000000000e+01
1.000000000000000000e+00
-1.000000000000000000e+00
1.900000000000000000e+01
1.300000000000000000e+01
1.000000000000000000e+01
2.700000000000000000e+01
-2.000000000000000000e+00
3.000000000000000000e+00
-6.000000000000000000e+00
7.000000000000000000e+00
-1.300000000000000000e+01
-4.000000000000000000e+00
-9.000000000000000000e+00
2.300000000000000000e+01
1.900000000000000000e+01
-1.800000000000000000e+01
-1.000000000000000000e+01
2.900000000000000000e+01
1.500000000000000000e+01
7.000000000000000000e+00
-2.400000000000000000e+01
-1.600000000000000000e+01
1.000000000000000000e+00
2.900000000000000000e+01
1.200000000000000000e+01
-2.200000000000000000e+01
-1.100000000000000000e+01
-1.500000000000000000e+01
-3.000000000000000000e+00
4.000000000000000000e+00
1.100000000000000000e+01
-1.100000000000000000e+01
-4.000000000000000000e+00
-9.000000000000000000e+00
1.100000000000000000e+01
-8.000000000000000000e+00
5.000000000000000000e+00
4.000000000000000000e+00
3.000000000000000000e+00
-1.500000000000000000e+01
3.900000000000000000e+01
-7.000000000000000000e+00
-2.000000000000000000e+00
3.600000000000000000e+01
-2.600000000000000000e+01
5.000000000000000000e+00
3.600000000000000000e+01
3.000000000000000000e+00
2.700000000000000000e+01
-2.000000000000000000e+01
-1.100000000000000000e+01
4.000000000000000000e+00
-6.000000000000000000e+00
3.500000000000000000e+01
6.000000000000000000e+00
-2.500000000000000000e+01
-1.800000000000000000e+01
-1.000000000000000000e+00
2.700000000000000000e+01
3.000000000000000000e+01
1.700000000000000000e+01
4.000000000000000000e+00
-1.700000000000000000e+01
0.000000000000000000e+00
1.100000000000000000e+01
-2.000000000000000000e+00
1.200000000000000000e+01
1.000000000000000000e+00
1.500000000000000000e+01
2.000000000000000000e+01
-3.000000000000000000e+00
-2.100000000000000000e+01
2.300000000000000000e+01
1.000000000000000000e+01
-2.000000000000000000e+00
3.000000000000000000e+00
-3.000000000000000000e+01
-1.600000000000000000e+01
-2.000000000000000000e+00
3.000000000000000000e+00
9.000000000000000000e+00
1.700000000000000000e+01
1.000000000000000000e+00
-1.600000000000000000e+01
8.000000000000000000e+00
-3.000000000000000000e+00
-7.000000000000000000e+00
-3.000000000000000000e+00
-3.400000000000000000e+01
-1.600000000000000000e+01
9.000000000000000000e+00
-4.000000000000000000e+00
2.900000000000000000e+01
1.300000000000000000e+01
6.000000000000000000e+00
1.200000000000000000e+01
2.000000000000000000e+00
-1.100000000000000000e+01
-5.000000000000000000e+00
-6.000000000000000000e+00
-1.700000000000000000e+01
-1.100000000000000000e+01
2.000000000000000000e+00
4.500000000000000000e+01
5.000000000000000000e+00
3.000000000000000000e+00
4.000000000000000000e+00
1.200000000000000000e+01
-1.600000000000000000e+01
-5.000000000000000000e+00
3.100000000000000000e+01
-6.000000000000000000e+00
-1.300000000000000000e+01
-3.000000000000000000e+01
-1.600000000000000000e+01
4.000000000000000000e+00
1.400000000000000000e+01
8.000000000000000000e+00
0.000000000000000000e+00
-2.100000000000000000e+01
-3.000000000000000000e+00
2.100000000000000000e+01
2.300000000000000000e+01
1.900000000000000000e+01
1.200000000000000000e+01
-1.400000000000000000e+01
-4.000000000000000000e+00
-1.500000000000000000e+01
-2.000000000000000000e+01
-2.000000000000000000e+00
4.000000000000000000e+00
1.200000000000000000e+01
-2.700000000000000000e+01
1.200000000000000000e+01
1.500000000000000000e+01
1.200000000000000000e+01
2.000000000000000000e+01
1.800000000000000000e+01
-1.400000000000000000e+01
9.000000000000000000e+00
-2.600000000000000000e+01
4.000000000000000000e+00
-1.000000000000000000e+00
3.600000000000000000e+01
9.000000000000000000e+00
-5.000000000000000000e+00
-8.000000000000000000e+00
2.000000000000000000e+01
-1.400000000000000000e+01
1.400000000000000000e+01
-1.500000000000000000e+01
5.000000000000000000e+00
-9.000000000000000000e+00
-2.000000000000000000e+00
-1.400000000000000000e+01
1.700000000000000000e+01
1.200000000000000000e+01
2.700000000000000000e+01
-1.500000000000000000e+01
2.400000000000000000e+01
3.100000000000000000e+01
2.000000000000000000e+00
4.000000000000000000e+00
1.200000000000000000e+01
-2.800000000000000000e+01
-3.200000000000000000e+01
1.300000000000000000e+01
-7.000000000000000000e+00
-1.600000000000000000e+01
9.000000000000000000e+00
1.100000000000000000e+01
-1.000000000000000000e+01
6.000000000000000000e+00
-1.900000000000000000e+01
-1.600000000000000000e+01
-3.000000000000000000e+00
-7.000000000000000000e+00
6.000000000000000000e+00
4.700000000000000000e+01
-2.000000000000000000e+01
3.000000000000000000e+00
2.900000000000000000e+01
-2.300000000000000000e+01
-1.000000000000000000e+01
2.700000000000000000e+01
-1.000000000000000000e+01
2.500000000000000000e+01
7.000000000000000000e+00
4.100000000000000000e+01
-5.000000000000000000e+00
2.400000000000000000e+01
-6.000000000000000000e+00
9.000000000000000000e+00
-2.800000000000000000e+01
-2.000000000000000000e+00
1.000000000000000000e+01
-8.000000000000000000e+00
1.000000000000000000e+00
4.000000000000000000e+00
-7.000000000000000000e+00
-1.300000000000000000e+01
2.800000000000000000e+01
0.000000000000000000e+00
-1.600000000000000000e+01
-1.100000000000000000e+01
3.500000000000000000e+01
2.600000000000000000e+01
1.400000000000000000e+01
-1.000000000000000000e+00
3.000000000000000000e+00
3.400000000000000000e+01
2.000000000000000000e+00
-1.100000000000000000e+01
1.000000000000000000e+00
1.900000000000000000e+01
-7.000000000000000000e+00
1.800000000000000000e+01
0.000000000000000000e+00
7.000000000000000000e+00
-5.000000000000000000e+00
-8.000000000000000000e+00
2.000000000000000000e+00
-1.400000000000000000e+01
2.500000000000000000e+01
-8.000000000000000000e+00
5.000000000000000000e+00
-2.000000000000000000e+01
-1.200000000000000000e+01
-2.200000000000000000e+01
-8.000000000000000000e+00
2.900000000000000000e+01
7.000000000000000000e+00
4.000000000000000000e+00
3.000000000000000000e+01
0.000000000000000000e+00
1.800000000000000000e+01
-3.000000000000000000e+00
-1.100000000000000000e+01
2.700000000000000000e+01
-1.900000000000000000e+01
3.700000000000000000e+01
2.000000000000000000e+00
9.000000000000000000e+00
1.200000000000000000e+01
-1.100000000000000000e+01
-1.700000000000000000e+01
-3.000000000000000000e+00
-1.100000000000000000e+01
2.000000000000000000e+00
-1.000000000000000000e+01
9.000000000000000000e+00
-2.000000000000000000e+00
2.200000000000000000e+01
-6.000000000000000000e+00
-9.000000000000000000e+00
1.500000000000000000e+01
4.200000000000000000e+01
-1.800000000000000000e+01
-1.600000000000000000e+01
2.400000000000000000e+01
4.000000000000000000e+00
4.000000000000000000e+01
4.000000000000000000e+00
1.300000000000000000e+01
1.000000000000000000e+01
-1.500000000000000000e+01
3.300000000000000000e+01
-7.000000000000000000e+00
-8.000000000000000000e+00
-1.400000000000000000e+01
2.800000000000000000e+01
1.600000000000000000e+01
1.200000000000000000e+01
5.000000000000000000e+00
-8.000000000000000000e+00
2.000000000000000000e+01
9.000000000000000000e+00
4.000000000000000000e+00
-3.300000000000000000e+01
1.500000000000000000e+01
1.500000000000000000e+01
2.300000000000000000e+01
-1.400000000000000000e+01
8.000000000000000000e+00
1.700000000000000000e+01
7.000000000000000000e+00
6.000000000000000000e+00
-2.000000000000000000e+00
-4.000000000000000000e+00
4.200000000000000000e+01
-1.300000000000000000e+01
-2.600000000000000000e+01
-2.000000000000000000e+01
-5.000000000000000000e+00
1.600000000000000000e+01
2.800000000000000000e+01
-1.500000000000000000e+01
2.400000000000000000e+01
-8.000000000000000000e+00
-2.500000000000000000e+01
-4.000000000000000000e+00
1.900000000000000000e+01
1.800000000000000000e+01
1.100000000000000000e+01
3.700000000000000000e+01
1.800000000000000000e+01
-1.300000000000000000e+01
1.400000000000000000e+01
4.200000000000000000e+01
-4.000000000000000000e+00
-1.000000000000000000e+01
1.700000000000000000e+01
3.300000000000000000e+01
1.100000000000000000e+01
2.400000000000000000e+01
3.500000000000000000e+01
5.000000000000000000e+00
3.600000000000000000e+01
-1.200000000000000000e+01
1.900000000000000000e+01
3.000000000000000000e+00
1.200000000000000000e+01
1.900000000000000000e+01
-7.000000000000000000e+00
2.300000000000000000e+01
7.000000000000000000e+00
7.000000000000000000e+00
7.000000000000000000e+00
-3.000000000000000000e+00
-3.000000000000000000e+00
0.000000000000000000e+00
-8.000000000000000000e+00
2.100000000000000000e+01
1.800000000000000000e+01
2.300000000000000000e+01
1.600000000000000000e+01
-1.300000000000000000e+01
2.300000000000000000e+01
8.000000000000000000e+00
1.100000000000000000e+01
7.000000000000000000e+00
3.500000000000000000e+01
3.700000000000000000e+01
3.000000000000000000e+01
1.000000000000000000e+00
9.000000000000000000e+00
-1.300000000000000000e+01
-1.100000000000000000e+01
0.000000000000000000e+00
1.700000000000000000e+01
-5.000000000000000000e+00
1.200000000000000000e+01
6.000000000000000000e+00
2.300000000000000000e+01
6.000000000000000000e+00
2.700000000000000000e+01
2.000000000000000000e+01
7.000000000000000000e+00
2.000000000000000000e+00
2.300000000000000000e+01
1.900000000000000000e+01
1.700000000000000000e+01
2.300000000000000000e+01
4.400000000000000000e+01
1.000000000000000000e+01
-1.000000000000000000e+00
-3.000000000000000000e+00
2.300000000000000000e+01
2.200000000000000000e+01
-1.400000000000000000e+01
1.300000000000000000e+01
2.300000000000000000e+01
3.000000000000000000e+01
2.000000000000000000e+00
4.000000000000000000e+00
7.000000000000000000e+00
4.500000000000000000e+01
1.800000000000000000e+01
6.000000000000000000e+00
1.000000000000000000e+00
2.600000000000000000e+01
2.300000000000000000e+01
1.300000000000000000e+01
2.500000000000000000e+01
2.000000000000000000e+01
2.000000000000000000e+01
-1.000000000000000000e+01
2.000000000000000000e+01
2.800000000000000000e+01
8.000000000000000000e+00
2.200000000000000000e+01
2.300000000000000000e+01
3.300000000000000000e+01
3.000000000000000000e+00
2.700000000000000000e+01
7.000000000000000000e+00
-1.600000000000000000e+01
1.500000000000000000e+01
1.000000000000000000e+01
2.100000000000000000e+01
-7.000000000000000000e+00
-5.000000000000000000e+00
1.300000000000000000e+01
-9.000000000000000000e+00
5.700000000000000000e+01
5.000000000000000000e+00
-9.000000000000000000e+00
-8.000000000000000000e+00
-1.800000000000000000e+01
2.100000000000000000e+01
-1.700000000000000000e+01
3.000000000000000000e+00
2.800000000000000000e+01
1.200000000000000000e+01
4.600000000000000000e+01
-9.000000000000000000e+00
4.000000000000000000e+00
-7.000000000000000000e+00
2.000000000000000000e+01
1.400000000000000000e+01
3.500000000000000000e+01
5.000000000000000000e+00
-7.000000000000000000e+00
9.000000000000000000e+00
2.100000000000000000e+01
2.000000000000000000e+00
1.700000000000000000e+01
3.700000000000000000e+01
1.200000000000000000e+01
4.500000000000000000e+01
2.400000000000000000e+01
6.000000000000000000e+00
7.000000000000000000e+00
3.200000000000000000e+01
1.100000000000000000e+01
1.000000000000000000e+00
3.000000000000000000e+00
3.400000000000000000e+01
8.000000000000000000e+00
-3.000000000000000000e+00
-2.000000000000000000e+00
1.200000000000000000e+01
5.700000000000000000e+01
1.100000000000000000e+01
2.200000000000000000e+01
-1.100000000000000000e+01
4.300000000000000000e+01
3.700000000000000000e+01
2.900000000000000000e+01
3.500000000000000000e+01
6.100000000000000000e+01
1.800000000000000000e+01
1.400000000000000000e+01
1.300000000000000000e+01
1.900000000000000000e+01
4.000000000000000000e+00
2.100000000000000000e+01
2.000000000000000000e+01
2.200000000000000000e+01
2.400000000000000000e+01
2.000000000000000000e+01
4.000000000000000000e+01
-7.000000000000000000e+00
4.900000000000000000e+01
2.000000000000000000e+01
2.900000000000000000e+01
1.700000000000000000e+01
5.000000000000000000e+00
-2.000000000000000000e+00
7.000000000000000000e+00
2.500000000000000000e+01
3.000000000000000000e+01
3.500000000000000000e+01
3.100000000000000000e+01
3.300000000000000000e+01
1.200000000000000000e+01
1.400000000000000000e+01
3.100000000000000000e+01
6.500000000000000000e+01
2.700000000000000000e+01
2.400000000000000000e+01
3.900000000000000000e+01
4.800000000000000000e+01
6.500000000000000000e+01
4.500000000000000000e+01
7.000000000000000000e+01
8.300000000000000000e+01
7.500000000000000000e+01
5.800000000000000000e+01
8.300000000000000000e+01
6.900000000000000000e+01
8.800000000000000000e+01
1.280000000000000000e+02
1.530000000000000000e+02
1.470000000000000000e+02
2.240000000000000000e+02
2.430000000000000000e+02
2.930000000000000000e+02
3.200000000000000000e+02
3.220000000000000000e+02
4.220000000000000000e+02
4.800000000000000000e+02
5.770000000000000000e+02
6.000000000000000000e+02
7.020000000000000000e+02
8.120000000000000000e+02
9.260000000000000000e+02
9.870000000000000000e+02
1.068000000000000000e+03
1.272000000000000000e+03
1.364000000000000000e+03
1.529000000000000000e+03
1.606000000000000000e+03
1.873000000000000000e+03
1.995000000000000000e+03
2.094000000000000000e+03
2.295000000000000000e+03
2.464000000000000000e+03
2.603000000000000000e+03
2.767000000000000000e+03
3.004000000000000000e+03
3.062000000000000000e+03
3.281000000000000000e+03
3.451000000000000000e+03
3.573000000000000000e+03
3.646000000000000000e+03
3.843000000000000000e+03
3.839000000000000000e+03
3.999000000000000000e+03
4.112000000000000000e+03
4.165000000000000000e+03
4.217000000000000000e+03
4.284000000000000000e+03
4.257000000000000000e+03
4.243000000000000000e+03
4.243000000000000000e+03
4.329000000000000000e+03
4.306000000000000000e+03
4.210000000000000000e+03
4.153000000000000000e+03
4.037000000000000000e+03
3.901000000000000000e+03
3.902000000000000000e+03
3.698000000000000000e+03
3.644000000000000000e+03
3.397000000000000000e+03
3.362000000000000000e+03
3.151000000000000000e+03
3.035000000000000000e+03
2.856000000000000000e+03
2.703000000000000000e+03
2.590000000000000000e+03
2.431000000000000000e+03
2.291000000000000000e+03
2.064000000000000000e+03
1.896000000000000000e+03
1.795000000000000000e+03
1.646000000000000000e+03
1.490000000000000000e+03
1.427000000000000000e+03
1.251000000000000000e+03
1.153000000000000000e+03
1.014000000000000000e+03
9.240000000000000000e+02
8.430000000000000000e+02
7.410000000000000000e+02
6.800000000000000000e+02
5.760000000000000000e+02
4.930000000000000000e+02
4.590000000000000000e+02
3.850000000000000000e+02
3.290000000000000000e+02
3.210000000000000000e+02
2.600000000000000000e+02
2.060000000000000000e+02
1.830000000000000000e+02
1.600000000000000000e+02
1.180000000000000000e+02
9.700000000000000000e+01
1.020000000000000000e+02
8.600000000000000000e+01
6.900000000000000000e+01
3.000000000000000000e+01
8.000000000000000000e+01
6.100000000000000000e+01
3.900000000000000000e+01
3.600000000000000000e+01
1.500000000000000000e+01
-2.000000000000000000e+00
3.000000000000000000e+01
4.100000000000000000e+01
1.700000000000000000e+01
9.000000000000000000e+00
1.300000000000000000e+01
2.900000000000000000e+01
2.600000000000000000e+01
-5.000000000000000000e+00
2.900000000000000000e+01
1.200000000000000000e+01
-1.000000000000000000e+00
3.500000000000000000e+01
0.000000000000000000e+00
2.200000000000000000e+01
1.600000000000000000e+01
9.000000000000000000e+00
2.600000000000000000e+01
-1.000000000000000000e+00
2.600000000000000000e+01
2.900000000000000000e+01
3.500000000000000000e+01
1.000000000000000000e+00
2.000000000000000000e+01
3.300000000000000000e+01
2.000000000000000000e+01
2.100000000000000000e+01
0.000000000000000000e+00
2.000000000000000000e+00
4.200000000000000000e+01
4.100000000000000000e+01
-7.000000000000000000e+00
2.000000000000000000e+00
2.700000000000000000e+01
1.600000000000000000e+01
1.900000000000000000e+01
-9.000000000000000000e+00
4.000000000000000000e+01
-1.100000000000000000e+01
1.900000000000000000e+01
1.500000000000000000e+01
2.400000000000000000e+01
-1.300000000000000000e+01
7.000000000000000000e+00
2.200000000000000000e+01
-1.000000000000000000e+00
1.400000000000000000e+01
4.000000000000000000e+00
1.100000000000000000e+01
2.100000000000000000e+01
1.800000000000000000e+01
1.400000000000000000e+01
1.800000000000000000e+01
-1.000000000000000000e+01
2.300000000000000000e+01
2.000000000000000000e+01
2.300000000000000000e+01
1.100000000000000000e+01
-4.000000000000000000e+00
3.200000000000000000e+01
-1.600000000000000000e+01
2.400000000000000000e+01
0.000000000000000000e+00
3.200000000000000000e+01
3.700000000000000000e+01
2.000000000000000000e+01
1.600000000000000000e+01
-2.000000000000000000e+00
1.300000000000000000e+01
1.500000000000000000e+01
3.400000000000000000e+01
3.600000000000000000e+01
1.500000000000000000e+01
-2.000000000000000000e+00
1.000000000000000000e+01
-6.000000000000000000e+00
1.700000000000000000e+01
1.700000000000000000e+01
2.300000000000000000e+01
1.800000000000000000e+01
1.500000000000000000e+01
1.100000000000000000e+01
0.000000000000000000e+00
1.100000000000000000e+01
-1.100000000000000000e+01
2.000000000000000000e+00
3.500000000000000000e+01
2.000000000000000000e+01
3.700000000000000000e+01
3.100000000000000000e+01
1.900000000000000000e+01
2.600000000000000000e+01
3.000000000000000000e+00
4.700000000000000000e+01
3.900000000000000000e+01
6.000000000000000000e+00
2.000000000000000000e+00
6.000000000000000000e+00
0.000000000000000000e+00
-7.000000000000000000e+00
-6.000000000000000000e+00
3.800000000000000000e+01
6.000000000000000000e+00
3.800000000000000000e+01
1.700000000000000000e+01
2.800000000000000000e+01
3.300000000000000000e+01
1.300000000000000000e+01
7.000000000000000000e+00
2.300000000000000000e+01
-6.000000000000000000e+00
8.000000000000000000e+00
1.000000000000000000e+00
2.200000000000000000e+01
1.200000000000000000e+01
-6.000000000000000000e+00
7.000000000000000000e+00
1.100000000000000000e+01
-1.000000000000000000e+00
2.200000000000000000e+01
2.100000000000000000e+01
2.800000000000000000e+01
8.000000000000000000e+00
1.000000000000000000e+01
2.300000000000000000e+01
3.000000000000000000e+01
-3.000000000000000000e+00
2.100000000000000000e+01
7.000000000000000000e+00
1.000000000000000000e+00
4.400000000000000000e+01
1.000000000000000000e+01
-2.400000000000000000e+01
9.000000000000000000e+00
7.000000000000000000e+00
3.700000000000000000e+01
2.000000000000000000e+01
-1.800000000000000000e+01
8.000000000000000000e+00
3.200000000000000000e+01
-2.400000000000000000e+01
-7.000000000000000000e+00
-1.400000000000000000e+01
3.200000000000000000e+01
2.900000000000000000e+01
1.200000000000000000e+01
-1.400000000000000000e+01
4.000000000000000000e+00
1.200000000000000000e+01
2.100000000000000000e+01
9.000000000000000000e+00
-1.000000000000000000e+00
2.200000000000000000e+01
1.200000000000000000e+01
1.400000000000000000e+01
-1.700000000000000000e+01
2.500000000000000000e+01
3.000000000000000000e+00
-1.000000000000000000e+01
5.200000000000000000e+01
-1.900000000000000000e+01
4.000000000000000000e+00
1.000000000000000000e+01
0.000000000000000000e+00
1.700000000000000000e+01
1.200000000000000000e+01
4.000000000000000000e+00
2.500000000000000000e+01
2.400000000000000000e+01
3.000000000000000000e+00
6.000000000000000000e+00
1.500000000000000000e+01
4.400000000000000000e+01
1.300000000000000000e+01
2.000000000000000000e+00
2.100000000000000000e+01
1.700000000000000000e+01
1.400000000000000000e+01
1.800000000000000000e+01
1.900000000000000000e+01
1.400000000000000000e+01
1.200000000000000000e+01
2.600000000000000000e+01
1.500000000000000000e+01
3.200000000000000000e+01
3.000000000000000000e+00
-1.100000000000000000e+01
-5.000000000000000000e+00
-3.000000000000000000e+01
3.500000000000000000e+01
-4.000000000000000000e+00
3.600000000000000000e+01
-3.000000000000000000e+00
2.300000000000000000e+01
-1.200000000000000000e+01
3.000000000000000000e+00
1.400000000000000000e+01
1.400000000000000000e+01
5.500000000000000000e+01
2.100000000000000000e+01
2.100000000000000000e+01
1.300000000000000000e+01
4.000000000000000000e+00
4.000000000000000000e+00
-2.900000000000000000e+01
-2.000000000000000000e+00
1.000000000000000000e+00
-1.000000000000000000e+00
-9.000000000000000000e+00
2.100000000000000000e+01
-8.000000000000000000e+00
2.900000000000000000e+01
-2.000000000000000000e+00
8.000000000000000000e+00
-4.000000000000000000e+00
2.800000000000000000e+01
-4.000000000000000000e+00
2.200000000000000000e+01
-1.500000000000000000e+01
1.200000000000000000e+01
1.300000000000000000e+01
2.200000000000000000e+01
2.500000000000000000e+01
1.100000000000000000e+01
9.000000000000000000e+00
-1.100000000000000000e+01
2.200000000000000000e+01
6.000000000000000000e+00
2.400000000000000000e+01
2.000000000000000000e+00
-1.700000000000000000e+01
9.000000000000000000e+00
7.000000000000000000e+00
-1.100000000000000000e+01
-1.700000000000000000e+01
1.600000000000000000e+01
-5.000000000000000000e+00
2.800000000000000000e+01
4.000000000000000000e+00
-1.600000000000000000e+01
1.500000000000000000e+01
4.000000000000000000e+00
-1.300000000000000000e+01
1.900000000000000000e+01
1.700000000000000000e+01
-1.000000000000000000e+00
8.000000000000000000e+00
-4.000000000000000000e+00
2.500000000000000000e+01
3.000000000000000000e+00
-2.000000000000000000e+00
1.500000000000000000e+01
-1.800000000000000000e+01
4.000000000000000000e+00
-3.000000000000000000e+00
5.000000000000000000e+00
1.300000000000000000e+01
4.400000000000000000e+01
-2.000000000000000000e+00
-6.000000000000000000e+00
-1.700000000000000000e+01
2.000000000000000000e+01
5.000000000000000000e+00
-9.000000000000000000e+00
0.000000000000000000e+00
9.000000000000000000e+00
3.400000000000000000e+01
-2.000000000000000000e+00
0.000000000000000000e+00
1.000000000000000000e+00
1.100000000000000000e+01
-1.500000000000000000e+01
2.000000000000000000e+01
0.000000000000000000e+00
-1.400000000000000000e+01
1.700000000000000000e+01
3.100000000000000000e+01
3.000000000000000000e+01
1.700000000000000000e+01
-1.100000000000000000e+01
4.000000000000000000e+00
5.000000000000000000e+00
-9.000000000000000000e+00
-7.000000000000000000e+00
-4.000000000000000000e+00
8.000000000000000000e+00
3.000000000000000000e+00
-2.000000000000000000e+00
0.000000000000000000e+00
1.000000000000000000e+00
5.000000000000000000e+00
4.300000000000000000e+01
1.100000000000000000e+01
-2.900000000000000000e+01
1.600000000000000000e+01
-5.000000000000000000e+00
-4.000000000000000000e+00
9.000000000000000000e+00
7.000000000000000000e+00
-1.200000000000000000e+01
1.800000000000000000e+01
4.000000000000000000e+00
2.100000000000000000e+01
-1.500000000000000000e+01
0.000000000000000000e+00
1.600000000000000000e+01
7.000000000000000000e+00
7.000000000000000000e+00
3.400000000000000000e+01
-5.000000000000000000e+00
2.000000000000000000e+00
-1.000000000000000000e+01
-1.400000000000000000e+01
-4.000000000000000000e+00
-1.500000000000000000e+01
2.200000000000000000e+01
-1.400000000000000000e+01
1.000000000000000000e+01
1.300000000000000000e+01
6.000000000000000000e+00
2.000000000000000000e+00
4.000000000000000000e+00
-2.600000000000000000e+01
2.100000000000000000e+01
-1.900000000000000000e+01
8.000000000000000000e+00
-2.100000000000000000e+01
2.100000000000000000e+01
1.300000000000000000e+01
2.100000000000000000e+01
1.700000000000000000e+01
1.000000000000000000e+00
-3.000000000000000000e+00
2.700000000000000000e+01
1.000000000000000000e+01
4.000000000000000000e+00
-2.200000000000000000e+01
1.400000000000000000e+01
-5.000000000000000000e+00
3.200000000000000000e+01
-1.100000000000000000e+01
4.000000000000000000e+00
-3.200000000000000000e+01
1.600000000000000000e+01
-1.000000000000000000e+01
3.100000000000000000e+01
2.600000000000000000e+01
-1.000000000000000000e+01
3.700000000000000000e+01
-1.000000000000000000e+00
-3.000000000000000000e+00
1.700000000000000000e+01
1.500000000000000000e+01
-3.000000000000000000e+00
-1.600000000000000000e+01
-2.000000000000000000e+01
-1.000000000000000000e+01
-1.000000000000000000e+01
-1.800000000000000000e+01
-1.100000000000000000e+01
-1.040000000000000000e+02
-2.000000000000000000e+00
-1.000000000000000000e+01
2.600000000000000000e+01
2.800000000000000000e+01
-1.200000000000000000e+01
-2.000000000000000000e+01
-2.000000000000000000e+01
-5.000000000000000000e+00
1.300000000000000000e+01
1.900000000000000000e+01
-4.000000000000000000e+00
0.000000000000000000e+00
-2.100000000000000000e+01
-2.700000000000000000e+01
-2.000000000000000000e+00
-5.000000000000000000e+00
2.900000000000000000e+01
1.200000000000000000e+01
-2.000000000000000000e+00
-1.400000000000000000e+01
-7.000000000000000000e+00
-1.000000000000000000e+01
6.000000000000000000e+00
-2.000000000000000000e+00
-3.000000000000000000e+00
-4.000000000000000000e+00
8.000000000000000000e+00
1.300000000000000000e+01
2.300000000000000000e+01
-3.000000000000000000e+00
1.000000000000000000e+00
-2.000000000000000000e+00
1.000000000000000000e+00
-2.000000000000000000e+00
1.000000000000000000e+00
-1.200000000000000000e+01
3.000000000000000000e+00
-1.000000000000000000e+00
3.000000000000000000e+00
1.000000000000000000e+00
1.100000000000000000e+01
1.300000000000000000e+01
6.000000000000000000e+00
-6.000000000000000000e+00
0.000000000000000000e+00
1.800000000000000000e+01
5.000000000000000000e+00
-3.000000000000000000e+00
1.400000000000000000e+01
1.300000000000000000e+01
1.700000000000000000e+01
1.000000000000000000e+00
1.000000000000000000e+00
2.400000000000000000e+01
8.000000000000000000e+00
-1.000000000000000000e+00
-1.400000000000000000e+01
-1.700000000000000000e+01
-7.000000000000000000e+00
-1.000000000000000000e+01
1.000000000000000000e+00
1.400000000000000000e+01
1.100000000000000000e+01
1.000000000000000000e+01
-2.500000000000000000e+01
5.000000000000000000e+00
8.000000000000000000e+00
3.200000000000000000e+01
-8.000000000000000000e+00
8.000000000000000000e+00
-1.300000000000000000e+01
5.000000000000000000e+00
3.000000000000000000e+00
1.200000000000000000e+01
4.000000000000000000e+00
-3.000000000000000000e+00
1.000000000000000000e+00
-9.000000000000000000e+00
1.000000000000000000e+01
7.000000000000000000e+00
-1.000000000000000000e+01
4.000000000000000000e+00
-3.700000000000000000e+01
8.000000000000000000e+00
1.900000000000000000e+01
4.000000000000000000e+00
1.000000000000000000e+00
1.000000000000000000e+00
-1.400000000000000000e+01
7.000000000000000000e+00
1.900000000000000000e+01
3.100000000000000000e+01
4.000000000000000000e+00
8.000000000000000000e+00
-3.000000000000000000e+00
-1.900000000000000000e+01
1.200000000000000000e+01
-6.000000000000000000e+00
-1.400000000000000000e+01
9.000000000000000000e+00
6.000000000000000000e+00
0.000000000000000000e+00
6.000000000000000000e+00
-9.000000000000000000e+00
1.400000000000000000e+01
-7.000000000000000000e+00
-1.100000000000000000e+01
0.000000000000000000e+00
3.000000000000000000e+00
2.500000000000000000e+01
-2.200000000000000000e+01
1.200000000000000000e+01
1.000000000000000000e+00
-2.600000000000000000e+01
1.000000000000000000e+01
1.400000000000000000e+01
7.000000000000000000e+00
2.800000000000000000e+01
-5.000000000000000000e+00
1.300000000000000000e+01
1.600000000000000000e+01
1.000000000000000000e+01
-6.000000000000000000e+00
0.000000000000000000e+00
3.000000000000000000e+00
1.400000000000000000e+01
8.000000000000000000e+00
6.000000000000000000e+00
-3.100000000000000000e+01
-8.000000000000000000e+00
7.000000000000000000e+00
2.000000000000000000e+00
-9.000000000000000000e+00
1.500000000000000000e+01
-2.800000000000000000e+01
-1.300000000000000000e+01
1.000000000000000000e+01
-3.000000000000000000e+01
2.400000000000000000e+01
-1.000000000000000000e+00
1.300000000000000000e+01
-2.500000000000000000e+01
1.000000000000000000e+00
-2.000000000000000000e+00
-1.700000000000000000e+01
-4.000000000000000000e+00
5.000000000000000000e+00
-3.000000000000000000e+00
-1.200000000000000000e+01
-5.000000000000000000e+00
1.200000000000000000e+01
-1.300000000000000000e+01
2.200000000000000000e+01
-2.000000000000000000e+01
1.200000000000000000e+01
3.100000000000000000e+01
0.000000000000000000e+00
2.400000000000000000e+01
1.900000000000000000e+01
-9.000000000000000000e+00
-7.000000000000000000e+00
-6.000000000000000000e+00
-4.000000000000000000e+00
1.000000000000000000e+01
1.100000000000000000e+01
2.000000000000000000e+01
1.600000000000000000e+01
1.900000000000000000e+01
2.900000000000000000e+01
-6.000000000000000000e+00
-2.500000000000000000e+01
3.000000000000000000e+01
-1.100000000000000000e+01
0.000000000000000000e+00
3.000000000000000000e+00
-1.200000000000000000e+01
-1.400000000000000000e+01
-1.700000000000000000e+01
-2.500000000000000000e+01
1.700000000000000000e+01
1.000000000000000000e+00
-2.000000000000000000e+00
-2.700000000000000000e+01
-1.100000000000000000e+01
1.200000000000000000e+01
-1.000000000000000000e+00
-5.000000000000000000e+00
3.000000000000000000e+00
-1.300000000000000000e+01
-1.000000000000000000e+00
1.300000000000000000e+01
-9.000000000000000000e+00
-1.000000000000000000e+01
-4.000000000000000000e+00
1.500000000000000000e+01
4.000000000000000000e+00
-7.000000000000000000e+00
4.000000000000000000e+00
2.000000000000000000e+00
9.000000000000000000e+00
-2.000000000000000000e+00
-4.000000000000000000e+00
7.000000000000000000e+00
2.300000000000000000e+01
1.000000000000000000e+00
-2.000000000000000000e+00
2.600000000000000000e+01
1.200000000000000000e+01
1.900000000000000000e+01
-1.000000000000000000e+00
-2.900000000000000000e+01
1.300000000000000000e+01
-3.000000000000000000e+00
-1.000000000000000000e+00
-8.000000000000000000e+00
1.000000000000000000e+01
1.000000000000000000e+01
1.700000000000000000e+01
3.000000000000000000e+00
-2.000000000000000000e+00
1.000000000000000000e+00
-4.000000000000000000e+00
5.000000000000000000e+00
2.100000000000000000e+01
7.000000000000000000e+00
-4.000000000000000000e+00
7.000000000000000000e+00
-1.000000000000000000e+00
-2.400000000000000000e+01
6.000000000000000000e+00
3.000000000000000000e+00
-6.000000000000000000e+00
2.700000000000000000e+01
1.400000000000000000e+01
4.000000000000000000e+00
2.300000000000000000e+01
1.700000000000000000e+01
-2.200000000000000000e+01
2.000000000000000000e+00
-2.600000000000000000e+01
1.900000000000000000e+01
-2.200000000000000000e+01
-1.500000000000000000e+01
3.000000000000000000e+01
1.000000000000000000e+00
-1.000000000000000000e+00
-1.000000000000000000e+01
8.000000000000000000e+00
-7.000000000000000000e+00
1.300000000000000000e+01
1.600000000000000000e+01
-8.000000000000000000e+00
-1.100000000000000000e+01
-4.000000000000000000e+00
-2.000000000000000000e+01
8.000000000000000000e+00
1.700000000000000000e+01
7.000000000000000000e+00
-2.000000000000000000e+00
3.100000000000000000e+01
-8.000000000000000000e+00
3.000000000000000000e+01
1.600000000000000000e+01
2.800000000000000000e+01
-1.000000000000000000e+00
1.800000000000000000e+01
-1.200000000000000000e+01
-1.400000000000000000e+01
-8.000000000000000000e+00
1.200000000000000000e+01
1.900000000000000000e+01
-1.800000000000000000e+01
1.700000000000000000e+01
1.100000000000000000e+01
-7.000000000000000000e+00
-1.500000000000000000e+01
3.000000000000000000e+01
0.000000000000000000e+00
-1.600000000000000000e+01
8.000000000000000000e+00
-1.900000000000000000e+01
-9.000000000000000000e+00
-1.400000000000000000e+01
5.000000000000000000e+00
-2.000000000000000000e+00
-1.200000000000000000e+01
1.200000000000000000e+01
8.000000000000000000e+00
3.000000000000000000e+00
2.500000000000000000e+01
5.000000000000000000e+00
1.200000000000000000e+01
-6.000000000000000000e+00
9.000000000000000000e+00
-2.100000000000000000e+01
9.000000000000000000e+00
-1.900000000000000000e+01
4.000000000000000000e+00
-2.400000000000000000e+01
6.000000000000000000e+00
8.000000000000000000e+00
3.000000000000000000e+00
-2.400000000000000000e+01
1.400000000000000000e+01
1.200000000000000000e+01
2.200000000000000000e+01
-8.000000000000000000e+00
1.200000000000000000e+01
2.000000000000000000e+00
0.000000000000000000e+00
-2.000000000000000000e+01
4.000000000000000000e+00
-2.500000000000000000e+01
2.000000000000000000e+00
5.000000000000000000e+00
-1.800000000000000000e+01
-1.200000000000000000e+01
1.400000000000000000e+01
-4.000000000000000000e+00
-1.100000000000000000e+01
-9.000000000000000000e+00
-1.500000000000000000e+01
1.000000000000000000e+00
-7.000000000000000000e+00
6.000000000000000000e+00
1.100000000000000000e+01
-3.000000000000000000e+00
-3.000000000000000000e+00
1.100000000000000000e+01
9.000000000000000000e+00
-4.000000000000000000e+00
-3.000000000000000000e+01
5.000000000000000000e+00
-1.100000000000000000e+01
-1.100000000000000000e+01
-3.800000000000000000e+01
-1.000000000000000000e+00
-2.700000000000000000e+01
1.300000000000000000e+01
-7.000000000000000000e+00
2.900000000000000000e+01
-8.000000000000000000e+00
6.000000000000000000e+00
-4.000000000000000000e+00
9.000000000000000000e+00
8.000000000000000000e+00
2.800000000000000000e+01
1.000000000000000000e+01
1.100000000000000000e+01
-2.300000000000000000e+01
3.000000000000000000e+00
-9.000000000000000000e+00
-1.100000000000000000e+01
9.000000000000000000e+00
1.200000000000000000e+01
-8.000000000000000000e+00
-1.100000000000000000e+01
2.300000000000000000e+01
-3.700000000000000000e+01
2.900000000000000000e+01
-2.200000000000000000e+01
8.000000000000000000e+00
-7.000000000000000000e+00
0.000000000000000000e+00
1.600000000000000000e+01
3.600000000000000000e+01
-1.000000000000000000e+01
1.000000000000000000e+01
-5.000000000000000000e+00
-1.600000000000000000e+01
2.500000000000000000e+01
-1.200000000000000000e+01
1.700000000000000000e+01
2.300000000000000000e+01
-4.000000000000000000e+00
2.000000000000000000e+00
2.500000000000000000e+01
-6.000000000000000000e+00
1.000000000000000000e+01
1.100000000000000000e+01
2.300000000000000000e+01
1.000000000000000000e+00
3.000000000000000000e+00
-1.000000000000000000e+00
5.000000000000000000e+00
-2.000000000000000000e+00
1.300000000000000000e+01
-2.000000000000000000e+00
2.700000000000000000e+01
5.000000000000000000e+00
6.000000000000000000e+00
-2.400000000000000000e+01
1.800000000000000000e+01
6.000000000000000000e+00
4.000000000000000000e+00
2.900000000000000000e+01
1.500000000000000000e+01
1.000000000000000000e+01
7.000000000000000000e+00
1.300000000000000000e+01
1.000000000000000000e+00
8.000000000000000000e+00
-1.000000000000000000e+00
2.700000000000000000e+01
-1.000000000000000000e+00
-6.000000000000000000e+00
2.900000000000000000e+01
-2.000000000000000000e+01
1.800000000000000000e+01
2.900000000000000000e+01
5.900000000000000000e+01
1.900000000000000000e+01
2.400000000000000000e+01
-3.000000000000000000e+00
3.400000000000000000e+01
4.900000000000000000e+01
4.900000000000000000e+01
2.500000000000000000e+01
2.700000000000000000e+01
5.300000000000000000e+01
5.200000000000000000e+01
3.300000000000000000e+01
3.500000000000000000e+01
2.300000000000000000e+01
5.900000000000000000e+01
5.000000000000000000e+01
6.700000000000000000e+01
6.000000000000000000e+01
7.000000000000000000e+01
5.600000000000000000e+01
6.300000000000000000e+01
7.000000000000000000e+01
6.300000000000000000e+01
6.300000000000000000e+01
9.100000000000000000e+01
8.100000000000000000e+01
9.000000000000000000e+01
1.290000000000000000e+02
1.300000000000000000e+02
1.010000000000000000e+02
1.240000000000000000e+02
1.350000000000000000e+02
1.330000000000000000e+02
1.370000000000000000e+02
1.380000000000000000e+02
1.670000000000000000e+02
1.680000000000000000e+02
2.030000000000000000e+02
1.910000000000000000e+02
2.050000000000000000e+02
2.000000000000000000e+02
2.140000000000000000e+02
2.250000000000000000e+02
2.660000000000000000e+02
3.150000000000000000e+02
2.770000000000000000e+02
3.320000000000000000e+02
3.210000000000000000e+02
3.560000000000000000e+02
3.530000000000000000e+02
3.470000000000000000e+02
3.830000000000000000e+02
3.920000000000000000e+02
3.860000000000000000e+02
4.270000000000000000e+02
4.660000000000000000e+02
4.610000000000000000e+02
4.930000000000000000e+02
5.340000000000000000e+02
5.360000000000000000e+02
5.680000000000000000e+02
6.160000000000000000e+02
6.100000000000000000e+02
6.350000000000000000e+02
6.520000000000000000e+02
6.840000000000000000e+02
7.230000000000000000e+02
7.180000000000000000e+02
7.550000000000000000e+02
7.320000000000000000e+02
7.960000000000000000e+02
8.080000000000000000e+02
8.330000000000000000e+02
8.520000000000000000e+02
9.520000000000000000e+02
9.560000000000000000e+02
9.860000000000000000e+02
9.590000000000000000e+02
1.021000000000000000e+03
1.025000000000000000e+03
1.036000000000000000e+03
1.050000000000000000e+03
1.109000000000000000e+03
1.070000000000000000e+03
1.108000000000000000e+03
1.109000000000000000e+03
1.135000000000000000e+03
1.143000000000000000e+03
1.180000000000000000e+03
1.185000000000000000e+03
1.196000000000000000e+03
1.223000000000000000e+03
1.224000000000000000e+03
1.284000000000000000e+03
1.237000000000000000e+03
1.275000000000000000e+03
1.298000000000000000e+03
1.364000000000000000e+03
1.390000000000000000e+03
1.410000000000000000e+03
1.372000000000000000e+03
1.330000000000000000e+03
1.367000000000000000e+03
1.387000000000000000e+03
1.411000000000000000e+03
1.458000000000000000e+03
1.424000000000000000e+03
1.427000000000000000e+03
1.415000000000000000e+03
1.441000000000000000e+03
1.435000000000000000e+03
1.363000000000000000e+03
1.365000000000000000e+03
1.314000000000000000e+03
1.355000000000000000e+03
1.301000000000000000e+03
1.280000000000000000e+03
1.253000000000000000e+03
1.266000000000000000e+03
1.208000000000000000e+03
1.192000000000000000e+03
1.164000000000000000e+03
1.229000000000000000e+03
1.233000000000000000e+03
1.167000000000000000e+03
1.150000000000000000e+03
1.187000000000000000e+03
1.163000000000000000e+03
1.154000000000000000e+03
1.166000000000000000e+03
1.137000000000000000e+03
1.082000000000000000e+03
1.103000000000000000e+03
1.126000000000000000e+03
1.030000000000000000e+03
1.070000000000000000e+03
9.880000000000000000e+02
1.028000000000000000e+03
1.016000000000000000e+03
9.740000000000000000e+02
9.680000000000000000e+02
9.240000000000000000e+02
9.140000000000000000e+02
9.160000000000000000e+02
8.580000000000000000e+02
8.510000000000000000e+02
7.990000000000000000e+02
8.170000000000000000e+02
7.700000000000000000e+02
7.130000000000000000e+02
7.120000000000000000e+02
7.010000000000000000e+02
6.700000000000000000e+02
6.530000000000000000e+02
6.340000000000000000e+02
6.090000000000000000e+02
6.170000000000000000e+02
6.120000000000000000e+02
5.620000000000000000e+02
5.630000000000000000e+02
5.620000000000000000e+02
5.360000000000000000e+02
4.720000000000000000e+02
5.060000000000000000e+02
4.970000000000000000e+02
4.750000000000000000e+02
4.430000000000000000e+02
4.620000000000000000e+02
4.270000000000000000e+02
4.020000000000000000e+02
3.880000000000000000e+02
3.610000000000000000e+02
3.710000000000000000e+02
3.170000000000000000e+02
3.100000000000000000e+02
3.220000000000000000e+02
2.630000000000000000e+02
3.010000000000000000e+02
2.620000000000000000e+02
2.260000000000000000e+02
2.350000000000000000e+02
2.490000000000000000e+02
2.360000000000000000e+02
2.210000000000000000e+02
2.130000000000000000e+02
2.120000000000000000e+02
1.760000000000000000e+02
1.940000000000000000e+02
1.820000000000000000e+02
1.640000000000000000e+02
1.620000000000000000e+02
1.420000000000000000e+02
1.570000000000000000e+02
1.410000000000000000e+02
1.340000000000000000e+02
1.220000000000000000e+02
1.320000000000000000e+02
1.250000000000000000e+02
1.270000000000000000e+02
9.700000000000000000e+01
9.300000000000000000e+01
8.800000000000000000e+01
6.100000000000000000e+01
7.900000000000000000e+01
8.700000000000000000e+01
8.400000000000000000e+01
8.700000000000000000e+01
7.900000000000000000e+01
5.300000000000000000e+01
5.700000000000000000e+01
4.700000000000000000e+01
8.400000000000000000e+01
4.100000000000000000e+01
6.000000000000000000e+01
2.100000000000000000e+01
3.500000000000000000e+01
1.200000000000000000e+01
2.200000000000000000e+01
2.600000000000000000e+01
5.000000000000000000e+01
1.400000000000000000e+01
1.700000000000000000e+01
3.900000000000000000e+01
4.600000000000000000e+01
1.900000000000000000e+01
-4.000000000000000000e+00
3.500000000000000000e+01
4.800000000000000000e+01
-2.000000000000000000e+00
2.000000000000000000e+01
1.900000000000000000e+01
1.500000000000000000e+01
4.300000000000000000e+01
3.000000000000000000e+01
3.000000000000000000e+00
1.600000000000000000e+01
9.000000000000000000e+00
9.000000000000000000e+00
3.000000000000000000e+00
3.500000000000000000e+01
-1.000000000000000000e+00
3.300000000000000000e+01
1.600000000000000000e+01
2.800000000000000000e+01
2.000000000000000000e+01
-1.000000000000000000e+00
-6.000000000000000000e+00
2.000000000000000000e+01
2.200000000000000000e+01
1.400000000000000000e+01
5.000000000000000000e+00
1.100000000000000000e+01
4.000000000000000000e+00
3.600000000000000000e+01
7.000000000000000000e+00
5.000000000000000000e+00
2.900000000000000000e+01
-8.000000000000000000e+00
1.400000000000000000e+01
2.600000000000000000e+01
1.500000000000000000e+01
2.600000000000000000e+01
1.400000000000000000e+01
1.000000000000000000e+00
1.000000000000000000e+00
-1.900000000000000000e+01
1.000000000000000000e+01
1.700000000000000000e+01
-2.000000000000000000e+00
4.000000000000000000e+00
-6.000000000000000000e+00
-1.100000000000000000e+01
2.000000000000000000e+01
-4.500000000000000000e+01
-2.100000000000000000e+01
1.200000000000000000e+01
1.400000000000000000e+01
5.000000000000000000e+00
6.000000000000000000e+00
5.000000000000000000e+00
3.000000000000000000e+00
-1.400000000000000000e+01
4.000000000000000000e+00
-1.000000000000000000e+00
1.000000000000000000e+01
1.100000000000000000e+01
1.200000000000000000e+01
-5.000000000000000000e+00
-6.000000000000000000e+00
4.000000000000000000e+00
1.500000000000000000e+01
6.000000000000000000e+00
-3.000000000000000000e+01
-1.200000000000000000e+01
-3.000000000000000000e+00
4.000000000000000000e+00
-1.400000000000000000e+01
-2.000000000000000000e+00
-1.800000000000000000e+01
-6.000000000000000000e+00
1.000000000000000000e+01
1.000000000000000000e+00
-1.100000000000000000e+01
2.600000000000000000e+01
-1.000000000000000000e+01
1.800000000000000000e+01
1.200000000000000000e+01
8.000000000000000000e+00
0.000000000000000000e+00
3.000000000000000000e+00
1.000000000000000000e+00
-4.000000000000000000e+00
