2.000000000000000000e+00
-2.000000000000000000e+00
2.000000000000000000e+00
1.000000000000000000e+00
-9.000000000000000000e+00
-1.600000000000000000e+01
-6.000000000000000000e+00
-1.000000000000000000e+00
-3.000000000000000000e+00
-2.100000000000000000e+01
-9.000000000000000000e+00
9.000000000000000000e+00
-7.000000000000000000e+00
3.000000000000000000e+00
5.000000000000000000e+00
-8.000000000000000000e+00
8.000000000000000000e+00
3.000000000000000000e+00
1.900000000000000000e+01
-3.000000000000000000e+00
7.000000000000000000e+00
-3.000000000000000000e+00
-9.000000000000000000e+00
6.000000000000000000e+00
-4.200000000000000000e+01
-8.000000000000000000e+00
2.000000000000000000e+00
0.000000000000000000e+00
1.200000000000000000e+01
-5.000000000000000000e+00
-3.300000000000000000e+01
9.000000000000000000e+00
1.500000000000000000e+01
3.000000000000000000e+00
1.000000000000000000e+01
1.400000000000000000e+01
-4.000000000000000000e+00
7.000000000000000000e+00
1.800000000000000000e+01
2.800000000000000000e+01
1.000000000000000000e+01
-2.000000000000000000e+01
-4.000000000000000000e+00
1.100000000000000000e+01
6.000000000000000000e+00
-1.300000000000000000e+01
1.600000000000000000e+01
-1.800000000000000000e+01
7.000000000000000000e+00
-2.000000000000000000e+00
1.800000000000000000e+01
8.000000000000000000e+00
-2.300000000000000000e+01
-4.000000000000000000e+00
-3.400000000000000000e+01
-1.200000000000000000e+01
-5.000000000000000000e+00
-1.300000000000000000e+01
1.900000000000000000e+01
-4.000000000000000000e+00
5.000000000000000000e+00
1.400000000000000000e+01
-4.000000000000000000e+00
1.000000000000000000e+01
1.200000000000000000e+01
-1.200000000000000000e+01
1.900000000000000000e+01
1.100000000000000000e+01
2.000000000000000000e+00
-9.000000000000000000e+00
5.000000000000000000e+00
2.000000000000000000e+00
2.600000000000000000e+01
-1.200000000000000000e+01
-6.000000000000000000e+00
5.000000000000000000e+00
7.000000000000000000e+00
-1.000000000000000000e+01
3.000000000000000000e+00
6.000000000000000000e+00
-1.500000000000000000e+01
3.400000000000000000e+01
-3.400000000000000000e+01
-8.000000000000000000e+00
1.200000000000000000e+01
-3.000000000000000000e+01
-2.700000000000000000e+01
1.600000000000000000e+01
-2.400000000000000000e+01
0.000000000000000000e+00
1.700000000000000000e+01
-1.200000000000000000e+01
-6.000000000000000000e+00
-7.000000000000000000e+00
-1.300000000000000000e+01
1.400000000000000000e+01
1.000000000000000000e+00
6.000000000000000000e+00
2.300000000000000000e+01
9.000000000000000000e+00
-2.400000000000000000e+01
-2.100000000000000000e+01
-2.000000000000000000e+01
-3.000000000000000000e+01
1.000000000000000000e+00
2.700000000000000000e+01
-2.600000000000000000e+01
1.100000000000000000e+01
-3.000000000000000000e+00
1.000000000000000000e+01
-3.000000000000000000e+00
1.900000000000000000e+01
1.600000000000000000e+01
-5.000000000000000000e+00
-5.000000000000000000e+00
2.800000000000000000e+01
-1.600000000000000000e+01
3.300000000000000000e+01
-1.200000000000000000e+01
-1.200000000000000000e+01
-1.300000000000000000e+01
1.100000000000000000e+01
7.000000000000000000e+00
2.400000000000000000e+01
-8.000000000000000000e+00
-3.000000000000000000e+00
-6.000000000000000000e+00
-1.100000000000000000e+01
-1.700000000000000000e+01
1.400000000000000000e+01
-1.900000000000000000e+01
-8.000000000000000000e+00
9.000000000000000000e+00
2.800000000000000000e+01
-1.600000000000000000e+01
-4.000000000000000000e+00
-3.400000000000000000e+01
3.300000000000000000e+01
-1.000000000000000000e+00
1.200000000000000000e+01
1.400000000000000000e+01
3.400000000000000000e+01
-1.600000000000000000e+01
5.000000000000000000e+00
-4.000000000000000000e+00
-3.000000000000000000e+00
9.000000000000000000e+00
7.000000000000000000e+00
1.000000000000000000e+01
2.700000000000000000e+01
-1.300000000000000000e+01
7.000000000000000000e+00
-1.500000000000000000e+01
1.200000000000000000e+01
-6.000000000000000000e+00
-1.300000000000000000e+01
4.000000000000000000e+00
-9.000000000000000000e+00
-2.800000000000000000e+01
1.300000000000000000e+01
-8.000000000000000000e+00
1.000000000000000000e+00
-2.700000000000000000e+01
4.000000000000000000e+00
-9.000000000000000000e+00
-2.000000000000000000e+00
-2.700000000000000000e+01
1.100000000000000000e+01
-4.000000000000000000e+00
-1.400000000000000000e+01
3.400000000000000000e+01
-3.000000000000000000e+00
-1.000000000000000000e+01
-2.000000000000000000e+00
4.000000000000000000e+00
-1.000000000000000000e+01
-2.300000000000000000e+01
-5.000000000000000000e+00
1.100000000000000000e+01
5.000000000000000000e+00
2.000000000000000000e+00
-5.000000000000000000e+00
-4.000000000000000000e+00
3.000000000000000000e+00
9.000000000000000000e+00
1.000000000000000000e+00
-1.100000000000000000e+01
9.000000000000000000e+00
-5.000000000000000000e+00
-6.000000000000000000e+00
-3.000000000000000000e+01
-2.900000000000000000e+01
2.400000000000000000e+01
-2.700000000000000000e+01
-2.000000000000000000e+00
-2.100000000000000000e+01
-3.000000000000000000e+00
2.800000000000000000e+01
3.600000000000000000e+01
4.000000000000000000e+00
-1.800000000000000000e+01
7.000000000000000000e+00
-2.600000000000000000e+01
-1.000000000000000000e+00
-3.800000000000000000e+01
-5.000000000000000000e+00
7.000000000000000000e+00
-1.600000000000000000e+01
7.000000000000000000e+00
0.000000000000000000e+00
-3.000000000000000000e+01
1.600000000000000000e+01
-7.000000000000000000e+00
1.200000000000000000e+01
-5.000000000000000000e+00
9.000000000000000000e+00
-1.500000000000000000e+01
-9.000000000000000000e+00
-1.900000000000000000e+01
-2.100000000000000000e+01
-1.500000000000000000e+01
-1.800000000000000000e+01
1.000000000000000000e+01
5.000000000000000000e+00
6.000000000000000000e+00
-1.000000000000000000e+01
-2.400000000000000000e+01
1.000000000000000000e+01
-7.000000000000000000e+00
-3.000000000000000000e+01
-4.600000000000000000e+01
-1.900000000000000000e+01
9.000000000000000000e+00
-1.600000000000000000e+01
-1.000000000000000000e+00
-1.500000000000000000e+01
2.000000000000000000e+01
9.000000000000000000e+00
-7.000000000000000000e+00
8.000000000000000000e+00
-7.000000000000000000e+00
3.000000000000000000e+00
1.800000000000000000e+01
-1.100000000000000000e+01
-3.000000000000000000e+01
9.000000000000000000e+00
-1.600000000000000000e+01
-1.400000000000000000e+01
-5.000000000000000000e+00
9.000000000000000000e+00
-6.000000000000000000e+00
-1.000000000000000000e+01
-2.200000000000000000e+01
-5.000000000000000000e+00
1.000000000000000000e+01
3.000000000000000000e+00
-1.500000000000000000e+01
-1.000000000000000000e+01
-1.800000000000000000e+01
-2.000000000000000000e+01
7.000000000000000000e+00
-1.500000000000000000e+01
-2.000000000000000000e+00
-2.100000000000000000e+01
2.700000000000000000e+01
-5.000000000000000000e+00
5.000000000000000000e+00
2.000000000000000000e+01
4.000000000000000000e+00
-2.000000000000000000e+00
0.000000000000000000e+00
-1.500000000000000000e+01
1.000000000000000000e+00
-4.000000000000000000e+00
-1.000000000000000000e+00
9.000000000000000000e+00
2.000000000000000000e+00
5.000000000000000000e+00
-2.300000000000000000e+01
3.000000000000000000e+00
-1.100000000000000000e+01
-1.900000000000000000e+01
-1.100000000000000000e+01
5.000000000000000000e+00
9.000000000000000000e+00
3.500000000000000000e+01
3.300000000000000000e+01
1.600000000000000000e+01
1.000000000000000000e+01
-1.600000000000000000e+01
1.600000000000000000e+01
0.000000000000000000e+00
-1.100000000000000000e+01
-2.500000000000000000e+01
-8.000000000000000000e+00
-2.700000000000000000e+01
1.000000000000000000e+01
2.000000000000000000e+00
9.000000000000000000e+00
-1.900000000000000000e+01
3.000000000000000000e+00
2.500000000000000000e+01
-3.400000000000000000e+01
-8.000000000000000000e+00
8.000000000000000000e+00
9.000000000000000000e+00
-3.400000000000000000e+01
-6.000000000000000000e+00
-2.200000000000000000e+01
2.300000000000000000e+01
1.000000000000000000e+00
-6.000000000000000000e+00
7.000000000000000000e+00
4.000000000000000000e+00
-2.800000000000000000e+01
-4.600000000000000000e+01
-1.900000000000000000e+01
9.000000000000000000e+00
3.100000000000000000e+01
-8.000000000000000000e+00
-4.000000000000000000e+00
-2.000000000000000000e+01
1.000000000000000000e+00
1.700000000000000000e+01
-1.500000000000000000e+01
2.900000000000000000e+01
1.000000000000000000e+00
-1.900000000000000000e+01
2.300000000000000000e+01
-1.700000000000000000e+01
1.000000000000000000e+00
-2.000000000000000000e+01
-3.000000000000000000e+00
-2.300000000000000000e+01
-1.300000000000000000e+01
-1.100000000000000000e+01
-5.000000000000000000e+00
2.800000000000000000e+01
-1.400000000000000000e+01
-1.800000000000000000e+01
-8.000000000000000000e+00
1.800000000000000000e+01
1.000000000000000000e+00
-2.200000000000000000e+01
-2.200000000000000000e+01
-1.000000000000000000e+00
6.000000000000000000e+00
1.500000000000000000e+01
-7.000000000000000000e+00
2.000000000000000000e+00
-1.600000000000000000e+01
-6.000000000000000000e+00
-2.100000000000000000e+01
-1.700000000000000000e+01
0.000000000000000000e+00
-2.400000000000000000e+01
-1.800000000000000000e+01
2.900000000000000000e+01
5.400000000000000000e+01
-1.000000000000000000e+01
2.200000000000000000e+01
1.200000000000000000e+01
-1.300000000000000000e+01
1.000000000000000000e+01
-1.700000000000000000e+01
-1.800000000000000000e+01
9.000000000000000000e+00
8.000000000000000000e+00
8.000000000000000000e+00
-7.000000000000000000e+00
1.500000000000000000e+01
2.600000000000000000e+01
-1.100000000000000000e+01
-1.400000000000000000e+01
2.500000000000000000e+01
-1.600000000000000000e+01
-3.000000000000000000e+00
6.000000000000000000e+00
4.900000000000000000e+01
-8.000000000000000000e+00
-1.000000000000000000e+01
-1.000000000000000000e+01
-5.000000000000000000e+00
-3.300000000000000000e+01
2.400000000000000000e+01
-1.000000000000000000e+01
5.000000000000000000e+00
3.300000000000000000e+01
7.000000000000000000e+00
3.000000000000000000e+00
-8.000000000000000000e+00
-4.000000000000000000e+00
-7.000000000000000000e+00
3.100000000000000000e+01
3.600000000000000000e+01
-1.000000000000000000e+01
1.800000000000000000e+01
1.500000000000000000e+01
4.700000000000000000e+01
-3.000000000000000000e+00
3.000000000000000000e+00
1.500000000000000000e+01
-1.000000000000000000e+00
1.500000000000000000e+01
0.000000000000000000e+00
6.000000000000000000e+00
-1.400000000000000000e+01
-1.800000000000000000e+01
6.000000000000000000e+00
7.000000000000000000e+00
-1.000000000000000000e+00
2.000000000000000000e+00
-1.100000000000000000e+01
-3.000000000000000000e+01
3.400000000000000000e+01
2.400000000000000000e+01
-1.000000000000000000e+00
-2.700000000000000000e+01
-1.400000000000000000e+01
-6.000000000000000000e+00
3.000000000000000000e+00
-4.200000000000000000e+01
3.000000000000000000e+01
-9.000000000000000000e+00
-2.000000000000000000e+00
4.000000000000000000e+00
-2.000000000000000000e+01
1.400000000000000000e+01
2.600000000000000000e+01
6.000000000000000000e+00
-3.000000000000000000e+00
6.000000000000000000e+00
2.500000000000000000e+01
-1.500000000000000000e+01
1.200000000000000000e+01
-1.300000000000000000e+01
-3.000000000000000000e+00
1.300000000000000000e+01
-1.800000000000000000e+01
-7.000000000000000000e+00
-1.700000000000000000e+01
1.700000000000000000e+01
-2.000000000000000000e+00
9.000000000000000000e+00
-4.000000000000000000e+00
-3.700000000000000000e+01
-1.100000000000000000e+01
-1.600000000000000000e+01
1.900000000000000000e+01
1.300000000000000000e+01
-3.000000000000000000e+00
1.300000000000000000e+01
-1.300000000000000000e+01
1.300000000000000000e+01
5.000000000000000000e+00
-2.000000000000000000e+01
0.000000000000000000e+00
-1.600000000000000000e+01
1.100000000000000000e+01
1.000000000000000000e+01
1.900000000000000000e+01
4.600000000000000000e+01
3.000000000000000000e+00
1.400000000000000000e+01
-2.000000000000000000e+00
-6.000000000000000000e+00
9.000000000000000000e+00
1.700000000000000000e+01
-1.400000000000000000e+01
3.000000000000000000e+00
-1.200000000000000000e+01
1.000000000000000000e+00
1.900000000000000000e+01
5.000000000000000000e+00
-2.300000000000000000e+01
-1.300000000000000000e+01
-6.000000000000000000e+00
2.700000000000000000e+01
1.900000000000000000e+01
2.200000000000000000e+01
-9.000000000000000000e+00
-2.000000000000000000e+01
-1.400000000000000000e+01
2.200000000000000000e+01
1.800000000000000000e+01
-4.000000000000000000e+00
1.100000000000000000e+01
-1.200000000000000000e+01
-6.000000000000000000e+00
5.000000000000000000e+00
-1.000000000000000000e+00
-2.600000000000000000e+01
9.000000000000000000e+00
1.500000000000000000e+01
-8.000000000000000000e+00
4.000000000000000000e+00
2.000000000000000000e+00
3.200000000000000000e+01
2.400000000000000000e+01
-4.000000000000000000e+00
-2.400000000000000000e+01
-1.500000000000000000e+01
1.800000000000000000e+01
-2.400000000000000000e+01
-1.000000000000000000e+01
-2.200000000000000000e+01
6.000000000000000000e+00
-2.200000000000000000e+01
1.600000000000000000e+01
9.000000000000000000e+00
1.600000000000000000e+01
-1.000000000000000000e+00
1.200000000000000000e+01
4.000000000000000000e+00
7.000000000000000000e+00
1.200000000000000000e+01
1.600000000000000000e+01
-2.000000000000000000e+00
1.600000000000000000e+01
1.800000000000000000e+01
3.500000000000000000e+01
2.200000000000000000e+01
3.400000000000000000e+01
-1.000000000000000000e+00
2.500000000000000000e+01
5.700000000000000000e+01
2.600000000000000000e+01
6.200000000000000000e+01
6.800000000000000000e+01
4.000000000000000000e+01
3.900000000000000000e+01
8.300000000000000000e+01
8.400000000000000000e+01
9.300000000000000000e+01
6.400000000000000000e+01
9.300000000000000000e+01
7.700000000000000000e+01
8.200000000000000000e+01
9.300000000000000000e+01
6.700000000000000000e+01
7.700000000000000000e+01
7.300000000000000000e+01
6.800000000000000000e+01
7.100000000000000000e+01
7.100000000000000000e+01
9.600000000000000000e+01
4.100000000000000000e+01
5.300000000000000000e+01
1.100000000000000000e+01
6.700000000000000000e+01
2.800000000000000000e+01
4.900000000000000000e+01
2.500000000000000000e+01
1.200000000000000000e+01
6.500000000000000000e+01
3.400000000000000000e+01
8.000000000000000000e+00
1.100000000000000000e+01
6.000000000000000000e+00
1.300000000000000000e+01
2.200000000000000000e+01
1.200000000000000000e+01
3.300000000000000000e+01
1.100000000000000000e+01
8.000000000000000000e+00
5.000000000000000000e+00
1.700000000000000000e+01
-3.000000000000000000e+00
2.000000000000000000e+00
2.300000000000000000e+01
1.000000000000000000e+00
-3.000000000000000000e+00
-1.000000000000000000e+00
-6.000000000000000000e+00
3.200000000000000000e+01
1.100000000000000000e+01
2.900000000000000000e+01
1.300000000000000000e+01
-3.000000000000000000e+00
-2.000000000000000000e+01
1.000000000000000000e+00
8.000000000000000000e+00
2.800000000000000000e+01
9.000000000000000000e+00
1.200000000000000000e+01
-4.000000000000000000e+00
2.100000000000000000e+01
3.000000000000000000e+00
4.000000000000000000e+00
-3.000000000000000000e+00
-2.000000000000000000e+00
-3.400000000000000000e+01
2.100000000000000000e+01
-2.000000000000000000e+00
-2.800000000000000000e+01
-1.600000000000000000e+01
-1.200000000000000000e+01
-2.800000000000000000e+01
2.100000000000000000e+01
-1.300000000000000000e+01
1.100000000000000000e+01
-2.600000000000000000e+01
3.000000000000000000e+00
-1.700000000000000000e+01
-6.000000000000000000e+00
1.800000000000000000e+01
1.900000000000000000e+01
-7.000000000000000000e+00
-2.000000000000000000e+00
3.600000000000000000e+01
-1.500000000000000000e+01
-3.000000000000000000e+00
3.100000000000000000e+01
2.200000000000000000e+01
1.800000000000000000e+01
5.000000000000000000e+00
3.300000000000000000e+01
-9.000000000000000000e+00
5.800000000000000000e+01
1.100000000000000000e+01
8.000000000000000000e+00
9.000000000000000000e+00
8.000000000000000000e+00
1.100000000000000000e+01
-1.000000000000000000e+01
-9.000000000000000000e+00
2.900000000000000000e+01
1.200000000000000000e+01
-6.000000000000000000e+00
2.200000000000000000e+01
8.000000000000000000e+00
-1.200000000000000000e+01
1.300000000000000000e+01
6.000000000000000000e+00
1.200000000000000000e+01
3.300000000000000000e+01
1.100000000000000000e+01
-9.000000000000000000e+00
-2.300000000000000000e+01
2.600000000000000000e+01
2.200000000000000000e+01
-9.000000000000000000e+00
3.900000000000000000e+01
9.000000000000000000e+00
3.200000000000000000e+01
-2.200000000000000000e+01
-6.000000000000000000e+00
3.500000000000000000e+01
-2.200000000000000000e+01
4.000000000000000000e+01
3.000000000000000000e+00
1.900000000000000000e+01
3.300000000000000000e+01
2.100000000000000000e+01
1.700000000000000000e+01
-1.400000000000000000e+01
-1.700000000000000000e+01
2.800000000000000000e+01
3.800000000000000000e+01
-2.300000000000000000e+01
3.000000000000000000e+01
2.000000000000000000e+00
7.000000000000000000e+00
1.300000000000000000e+01
-5.000000000000000000e+00
2.700000000000000000e+01
8.000000000000000000e+00
1.300000000000000000e+01
1.300000000000000000e+01
-1.700000000000000000e+01
2.100000000000000000e+01
2.000000000000000000e+01
1.800000000000000000e+01
1.200000000000000000e+01
1.800000000000000000e+01
8.000000000000000000e+00
4.400000000000000000e+01
3.000000000000000000e+00
-1.100000000000000000e+01
2.200000000000000000e+01
2.300000000000000000e+01
8.000000000000000000e+00
5.000000000000000000e+00
5.000000000000000000e+00
-7.000000000000000000e+00
0.000000000000000000e+00
1.000000000000000000e+01
1.100000000000000000e+01
2.400000000000000000e+01
1.700000000000000000e+01
2.000000000000000000e+00
-3.000000000000000000e+00
1.400000000000000000e+01
3.100000000000000000e+01
3.100000000000000000e+01
2.000000000000000000e+01
4.000000000000000000e+00
1.300000000000000000e+01
-5.000000000000000000e+00
-5.000000000000000000e+00
-3.000000000000000000e+00
5.100000000000000000e+01
8.000000000000000000e+00
-1.200000000000000000e+01
2.900000000000000000e+01
1.900000000000000000e+01
-6.000000000000000000e+00
3.200000000000000000e+01
2.000000000000000000e+01
1.500000000000000000e+01
-8.000000000000000000e+00
1.300000000000000000e+01
6.600000000000000000e+01
3.800000000000000000e+01
3.600000000000000000e+01
6.000000000000000000e+00
1.100000000000000000e+01
2.100000000000000000e+01
2.400000000000000000e+01
4.000000000000000000e+01
-1.500000000000000000e+01
-5.000000000000000000e+00
-9.000000000000000000e+00
-3.000000000000000000e+00
-1.000000000000000000e+00
2.700000000000000000e+01
-4.000000000000000000e+00
1.700000000000000000e+01
2.300000000000000000e+01
1.800000000000000000e+01
1.400000000000000000e+01
1.100000000000000000e+01
-3.000000000000000000e+00
7.000000000000000000e+00
2.000000000000000000e+00
-4.000000000000000000e+00
0.000000000000000000e+00
1.300000000000000000e+01
-1.100000000000000000e+01
1.700000000000000000e+01
2.200000000000000000e+01
6.600000000000000000e+01
3.000000000000000000e+00
1.800000000000000000e+01
6.000000000000000000e+00
4.100000000000000000e+01
3.900000000000000000e+01
1.200000000000000000e+01
3.900000000000000000e+01
2.700000000000000000e+01
2.700000000000000000e+01
2.600000000000000000e+01
3.700000000000000000e+01
2.600000000000000000e+01
3.200000000000000000e+01
1.400000000000000000e+01
3.400000000000000000e+01
2.900000000000000000e+01
4.600000000000000000e+01
8.000000000000000000e+00
1.300000000000000000e+01
1.000000000000000000e+00
3.000000000000000000e+01
2.500000000000000000e+01
1.100000000000000000e+01
1.400000000000000000e+01
1.300000000000000000e+01
1.800000000000000000e+01
9.000000000000000000e+00
3.100000000000000000e+01
-7.000000000000000000e+00
2.300000000000000000e+01
-4.000000000000000000e+00
3.900000000000000000e+01
1.200000000000000000e+01
-2.000000000000000000e+00
4.800000000000000000e+01
2.300000000000000000e+01
1.400000000000000000e+01
2.400000000000000000e+01
-8.000000000000000000e+00
2.400000000000000000e+01
1.600000000000000000e+01
1.600000000000000000e+01
2.700000000000000000e+01
9.000000000000000000e+00
4.000000000000000000e+00
1.000000000000000000e+00
4.000000000000000000e+00
1.800000000000000000e+01
-1.000000000000000000e+01
2.400000000000000000e+01
4.200000000000000000e+01
2.100000000000000000e+01
4.000000000000000000e+00
2.200000000000000000e+01
4.200000000000000000e+01
1.600000000000000000e+01
1.100000000000000000e+01
-1.800000000000000000e+01
2.900000000000000000e+01
4.900000000000000000e+01
1.700000000000000000e+01
2.400000000000000000e+01
1.500000000000000000e+01
4.000000000000000000e+01
1.100000000000000000e+01
3.400000000000000000e+01
1.800000000000000000e+01
1.500000000000000000e+01
-5.000000000000000000e+00
3.100000000000000000e+01
-1.300000000000000000e+01
4.000000000000000000e+01
2.900000000000000000e+01
2.200000000000000000e+01
3.600000000000000000e+01
1.400000000000000000e+01
2.800000000000000000e+01
4.500000000000000000e+01
2.700000000000000000e+01
3.500000000000000000e+01
1.000000000000000000e+01
2.800000000000000000e+01
3.300000000000000000e+01
-1.400000000000000000e+01
4.000000000000000000e+01
2.700000000000000000e+01
2.300000000000000000e+01
1.600000000000000000e+01
2.000000000000000000e+01
-1.000000000000000000e+00
1.800000000000000000e+01
3.700000000000000000e+01
2.500000000000000000e+01
2.100000000000000000e+01
2.100000000000000000e+01
3.000000000000000000e+00
1.000000000000000000e+00
2.600000000000000000e+01
3.200000000000000000e+01
1.900000000000000000e+01
3.400000000000000000e+01
2.400000000000000000e+01
3.400000000000000000e+01
3.900000000000000000e+01
7.000000000000000000e+00
5.700000000000000000e+01
1.200000000000000000e+01
-2.000000000000000000e+00
1.500000000000000000e+01
2.500000000000000000e+01
3.700000000000000000e+01
4.700000000000000000e+01
5.600000000000000000e+01
1.100000000000000000e+01
5.100000000000000000e+01
1.200000000000000000e+01
3.000000000000000000e+01
5.600000000000000000e+01
7.100000000000000000e+01
4.200000000000000000e+01
4.400000000000000000e+01
8.200000000000000000e+01
5.000000000000000000e+01
4.300000000000000000e+01
4.800000000000000000e+01
4.900000000000000000e+01
8.400000000000000000e+01
5.600000000000000000e+01
6.500000000000000000e+01
6.700000000000000000e+01
9.300000000000000000e+01
1.050000000000000000e+02
1.240000000000000000e+02
9.000000000000000000e+01
1.400000000000000000e+02
1.370000000000000000e+02
1.410000000000000000e+02
1.260000000000000000e+02
1.620000000000000000e+02
1.380000000000000000e+02
2.010000000000000000e+02
2.030000000000000000e+02
2.350000000000000000e+02
2.210000000000000000e+02
2.940000000000000000e+02
3.110000000000000000e+02
2.700000000000000000e+02
2.910000000000000000e+02
3.590000000000000000e+02
3.600000000000000000e+02
4.210000000000000000e+02
4.230000000000000000e+02
4.540000000000000000e+02
4.800000000000000000e+02
4.960000000000000000e+02
5.650000000000000000e+02
5.980000000000000000e+02
6.960000000000000000e+02
7.200000000000000000e+02
7.300000000000000000e+02
8.170000000000000000e+02
8.570000000000000000e+02
9.400000000000000000e+02
9.750000000000000000e+02
1.068000000000000000e+03
1.153000000000000000e+03
1.233000000000000000e+03
1.290000000000000000e+03
1.368000000000000000e+03
1.463000000000000000e+03
1.635000000000000000e+03
1.668000000000000000e+03
1.723000000000000000e+03
1.825000000000000000e+03
2.011000000000000000e+03
2.049000000000000000e+03
2.169000000000000000e+03
2.279000000000000000e+03
2.443000000000000000e+03
2.511000000000000000e+03
2.661000000000000000e+03
2.716000000000000000e+03
2.883000000000000000e+03
2.974000000000000000e+03
2.993000000000000000e+03
3.169000000000000000e+03
3.298000000000000000e+03
3.339000000000000000e+03
3.476000000000000000e+03
3.553000000000000000e+03
3.614000000000000000e+03
3.700000000000000000e+03
3.706000000000000000e+03
3.772000000000000000e+03
3.748000000000000000e+03
3.757000000000000000e+03
3.834000000000000000e+03
3.690000000000000000e+03
3.827000000000000000e+03
3.704000000000000000e+03
3.678000000000000000e+03
3.606000000000000000e+03
3.544000000000000000e+03
3.577000000000000000e+03
3.402000000000000000e+03
3.221000000000000000e+03
3.220000000000000000e+03
3.063000000000000000e+03
2.947000000000000000e+03
2.869000000000000000e+03
2.778000000000000000e+03
2.567000000000000000e+03
2.567000000000000000e+03
2.356000000000000000e+03
2.205000000000000000e+03
2.160000000000000000e+03
1.981000000000000000e+03
1.878000000000000000e+03
1.759000000000000000e+03
1.577000000000000000e+03
1.523000000000000000e+03
1.423000000000000000e+03
1.290000000000000000e+03
1.124000000000000000e+03
1.062000000000000000e+03
9.700000000000000000e+02
8.980000000000000000e+02
7.680000000000000000e+02
7.330000000000000000e+02
6.510000000000000000e+02
5.950000000000000000e+02
5.580000000000000000e+02
5.030000000000000000e+02
4.330000000000000000e+02
4.160000000000000000e+02
3.410000000000000000e+02
3.120000000000000000e+02
2.580000000000000000e+02
2.370000000000000000e+02
2.320000000000000000e+02
1.940000000000000000e+02
1.820000000000000000e+02
1.600000000000000000e+02
1.530000000000000000e+02
1.150000000000000000e+02
9.800000000000000000e+01
1.150000000000000000e+02
7.100000000000000000e+01
6.100000000000000000e+01
8.300000000000000000e+01
9.600000000000000000e+01
3.700000000000000000e+01
3.600000000000000000e+01
3.000000000000000000e+00
6.900000000000000000e+01
7.000000000000000000e+01
3.400000000000000000e+01
5.000000000000000000e+01
2.300000000000000000e+01
3.000000000000000000e+01
3.300000000000000000e+01
4.700000000000000000e+01
1.100000000000000000e+01
1.800000000000000000e+01
3.300000000000000000e+01
3.200000000000000000e+01
-2.000000000000000000e+00
3.200000000000000000e+01
3.100000000000000000e+01
2.900000000000000000e+01
4.100000000000000000e+01
2.500000000000000000e+01
1.200000000000000000e+01
5.000000000000000000e+00
3.000000000000000000e+01
2.300000000000000000e+01
-1.900000000000000000e+01
1.700000000000000000e+01
3.200000000000000000e+01
1.500000000000000000e+01
3.000000000000000000e+01
2.400000000000000000e+01
1.000000000000000000e+00
-9.000000000000000000e+00
3.200000000000000000e+01
8.000000000000000000e+00
-8.000000000000000000e+00
2.600000000000000000e+01
8.000000000000000000e+00
2.800000000000000000e+01
6.200000000000000000e+01
-2.000000000000000000e+00
4.800000000000000000e+01
5.000000000000000000e+00
2.800000000000000000e+01
1.700000000000000000e+01
4.100000000000000000e+01
3.000000000000000000e+01
4.100000000000000000e+01
8.000000000000000000e+00
-8.000000000000000000e+00
2.400000000000000000e+01
1.100000000000000000e+01
-1.600000000000000000e+01
3.500000000000000000e+01
2.100000000000000000e+01
0.000000000000000000e+00
3.000000000000000000e+00
1.100000000000000000e+01
2.500000000000000000e+01
1.100000000000000000e+01
4.100000000000000000e+01
3.500000000000000000e+01
1.700000000000000000e+01
6.700000000000000000e+01
2.000000000000000000e+00
1.000000000000000000e+01
-1.000000000000000000e+00
1.600000000000000000e+01
2.200000000000000000e+01
2.000000000000000000e+00
1.400000000000000000e+01
1.000000000000000000e+01
1.000000000000000000e+01
2.000000000000000000e+01
1.400000000000000000e+01
1.300000000000000000e+01
2.700000000000000000e+01
2.100000000000000000e+01
-2.000000000000000000e+00
1.000000000000000000e+01
1.300000000000000000e+01
-2.300000000000000000e+01
1.000000000000000000e+01
-1.000000000000000000e+00
-8.000000000000000000e+00
0.000000000000000000e+00
-1.000000000000000000e+01
1.300000000000000000e+01
2.500000000000000000e+01
3.000000000000000000e+00
-2.500000000000000000e+01
3.600000000000000000e+01
1.900000000000000000e+01
1.500000000000000000e+01
2.600000000000000000e+01
1.000000000000000000e+01
2.100000000000000000e+01
-6.000000000000000000e+00
-2.600000000000000000e+01
2.700000000000000000e+01
2.000000000000000000e+01
3.100000000000000000e+01
3.500000000000000000e+01
3.800000000000000000e+01
7.000000000000000000e+00
2.300000000000000000e+01
1.900000000000000000e+01
1.200000000000000000e+01
1.800000000000000000e+01
1.300000000000000000e+01
1.000000000000000000e+00
7.000000000000000000e+00
-1.000000000000000000e+00
-9.000000000000000000e+00
3.400000000000000000e+01
1.900000000000000000e+01
1.500000000000000000e+01
1.200000000000000000e+01
1.900000000000000000e+01
-1.100000000000000000e+01
2.800000000000000000e+01
4.000000000000000000e+01
0.000000000000000000e+00
1.900000000000000000e+01
2.500000000000000000e+01
2.200000000000000000e+01
-2.900000000000000000e+01
2.100000000000000000e+01
1.900000000000000000e+01
2.300000000000000000e+01
3.400000000000000000e+01
2.900000000000000000e+01
2.200000000000000000e+01
1.300000000000000000e+01
-9.000000000000000000e+00
2.500000000000000000e+01
7.000000000000000000e+00
2.000000000000000000e+00
2.100000000000000000e+01
2.900000000000000000e+01
1.000000000000000000e+01
2.300000000000000000e+01
2.200000000000000000e+01
1.000000000000000000e+01
-2.000000000000000000e+00
2.700000000000000000e+01
9.000000000000000000e+00
1.200000000000000000e+01
2.200000000000000000e+01
1.000000000000000000e+01
1.600000000000000000e+01
1.900000000000000000e+01
3.500000000000000000e+01
-6.000000000000000000e+00
1.000000000000000000e+00
4.000000000000000000e+00
-1.000000000000000000e+00
2.400000000000000000e+01
2.500000000000000000e+01
1.100000000000000000e+01
5.000000000000000000e+00
4.000000000000000000e+00
-1.800000000000000000e+01
2.300000000000000000e+01
3.900000000000000000e+01
-1.000000000000000000e+01
1.600000000000000000e+01
1.700000000000000000e+01
2.200000000000000000e+01
3.300000000000000000e+01
-1.000000000000000000e+01
-3.000000000000000000e+01
1.400000000000000000e+01
1.700000000000000000e+01
2.400000000000000000e+01
1.000000000000000000e+01
3.700000000000000000e+01
1.600000000000000000e+01
-8.000000000000000000e+00
2.600000000000000000e+01
0.000000000000000000e+00
3.000000000000000000e+00
-1.500000000000000000e+01
1.400000000000000000e+01
-1.000000000000000000e+00
2.500000000000000000e+01
1.700000000000000000e+01
3.100000000000000000e+01
4.000000000000000000e+00
1.900000000000000000e+01
1.200000000000000000e+01
1.700000000000000000e+01
1.900000000000000000e+01
-1.500000000000000000e+01
-2.400000000000000000e+01
4.000000000000000000e+00
1.100000000000000000e+01
7.000000000000000000e+00
-4.000000000000000000e+00
1.300000000000000000e+01
-2.400000000000000000e+01
1.100000000000000000e+01
-5.000000000000000000e+00
-2.000000000000000000e+00
1.200000000000000000e+01
2.000000000000000000e+00
3.100000000000000000e+01
-2.100000000000000000e+01
2.600000000000000000e+01
1.500000000000000000e+01
2.300000000000000000e+01
1.300000000000000000e+01
2.300000000000000000e+01
4.000000000000000000e+00
4.600000000000000000e+01
1.500000000000000000e+01
3.200000000000000000e+01
-3.200000000000000000e+01
-3.000000000000000000e+00
-1.000000000000000000e+00
7.000000000000000000e+00
7.000000000000000000e+00
1.200000000000000000e+01
-2.600000000000000000e+01
1.900000000000000000e+01
-2.300000000000000000e+01
1.100000000000000000e+01
1.900000000000000000e+01
-3.000000000000000000e+00
-3.000000000000000000e+00
1.000000000000000000e+00
-2.000000000000000000e+00
2.100000000000000000e+01
1.000000000000000000e+00
-2.900000000000000000e+01
-2.500000000000000000e+01
3.000000000000000000e+00
-1.400000000000000000e+01
3.000000000000000000e+00
2.300000000000000000e+01
1.800000000000000000e+01
1.900000000000000000e+01
-1.700000000000000000e+01
6.000000000000000000e+00
5.000000000000000000e+00
-1.000000000000000000e+01
-1.200000000000000000e+01
3.400000000000000000e+01
-7.000000000000000000e+00
-8.000000000000000000e+00
6.300000000000000000e+01
1.000000000000000000e+01
-4.000000000000000000e+00
2.300000000000000000e+01
-3.000000000000000000e+00
2.200000000000000000e+01
-1.000000000000000000e+00
4.000000000000000000e+01
8.000000000000000000e+00
-1.000000000000000000e+00
1.000000000000000000e+01
2.200000000000000000e+01
1.800000000000000000e+01
7.000000000000000000e+00
-1.800000000000000000e+01
-4.000000000000000000e+00
2.100000000000000000e+01
1.900000000000000000e+01
1.700000000000000000e+01
2.600000000000000000e+01
3.000000000000000000e+01
-1.000000000000000000e+00
1.200000000000000000e+01
2.000000000000000000e+01
1.600000000000000000e+01
2.800000000000000000e+01
2.400000000000000000e+01
1.500000000000000000e+01
4.000000000000000000e+00
3.700000000000000000e+01
-6.000000000000000000e+00
8.000000000000000000e+00
-1.000000000000000000e+00
4.300000000000000000e+01
-3.000000000000000000e+00
1.400000000000000000e+01
3.300000000000000000e+01
3.200000000000000000e+01
0.000000000000000000e+00
-8.000000000000000000e+00
1.300000000000000000e+01
0.000000000000000000e+00
9.000000000000000000e+00
1.400000000000000000e+01
1.600000000000000000e+01
6.000000000000000000e+00
-9.000000000000000000e+00
-4.000000000000000000e+00
5.000000000000000000e+00
-6.000000000000000000e+00
2.200000000000000000e+01
5.500000000000000000e+01
-8.000000000000000000e+00
1.600000000000000000e+01
-1.000000000000000000e+00
-1.500000000000000000e+01
2.100000000000000000e+01
3.100000000000000000e+01
-4.000000000000000000e+00
-1.500000000000000000e+01
2.700000000000000000e+01
5.000000000000000000e+00
1.700000000000000000e+01
-1.000000000000000000e+00
-5.000000000000000000e+00
-1.400000000000000000e+01
1.000000000000000000e+00
0.000000000000000000e+00
2.100000000000000000e+01
-5.000000000000000000e+00
-1.600000000000000000e+01
-8.000000000000000000e+00
-5.000000000000000000e+00
-2.000000000000000000e+00
-1.200000000000000000e+01
-1.000000000000000000e+00
-2.000000000000000000e+00
-2.000000000000000000e+00
-1.600000000000000000e+01
-2.900000000000000000e+01
1.000000000000000000e+00
6.000000000000000000e+00
1.300000000000000000e+01
-1.400000000000000000e+01
-5.000000000000000000e+00
1.700000000000000000e+01
-1.000000000000000000e+01
2.000000000000000000e+00
-1.200000000000000000e+01
5.000000000000000000e+00
1.000000000000000000e+01
-1.500000000000000000e+01
-1.200000000000000000e+01
-9.000000000000000000e+00
-1.600000000000000000e+01
8.000000000000000000e+00
-2.300000000000000000e+01
1.700000000000000000e+01
-1.700000000000000000e+01
-7.000000000000000000e+00
-2.000000000000000000e+00
3.800000000000000000e+01
1.930000000000000000e+02
2.000000000000000000e+00
-1.000000000000000000e+01
-1.000000000000000000e+00
2.400000000000000000e+01
-2.700000000000000000e+01
-3.700000000000000000e+01
1.200000000000000000e+01
-3.400000000000000000e+01
2.000000000000000000e+00
4.000000000000000000e+00
-2.000000000000000000e+01
2.400000000000000000e+01
5.000000000000000000e+00
1.400000000000000000e+01
1.900000000000000000e+01
-1.000000000000000000e+00
4.000000000000000000e+00
4.000000000000000000e+00
-1.500000000000000000e+01
-6.000000000000000000e+00
2.500000000000000000e+01
-3.100000000000000000e+01
-7.000000000000000000e+00
-7.000000000000000000e+00
-1.200000000000000000e+01
1.500000000000000000e+01
-6.000000000000000000e+00
6.000000000000000000e+00
1.000000000000000000e+00
-4.000000000000000000e+00
5.000000000000000000e+00
-2.100000000000000000e+01
4.000000000000000000e+00
1.500000000000000000e+01
-7.000000000000000000e+00
-9.000000000000000000e+00
4.000000000000000000e+00
-1.000000000000000000e+00
2.000000000000000000e+01
2.000000000000000000e+00
3.000000000000000000e+00
0.000000000000000000e+00
-1.000000000000000000e+00
9.000000000000000000e+00
1.300000000000000000e+01
2.100000000000000000e+01
8.000000000000000000e+00
-2.000000000000000000e+00
3.700000000000000000e+01
-6.000000000000000000e+00
-2.000000000000000000e+00
1.000000000000000000e+01
1.000000000000000000e+01
-4.300000000000000000e+01
2.100000000000000000e+01
-1.900000000000000000e+01
3.000000000000000000e+00
-1.200000000000000000e+01
-5.000000000000000000e+00
2.500000000000000000e+01
1.700000000000000000e+01
1.000000000000000000e+01
-7.000000000000000000e+00
2.500000000000000000e+01
1.200000000000000000e+01
-8.000000000000000000e+00
1.800000000000000000e+01
2.700000000000000000e+01
5.000000000000000000e+00
1.100000000000000000e+01
1.800000000000000000e+01
0.000000000000000000e+00
1.000000000000000000e+00
-1.200000000000000000e+01
-9.000000000000000000e+00
5.000000000000000000e+00
-1.900000000000000000e+01
1.200000000000000000e+01
-3.000000000000000000e+01
-2.400000000000000000e+01
1.900000000000000000e+01
-7.000000000000000000e+00
-1.200000000000000000e+01
7.000000000000000000e+00
1.800000000000000000e+01
1.200000000000000000e+01
1.700000000000000000e+01
1.000000000000000000e+00
2.500000000000000000e+01
0.000000000000000000e+00
1.600000000000000000e+01
5.000000000000000000e+00
-1.000000000000000000e+00
1.400000000000000000e+01
-2.100000000000000000e+01
-4.000000000000000000e+00
1.300000000000000000e+01
-5.000000000000000000e+00
-1.000000000000000000e+00
0.000000000000000000e+00
1.100000000000000000e+01
-1.300000000000000000e+01
-9.000000000000000000e+00
4.400000000000000000e+01
-1.100000000000000000e+01
1.900000000000000000e+01
8.000000000000000000e+00
-2.000000000000000000e+01
-1.800000000000000000e+01
-2.000000000000000000e+01
1.500000000000000000e+01
-6.000000000000000000e+00
1.100000000000000000e+01
-8.000000000000000000e+00
4.000000000000000000e+00
-1.200000000000000000e+01
8.000000000000000000e+00
6.000000000000000000e+00
2.500000000000000000e+01
-4.000000000000000000e+00
1.500000000000000000e+01
-9.000000000000000000e+00
5.000000000000000000e+00
-3.000000000000000000e+00
7.000000000000000000e+00
-1.400000000000000000e+01
3.000000000000000000e+00
-1.700000000000000000e+01
8.000000000000000000e+00
3.000000000000000000e+00
-8.000000000000000000e+00
1.100000000000000000e+01
-3.000000000000000000e+00
1.800000000000000000e+01
-5.000000000000000000e+01
6.000000000000000000e+00
1.000000000000000000e+00
-1.400000000000000000e+01
-1.000000000000000000e+00
-1.000000000000000000e+00
9.000000000000000000e+00
1.100000000000000000e+01
-2.700000000000000000e+01
-1.000000000000000000e+00
3.600000000000000000e+01
2.000000000000000000e+00
1.100000000000000000e+01
1.900000000000000000e+01
-8.000000000000000000e+00
-3.000000000000000000e+00
1.800000000000000000e+01
-6.000000000000000000e+00
3.000000000000000000e+00
-7.000000000000000000e+00
-2.700000000000000000e+01
-7.000000000000000000e+00
2.100000000000000000e+01
6.000000000000000000e+00
-4.000000000000000000e+00
8.000000000000000000e+00
1.400000000000000000e+01
2.800000000000000000e+01
1.300000000000000000e+01
-2.000000000000000000e+01
-1.300000000000000000e+01
-1.300000000000000000e+01
-2.100000000000000000e+01
-1.100000000000000000e+01
2.000000000000000000e+01
1.600000000000000000e+01
4.000000000000000000e+00
1.000000000000000000e+01
-1.800000000000000000e+01
-4.000000000000000000e+00
-3.400000000000000000e+01
-5.000000000000000000e+00
1.400000000000000000e+01
2.900000000000000000e+01
1.000000000000000000e+01
2.200000000000000000e+01
-3.000000000000000000e+00
1.200000000000000000e+01
-8.000000000000000000e+00
2.400000000000000000e+01
0.000000000000000000e+00
2.100000000000000000e+01
1.000000000000000000e+00
7.000000000000000000e+00
-4.000000000000000000e+00
6.000000000000000000e+00
3.000000000000000000e+00
1.600000000000000000e+01
-1.400000000000000000e+01
2.700000000000000000e+01
-6.000000000000000000e+00
-1.300000000000000000e+01
1.200000000000000000e+01
0.000000000000000000e+00
-7.000000000000000000e+00
4.000000000000000000e+00
-5.000000000000000000e+00
1.000000000000000000e+01
2.300000000000000000e+01
-8.000000000000000000e+00
-2.900000000000000000e+01
5.000000000000000000e+00
4.000000000000000000e+00
0.000000000000000000e+00
-3.000000000000000000e+00
2.400000000000000000e+01
5.000000000000000000e+00
1.700000000000000000e+01
-1.000000000000000000e+00
-1.000000000000000000e+01
1.300000000000000000e+01
-5.000000000000000000e+00
-1.600000000000000000e+01
0.000000000000000000e+00
1.000000000000000000e+00
1.300000000000000000e+01
1.100000000000000000e+01
4.000000000000000000e+00
-3.000000000000000000e+00
-1.300000000000000000e+01
-1.000000000000000000e+01
-1.300000000000000000e+01
-8.000000000000000000e+00
-1.600000000000000000e+01
1.300000000000000000e+01
-8.000000000000000000e+00
1.500000000000000000e+01
1.000000000000000000e+00
-2.000000000000000000e+00
-8.000000000000000000e+00
2.000000000000000000e+00
-1.100000000000000000e+01
1.300000000000000000e+01
2.000000000000000000e+00
-7.000000000000000000e+00
-1.700000000000000000e+01
-1.300000000000000000e+01
1.700000000000000000e+01
1.200000000000000000e+01
1.200000000000000000e+01
-2.500000000000000000e+01
2.600000000000000000e+01
8.000000000000000000e+00
-2.400000000000000000e+01
1.100000000000000000e+01
-1.000000000000000000e+01
1.000000000000000000e+00
-8.000000000000000000e+00
6.000000000000000000e+00
8.000000000000000000e+00
-1.800000000000000000e+01
3.000000000000000000e+01
-1.400000000000000000e+01
5.000000000000000000e+00
-1.000000000000000000e+00
2.000000000000000000e+00
-2.100000000000000000e+01
1.700000000000000000e+01
-1.800000000000000000e+01
-6.000000000000000000e+00
2.000000000000000000e+00
1.000000000000000000e+01
0.000000000000000000e+00
2.000000000000000000e+00
0.000000000000000000e+00
1.100000000000000000e+01
-3.200000000000000000e+01
1.000000000000000000e+01
1.900000000000000000e+01
-2.300000000000000000e+01
7.000000000000000000e+00
-4.000000000000000000e+00
-6.000000000000000000e+00
6.000000000000000000e+00
-1.000000000000000000e+01
1.000000000000000000e+01
-2.000000000000000000e+00
7.000000000000000000e+00
-5.000000000000000000e+00
1.300000000000000000e+01
1.000000000000000000e+00
3.100000000000000000e+01
-1.800000000000000000e+01
5.000000000000000000e+00
-9.000000000000000000e+00
7.000000000000000000e+00
-9.000000000000000000e+00
1.000000000000000000e+00
-2.800000000000000000e+01
-1.000000000000000000e+00
1.000000000000000000e+00
-8.000000000000000000e+00
1.200000000000000000e+01
9.000000000000000000e+00
9.000000000000000000e+00
1.300000000000000000e+01
1.300000000000000000e+01
1.700000000000000000e+01
-9.000000000000000000e+00
2.300000000000000000e+01
-3.000000000000000000e+01
-5.000000000000000000e+00
-3.000000000000000000e+01
0.000000000000000000e+00
6.000000000000000000e+00
-2.000000000000000000e+00
-2.200000000000000000e+01
1.000000000000000000e+01
-1.000000000000000000e+00
2.200000000000000000e+01
3.000000000000000000e+00
6.000000000000000000e+00
-4.700000000000000000e+01
-1.200000000000000000e+01
-8.000000000000000000e+00
-6.000000000000000000e+00
1.000000000000000000e+01
-5.000000000000000000e+00
2.000000000000000000e+01
-4.000000000000000000e+00
1.200000000000000000e+01
-3.900000000000000000e+01
-2.900000000000000000e+01
-1.000000000000000000e+00
1.100000000000000000e+01
2.100000000000000000e+01
-2.500000000000000000e+01
2.400000000000000000e+01
1.300000000000000000e+01
1.000000000000000000e+01
-4.000000000000000000e+00
-4.000000000000000000e+00
-2.100000000000000000e+01
-1.300000000000000000e+01
-2.200000000000000000e+01
3.800000000000000000e+01
-2.000000000000000000e+00
-4.000000000000000000e+00
1.900000000000000000e+01
-3.000000000000000000e+00
-8.000000000000000000e+00
-5.000000000000000000e+00
-1.000000000000000000e+01
7.000000000000000000e+00
1.200000000000000000e+01
-6.000000000000000000e+00
1.300000000000000000e+01
-5.000000000000000000e+00
1.900000000000000000e+01
1.000000000000000000e+00
-2.100000000000000000e+01
-1.800000000000000000e+01
1.800000000000000000e+01
2.200000000000000000e+01
-3.000000000000000000e+00
3.000000000000000000e+01
-7.000000000000000000e+00
1.000000000000000000e+01
-1.200000000000000000e+01
7.000000000000000000e+00
1.800000000000000000e+01
-2.000000000000000000e+01
-1.300000000000000000e+01
3.000000000000000000e+00
-1.500000000000000000e+01
-1.600000000000000000e+01
1.200000000000000000e+01
1.900000000000000000e+01
1.600000000000000000e+01
1.300000000000000000e+01
2.000000000000000000e+00
-3.000000000000000000e+00
5.000000000000000000e+00
-6.000000000000000000e+00
1.400000000000000000e+01
1.700000000000000000e+01
3.600000000000000000e+01
3.200000000000000000e+01
-9.000000000000000000e+00
-4.000000000000000000e+00
3.900000000000000000e+01
1.900000000000000000e+01
0.000000000000000000e+00
1.800000000000000000e+01
-8.000000000000000000e+00
-1.000000000000000000e+00
-4.000000000000000000e+00
7.000000000000000000e+00
0.000000000000000000e+00
1.000000000000000000e+00
-1.900000000000000000e+01
3.000000000000000000e+00
2.500000000000000000e+01
4.200000000000000000e+01
1.500000000000000000e+01
1.300000000000000000e+01
1.400000000000000000e+01
6.300000000000000000e+01
1.000000000000000000e+01
2.300000000000000000e+01
-3.000000000000000000e+00
2.300000000000000000e+01
2.400000000000000000e+01
1.700000000000000000e+01
3.500000000000000000e+01
8.000000000000000000e+00
2.100000000000000000e+01
3.900000000000000000e+01
3.700000000000000000e+01
3.300000000000000000e+01
5.900000000000000000e+01
4.900000000000000000e+01
2.800000000000000000e+01
4.300000000000000000e+01
5.400000000000000000e+01
4.700000000000000000e+01
4.400000000000000000e+01
6.600000000000000000e+01
7.600000000000000000e+01
6.100000000000000000e+01
8.300000000000000000e+01
8.200000000000000000e+01
9.000000000000000000e+01
8.300000000000000000e+01
7.400000000000000000e+01
9.100000000000000000e+01
9.200000000000000000e+01
1.410000000000000000e+02
1.080000000000000000e+02
1.330000000000000000e+02
1.270000000000000000e+02
1.320000000000000000e+02
1.230000000000000000e+02
1.340000000000000000e+02
1.880000000000000000e+02
1.630000000000000000e+02
1.950000000000000000e+02
1.920000000000000000e+02
2.010000000000000000e+02
2.200000000000000000e+02
2.390000000000000000e+02
2.200000000000000000e+02
2.380000000000000000e+02
2.210000000000000000e+02
2.570000000000000000e+02
2.850000000000000000e+02
3.090000000000000000e+02
3.180000000000000000e+02
3.120000000000000000e+02
3.550000000000000000e+02
3.950000000000000000e+02
4.230000000000000000e+02
4.150000000000000000e+02
4.300000000000000000e+02
4.500000000000000000e+02
4.280000000000000000e+02
4.650000000000000000e+02
5.160000000000000000e+02
5.260000000000000000e+02
5.350000000000000000e+02
5.320000000000000000e+02
6.070000000000000000e+02
6.380000000000000000e+02
6.660000000000000000e+02
6.770000000000000000e+02
7.140000000000000000e+02
7.180000000000000000e+02
7.850000000000000000e+02
8.210000000000000000e+02
8.330000000000000000e+02
8.620000000000000000e+02
9.360000000000000000e+02
9.390000000000000000e+02
9.800000000000000000e+02
1.018000000000000000e+03
1.016000000000000000e+03
1.103000000000000000e+03
1.060000000000000000e+03
1.132000000000000000e+03
1.157000000000000000e+03
1.157000000000000000e+03
1.219000000000000000e+03
1.221000000000000000e+03
1.301000000000000000e+03
1.348000000000000000e+03
1.371000000000000000e+03
1.421000000000000000e+03
1.417000000000000000e+03
1.418000000000000000e+03
1.490000000000000000e+03
1.471000000000000000e+03
1.484000000000000000e+03
1.547000000000000000e+03
1.569000000000000000e+03
1.606000000000000000e+03
1.646000000000000000e+03
1.623000000000000000e+03
1.649000000000000000e+03
1.668000000000000000e+03
1.702000000000000000e+03
1.731000000000000000e+03
1.780000000000000000e+03
1.779000000000000000e+03
1.789000000000000000e+03
1.885000000000000000e+03
1.867000000000000000e+03
1.918000000000000000e+03
1.930000000000000000e+03
1.936000000000000000e+03
1.983000000000000000e+03
1.983000000000000000e+03
1.940000000000000000e+03
2.057000000000000000e+03
1.986000000000000000e+03
1.973000000000000000e+03
1.953000000000000000e+03
2.002000000000000000e+03
1.984000000000000000e+03
1.929000000000000000e+03
1.983000000000000000e+03
1.889000000000000000e+03
1.920000000000000000e+03
1.882000000000000000e+03
1.840000000000000000e+03
1.812000000000000000e+03
1.823000000000000000e+03
1.764000000000000000e+03
1.803000000000000000e+03
1.805000000000000000e+03
1.752000000000000000e+03
1.787000000000000000e+03
1.697000000000000000e+03
1.748000000000000000e+03
1.748000000000000000e+03
1.755000000000000000e+03
1.670000000000000000e+03
1.727000000000000000e+03
1.707000000000000000e+03
1.608000000000000000e+03
1.629000000000000000e+03
1.611000000000000000e+03
1.600000000000000000e+03
1.581000000000000000e+03
1.554000000000000000e+03
1.592000000000000000e+03
1.531000000000000000e+03
1.447000000000000000e+03
1.453000000000000000e+03
1.346000000000000000e+03
1.389000000000000000e+03
1.326000000000000000e+03
1.283000000000000000e+03
1.250000000000000000e+03
1.195000000000000000e+03
1.149000000000000000e+03
1.183000000000000000e+03
1.093000000000000000e+03
1.119000000000000000e+03
1.032000000000000000e+03
1.012000000000000000e+03
9.540000000000000000e+02
9.710000000000000000e+02
9.410000000000000000e+02
8.900000000000000000e+02
8.490000000000000000e+02
8.500000000000000000e+02
8.680000000000000000e+02
7.590000000000000000e+02
7.950000000000000000e+02
7.790000000000000000e+02
7.650000000000000000e+02
7.020000000000000000e+02
6.410000000000000000e+02
6.510000000000000000e+02
6.200000000000000000e+02
5.990000000000000000e+02
6.000000000000000000e+02
5.560000000000000000e+02
4.990000000000000000e+02
5.210000000000000000e+02
5.100000000000000000e+02
4.720000000000000000e+02
4.490000000000000000e+02
4.250000000000000000e+02
3.640000000000000000e+02
3.820000000000000000e+02
3.700000000000000000e+02
3.600000000000000000e+02
3.650000000000000000e+02
3.360000000000000000e+02
2.900000000000000000e+02
2.930000000000000000e+02
3.110000000000000000e+02
2.590000000000000000e+02
2.540000000000000000e+02
2.410000000000000000e+02
2.170000000000000000e+02
2.180000000000000000e+02
1.950000000000000000e+02
1.760000000000000000e+02
1.990000000000000000e+02
1.930000000000000000e+02
1.620000000000000000e+02
1.910000000000000000e+02
1.300000000000000000e+02
1.570000000000000000e+02
1.380000000000000000e+02
1.500000000000000000e+02
1.240000000000000000e+02
1.120000000000000000e+02
6.500000000000000000e+01
1.180000000000000000e+02
9.200000000000000000e+01
6.800000000000000000e+01
9.900000000000000000e+01
6.400000000000000000e+01
5.100000000000000000e+01
7.600000000000000000e+01
6.800000000000000000e+01
7.100000000000000000e+01
5.000000000000000000e+01
7.200000000000000000e+01
6.400000000000000000e+01
5.300000000000000000e+01
3.300000000000000000e+01
3.300000000000000000e+01
2.200000000000000000e+01
6.300000000000000000e+01
1.000000000000000000e+01
3.500000000000000000e+01
3.400000000000000000e+01
3.000000000000000000e+00
2.600000000000000000e+01
2.700000000000000000e+01
7.000000000000000000e+00
3.600000000000000000e+01
5.000000000000000000e+00
1.000000000000000000e+01
2.900000000000000000e+01
2.500000000000000000e+01
3.300000000000000000e+01
4.400000000000000000e+01
2.200000000000000000e+01
2.200000000000000000e+01
9.000000000000000000e+00
1.800000000000000000e+01
1.700000000000000000e+01
2.000000000000000000e+01
5.900000000000000000e+01
1.900000000000000000e+01
1.200000000000000000e+01
3.100000000000000000e+01
1.100000000000000000e+01
5.000000000000000000e+00
3.000000000000000000e+01
-3.000000000000000000e+00
2.400000000000000000e+01
3.500000000000000000e+01
-4.000000000000000000e+00
6.000000000000000000e+00
3.000000000000000000e+01
1.400000000000000000e+01
2.100000000000000000e+01
-2.000000000000000000e+00
-1.000000000000000000e+00
-3.000000000000000000e+00
-5.000000000000000000e+00
1.800000000000000000e+01
3.000000000000000000e+00
-6.000000000000000000e+00
1.000000000000000000e+00
3.500000000000000000e+01
3.000000000000000000e+00
3.400000000000000000e+01
5.000000000000000000e+00
3.000000000000000000e+01
1.600000000000000000e+01
4.000000000000000000e+00
-1.800000000000000000e+01
1.600000000000000000e+01
-2.100000000000000000e+01
5.000000000000000000e+00
5.000000000000000000e+00
-3.400000000000000000e+01
7.000000000000000000e+00
3.000000000000000000e+00
9.000000000000000000e+00
-4.000000000000000000e+00
2.200000000000000000e+01
1.400000000000000000e+01
6.000000000000000000e+00
2.000000000000000000e+00
1.000000000000000000e+00
0.000000000000000000e+00
-4.000000000000000000e+00
-8.000000000000000000e+00
1.000000000000000000e+01
1.800000000000000000e+01
-1.000000000000000000e+00
1.100000000000000000e+01
-1.400000000000000000e+01
-3.000000000000000000e+00
-6.000000000000000000e+00
1.900000000000000000e+01
1.000000000000000000e+00
-3.100000000000000000e+01
5.000000000000000000e+00
4.000000000000000000e+00
1.600000000000000000e+01
6.000000000000000000e+00
-5.000000000000000000e+00
-3.000000000000000000e+00
1.000000000000000000e+00
2.000000000000000000e+01
-4.000000000000000000e+00
-5.000000000000000000e+00
-6.000000000000000000e+00
-1.000000000000000000e+00
