3.000000000000000000e+00
-3.000000000000000000e+00
2.000000000000000000e+00
3.000000000000000000e+00
1.200000000000000000e+01
-6.000000000000000000e+00
-3.100000000000000000e+01
-5.000000000000000000e+00
0.000000000000000000e+00
-1.200000000000000000e+01
-4.000000000000000000e+00
-9.000000000000000000e+00
1.000000000000000000e+01
0.000000000000000000e+00
-1.500000000000000000e+01
2.700000000000000000e+01
5.000000000000000000e+00
2.700000000000000000e+01
5.000000000000000000e+00
5.000000000000000000e+00
2.600000000000000000e+01
1.600000000000000000e+01
8.000000000000000000e+00
8.000000000000000000e+00
6.000000000000000000e+00
1.000000000000000000e+00
-7.000000000000000000e+00
-1.900000000000000000e+01
-7.000000000000000000e+00
4.000000000000000000e+00
-3.500000000000000000e+01
-1.200000000000000000e+01
2.600000000000000000e+01
-1.000000000000000000e+00
2.500000000000000000e+01
-1.300000000000000000e+01
-2.900000000000000000e+01
-2.000000000000000000e+00
3.100000000000000000e+01
6.000000000000000000e+00
-1.700000000000000000e+01
4.000000000000000000e+00
-2.500000000000000000e+01
-1.900000000000000000e+01
-2.000000000000000000e+00
3.000000000000000000e+00
-8.000000000000000000e+00
0.000000000000000000e+00
1.600000000000000000e+01
2.000000000000000000e+01
1.800000000000000000e+01
-2.200000000000000000e+01
2.700000000000000000e+01
0.000000000000000000e+00
5.000000000000000000e+00
1.000000000000000000e+01
-2.000000000000000000e+01
-2.700000000000000000e+01
4.000000000000000000e+00
-2.200000000000000000e+01
-7.000000000000000000e+00
1.100000000000000000e+01
-1.600000000000000000e+01
1.300000000000000000e+01
2.000000000000000000e+00
-4.000000000000000000e+00
-2.300000000000000000e+01
1.700000000000000000e+01
1.300000000000000000e+01
-2.100000000000000000e+01
2.000000000000000000e+01
2.100000000000000000e+01
-7.000000000000000000e+00
-2.400000000000000000e+01
-7.000000000000000000e+00
-2.000000000000000000e+00
-2.000000000000000000e+00
3.300000000000000000e+01
-2.000000000000000000e+00
-5.000000000000000000e+00
-1.700000000000000000e+01
-2.100000000000000000e+01
-3.300000000000000000e+01
1.300000000000000000e+01
1.700000000000000000e+01
-4.000000000000000000e+00
2.800000000000000000e+01
-9.000000000000000000e+00
2.000000000000000000e+01
-1.000000000000000000e+00
-4.000000000000000000e+00
-8.000000000000000000e+00
-5.000000000000000000e+00
-2.000000000000000000e+00
7.000000000000000000e+00
5.000000000000000000e+00
-8.000000000000000000e+00
2.000000000000000000e+01
-2.400000000000000000e+01
1.100000000000000000e+01
-9.000000000000000000e+00
1.800000000000000000e+01
-2.000000000000000000e+00
-3.400000000000000000e+01
-1.200000000000000000e+01
-1.200000000000000000e+01
-1.200000000000000000e+01
1.100000000000000000e+01
9.000000000000000000e+00
3.000000000000000000e+00
1.400000000000000000e+01
2.000000000000000000e+00
1.900000000000000000e+01
-2.000000000000000000e+00
1.100000000000000000e+01
1.400000000000000000e+01
1.500000000000000000e+01
2.000000000000000000e+00
-1.100000000000000000e+01
2.500000000000000000e+01
-8.000000000000000000e+00
6.000000000000000000e+00
5.000000000000000000e+00
4.000000000000000000e+00
2.800000000000000000e+01
-3.000000000000000000e+01
-1.100000000000000000e+01
-1.000000000000000000e+01
1.400000000000000000e+01
5.000000000000000000e+00
2.000000000000000000e+00
-4.000000000000000000e+00
-1.900000000000000000e+01
-1.000000000000000000e+00
-1.300000000000000000e+01
0.000000000000000000e+00
2.000000000000000000e+00
1.800000000000000000e+01
3.000000000000000000e+00
1.200000000000000000e+01
3.000000000000000000e+00
-1.400000000000000000e+01
-5.000000000000000000e+00
2.700000000000000000e+01
6.000000000000000000e+00
2.900000000000000000e+01
3.000000000000000000e+00
-9.000000000000000000e+00
-1.900000000000000000e+01
2.000000000000000000e+00
-2.000000000000000000e+00
1.100000000000000000e+01
8.000000000000000000e+00
7.000000000000000000e+00
-3.000000000000000000e+00
3.000000000000000000e+00
1.700000000000000000e+01
2.100000000000000000e+01
-9.000000000000000000e+00
-1.000000000000000000e+00
-1.400000000000000000e+01
-1.100000000000000000e+01
-2.500000000000000000e+01
1.000000000000000000e+00
-1.000000000000000000e+01
-2.500000000000000000e+01
-1.900000000000000000e+01
-5.000000000000000000e+00
1.100000000000000000e+01
0.000000000000000000e+00
-9.000000000000000000e+00
3.000000000000000000e+00
2.000000000000000000e+00
1.600000000000000000e+01
-3.000000000000000000e+00
0.000000000000000000e+00
-1.000000000000000000e+01
-4.000000000000000000e+00
0.000000000000000000e+00
-9.000000000000000000e+00
-8.000000000000000000e+00
5.000000000000000000e+00
1.400000000000000000e+01
-1.100000000000000000e+01
2.300000000000000000e+01
-3.500000000000000000e+01
-1.500000000000000000e+01
-2.000000000000000000e+00
3.000000000000000000e+00
4.400000000000000000e+01
-1.600000000000000000e+01
-2.000000000000000000e+00
1.000000000000000000e+01
-1.100000000000000000e+01
6.000000000000000000e+00
0.000000000000000000e+00
-1.000000000000000000e+00
3.000000000000000000e+00
3.000000000000000000e+00
1.500000000000000000e+01
-1.000000000000000000e+00
-1.000000000000000000e+00
6.000000000000000000e+00
2.900000000000000000e+01
1.900000000000000000e+01
-2.200000000000000000e+01
3.000000000000000000e+00
-1.500000000000000000e+01
5.000000000000000000e+00
-6.000000000000000000e+00
4.000000000000000000e+00
8.000000000000000000e+00
4.000000000000000000e+00
2.000000000000000000e+00
-4.000000000000000000e+00
4.000000000000000000e+00
-2.000000000000000000e+01
2.200000000000000000e+01
8.000000000000000000e+00
6.000000000000000000e+00
2.900000000000000000e+01
3.000000000000000000e+00
-1.900000000000000000e+01
2.700000000000000000e+01
-6.000000000000000000e+00
1.700000000000000000e+01
1.000000000000000000e+00
-2.100000000000000000e+01
2.400000000000000000e+01
1.500000000000000000e+01
1.200000000000000000e+01
-1.100000000000000000e+01
-1.500000000000000000e+01
1.200000000000000000e+01
3.000000000000000000e+00
1.500000000000000000e+01
-5.000000000000000000e+00
0.000000000000000000e+00
-2.000000000000000000e+00
2.300000000000000000e+01
-1.700000000000000000e+01
-1.300000000000000000e+01
1.300000000000000000e+01
-7.000000000000000000e+00
0.000000000000000000e+00
2.800000000000000000e+01
1.700000000000000000e+01
3.000000000000000000e+01
-2.100000000000000000e+01
1.300000000000000000e+01
2.000000000000000000e+01
-2.100000000000000000e+01
2.000000000000000000e+00
-2.000000000000000000e+00
-3.700000000000000000e+01
-5.000000000000000000e+00
-1.000000000000000000e+00
-2.000000000000000000e+01
-3.500000000000000000e+01
-3.100000000000000000e+01
-6.000000000000000000e+00
9.000000000000000000e+00
3.000000000000000000e+00
8.000000000000000000e+00
-1.500000000000000000e+01
3.500000000000000000e+01
2.300000000000000000e+01
1.000000000000000000e+00
5.000000000000000000e+00
-5.000000000000000000e+00
-2.000000000000000000e+00
-1.200000000000000000e+01
-5.000000000000000000e+00
-1.600000000000000000e+01
1.000000000000000000e+00
0.000000000000000000e+00
1.900000000000000000e+01
-1.700000000000000000e+01
-1.700000000000000000e+01
0.000000000000000000e+00
-1.000000000000000000e+00
2.000000000000000000e+00
-1.600000000000000000e+01
-1.500000000000000000e+01
4.000000000000000000e+00
1.700000000000000000e+01
-2.300000000000000000e+01
-9.000000000000000000e+00
-2.300000000000000000e+01
5.000000000000000000e+00
-1.600000000000000000e+01
2.200000000000000000e+01
-2.200000000000000000e+01
9.000000000000000000e+00
-3.000000000000000000e+00
7.000000000000000000e+00
-1.400000000000000000e+01
0.000000000000000000e+00
-1.000000000000000000e+00
4.000000000000000000e+00
8.000000000000000000e+00
-3.000000000000000000e+00
-1.900000000000000000e+01
-2.000000000000000000e+00
-5.000000000000000000e+00
-2.800000000000000000e+01
-1.600000000000000000e+01
1.100000000000000000e+01
-2.500000000000000000e+01
1.700000000000000000e+01
-3.700000000000000000e+01
2.000000000000000000e+01
1.300000000000000000e+01
-7.000000000000000000e+00
2.400000000000000000e+01
2.600000000000000000e+01
-1.000000000000000000e+00
1.900000000000000000e+01
-5.000000000000000000e+00
-1.600000000000000000e+01
-4.700000000000000000e+01
1.300000000000000000e+01
0.000000000000000000e+00
-2.000000000000000000e+01
1.000000000000000000e+01
4.000000000000000000e+00
1.800000000000000000e+01
-2.000000000000000000e+00
-1.600000000000000000e+01
2.000000000000000000e+01
-1.000000000000000000e+00
2.900000000000000000e+01
-5.000000000000000000e+00
-2.000000000000000000e+01
-1.800000000000000000e+01
5.000000000000000000e+00
2.800000000000000000e+01
-1.200000000000000000e+01
1.000000000000000000e+01
2.000000000000000000e+00
3.000000000000000000e+01
-1.600000000000000000e+01
0.000000000000000000e+00
1.000000000000000000e+01
-2.000000000000000000e+00
-1.900000000000000000e+01
-9.000000000000000000e+00
-2.000000000000000000e+00
-1.800000000000000000e+01
-1.900000000000000000e+01
1.400000000000000000e+01
-1.000000000000000000e+00
3.000000000000000000e+00
-5.000000000000000000e+00
1.700000000000000000e+01
-1.000000000000000000e+00
1.800000000000000000e+01
7.000000000000000000e+00
-1.600000000000000000e+01
-3.200000000000000000e+01
-1.600000000000000000e+01
4.200000000000000000e+01
2.500000000000000000e+01
1.900000000000000000e+01
-1.900000000000000000e+01
-1.100000000000000000e+01
-2.500000000000000000e+01
-1.600000000000000000e+01
3.300000000000000000e+01
-3.100000000000000000e+01
6.000000000000000000e+00
-8.000000000000000000e+00
3.000000000000000000e+00
-1.800000000000000000e+01
-2.000000000000000000e+00
-1.200000000000000000e+01
-9.000000000000000000e+00
-4.100000000000000000e+01
-2.100000000000000000e+01
1.600000000000000000e+01
3.000000000000000000e+01
-5.000000000000000000e+00
-1.900000000000000000e+01
3.200000000000000000e+01
-6.000000000000000000e+00
2.600000000000000000e+01
-4.000000000000000000e+00
-1.700000000000000000e+01
1.100000000000000000e+01
2.200000000000000000e+01
8.000000000000000000e+00
-8.000000000000000000e+00
-1.200000000000000000e+01
-7.000000000000000000e+00
1.100000000000000000e+01
1.900000000000000000e+01
1.000000000000000000e+00
2.100000000000000000e+01
0.000000000000000000e+00
3.400000000000000000e+01
3.900000000000000000e+01
8.000000000000000000e+00
3.600000000000000000e+01
1.000000000000000000e+00
-2.000000000000000000e+01
-4.000000000000000000e+00
2.500000000000000000e+01
-1.900000000000000000e+01
-8.000000000000000000e+00
-1.600000000000000000e+01
1.000000000000000000e+00
-7.000000000000000000e+00
-3.700000000000000000e+01
4.000000000000000000e+00
2.500000000000000000e+01
1.000000000000000000e+00
1.500000000000000000e+01
-1.400000000000000000e+01
-2.900000000000000000e+01
9.000000000000000000e+00
1.100000000000000000e+01
1.000000000000000000e+00
1.500000000000000000e+01
-1.700000000000000000e+01
2.000000000000000000e+00
3.000000000000000000e+00
-8.000000000000000000e+00
4.000000000000000000e+00
-1.800000000000000000e+01
1.300000000000000000e+01
4.000000000000000000e+00
2.100000000000000000e+01
-7.000000000000000000e+00
3.300000000000000000e+01
1.000000000000000000e+00
0.000000000000000000e+00
-1.900000000000000000e+01
1.800000000000000000e+01
1.100000000000000000e+01
6.000000000000000000e+00
2.000000000000000000e+01
-1.200000000000000000e+01
-1.400000000000000000e+01
4.000000000000000000e+00
1.000000000000000000e+00
3.400000000000000000e+01
1.500000000000000000e+01
-4.000000000000000000e+00
-1.700000000000000000e+01
1.200000000000000000e+01
2.300000000000000000e+01
1.200000000000000000e+01
5.000000000000000000e+00
1.300000000000000000e+01
-5.000000000000000000e+00
-9.000000000000000000e+00
1.100000000000000000e+01
1.400000000000000000e+01
5.000000000000000000e+00
-8.000000000000000000e+00
-1.100000000000000000e+01
-7.000000000000000000e+00
-3.300000000000000000e+01
-2.400000000000000000e+01
1.500000000000000000e+01
-1.200000000000000000e+01
9.000000000000000000e+00
1.900000000000000000e+01
-1.900000000000000000e+01
4.000000000000000000e+00
1.400000000000000000e+01
3.000000000000000000e+00
9.700000000000000000e+01
1.100000000000000000e+01
-1.000000000000000000e+00
-1.900000000000000000e+01
4.000000000000000000e+00
1.200000000000000000e+01
1.600000000000000000e+01
-1.000000000000000000e+00
-3.000000000000000000e+01
-1.400000000000000000e+01
2.200000000000000000e+01
-1.100000000000000000e+01
5.000000000000000000e+00
6.000000000000000000e+00
5.000000000000000000e+00
2.200000000000000000e+01
-9.000000000000000000e+00
4.000000000000000000e+00
9.000000000000000000e+00
2.000000000000000000e+01
2.300000000000000000e+01
-9.000000000000000000e+00
5.000000000000000000e+00
-1.200000000000000000e+01
8.000000000000000000e+00
0.000000000000000000e+00
1.800000000000000000e+01
-1.100000000000000000e+01
2.500000000000000000e+01
1.300000000000000000e+01
3.000000000000000000e+00
1.700000000000000000e+01
-2.100000000000000000e+01
1.500000000000000000e+01
1.300000000000000000e+01
2.200000000000000000e+01
-1.400000000000000000e+01
-1.600000000000000000e+01
-2.400000000000000000e+01
1.600000000000000000e+01
1.200000000000000000e+01
2.000000000000000000e+00
1.000000000000000000e+01
1.600000000000000000e+01
1.600000000000000000e+01
-1.900000000000000000e+01
1.800000000000000000e+01
9.000000000000000000e+00
2.600000000000000000e+01
1.100000000000000000e+01
-3.300000000000000000e+01
4.000000000000000000e+00
-1.200000000000000000e+01
-1.200000000000000000e+01
-2.000000000000000000e+00
3.000000000000000000e+00
1.800000000000000000e+01
-2.100000000000000000e+01
1.000000000000000000e+01
1.400000000000000000e+01
1.300000000000000000e+01
3.600000000000000000e+01
2.300000000000000000e+01
-2.200000000000000000e+01
0.000000000000000000e+00
-2.000000000000000000e+00
-2.700000000000000000e+01
3.600000000000000000e+01
1.500000000000000000e+01
1.000000000000000000e+00
6.200000000000000000e+01
-2.000000000000000000e+00
1.300000000000000000e+01
-6.000000000000000000e+00
4.500000000000000000e+01
-1.100000000000000000e+01
1.000000000000000000e+00
-1.200000000000000000e+01
7.000000000000000000e+00
-4.000000000000000000e+00
2.100000000000000000e+01
1.000000000000000000e+01
4.100000000000000000e+01
-2.100000000000000000e+01
-7.000000000000000000e+00
5.000000000000000000e+00
-8.000000000000000000e+00
2.300000000000000000e+01
6.000000000000000000e+00
-2.000000000000000000e+01
5.000000000000000000e+00
1.600000000000000000e+01
2.700000000000000000e+01
-5.000000000000000000e+00
1.200000000000000000e+01
4.000000000000000000e+00
-2.700000000000000000e+01
4.000000000000000000e+00
-7.000000000000000000e+00
1.400000000000000000e+01
-3.000000000000000000e+00
-1.800000000000000000e+01
4.000000000000000000e+00
5.100000000000000000e+01
-1.200000000000000000e+01
-1.000000000000000000e+01
8.000000000000000000e+00
2.000000000000000000e+00
-1.700000000000000000e+01
2.800000000000000000e+01
0.000000000000000000e+00
6.000000000000000000e+00
3.800000000000000000e+01
3.900000000000000000e+01
-3.000000000000000000e+00
3.000000000000000000e+00
-1.300000000000000000e+01
8.000000000000000000e+00
-1.000000000000000000e+01
1.800000000000000000e+01
5.000000000000000000e+00
1.000000000000000000e+01
-1.000000000000000000e+01
8.000000000000000000e+00
-5.000000000000000000e+00
-7.000000000000000000e+00
1.900000000000000000e+01
-5.000000000000000000e+00
-2.000000000000000000e+01
1.500000000000000000e+01
2.600000000000000000e+01
9.000000000000000000e+00
-1.000000000000000000e+00
1.000000000000000000e+00
2.000000000000000000e+01
2.300000000000000000e+01
-1.000000000000000000e+01
2.800000000000000000e+01
-4.000000000000000000e+00
1.500000000000000000e+01
9.000000000000000000e+00
-5.000000000000000000e+00
-4.000000000000000000e+00
-1.700000000000000000e+01
-1.300000000000000000e+01
3.000000000000000000e+00
-2.000000000000000000e+01
9.000000000000000000e+00
0.000000000000000000e+00
-3.200000000000000000e+01
3.300000000000000000e+01
1.300000000000000000e+01
-1.800000000000000000e+01
-2.800000000000000000e+01
8.000000000000000000e+00
1.600000000000000000e+01
7.000000000000000000e+00
-1.200000000000000000e+01
1.000000000000000000e+01
-2.000000000000000000e+01
-3.000000000000000000e+00
-1.700000000000000000e+01
-1.400000000000000000e+01
2.000000000000000000e+00
-3.400000000000000000e+01
1.900000000000000000e+01
1.200000000000000000e+01
-1.600000000000000000e+01
-1.500000000000000000e+01
-6.000000000000000000e+00
-1.400000000000000000e+01
2.200000000000000000e+01
-1.500000000000000000e+01
4.200000000000000000e+01
-9.000000000000000000e+00
-1.000000000000000000e+00
8.000000000000000000e+00
2.100000000000000000e+01
1.000000000000000000e+01
-3.700000000000000000e+01
4.200000000000000000e+01
4.000000000000000000e+01
-4.000000000000000000e+00
-1.700000000000000000e+01
1.400000000000000000e+01
1.100000000000000000e+01
1.700000000000000000e+01
-1.000000000000000000e+01
1.000000000000000000e+00
7.000000000000000000e+00
-3.000000000000000000e+01
3.300000000000000000e+01
7.000000000000000000e+00
-9.000000000000000000e+00
-1.000000000000000000e+00
2.100000000000000000e+01
3.800000000000000000e+01
-1.000000000000000000e+00
-1.600000000000000000e+01
-2.400000000000000000e+01
2.300000000000000000e+01
2.600000000000000000e+01
1.000000000000000000e+01
-3.300000000000000000e+01
1.400000000000000000e+01
2.500000000000000000e+01
1.300000000000000000e+01
-6.000000000000000000e+00
-7.000000000000000000e+00
4.200000000000000000e+01
-3.400000000000000000e+01
3.000000000000000000e+00
1.100000000000000000e+01
-1.200000000000000000e+01
1.100000000000000000e+01
1.000000000000000000e+00
-2.200000000000000000e+01
-5.000000000000000000e+00
2.200000000000000000e+01
-2.000000000000000000e+00
3.000000000000000000e+00
4.000000000000000000e+00
9.000000000000000000e+00
9.000000000000000000e+00
-1.200000000000000000e+01
1.600000000000000000e+01
2.100000000000000000e+01
-3.000000000000000000e+00
1.200000000000000000e+01
2.200000000000000000e+01
-9.000000000000000000e+00
2.000000000000000000e+00
1.400000000000000000e+01
3.600000000000000000e+01
-1.600000000000000000e+01
-2.000000000000000000e+00
1.500000000000000000e+01
1.500000000000000000e+01
-5.000000000000000000e+00
-1.600000000000000000e+01
5.000000000000000000e+00
1.800000000000000000e+01
3.100000000000000000e+01
-6.000000000000000000e+00
2.800000000000000000e+01
-5.000000000000000000e+00
1.800000000000000000e+01
3.700000000000000000e+01
3.000000000000000000e+00
2.100000000000000000e+01
1.100000000000000000e+01
1.200000000000000000e+01
-2.500000000000000000e+01
-2.700000000000000000e+01
1.000000000000000000e+00
-1.000000000000000000e+00
1.000000000000000000e+00
2.800000000000000000e+01
6.000000000000000000e+00
2.800000000000000000e+01
2.500000000000000000e+01
-1.400000000000000000e+01
-2.000000000000000000e+00
2.100000000000000000e+01
2.000000000000000000e+01
2.300000000000000000e+01
4.200000000000000000e+01
3.200000000000000000e+01
2.600000000000000000e+01
7.000000000000000000e+00
1.500000000000000000e+01
8.000000000000000000e+00
-1.000000000000000000e+01
9.000000000000000000e+00
3.200000000000000000e+01
5.000000000000000000e+00
1.000000000000000000e+00
1.000000000000000000e+01
3.400000000000000000e+01
1.500000000000000000e+01
2.000000000000000000e+00
3.700000000000000000e+01
1.100000000000000000e+01
3.000000000000000000e+00
3.800000000000000000e+01
3.700000000000000000e+01
6.000000000000000000e+00
2.100000000000000000e+01
5.800000000000000000e+01
1.000000000000000000e+01
-3.000000000000000000e+00
-6.000000000000000000e+00
3.000000000000000000e+01
1.300000000000000000e+01
-1.300000000000000000e+01
2.400000000000000000e+01
3.800000000000000000e+01
1.000000000000000000e+00
8.000000000000000000e+00
2.600000000000000000e+01
-2.000000000000000000e+00
2.700000000000000000e+01
-1.000000000000000000e+00
1.600000000000000000e+01
7.000000000000000000e+00
5.400000000000000000e+01
9.000000000000000000e+00
2.500000000000000000e+01
2.000000000000000000e+01
1.400000000000000000e+01
-1.000000000000000000e+01
8.000000000000000000e+00
3.800000000000000000e+01
3.000000000000000000e+01
6.000000000000000000e+00
9.000000000000000000e+00
5.000000000000000000e+00
2.400000000000000000e+01
1.200000000000000000e+01
1.000000000000000000e+01
-1.800000000000000000e+01
9.000000000000000000e+00
2.100000000000000000e+01
-2.000000000000000000e+00
1.100000000000000000e+01
-4.000000000000000000e+00
4.800000000000000000e+01
1.500000000000000000e+01
-1.000000000000000000e+00
4.900000000000000000e+01
2.000000000000000000e+01
-2.000000000000000000e+00
9.000000000000000000e+00
-9.000000000000000000e+00
3.200000000000000000e+01
-9.000000000000000000e+00
-4.000000000000000000e+00
1.700000000000000000e+01
4.000000000000000000e+01
5.500000000000000000e+01
3.000000000000000000e+00
1.600000000000000000e+01
-1.400000000000000000e+01
1.900000000000000000e+01
7.000000000000000000e+00
1.200000000000000000e+01
2.200000000000000000e+01
1.300000000000000000e+01
-6.000000000000000000e+00
2.300000000000000000e+01
5.000000000000000000e+00
1.900000000000000000e+01
3.500000000000000000e+01
7.000000000000000000e+00
2.400000000000000000e+01
-1.300000000000000000e+01
-3.000000000000000000e+00
1.700000000000000000e+01
-5.000000000000000000e+00
2.000000000000000000e+00
-2.200000000000000000e+01
1.200000000000000000e+01
2.800000000000000000e+01
-2.000000000000000000e+01
6.000000000000000000e+00
7.000000000000000000e+00
1.900000000000000000e+01
5.100000000000000000e+01
6.000000000000000000e+00
-2.000000000000000000e+00
-1.800000000000000000e+01
3.800000000000000000e+01
1.800000000000000000e+01
5.000000000000000000e+01
2.400000000000000000e+01
3.000000000000000000e+01
-1.300000000000000000e+01
2.700000000000000000e+01
1.500000000000000000e+01
1.000000000000000000e+01
2.100000000000000000e+01
5.000000000000000000e+00
-9.000000000000000000e+00
9.000000000000000000e+00
2.400000000000000000e+01
4.200000000000000000e+01
2.000000000000000000e+00
2.000000000000000000e+01
2.800000000000000000e+01
4.000000000000000000e+00
2.900000000000000000e+01
2.200000000000000000e+01
9.000000000000000000e+00
2.100000000000000000e+01
2.900000000000000000e+01
1.600000000000000000e+01
-5.000000000000000000e+00
1.000000000000000000e+00
5.800000000000000000e+01
3.100000000000000000e+01
7.000000000000000000e+00
2.400000000000000000e+01
5.200000000000000000e+01
3.600000000000000000e+01
2.600000000000000000e+01
3.600000000000000000e+01
6.900000000000000000e+01
2.900000000000000000e+01
4.800000000000000000e+01
5.700000000000000000e+01
6.300000000000000000e+01
6.200000000000000000e+01
1.100000000000000000e+02
6.000000000000000000e+01
8.700000000000000000e+01
8.200000000000000000e+01
1.110000000000000000e+02
1.440000000000000000e+02
1.400000000000000000e+02
1.570000000000000000e+02
1.940000000000000000e+02
2.050000000000000000e+02
2.160000000000000000e+02
3.160000000000000000e+02
2.840000000000000000e+02
3.750000000000000000e+02
4.160000000000000000e+02
4.760000000000000000e+02
5.940000000000000000e+02
5.890000000000000000e+02
7.170000000000000000e+02
8.230000000000000000e+02
9.390000000000000000e+02
1.039000000000000000e+03
1.116000000000000000e+03
1.261000000000000000e+03
1.418000000000000000e+03
1.539000000000000000e+03
1.715000000000000000e+03
1.881000000000000000e+03
2.002000000000000000e+03
2.142000000000000000e+03
2.388000000000000000e+03
2.456000000000000000e+03
2.621000000000000000e+03
2.789000000000000000e+03
2.982000000000000000e+03
3.073000000000000000e+03
3.279000000000000000e+03
3.446000000000000000e+03
3.469000000000000000e+03
3.700000000000000000e+03
3.726000000000000000e+03
3.877000000000000000e+03
3.971000000000000000e+03
4.033000000000000000e+03
4.137000000000000000e+03
4.206000000000000000e+03
4.220000000000000000e+03
4.249000000000000000e+03
4.210000000000000000e+03
4.184000000000000000e+03
4.171000000000000000e+03
4.177000000000000000e+03
4.040000000000000000e+03
3.961000000000000000e+03
3.913000000000000000e+03
3.854000000000000000e+03
3.698000000000000000e+03
3.519000000000000000e+03
3.447000000000000000e+03
3.345000000000000000e+03
3.212000000000000000e+03
3.028000000000000000e+03
2.874000000000000000e+03
2.718000000000000000e+03
2.566000000000000000e+03
2.415000000000000000e+03
2.317000000000000000e+03
2.066000000000000000e+03
1.954000000000000000e+03
1.814000000000000000e+03
1.665000000000000000e+03
1.526000000000000000e+03
1.447000000000000000e+03
1.291000000000000000e+03
1.203000000000000000e+03
1.096000000000000000e+03
9.930000000000000000e+02
8.660000000000000000e+02
7.640000000000000000e+02
6.930000000000000000e+02
5.980000000000000000e+02
5.190000000000000000e+02
4.840000000000000000e+02
4.170000000000000000e+02
3.650000000000000000e+02
3.130000000000000000e+02
2.700000000000000000e+02
2.240000000000000000e+02
1.820000000000000000e+02
1.930000000000000000e+02
1.730000000000000000e+02
1.260000000000000000e+02
1.120000000000000000e+02
8.300000000000000000e+01
1.020000000000000000e+02
5.700000000000000000e+01
8.200000000000000000e+01
5.900000000000000000e+01
2.300000000000000000e+01
3.200000000000000000e+01
2.500000000000000000e+01
8.000000000000000000e+00
2.200000000000000000e+01
5.300000000000000000e+01
-3.000000000000000000e+00
5.000000000000000000e+00
4.300000000000000000e+01
2.700000000000000000e+01
1.400000000000000000e+01
4.400000000000000000e+01
1.600000000000000000e+01
2.900000000000000000e+01
0.000000000000000000e+00
2.900000000000000000e+01
-1.000000000000000000e+01
1.400000000000000000e+01
3.100000000000000000e+01
-2.300000000000000000e+01
1.900000000000000000e+01
-1.000000000000000000e+01
-1.500000000000000000e+01
1.400000000000000000e+01
3.000000000000000000e+00
-1.000000000000000000e+01
1.100000000000000000e+01
1.600000000000000000e+01
3.000000000000000000e+00
2.500000000000000000e+01
-1.000000000000000000e+00
1.900000000000000000e+01
4.900000000000000000e+01
2.200000000000000000e+01
1.300000000000000000e+01
1.700000000000000000e+01
1.000000000000000000e+01
9.000000000000000000e+00
1.900000000000000000e+01
-3.000000000000000000e+00
4.100000000000000000e+01
-1.300000000000000000e+01
3.100000000000000000e+01
2.600000000000000000e+01
1.200000000000000000e+01
-1.200000000000000000e+01
2.900000000000000000e+01
2.900000000000000000e+01
-2.100000000000000000e+01
3.400000000000000000e+01
-2.100000000000000000e+01
3.000000000000000000e+00
7.000000000000000000e+00
2.700000000000000000e+01
8.000000000000000000e+00
2.800000000000000000e+01
-6.000000000000000000e+00
1.100000000000000000e+01
-1.100000000000000000e+01
3.200000000000000000e+01
-2.000000000000000000e+00
3.900000000000000000e+01
1.700000000000000000e+01
-1.200000000000000000e+01
1.600000000000000000e+01
8.000000000000000000e+00
2.400000000000000000e+01
3.000000000000000000e+01
2.100000000000000000e+01
2.900000000000000000e+01
3.100000000000000000e+01
2.100000000000000000e+01
0.000000000000000000e+00
1.400000000000000000e+01
4.100000000000000000e+01
-1.100000000000000000e+01
-3.000000000000000000e+00
2.800000000000000000e+01
1.800000000000000000e+01
-2.000000000000000000e+00
2.100000000000000000e+01
1.500000000000000000e+01
1.800000000000000000e+01
1.500000000000000000e+01
1.000000000000000000e+01
2.800000000000000000e+01
1.900000000000000000e+01
-1.400000000000000000e+01
1.300000000000000000e+01
1.400000000000000000e+01
2.500000000000000000e+01
1.400000000000000000e+01
-5.000000000000000000e+00
3.900000000000000000e+01
5.000000000000000000e+00
2.100000000000000000e+01
6.000000000000000000e+01
3.800000000000000000e+01
-1.000000000000000000e+00
-1.400000000000000000e+01
2.400000000000000000e+01
5.000000000000000000e+00
-2.000000000000000000e+00
1.600000000000000000e+01
1.600000000000000000e+01
1.900000000000000000e+01
3.400000000000000000e+01
2.100000000000000000e+01
6.000000000000000000e+00
3.300000000000000000e+01
-1.700000000000000000e+01
5.300000000000000000e+01
7.000000000000000000e+00
2.200000000000000000e+01
-1.000000000000000000e+01
1.000000000000000000e+00
6.000000000000000000e+00
8.000000000000000000e+00
-1.000000000000000000e+01
1.400000000000000000e+01
2.700000000000000000e+01
6.000000000000000000e+00
5.000000000000000000e+00
1.400000000000000000e+01
4.300000000000000000e+01
1.800000000000000000e+01
2.700000000000000000e+01
2.200000000000000000e+01
4.100000000000000000e+01
-1.100000000000000000e+01
1.000000000000000000e+00
5.000000000000000000e+00
9.000000000000000000e+00
4.100000000000000000e+01
1.000000000000000000e+01
2.300000000000000000e+01
2.800000000000000000e+01
2.000000000000000000e+00
3.800000000000000000e+01
1.300000000000000000e+01
2.000000000000000000e+00
2.100000000000000000e+01
1.400000000000000000e+01
1.400000000000000000e+01
7.000000000000000000e+00
1.000000000000000000e+01
2.100000000000000000e+01
2.200000000000000000e+01
1.000000000000000000e+01
5.000000000000000000e+00
8.000000000000000000e+00
5.000000000000000000e+00
-6.000000000000000000e+00
2.600000000000000000e+01
1.100000000000000000e+01
2.000000000000000000e+01
7.000000000000000000e+00
2.000000000000000000e+01
-2.800000000000000000e+01
3.000000000000000000e+00
1.000000000000000000e+01
2.000000000000000000e+01
4.000000000000000000e+01
-7.000000000000000000e+00
6.000000000000000000e+00
2.000000000000000000e+01
-1.200000000000000000e+01
1.000000000000000000e+01
-6.000000000000000000e+00
-4.000000000000000000e+00
5.000000000000000000e+00
-4.000000000000000000e+00
4.000000000000000000e+00
9.000000000000000000e+00
2.300000000000000000e+01
3.200000000000000000e+01
-1.000000000000000000e+00
4.000000000000000000e+00
2.100000000000000000e+01
8.000000000000000000e+00
2.000000000000000000e+00
1.300000000000000000e+01
2.300000000000000000e+01
5.000000000000000000e+00
1.900000000000000000e+01
2.100000000000000000e+01
2.800000000000000000e+01
3.500000000000000000e+01
-3.000000000000000000e+00
2.000000000000000000e+00
-1.200000000000000000e+01
-1.000000000000000000e+01
1.100000000000000000e+01
1.000000000000000000e+00
2.000000000000000000e+01
-1.100000000000000000e+01
-4.000000000000000000e+00
1.400000000000000000e+01
2.200000000000000000e+01
6.000000000000000000e+00
1.400000000000000000e+01
2.300000000000000000e+01
1.600000000000000000e+01
8.000000000000000000e+00
1.100000000000000000e+01
8.000000000000000000e+00
-6.000000000000000000e+00
3.000000000000000000e+00
-2.000000000000000000e+00
1.000000000000000000e+00
9.000000000000000000e+00
-1.900000000000000000e+01
2.100000000000000000e+01
7.000000000000000000e+00
2.200000000000000000e+01
-5.000000000000000000e+00
1.000000000000000000e+01
-1.300000000000000000e+01
6.000000000000000000e+00
3.000000000000000000e+00
3.200000000000000000e+01
1.800000000000000000e+01
-9.000000000000000000e+00
2.000000000000000000e+01
-7.000000000000000000e+00
1.800000000000000000e+01
-2.300000000000000000e+01
0.000000000000000000e+00
-5.000000000000000000e+00
1.000000000000000000e+00
2.600000000000000000e+01
3.200000000000000000e+01
1.800000000000000000e+01
-8.000000000000000000e+00
-5.000000000000000000e+00
1.700000000000000000e+01
6.000000000000000000e+00
-1.000000000000000000e+00
5.000000000000000000e+00
9.000000000000000000e+00
2.300000000000000000e+01
-6.000000000000000000e+00
-8.000000000000000000e+00
1.700000000000000000e+01
9.000000000000000000e+00
-1.100000000000000000e+01
2.500000000000000000e+01
3.000000000000000000e+00
-1.000000000000000000e+00
5.000000000000000000e+00
-2.500000000000000000e+01
2.900000000000000000e+01
-8.000000000000000000e+00
1.700000000000000000e+01
-5.000000000000000000e+00
3.000000000000000000e+00
1.500000000000000000e+01
3.300000000000000000e+01
-1.800000000000000000e+01
7.000000000000000000e+00
3.700000000000000000e+01
2.600000000000000000e+01
1.500000000000000000e+01
-1.700000000000000000e+01
-1.300000000000000000e+01
1.100000000000000000e+01
1.100000000000000000e+01
1.200000000000000000e+01
1.800000000000000000e+01
-8.000000000000000000e+00
2.000000000000000000e+00
7.000000000000000000e+00
-3.000000000000000000e+00
-3.000000000000000000e+00
-1.000000000000000000e+00
1.400000000000000000e+01
4.000000000000000000e+00
-1.900000000000000000e+01
-2.000000000000000000e+00
1.400000000000000000e+01
4.000000000000000000e+00
3.900000000000000000e+01
2.700000000000000000e+01
-1.000000000000000000e+00
1.700000000000000000e+01
-2.000000000000000000e+01
1.400000000000000000e+01
6.000000000000000000e+00
-1.600000000000000000e+01
3.000000000000000000e+00
-1.800000000000000000e+01
4.000000000000000000e+00
1.000000000000000000e+00
-3.000000000000000000e+00
1.100000000000000000e+01
4.000000000000000000e+00
0.000000000000000000e+00
3.000000000000000000e+00
-1.300000000000000000e+01
0.000000000000000000e+00
3.100000000000000000e+01
4.000000000000000000e+00
-9.000000000000000000e+00
-1.100000000000000000e+01
2.500000000000000000e+01
1.300000000000000000e+01
1.600000000000000000e+01
-1.000000000000000000e+00
1.300000000000000000e+01
1.000000000000000000e+01
1.600000000000000000e+01
0.000000000000000000e+00
-2.000000000000000000e+00
-1.800000000000000000e+01
-6.000000000000000000e+00
1.000000000000000000e+01
9.000000000000000000e+00
-2.400000000000000000e+01
1.300000000000000000e+01
-1.400000000000000000e+01
-3.000000000000000000e+00
-9.000000000000000000e+00
-1.100000000000000000e+01
1.000000000000000000e+01
3.100000000000000000e+01
-2.200000000000000000e+01
2.200000000000000000e+01
-1.500000000000000000e+01
-1.000000000000000000e+00
2.400000000000000000e+01
3.600000000000000000e+01
1.000000000000000000e+01
-2.000000000000000000e+00
1.600000000000000000e+01
-1.700000000000000000e+01
2.000000000000000000e+00
1.000000000000000000e+01
-1.300000000000000000e+01
6.000000000000000000e+00
-2.700000000000000000e+01
1.900000000000000000e+01
3.000000000000000000e+00
2.400000000000000000e+01
-1.000000000000000000e+01
-1.500000000000000000e+01
2.000000000000000000e+00
1.100000000000000000e+01
-7.000000000000000000e+00
4.300000000000000000e+01
3.000000000000000000e+01
2.200000000000000000e+01
-1.000000000000000000e+00
1.000000000000000000e+01
1.300000000000000000e+01
-1.200000000000000000e+01
4.000000000000000000e+00
-1.500000000000000000e+01
4.000000000000000000e+00
-2.400000000000000000e+01
-2.300000000000000000e+01
9.000000000000000000e+00
-1.100000000000000000e+01
-3.000000000000000000e+00
8.000000000000000000e+01
3.000000000000000000e+00
-5.000000000000000000e+00
1.600000000000000000e+01
2.100000000000000000e+01
-3.000000000000000000e+01
-9.000000000000000000e+00
7.000000000000000000e+00
-1.700000000000000000e+01
-5.000000000000000000e+00
1.000000000000000000e+01
1.100000000000000000e+01
1.200000000000000000e+01
-1.000000000000000000e+01
-2.500000000000000000e+01
-3.000000000000000000e+00
-4.000000000000000000e+00
1.400000000000000000e+01
3.000000000000000000e+00
-7.000000000000000000e+00
2.000000000000000000e+01
8.000000000000000000e+00
1.000000000000000000e+00
-6.000000000000000000e+00
-8.000000000000000000e+00
-2.300000000000000000e+01
8.000000000000000000e+00
3.200000000000000000e+01
4.000000000000000000e+00
0.000000000000000000e+00
9.000000000000000000e+00
-2.000000000000000000e+00
1.700000000000000000e+01
1.800000000000000000e+01
3.100000000000000000e+01
0.000000000000000000e+00
-1.100000000000000000e+01
-1.300000000000000000e+01
-5.000000000000000000e+00
1.000000000000000000e+01
-2.900000000000000000e+01
-8.000000000000000000e+00
8.000000000000000000e+00
3.000000000000000000e+00
1.700000000000000000e+01
-1.600000000000000000e+01
-1.100000000000000000e+01
-2.000000000000000000e+00
2.000000000000000000e+00
3.000000000000000000e+01
1.200000000000000000e+01
1.100000000000000000e+01
2.000000000000000000e+00
0.000000000000000000e+00
1.500000000000000000e+01
-1.300000000000000000e+01
-1.000000000000000000e+00
-2.000000000000000000e+00
-7.000000000000000000e+00
1.300000000000000000e+01
2.600000000000000000e+01
7.000000000000000000e+00
2.000000000000000000e+01
1.400000000000000000e+01
1.600000000000000000e+01
-2.000000000000000000e+01
-1.100000000000000000e+01
4.000000000000000000e+00
2.500000000000000000e+01
-2.300000000000000000e+01
-3.000000000000000000e+00
-1.900000000000000000e+01
-2.000000000000000000e+00
1.000000000000000000e+01
5.000000000000000000e+00
-3.000000000000000000e+00
-8.000000000000000000e+00
-1.400000000000000000e+01
-4.000000000000000000e+00
1.200000000000000000e+01
8.000000000000000000e+00
-4.000000000000000000e+00
1.500000000000000000e+01
-1.700000000000000000e+01
6.000000000000000000e+00
5.000000000000000000e+00
4.000000000000000000e+00
1.400000000000000000e+01
-2.000000000000000000e+00
-5.000000000000000000e+00
0.000000000000000000e+00
1.200000000000000000e+01
2.400000000000000000e+01
1.100000000000000000e+01
3.000000000000000000e+00
1.100000000000000000e+01
-3.300000000000000000e+01
8.000000000000000000e+00
3.000000000000000000e+00
-2.500000000000000000e+01
4.000000000000000000e+00
7.000000000000000000e+00
9.000000000000000000e+00
2.900000000000000000e+01
-5.000000000000000000e+00
2.900000000000000000e+01
-9.000000000000000000e+00
2.100000000000000000e+01
-7.000000000000000000e+00
3.000000000000000000e+00
2.100000000000000000e+01
-2.100000000000000000e+01
8.000000000000000000e+00
-7.000000000000000000e+00
-8.000000000000000000e+00
-1.000000000000000000e+01
1.000000000000000000e+00
-2.000000000000000000e+00
2.900000000000000000e+01
-2.000000000000000000e+00
2.100000000000000000e+01
1.000000000000000000e+01
-2.400000000000000000e+01
1.200000000000000000e+01
-1.100000000000000000e+01
2.500000000000000000e+01
-9.000000000000000000e+00
1.700000000000000000e+01
1.500000000000000000e+01
-7.000000000000000000e+00
-1.500000000000000000e+01
-3.000000000000000000e+00
-7.000000000000000000e+00
-3.100000000000000000e+01
6.000000000000000000e+00
-3.300000000000000000e+01
1.000000000000000000e+00
6.000000000000000000e+00
-5.000000000000000000e+00
1.300000000000000000e+01
-6.000000000000000000e+00
1.600000000000000000e+01
-2.700000000000000000e+01
-1.500000000000000000e+01
1.900000000000000000e+01
0.000000000000000000e+00
1.400000000000000000e+01
1.600000000000000000e+01
-5.000000000000000000e+00
6.000000000000000000e+00
1.400000000000000000e+01
-5.000000000000000000e+00
6.000000000000000000e+00
1.400000000000000000e+01
3.000000000000000000e+00
1.800000000000000000e+01
3.300000000000000000e+01
-1.200000000000000000e+01
3.600000000000000000e+01
-1.000000000000000000e+00
-7.000000000000000000e+00
-1.200000000000000000e+01
0.000000000000000000e+00
1.200000000000000000e+01
-1.800000000000000000e+01
2.000000000000000000e+00
1.600000000000000000e+01
1.600000000000000000e+01
9.000000000000000000e+00
1.500000000000000000e+01
-6.000000000000000000e+00
5.000000000000000000e+00
1.600000000000000000e+01
1.000000000000000000e+00
-1.000000000000000000e+01
-1.300000000000000000e+01
-2.900000000000000000e+01
-6.000000000000000000e+00
-9.000000000000000000e+00
-2.400000000000000000e+01
2.300000000000000000e+01
-8.000000000000000000e+00
1.200000000000000000e+01
-1.200000000000000000e+01
1.000000000000000000e+00
1.200000000000000000e+01
7.000000000000000000e+00
6.000000000000000000e+00
-1.000000000000000000e+01
3.000000000000000000e+00
1.500000000000000000e+01
5.000000000000000000e+00
-3.000000000000000000e+00
-1.000000000000000000e+01
8.000000000000000000e+00
-1.000000000000000000e+00
-3.400000000000000000e+01
4.000000000000000000e+00
2.100000000000000000e+01
-1.100000000000000000e+01
-3.400000000000000000e+01
-2.400000000000000000e+01
-2.800000000000000000e+01
2.000000000000000000e+01
1.400000000000000000e+01
2.400000000000000000e+01
-1.000000000000000000e+00
1.000000000000000000e+01
6.000000000000000000e+00
4.000000000000000000e+00
-8.000000000000000000e+00
-2.400000000000000000e+01
3.100000000000000000e+01
1.300000000000000000e+01
1.200000000000000000e+01
8.000000000000000000e+00
9.000000000000000000e+00
1.000000000000000000e+00
1.100000000000000000e+01
1.000000000000000000e+00
1.000000000000000000e+00
-1.900000000000000000e+01
0.000000000000000000e+00
1.800000000000000000e+01
-4.000000000000000000e+00
-4.000000000000000000e+00
2.000000000000000000e+00
9.000000000000000000e+00
5.000000000000000000e+00
-3.000000000000000000e+00
-4.000000000000000000e+00
-2.200000000000000000e+01
-3.000000000000000000e+00
8.000000000000000000e+00
-8.000000000000000000e+00
-3.000000000000000000e+00
3.000000000000000000e+01
0.000000000000000000e+00
-6.000000000000000000e+00
-1.000000000000000000e+01
1.400000000000000000e+01
1.300000000000000000e+01
-1.200000000000000000e+01
-2.000000000000000000e+01
-1.000000000000000000e+01
9.000000000000000000e+00
1.600000000000000000e+01
-6.000000000000000000e+00
-4.000000000000000000e+00
7.000000000000000000e+00
1.000000000000000000e+01
-1.000000000000000000e+00
-1.900000000000000000e+01
2.500000000000000000e+01
-1.300000000000000000e+01
-6.000000000000000000e+00
1.200000000000000000e+01
9.000000000000000000e+00
-4.000000000000000000e+00
-1.900000000000000000e+01
1.000000000000000000e+00
1.200000000000000000e+01
1.200000000000000000e+01
1.600000000000000000e+01
8.000000000000000000e+00
-7.000000000000000000e+00
-1.400000000000000000e+01
1.800000000000000000e+01
1.200000000000000000e+01
-2.300000000000000000e+01
5.000000000000000000e+00
-1.000000000000000000e+00
-2.000000000000000000e+01
2.300000000000000000e+01
4.000000000000000000e+00
-3.000000000000000000e+00
-2.100000000000000000e+01
-3.000000000000000000e+00
-8.000000000000000000e+00
-8.000000000000000000e+00
1.400000000000000000e+01
-2.300000000000000000e+01
8.000000000000000000e+00
-2.200000000000000000e+01
2.000000000000000000e+01
1.000000000000000000e+01
1.100000000000000000e+01
-2.000000000000000000e+00
1.000000000000000000e+01
4.000000000000000000e+00
-7.000000000000000000e+00
8.000000000000000000e+00
0.000000000000000000e+00
-1.000000000000000000e+00
4.000000000000000000e+00
-2.000000000000000000e+01
1.200000000000000000e+01
-1.600000000000000000e+01
2.200000000000000000e+01
-2.600000000000000000e+01
-1.800000000000000000e+01
1.200000000000000000e+01
-6.000000000000000000e+00
-3.100000000000000000e+01
2.000000000000000000e+01
6.000000000000000000e+00
4.000000000000000000e+00
1.000000000000000000e+00
4.000000000000000000e+00
9.000000000000000000e+00
-1.200000000000000000e+01
-1.200000000000000000e+01
9.000000000000000000e+00
-2.800000000000000000e+01
9.000000000000000000e+00
2.900000000000000000e+01
7.000000000000000000e+00
-1.500000000000000000e+01
1.200000000000000000e+01
1.000000000000000000e+00
-3.000000000000000000e+00
-1.000000000000000000e+00
-4.000000000000000000e+00
-5.000000000000000000e+00
-1.100000000000000000e+01
-2.000000000000000000e+00
-3.000000000000000000e+00
5.000000000000000000e+00
-3.800000000000000000e+01
2.100000000000000000e+01
2.700000000000000000e+01
1.700000000000000000e+01
-2.700000000000000000e+01
1.400000000000000000e+01
-1.400000000000000000e+01
2.000000000000000000e+01
-1.500000000000000000e+01
-3.000000000000000000e+00
4.000000000000000000e+00
1.000000000000000000e+01
0.000000000000000000e+00
3.000000000000000000e+01
0.000000000000000000e+00
9.000000000000000000e+00
1.100000000000000000e+01
-1.200000000000000000e+01
6.000000000000000000e+00
1.600000000000000000e+01
1.100000000000000000e+01
3.800000000000000000e+01
-3.000000000000000000e+00
6.000000000000000000e+00
2.000000000000000000e+00
-9.000000000000000000e+00
2.000000000000000000e+00
-6.000000000000000000e+00
-1.400000000000000000e+01
5.000000000000000000e+00
8.000000000000000000e+00
-2.400000000000000000e+01
-1.100000000000000000e+01
-1.000000000000000000e+01
-1.600000000000000000e+01
-9.000000000000000000e+00
2.600000000000000000e+01
1.100000000000000000e+01
4.000000000000000000e+01
1.400000000000000000e+01
1.100000000000000000e+01
-7.000000000000000000e+00
-6.000000000000000000e+00
5.000000000000000000e+00
-1.000000000000000000e+01
-1.000000000000000000e+00
1.100000000000000000e+01
-2.700000000000000000e+01
-3.000000000000000000e+00
2.900000000000000000e+01
1.700000000000000000e+01
2.000000000000000000e+00
3.000000000000000000e+01
1.400000000000000000e+01
3.000000000000000000e+00
-1.300000000000000000e+01
2.100000000000000000e+01
1.100000000000000000e+01
-1.800000000000000000e+01
2.000000000000000000e+00
3.000000000000000000e+00
1.800000000000000000e+01
-7.000000000000000000e+00
8.000000000000000000e+00
-1.100000000000000000e+01
1.900000000000000000e+01
1.100000000000000000e+01
4.000000000000000000e+00
2.200000000000000000e+01
2.500000000000000000e+01
1.000000000000000000e+01
4.000000000000000000e+00
2.700000000000000000e+01
-1.900000000000000000e+01
-1.700000000000000000e+01
-1.600000000000000000e+01
4.000000000000000000e+00
-3.000000000000000000e+00
1.900000000000000000e+01
1.800000000000000000e+01
1.300000000000000000e+01
1.700000000000000000e+01
3.300000000000000000e+01
3.100000000000000000e+01
1.300000000000000000e+01
3.700000000000000000e+01
1.000000000000000000e+01
5.100000000000000000e+01
4.100000000000000000e+01
4.200000000000000000e+01
2.500000000000000000e+01
3.000000000000000000e+01
3.800000000000000000e+01
4.800000000000000000e+01
5.800000000000000000e+01
4.700000000000000000e+01
3.600000000000000000e+01
4.600000000000000000e+01
6.300000000000000000e+01
6.800000000000000000e+01
4.200000000000000000e+01
6.000000000000000000e+01
5.500000000000000000e+01
6.600000000000000000e+01
4.000000000000000000e+01
7.000000000000000000e+01
8.900000000000000000e+01
9.800000000000000000e+01
8.500000000000000000e+01
1.010000000000000000e+02
8.500000000000000000e+01
1.220000000000000000e+02
9.200000000000000000e+01
1.310000000000000000e+02
1.260000000000000000e+02
1.270000000000000000e+02
1.330000000000000000e+02
1.550000000000000000e+02
1.710000000000000000e+02
1.340000000000000000e+02
1.980000000000000000e+02
1.780000000000000000e+02
1.980000000000000000e+02
2.110000000000000000e+02
2.240000000000000000e+02
2.440000000000000000e+02
2.780000000000000000e+02
3.180000000000000000e+02
3.090000000000000000e+02
2.960000000000000000e+02
3.480000000000000000e+02
3.370000000000000000e+02
3.650000000000000000e+02
3.280000000000000000e+02
3.790000000000000000e+02
3.680000000000000000e+02
4.040000000000000000e+02
4.190000000000000000e+02
4.380000000000000000e+02
4.510000000000000000e+02
5.300000000000000000e+02
4.650000000000000000e+02
5.320000000000000000e+02
5.580000000000000000e+02
5.630000000000000000e+02
5.650000000000000000e+02
6.080000000000000000e+02
6.340000000000000000e+02
6.640000000000000000e+02
6.910000000000000000e+02
6.710000000000000000e+02
7.330000000000000000e+02
7.780000000000000000e+02
7.930000000000000000e+02
7.910000000000000000e+02
8.600000000000000000e+02
8.490000000000000000e+02
9.210000000000000000e+02
9.170000000000000000e+02
9.610000000000000000e+02
9.360000000000000000e+02
9.840000000000000000e+02
9.750000000000000000e+02
9.710000000000000000e+02
1.075000000000000000e+03
1.095000000000000000e+03
1.067000000000000000e+03
1.079000000000000000e+03
1.068000000000000000e+03
1.105000000000000000e+03
1.113000000000000000e+03
1.145000000000000000e+03
1.142000000000000000e+03
1.205000000000000000e+03
1.216000000000000000e+03
1.198000000000000000e+03
1.271000000000000000e+03
1.226000000000000000e+03
1.239000000000000000e+03
1.260000000000000000e+03
1.312000000000000000e+03
1.331000000000000000e+03
1.325000000000000000e+03
1.294000000000000000e+03
1.335000000000000000e+03
1.360000000000000000e+03
1.405000000000000000e+03
1.391000000000000000e+03
1.400000000000000000e+03
1.423000000000000000e+03
1.434000000000000000e+03
1.360000000000000000e+03
1.440000000000000000e+03
1.387000000000000000e+03
1.334000000000000000e+03
1.338000000000000000e+03
1.297000000000000000e+03
1.316000000000000000e+03
1.311000000000000000e+03
1.303000000000000000e+03
1.206000000000000000e+03
1.224000000000000000e+03
1.202000000000000000e+03
1.195000000000000000e+03
1.181000000000000000e+03
1.164000000000000000e+03
1.154000000000000000e+03
1.138000000000000000e+03
1.147000000000000000e+03
1.151000000000000000e+03
1.126000000000000000e+03
1.156000000000000000e+03
1.107000000000000000e+03
1.088000000000000000e+03
1.023000000000000000e+03
1.064000000000000000e+03
1.038000000000000000e+03
1.048000000000000000e+03
9.970000000000000000e+02
9.930000000000000000e+02
9.940000000000000000e+02
9.530000000000000000e+02
1.007000000000000000e+03
9.190000000000000000e+02
9.180000000000000000e+02
8.890000000000000000e+02
9.000000000000000000e+02
8.870000000000000000e+02
8.210000000000000000e+02
8.080000000000000000e+02
7.870000000000000000e+02
7.580000000000000000e+02
7.600000000000000000e+02
7.010000000000000000e+02
6.840000000000000000e+02
6.720000000000000000e+02
6.670000000000000000e+02
6.300000000000000000e+02
5.900000000000000000e+02
6.030000000000000000e+02
6.060000000000000000e+02
5.590000000000000000e+02
5.270000000000000000e+02
5.730000000000000000e+02
4.990000000000000000e+02
4.800000000000000000e+02
4.760000000000000000e+02
4.930000000000000000e+02
4.610000000000000000e+02
4.100000000000000000e+02
4.110000000000000000e+02
3.980000000000000000e+02
3.570000000000000000e+02
3.750000000000000000e+02
3.620000000000000000e+02
3.630000000000000000e+02
3.020000000000000000e+02
3.400000000000000000e+02
3.000000000000000000e+02
2.790000000000000000e+02
2.820000000000000000e+02
2.560000000000000000e+02
2.400000000000000000e+02
2.700000000000000000e+02
2.220000000000000000e+02
2.220000000000000000e+02
1.850000000000000000e+02
1.830000000000000000e+02
2.040000000000000000e+02
1.900000000000000000e+02
1.890000000000000000e+02
1.920000000000000000e+02
1.810000000000000000e+02
1.630000000000000000e+02
1.610000000000000000e+02
1.310000000000000000e+02
1.450000000000000000e+02
1.310000000000000000e+02
1.060000000000000000e+02
1.350000000000000000e+02
1.140000000000000000e+02
8.600000000000000000e+01
1.130000000000000000e+02
1.020000000000000000e+02
9.200000000000000000e+01
5.000000000000000000e+01
9.200000000000000000e+01
8.100000000000000000e+01
6.900000000000000000e+01
6.700000000000000000e+01
5.100000000000000000e+01
6.600000000000000000e+01
5.000000000000000000e+01
4.600000000000000000e+01
7.500000000000000000e+01
3.400000000000000000e+01
7.200000000000000000e+01
1.900000000000000000e+01
5.400000000000000000e+01
-2.000000000000000000e+00
2.000000000000000000e+01
1.600000000000000000e+01
4.000000000000000000e+01
5.000000000000000000e+01
3.300000000000000000e+01
2.700000000000000000e+01
2.900000000000000000e+01
2.600000000000000000e+01
8.000000000000000000e+00
4.000000000000000000e+00
3.300000000000000000e+01
5.000000000000000000e+00
2.100000000000000000e+01
5.000000000000000000e+00
2.800000000000000000e+01
3.100000000000000000e+01
1.800000000000000000e+01
-2.100000000000000000e+01
-7.000000000000000000e+00
7.000000000000000000e+00
2.500000000000000000e+01
6.000000000000000000e+00
1.900000000000000000e+01
1.200000000000000000e+01
-7.000000000000000000e+00
-4.000000000000000000e+00
9.000000000000000000e+00
3.000000000000000000e+00
1.100000000000000000e+01
-1.000000000000000000e+01
1.600000000000000000e+01
1.700000000000000000e+01
1.800000000000000000e+01
-1.000000000000000000e+01
-6.000000000000000000e+00
-1.000000000000000000e+00
3.900000000000000000e+01
2.700000000000000000e+01
1.200000000000000000e+01
2.900000000000000000e+01
-7.000000000000000000e+00
1.300000000000000000e+01
3.800000000000000000e+01
5.000000000000000000e+00
3.400000000000000000e+01
1.400000000000000000e+01
-1.000000000000000000e+01
1.000000000000000000e+01
-7.000000000000000000e+00
1.200000000000000000e+01
-1.000000000000000000e+00
-1.800000000000000000e+01
1.100000000000000000e+01
-1.500000000000000000e+01
-2.000000000000000000e+00
1.200000000000000000e+01
-1.500000000000000000e+01
-5.000000000000000000e+00
4.000000000000000000e+00
6.200000000000000000e+01
-1.200000000000000000e+01
1.200000000000000000e+01
-7.000000000000000000e+00
2.000000000000000000e+00
-1.400000000000000000e+01
-7.000000000000000000e+00
2.000000000000000000e+01
-1.000000000000000000e+00
1.800000000000000000e+01
-1.700000000000000000e+01
-5.000000000000000000e+00
-2.700000000000000000e+01
1.300000000000000000e+01
1.000000000000000000e+00
1.200000000000000000e+01
-8.000000000000000000e+00
-3.000000000000000000e+01
1.200000000000000000e+01
-8.000000000000000000e+00
7.000000000000000000e+00
-4.000000000000000000e+00
0.000000000000000000e+00
1.300000000000000000e+01
2.000000000000000000e+01
1.200000000000000000e+01
-2.000000000000000000e+00
2.000000000000000000e+01
1.400000000000000000e+01
2.300000000000000000e+01
-2.000000000000000000e+00
1.700000000000000000e+01
7.000000000000000000e+00
1.000000000000000000e+00
-4.000000000000000000e+00
-1.000000000000000000e+00
