-3.000000000000000000e+00
-1.000000000000000000e+00
-2.000000000000000000e+00
-4.000000000000000000e+00
-8.000000000000000000e+00
-1.000000000000000000e+00
2.000000000000000000e+00
8.000000000000000000e+00
1.000000000000000000e+00
-8.000000000000000000e+00
-2.000000000000000000e+00
1.900000000000000000e+01
8.000000000000000000e+00
5.000000000000000000e+00
-5.000000000000000000e+00
-3.000000000000000000e+00
4.000000000000000000e+00
3.000000000000000000e+00
-2.000000000000000000e+00
8.000000000000000000e+00
4.000000000000000000e+00
5.000000000000000000e+00
-4.000000000000000000e+00
-1.300000000000000000e+01
1.300000000000000000e+01
2.500000000000000000e+01
-2.300000000000000000e+01
3.000000000000000000e+00
7.000000000000000000e+00
1.400000000000000000e+01
-2.000000000000000000e+01
-1.900000000000000000e+01
9.000000000000000000e+00
-2.300000000000000000e+01
1.700000000000000000e+01
1.100000000000000000e+01
9.000000000000000000e+00
-3.000000000000000000e+00
6.000000000000000000e+00
-2.300000000000000000e+01
7.000000000000000000e+00
7.000000000000000000e+00
1.200000000000000000e+01
-2.000000000000000000e+01
-4.000000000000000000e+00
-2.500000000000000000e+01
3.000000000000000000e+00
-8.000000000000000000e+00
-1.400000000000000000e+01
-9.000000000000000000e+00
-4.400000000000000000e+01
3.600000000000000000e+01
1.000000000000000000e+00
-5.000000000000000000e+00
-3.000000000000000000e+00
-3.100000000000000000e+01
5.000000000000000000e+00
1.800000000000000000e+01
3.000000000000000000e+00
-3.500000000000000000e+01
-2.000000000000000000e+01
2.100000000000000000e+01
-5.000000000000000000e+01
-5.000000000000000000e+00
8.000000000000000000e+00
-2.800000000000000000e+01
-6.600000000000000000e+01
4.000000000000000000e+00
9.000000000000000000e+00
3.000000000000000000e+00
1.200000000000000000e+01
-3.200000000000000000e+01
6.000000000000000000e+00
3.300000000000000000e+01
-1.500000000000000000e+01
1.600000000000000000e+01
-5.000000000000000000e+00
-7.000000000000000000e+00
-1.100000000000000000e+01
3.500000000000000000e+01
-3.000000000000000000e+00
-1.600000000000000000e+01
-2.300000000000000000e+01
2.000000000000000000e+01
2.700000000000000000e+01
3.000000000000000000e+00
-2.000000000000000000e+00
8.000000000000000000e+00
-1.700000000000000000e+01
-1.000000000000000000e+01
5.200000000000000000e+01
-9.000000000000000000e+00
1.900000000000000000e+01
-2.900000000000000000e+01
2.700000000000000000e+01
-1.000000000000000000e+01
-5.000000000000000000e+00
-3.400000000000000000e+01
1.000000000000000000e+01
-1.200000000000000000e+01
6.000000000000000000e+00
0.000000000000000000e+00
-8.000000000000000000e+00
-1.000000000000000000e+00
2.300000000000000000e+01
-2.000000000000000000e+01
-1.000000000000000000e+00
-2.400000000000000000e+01
-1.600000000000000000e+01
1.100000000000000000e+01
-1.200000000000000000e+01
-4.000000000000000000e+00
4.000000000000000000e+00
3.300000000000000000e+01
-9.000000000000000000e+00
-1.600000000000000000e+01
-2.900000000000000000e+01
1.800000000000000000e+01
1.800000000000000000e+01
7.000000000000000000e+00
-1.000000000000000000e+00
-2.000000000000000000e+01
-3.500000000000000000e+01
3.100000000000000000e+01
-2.200000000000000000e+01
1.800000000000000000e+01
9.000000000000000000e+00
-1.400000000000000000e+01
-3.000000000000000000e+00
-1.800000000000000000e+01
-2.500000000000000000e+01
-1.000000000000000000e+00
-1.600000000000000000e+01
2.400000000000000000e+01
8.000000000000000000e+00
-1.600000000000000000e+01
2.800000000000000000e+01
-3.000000000000000000e+01
2.900000000000000000e+01
3.000000000000000000e+00
-3.000000000000000000e+00
-2.000000000000000000e+00
6.000000000000000000e+00
7.000000000000000000e+00
-2.700000000000000000e+01
3.000000000000000000e+00
6.000000000000000000e+00
-2.000000000000000000e+01
-6.000000000000000000e+00
-2.500000000000000000e+01
3.100000000000000000e+01
-2.200000000000000000e+01
7.000000000000000000e+00
-2.300000000000000000e+01
-5.000000000000000000e+00
-2.400000000000000000e+01
0.000000000000000000e+00
-1.300000000000000000e+01
2.800000000000000000e+01
-4.000000000000000000e+00
-4.000000000000000000e+00
1.300000000000000000e+01
-6.000000000000000000e+00
-1.000000000000000000e+01
4.000000000000000000e+00
-8.000000000000000000e+00
-1.400000000000000000e+01
1.900000000000000000e+01
0.000000000000000000e+00
-1.600000000000000000e+01
1.700000000000000000e+01
-1.900000000000000000e+01
-3.000000000000000000e+00
9.000000000000000000e+00
3.000000000000000000e+00
2.000000000000000000e+00
1.300000000000000000e+01
-2.800000000000000000e+01
-2.900000000000000000e+01
8.000000000000000000e+00
9.000000000000000000e+00
-2.900000000000000000e+01
-2.800000000000000000e+01
2.000000000000000000e+00
-1.000000000000000000e+00
-1.000000000000000000e+01
-1.800000000000000000e+01
-4.700000000000000000e+01
1.000000000000000000e+00
3.600000000000000000e+01
-1.900000000000000000e+01
-1.400000000000000000e+01
-2.700000000000000000e+01
2.400000000000000000e+01
-1.500000000000000000e+01
-9.000000000000000000e+00
1.800000000000000000e+01
-1.800000000000000000e+01
-1.000000000000000000e+00
-1.700000000000000000e+01
1.600000000000000000e+01
-3.500000000000000000e+01
1.300000000000000000e+01
9.000000000000000000e+00
1.300000000000000000e+01
-1.600000000000000000e+01
4.000000000000000000e+00
2.100000000000000000e+01
-6.000000000000000000e+00
1.000000000000000000e+01
-2.900000000000000000e+01
-1.000000000000000000e+00
1.100000000000000000e+01
-4.000000000000000000e+00
5.000000000000000000e+00
-2.100000000000000000e+01
5.000000000000000000e+00
-6.000000000000000000e+00
-2.900000000000000000e+01
-1.500000000000000000e+01
3.100000000000000000e+01
-2.000000000000000000e+01
7.000000000000000000e+00
-1.000000000000000000e+00
4.000000000000000000e+00
-7.000000000000000000e+00
-7.000000000000000000e+00
-3.500000000000000000e+01
2.200000000000000000e+01
7.000000000000000000e+00
-4.400000000000000000e+01
6.000000000000000000e+00
-2.300000000000000000e+01
2.600000000000000000e+01
-2.700000000000000000e+01
-7.000000000000000000e+00
-2.200000000000000000e+01
-1.100000000000000000e+01
1.800000000000000000e+01
-2.000000000000000000e+01
-5.400000000000000000e+01
5.000000000000000000e+00
5.000000000000000000e+00
-1.000000000000000000e+00
-2.900000000000000000e+01
-5.000000000000000000e+00
1.500000000000000000e+01
1.700000000000000000e+01
9.000000000000000000e+00
-6.000000000000000000e+00
1.000000000000000000e+01
1.500000000000000000e+01
4.000000000000000000e+00
1.600000000000000000e+01
-3.000000000000000000e+00
1.600000000000000000e+01
-2.000000000000000000e+00
-1.200000000000000000e+01
3.400000000000000000e+01
-3.000000000000000000e+00
6.000000000000000000e+00
3.000000000000000000e+00
6.000000000000000000e+00
-2.300000000000000000e+01
-4.000000000000000000e+00
9.000000000000000000e+00
0.000000000000000000e+00
-2.000000000000000000e+00
2.900000000000000000e+01
-1.000000000000000000e+01
-3.700000000000000000e+01
1.400000000000000000e+01
-3.900000000000000000e+01
1.900000000000000000e+01
-2.000000000000000000e+00
-1.000000000000000000e+00
-2.000000000000000000e+01
3.100000000000000000e+01
-9.000000000000000000e+00
-1.000000000000000000e+00
6.000000000000000000e+00
2.000000000000000000e+01
-8.000000000000000000e+00
1.100000000000000000e+01
-1.000000000000000000e+00
5.000000000000000000e+00
-8.000000000000000000e+00
2.000000000000000000e+00
-2.000000000000000000e+00
2.000000000000000000e+01
-1.100000000000000000e+01
-2.000000000000000000e+00
-1.600000000000000000e+01
2.100000000000000000e+01
1.000000000000000000e+01
4.000000000000000000e+00
4.000000000000000000e+00
-8.000000000000000000e+00
-1.200000000000000000e+01
-1.600000000000000000e+01
7.000000000000000000e+00
-2.600000000000000000e+01
2.300000000000000000e+01
-3.000000000000000000e+01
-3.000000000000000000e+00
2.000000000000000000e+00
1.900000000000000000e+01
3.300000000000000000e+01
-1.500000000000000000e+01
-1.800000000000000000e+01
2.600000000000000000e+01
0.000000000000000000e+00
-1.000000000000000000e+01
1.300000000000000000e+01
-9.000000000000000000e+00
-4.000000000000000000e+00
2.000000000000000000e+00
1.200000000000000000e+01
2.700000000000000000e+01
-2.400000000000000000e+01
-2.000000000000000000e+01
9.000000000000000000e+00
-7.000000000000000000e+00
8.000000000000000000e+00
-7.000000000000000000e+00
1.300000000000000000e+01
2.800000000000000000e+01
2.400000000000000000e+01
2.000000000000000000e+00
-3.000000000000000000e+01
-1.300000000000000000e+01
1.500000000000000000e+01
4.000000000000000000e+00
6.000000000000000000e+00
-1.700000000000000000e+01
1.300000000000000000e+01
-1.500000000000000000e+01
-1.000000000000000000e+01
5.600000000000000000e+01
6.000000000000000000e+00
1.000000000000000000e+01
3.000000000000000000e+00
0.000000000000000000e+00
1.600000000000000000e+01
0.000000000000000000e+00
-1.000000000000000000e+00
7.000000000000000000e+00
-2.700000000000000000e+01
2.000000000000000000e+01
-3.000000000000000000e+00
1.100000000000000000e+01
-1.300000000000000000e+01
-1.300000000000000000e+01
-3.900000000000000000e+01
-2.700000000000000000e+01
-5.000000000000000000e+00
-1.700000000000000000e+01
1.400000000000000000e+01
-3.000000000000000000e+00
-9.000000000000000000e+00
1.100000000000000000e+01
-1.900000000000000000e+01
-1.300000000000000000e+01
4.000000000000000000e+00
4.200000000000000000e+01
1.000000000000000000e+01
-3.000000000000000000e+01
1.000000000000000000e+01
1.900000000000000000e+01
1.100000000000000000e+01
-1.000000000000000000e+00
1.500000000000000000e+01
-1.200000000000000000e+01
-4.000000000000000000e+00
-2.000000000000000000e+00
-4.700000000000000000e+01
2.200000000000000000e+01
0.000000000000000000e+00
7.000000000000000000e+00
1.000000000000000000e+01
-2.000000000000000000e+00
1.700000000000000000e+01
1.000000000000000000e+01
-1.200000000000000000e+01
1.600000000000000000e+01
9.000000000000000000e+00
9.000000000000000000e+00
1.700000000000000000e+01
-4.000000000000000000e+01
-1.400000000000000000e+01
-6.000000000000000000e+00
1.400000000000000000e+01
-5.000000000000000000e+00
1.600000000000000000e+01
1.800000000000000000e+01
3.900000000000000000e+01
-1.600000000000000000e+01
-4.000000000000000000e+00
-1.000000000000000000e+01
-2.300000000000000000e+01
5.000000000000000000e+00
8.000000000000000000e+00
9.000000000000000000e+00
-1.600000000000000000e+01
-3.400000000000000000e+01
-1.400000000000000000e+01
-1.100000000000000000e+01
-1.800000000000000000e+01
-9.000000000000000000e+00
3.000000000000000000e+01
1.200000000000000000e+01
-2.900000000000000000e+01
0.000000000000000000e+00
-1.300000000000000000e+01
-3.000000000000000000e+00
-2.000000000000000000e+00
1.500000000000000000e+01
2.100000000000000000e+01
-2.000000000000000000e+00
-1.300000000000000000e+01
3.200000000000000000e+01
-2.100000000000000000e+01
3.000000000000000000e+00
-1.000000000000000000e+00
-1.100000000000000000e+01
-3.000000000000000000e+00
0.000000000000000000e+00
-2.900000000000000000e+01
3.000000000000000000e+00
-2.000000000000000000e+00
-1.700000000000000000e+01
-4.000000000000000000e+00
-2.700000000000000000e+01
-6.000000000000000000e+00
-3.000000000000000000e+00
-3.500000000000000000e+01
-4.000000000000000000e+00
-5.000000000000000000e+00
-1.500000000000000000e+01
-2.000000000000000000e+00
5.000000000000000000e+00
-3.900000000000000000e+01
-7.000000000000000000e+00
-2.000000000000000000e+01
-1.200000000000000000e+01
1.000000000000000000e+00
-5.000000000000000000e+00
-3.000000000000000000e+00
2.800000000000000000e+01
-1.000000000000000000e+01
1.200000000000000000e+01
-1.800000000000000000e+01
-1.400000000000000000e+01
1.200000000000000000e+01
-4.000000000000000000e+00
2.000000000000000000e+01
1.600000000000000000e+01
-3.000000000000000000e+00
2.900000000000000000e+01
-7.000000000000000000e+00
-8.000000000000000000e+00
-1.400000000000000000e+01
1.900000000000000000e+01
-7.000000000000000000e+00
-1.600000000000000000e+01
-6.000000000000000000e+00
0.000000000000000000e+00
1.500000000000000000e+01
1.300000000000000000e+01
7.000000000000000000e+00
0.000000000000000000e+00
2.000000000000000000e+00
-2.300000000000000000e+01
-1.100000000000000000e+01
-5.000000000000000000e+00
1.800000000000000000e+01
-1.700000000000000000e+01
1.600000000000000000e+01
5.000000000000000000e+00
1.300000000000000000e+01
1.000000000000000000e+00
0.000000000000000000e+00
2.000000000000000000e+01
3.200000000000000000e+01
1.000000000000000000e+01
2.000000000000000000e+01
2.200000000000000000e+01
5.000000000000000000e+00
-1.100000000000000000e+01
2.200000000000000000e+01
-8.000000000000000000e+00
2.000000000000000000e+00
-2.400000000000000000e+01
2.200000000000000000e+01
3.200000000000000000e+01
-7.000000000000000000e+00
2.100000000000000000e+01
7.000000000000000000e+00
5.000000000000000000e+00
2.200000000000000000e+01
1.300000000000000000e+01
0.000000000000000000e+00
6.000000000000000000e+00
3.600000000000000000e+01
-1.000000000000000000e+00
3.200000000000000000e+01
9.000000000000000000e+00
-6.000000000000000000e+00
1.000000000000000000e+01
-3.400000000000000000e+01
2.200000000000000000e+01
1.000000000000000000e+01
1.500000000000000000e+01
4.000000000000000000e+00
0.000000000000000000e+00
-6.000000000000000000e+00
3.000000000000000000e+00
2.000000000000000000e+00
-2.000000000000000000e+01
9.000000000000000000e+00
0.000000000000000000e+00
2.500000000000000000e+01
2.700000000000000000e+01
3.100000000000000000e+01
5.200000000000000000e+01
-3.000000000000000000e+00
2.000000000000000000e+01
6.500000000000000000e+01
2.900000000000000000e+01
4.500000000000000000e+01
3.600000000000000000e+01
8.000000000000000000e+01
6.800000000000000000e+01
7.500000000000000000e+01
1.060000000000000000e+02
6.600000000000000000e+01
1.150000000000000000e+02
5.800000000000000000e+01
7.900000000000000000e+01
5.700000000000000000e+01
9.600000000000000000e+01
6.200000000000000000e+01
1.140000000000000000e+02
3.300000000000000000e+01
7.000000000000000000e+01
6.000000000000000000e+01
6.000000000000000000e+01
4.600000000000000000e+01
5.200000000000000000e+01
7.000000000000000000e+01
9.000000000000000000e+01
3.400000000000000000e+01
8.000000000000000000e+00
9.000000000000000000e+00
-8.000000000000000000e+00
1.300000000000000000e+01
1.700000000000000000e+01
-4.000000000000000000e+00
-1.500000000000000000e+01
1.300000000000000000e+01
-2.200000000000000000e+01
9.000000000000000000e+00
-1.000000000000000000e+00
-1.100000000000000000e+01
1.200000000000000000e+01
-1.500000000000000000e+01
5.000000000000000000e+00
1.600000000000000000e+01
1.200000000000000000e+01
-1.400000000000000000e+01
2.200000000000000000e+01
3.600000000000000000e+01
1.000000000000000000e+01
1.900000000000000000e+01
1.400000000000000000e+01
4.000000000000000000e+00
7.000000000000000000e+00
-1.600000000000000000e+01
-2.000000000000000000e+01
-1.500000000000000000e+01
9.000000000000000000e+00
-3.000000000000000000e+00
4.000000000000000000e+01
1.000000000000000000e+01
1.000000000000000000e+01
1.700000000000000000e+01
4.400000000000000000e+01
1.300000000000000000e+01
-6.000000000000000000e+00
6.000000000000000000e+00
-1.000000000000000000e+01
3.000000000000000000e+00
-1.900000000000000000e+01
1.100000000000000000e+01
-8.000000000000000000e+00
7.000000000000000000e+00
-1.000000000000000000e+01
3.300000000000000000e+01
4.400000000000000000e+01
-2.000000000000000000e+00
-1.300000000000000000e+01
2.300000000000000000e+01
-2.700000000000000000e+01
1.900000000000000000e+01
2.400000000000000000e+01
-1.600000000000000000e+01
-8.000000000000000000e+00
3.000000000000000000e+00
7.000000000000000000e+00
4.600000000000000000e+01
4.000000000000000000e+00
6.000000000000000000e+00
1.500000000000000000e+01
1.500000000000000000e+01
0.000000000000000000e+00
3.000000000000000000e+01
-1.000000000000000000e+00
1.900000000000000000e+01
3.000000000000000000e+01
1.900000000000000000e+01
-4.000000000000000000e+00
2.300000000000000000e+01
8.000000000000000000e+00
3.300000000000000000e+01
1.900000000000000000e+01
2.000000000000000000e+01
-5.000000000000000000e+00
2.600000000000000000e+01
2.100000000000000000e+01
5.000000000000000000e+00
-7.000000000000000000e+00
5.000000000000000000e+00
2.700000000000000000e+01
-2.000000000000000000e+01
7.000000000000000000e+00
2.300000000000000000e+01
1.000000000000000000e+00
-4.000000000000000000e+00
-6.000000000000000000e+00
3.100000000000000000e+01
-1.600000000000000000e+01
4.000000000000000000e+00
-2.000000000000000000e+01
-1.000000000000000000e+01
4.000000000000000000e+00
5.300000000000000000e+01
1.300000000000000000e+01
3.100000000000000000e+01
4.000000000000000000e+00
6.000000000000000000e+00
1.000000000000000000e+01
-2.700000000000000000e+01
-2.600000000000000000e+01
-1.000000000000000000e+00
1.000000000000000000e+00
-1.400000000000000000e+01
-1.000000000000000000e+00
7.000000000000000000e+00
1.000000000000000000e+01
6.000000000000000000e+00
-7.000000000000000000e+00
5.000000000000000000e+00
-3.100000000000000000e+01
2.800000000000000000e+01
1.600000000000000000e+01
-1.000000000000000000e+01
2.000000000000000000e+00
2.700000000000000000e+01
-1.600000000000000000e+01
-1.300000000000000000e+01
1.000000000000000000e+00
-1.700000000000000000e+01
1.700000000000000000e+01
7.000000000000000000e+00
-1.800000000000000000e+01
2.600000000000000000e+01
-1.200000000000000000e+01
-1.400000000000000000e+01
-3.000000000000000000e+00
2.500000000000000000e+01
1.200000000000000000e+01
6.000000000000000000e+00
3.000000000000000000e+00
1.400000000000000000e+01
5.000000000000000000e+00
0.000000000000000000e+00
2.000000000000000000e+00
1.000000000000000000e+01
1.000000000000000000e+01
1.900000000000000000e+01
-1.000000000000000000e+01
-1.100000000000000000e+01
-1.000000000000000000e+01
4.500000000000000000e+01
8.000000000000000000e+00
-3.400000000000000000e+01
-2.000000000000000000e+00
-2.400000000000000000e+01
-1.400000000000000000e+01
-2.900000000000000000e+01
1.300000000000000000e+01
1.300000000000000000e+01
3.100000000000000000e+01
-2.000000000000000000e+01
3.000000000000000000e+00
7.000000000000000000e+00
3.000000000000000000e+01
1.200000000000000000e+01
1.200000000000000000e+01
-7.000000000000000000e+00
-7.000000000000000000e+00
-9.000000000000000000e+00
-6.000000000000000000e+00
-4.000000000000000000e+01
1.100000000000000000e+01
-9.000000000000000000e+00
-1.000000000000000000e+01
-1.100000000000000000e+01
2.400000000000000000e+01
-5.000000000000000000e+00
-1.400000000000000000e+01
2.600000000000000000e+01
7.000000000000000000e+00
2.000000000000000000e+01
-4.000000000000000000e+00
-1.000000000000000000e+00
1.700000000000000000e+01
-1.700000000000000000e+01
7.000000000000000000e+00
1.500000000000000000e+01
2.400000000000000000e+01
-6.000000000000000000e+00
1.000000000000000000e+01
4.000000000000000000e+00
1.300000000000000000e+01
1.200000000000000000e+01
-3.200000000000000000e+01
8.000000000000000000e+00
1.900000000000000000e+01
4.300000000000000000e+01
3.000000000000000000e+00
-1.900000000000000000e+01
2.800000000000000000e+01
5.800000000000000000e+01
-1.300000000000000000e+01
-3.000000000000000000e+00
2.000000000000000000e+01
-1.400000000000000000e+01
3.300000000000000000e+01
2.200000000000000000e+01
1.700000000000000000e+01
4.000000000000000000e+01
1.100000000000000000e+01
2.300000000000000000e+01
1.800000000000000000e+01
2.500000000000000000e+01
1.300000000000000000e+01
5.400000000000000000e+01
2.200000000000000000e+01
2.200000000000000000e+01
-3.000000000000000000e+00
2.100000000000000000e+01
1.200000000000000000e+01
3.100000000000000000e+01
3.600000000000000000e+01
2.400000000000000000e+01
4.800000000000000000e+01
8.000000000000000000e+00
1.100000000000000000e+01
2.500000000000000000e+01
6.000000000000000000e+00
-1.000000000000000000e+00
-1.100000000000000000e+01
-2.000000000000000000e+00
2.900000000000000000e+01
1.300000000000000000e+01
4.000000000000000000e+00
1.700000000000000000e+01
-1.200000000000000000e+01
0.000000000000000000e+00
-1.000000000000000000e+01
3.300000000000000000e+01
1.300000000000000000e+01
2.100000000000000000e+01
-5.000000000000000000e+00
6.000000000000000000e+00
2.400000000000000000e+01
4.300000000000000000e+01
-4.000000000000000000e+00
2.300000000000000000e+01
-1.600000000000000000e+01
1.700000000000000000e+01
-5.000000000000000000e+00
9.000000000000000000e+00
1.300000000000000000e+01
1.800000000000000000e+01
-2.200000000000000000e+01
1.700000000000000000e+01
2.100000000000000000e+01
3.100000000000000000e+01
3.900000000000000000e+01
-1.000000000000000000e+01
2.700000000000000000e+01
2.900000000000000000e+01
-1.600000000000000000e+01
2.100000000000000000e+01
2.600000000000000000e+01
2.700000000000000000e+01
6.300000000000000000e+01
1.700000000000000000e+01
4.000000000000000000e+00
1.100000000000000000e+01
-4.000000000000000000e+00
1.000000000000000000e+00
6.300000000000000000e+01
1.500000000000000000e+01
2.500000000000000000e+01
5.000000000000000000e+00
-3.000000000000000000e+00
2.900000000000000000e+01
3.800000000000000000e+01
9.000000000000000000e+00
5.000000000000000000e+00
3.700000000000000000e+01
4.000000000000000000e+00
4.200000000000000000e+01
3.900000000000000000e+01
4.700000000000000000e+01
1.700000000000000000e+01
5.000000000000000000e+01
1.600000000000000000e+01
1.400000000000000000e+01
2.300000000000000000e+01
5.000000000000000000e+00
3.800000000000000000e+01
2.100000000000000000e+01
4.100000000000000000e+01
0.000000000000000000e+00
4.100000000000000000e+01
1.700000000000000000e+01
1.400000000000000000e+01
1.700000000000000000e+01
1.700000000000000000e+01
-1.300000000000000000e+01
1.400000000000000000e+01
5.000000000000000000e+00
4.900000000000000000e+01
-1.700000000000000000e+01
1.100000000000000000e+01
5.100000000000000000e+01
1.100000000000000000e+01
2.300000000000000000e+01
2.200000000000000000e+01
2.500000000000000000e+01
-2.100000000000000000e+01
3.900000000000000000e+01
2.100000000000000000e+01
7.700000000000000000e+01
4.600000000000000000e+01
5.600000000000000000e+01
5.700000000000000000e+01
5.000000000000000000e+01
3.400000000000000000e+01
4.000000000000000000e+01
5.600000000000000000e+01
7.700000000000000000e+01
8.500000000000000000e+01
4.600000000000000000e+01
4.000000000000000000e+01
9.800000000000000000e+01
6.700000000000000000e+01
1.090000000000000000e+02
8.400000000000000000e+01
1.140000000000000000e+02
1.410000000000000000e+02
1.710000000000000000e+02
1.000000000000000000e+02
1.280000000000000000e+02
1.700000000000000000e+02
1.290000000000000000e+02
1.650000000000000000e+02
2.080000000000000000e+02
2.390000000000000000e+02
2.250000000000000000e+02
2.730000000000000000e+02
2.670000000000000000e+02
2.600000000000000000e+02
2.950000000000000000e+02
3.300000000000000000e+02
3.750000000000000000e+02
3.960000000000000000e+02
3.940000000000000000e+02
4.410000000000000000e+02
4.610000000000000000e+02
4.760000000000000000e+02
5.270000000000000000e+02
6.000000000000000000e+02
6.520000000000000000e+02
6.810000000000000000e+02
7.280000000000000000e+02
7.880000000000000000e+02
8.670000000000000000e+02
8.860000000000000000e+02
9.690000000000000000e+02
1.083000000000000000e+03
1.166000000000000000e+03
1.242000000000000000e+03
1.311000000000000000e+03
1.388000000000000000e+03
1.503000000000000000e+03
1.593000000000000000e+03
1.783000000000000000e+03
1.848000000000000000e+03
1.970000000000000000e+03
2.074000000000000000e+03
2.250000000000000000e+03
2.338000000000000000e+03
2.516000000000000000e+03
2.678000000000000000e+03
2.741000000000000000e+03
2.929000000000000000e+03
3.052000000000000000e+03
3.236000000000000000e+03
3.343000000000000000e+03
3.516000000000000000e+03
3.686000000000000000e+03
3.706000000000000000e+03
3.854000000000000000e+03
3.969000000000000000e+03
4.126000000000000000e+03
4.180000000000000000e+03
4.319000000000000000e+03
4.388000000000000000e+03
4.443000000000000000e+03
4.511000000000000000e+03
4.624000000000000000e+03
4.535000000000000000e+03
4.637000000000000000e+03
4.589000000000000000e+03
4.618000000000000000e+03
4.559000000000000000e+03
4.482000000000000000e+03
4.502000000000000000e+03
4.434000000000000000e+03
4.366000000000000000e+03
4.231000000000000000e+03
4.172000000000000000e+03
4.036000000000000000e+03
3.968000000000000000e+03
3.736000000000000000e+03
3.639000000000000000e+03
3.463000000000000000e+03
3.263000000000000000e+03
3.138000000000000000e+03
3.025000000000000000e+03
2.895000000000000000e+03
2.709000000000000000e+03
2.569000000000000000e+03
2.349000000000000000e+03
2.202000000000000000e+03
2.067000000000000000e+03
1.914000000000000000e+03
1.769000000000000000e+03
1.619000000000000000e+03
1.491000000000000000e+03
1.363000000000000000e+03
1.289000000000000000e+03
1.148000000000000000e+03
1.021000000000000000e+03
9.560000000000000000e+02
8.470000000000000000e+02
7.390000000000000000e+02
6.340000000000000000e+02
6.180000000000000000e+02
5.350000000000000000e+02
4.620000000000000000e+02
4.400000000000000000e+02
4.050000000000000000e+02
3.470000000000000000e+02
2.690000000000000000e+02
2.710000000000000000e+02
2.580000000000000000e+02
2.150000000000000000e+02
1.640000000000000000e+02
1.250000000000000000e+02
1.570000000000000000e+02
1.580000000000000000e+02
1.410000000000000000e+02
1.100000000000000000e+02
1.030000000000000000e+02
4.400000000000000000e+01
1.800000000000000000e+01
9.300000000000000000e+01
3.200000000000000000e+01
3.700000000000000000e+01
8.000000000000000000e+01
1.800000000000000000e+01
3.500000000000000000e+01
3.500000000000000000e+01
1.800000000000000000e+01
4.700000000000000000e+01
7.300000000000000000e+01
2.900000000000000000e+01
2.800000000000000000e+01
1.400000000000000000e+01
2.500000000000000000e+01
2.800000000000000000e+01
2.600000000000000000e+01
1.600000000000000000e+01
3.400000000000000000e+01
7.000000000000000000e+00
3.700000000000000000e+01
1.700000000000000000e+01
-1.000000000000000000e+01
3.400000000000000000e+01
1.200000000000000000e+01
1.800000000000000000e+01
-1.200000000000000000e+01
4.700000000000000000e+01
3.200000000000000000e+01
-1.000000000000000000e+00
1.100000000000000000e+01
1.800000000000000000e+01
3.100000000000000000e+01
2.800000000000000000e+01
-1.200000000000000000e+01
2.000000000000000000e+00
4.000000000000000000e+00
1.000000000000000000e+00
1.300000000000000000e+01
1.600000000000000000e+01
-4.000000000000000000e+00
1.500000000000000000e+01
2.200000000000000000e+01
2.700000000000000000e+01
4.100000000000000000e+01
7.000000000000000000e+00
3.400000000000000000e+01
2.000000000000000000e+01
1.200000000000000000e+01
-2.000000000000000000e+00
1.500000000000000000e+01
8.000000000000000000e+00
1.000000000000000000e+00
3.900000000000000000e+01
1.400000000000000000e+01
5.000000000000000000e+00
1.900000000000000000e+01
2.000000000000000000e+00
1.600000000000000000e+01
2.200000000000000000e+01
3.400000000000000000e+01
4.200000000000000000e+01
4.200000000000000000e+01
9.000000000000000000e+00
1.700000000000000000e+01
5.000000000000000000e+00
1.200000000000000000e+01
2.400000000000000000e+01
1.900000000000000000e+01
3.000000000000000000e+01
-1.100000000000000000e+01
3.800000000000000000e+01
1.700000000000000000e+01
1.800000000000000000e+01
6.500000000000000000e+01
1.000000000000000000e+00
1.100000000000000000e+01
1.600000000000000000e+01
2.600000000000000000e+01
1.500000000000000000e+01
-7.000000000000000000e+00
2.000000000000000000e+01
2.000000000000000000e+01
1.000000000000000000e+01
1.600000000000000000e+01
4.400000000000000000e+01
0.000000000000000000e+00
3.000000000000000000e+00
1.000000000000000000e+00
1.900000000000000000e+01
-3.800000000000000000e+01
1.900000000000000000e+01
2.200000000000000000e+01
2.000000000000000000e+00
-4.000000000000000000e+00
4.700000000000000000e+01
1.100000000000000000e+01
1.900000000000000000e+01
1.800000000000000000e+01
1.000000000000000000e+01
2.300000000000000000e+01
2.000000000000000000e+01
5.000000000000000000e+00
-1.200000000000000000e+01
8.000000000000000000e+00
2.100000000000000000e+01
-1.000000000000000000e+01
9.000000000000000000e+00
2.400000000000000000e+01
1.400000000000000000e+01
2.900000000000000000e+01
3.000000000000000000e+00
-1.400000000000000000e+01
7.000000000000000000e+00
-8.000000000000000000e+00
2.000000000000000000e+01
1.600000000000000000e+01
-1.000000000000000000e+00
1.500000000000000000e+01
2.600000000000000000e+01
1.900000000000000000e+01
4.000000000000000000e+00
3.100000000000000000e+01
3.200000000000000000e+01
4.200000000000000000e+01
1.400000000000000000e+01
1.600000000000000000e+01
3.700000000000000000e+01
-1.400000000000000000e+01
1.300000000000000000e+01
5.000000000000000000e+00
3.800000000000000000e+01
4.100000000000000000e+01
1.000000000000000000e+01
-1.800000000000000000e+01
-1.500000000000000000e+01
1.700000000000000000e+01
9.000000000000000000e+00
2.900000000000000000e+01
1.700000000000000000e+01
3.200000000000000000e+01
2.500000000000000000e+01
3.000000000000000000e+00
2.500000000000000000e+01
1.900000000000000000e+01
3.900000000000000000e+01
2.100000000000000000e+01
-1.600000000000000000e+01
4.200000000000000000e+01
3.000000000000000000e+01
2.300000000000000000e+01
7.000000000000000000e+00
2.200000000000000000e+01
6.000000000000000000e+00
7.000000000000000000e+00
3.500000000000000000e+01
4.000000000000000000e+00
3.800000000000000000e+01
3.500000000000000000e+01
1.800000000000000000e+01
2.800000000000000000e+01
3.300000000000000000e+01
1.200000000000000000e+01
-3.000000000000000000e+00
-1.000000000000000000e+01
2.800000000000000000e+01
1.400000000000000000e+01
1.000000000000000000e+01
-1.100000000000000000e+01
1.000000000000000000e+00
2.300000000000000000e+01
-1.400000000000000000e+01
-6.000000000000000000e+00
0.000000000000000000e+00
4.500000000000000000e+01
-2.600000000000000000e+01
2.500000000000000000e+01
4.600000000000000000e+01
5.000000000000000000e+00
-1.900000000000000000e+01
4.100000000000000000e+01
0.000000000000000000e+00
3.200000000000000000e+01
2.600000000000000000e+01
-3.300000000000000000e+01
-4.200000000000000000e+01
8.000000000000000000e+00
-1.000000000000000000e+01
-3.000000000000000000e+00
4.800000000000000000e+01
7.000000000000000000e+00
3.800000000000000000e+01
-8.000000000000000000e+00
7.000000000000000000e+00
1.800000000000000000e+01
1.200000000000000000e+01
9.000000000000000000e+00
3.300000000000000000e+01
-6.000000000000000000e+00
-1.100000000000000000e+01
2.100000000000000000e+01
2.200000000000000000e+01
3.000000000000000000e+01
9.000000000000000000e+00
-2.000000000000000000e+00
-2.000000000000000000e+00
2.000000000000000000e+00
1.800000000000000000e+01
1.500000000000000000e+01
1.000000000000000000e+01
4.000000000000000000e+00
1.300000000000000000e+01
2.300000000000000000e+01
1.000000000000000000e+00
7.000000000000000000e+00
1.200000000000000000e+01
-1.600000000000000000e+01
6.000000000000000000e+00
4.000000000000000000e+01
0.000000000000000000e+00
2.000000000000000000e+00
1.200000000000000000e+01
9.000000000000000000e+00
1.800000000000000000e+01
2.500000000000000000e+01
-1.100000000000000000e+01
1.900000000000000000e+01
-2.400000000000000000e+01
1.000000000000000000e+00
-7.000000000000000000e+00
1.900000000000000000e+01
-8.000000000000000000e+00
7.000000000000000000e+00
2.100000000000000000e+01
-1.000000000000000000e+00
1.000000000000000000e+00
2.300000000000000000e+01
6.000000000000000000e+00
2.500000000000000000e+01
2.000000000000000000e+01
1.100000000000000000e+01
2.000000000000000000e+01
1.000000000000000000e+01
5.000000000000000000e+00
4.000000000000000000e+00
-1.300000000000000000e+01
-1.000000000000000000e+00
1.600000000000000000e+01
3.000000000000000000e+01
3.900000000000000000e+01
7.000000000000000000e+00
1.700000000000000000e+01
2.100000000000000000e+01
1.000000000000000000e+01
5.000000000000000000e+00
2.400000000000000000e+01
8.000000000000000000e+00
2.400000000000000000e+01
2.000000000000000000e+00
4.000000000000000000e+00
1.900000000000000000e+01
2.400000000000000000e+01
-8.000000000000000000e+00
0.000000000000000000e+00
1.800000000000000000e+01
2.800000000000000000e+01
-4.000000000000000000e+00
3.000000000000000000e+01
1.900000000000000000e+01
1.500000000000000000e+01
3.000000000000000000e+01
-2.400000000000000000e+01
4.000000000000000000e+00
1.100000000000000000e+01
1.500000000000000000e+01
2.800000000000000000e+01
4.400000000000000000e+01
2.100000000000000000e+01
-1.000000000000000000e+00
-1.400000000000000000e+01
2.300000000000000000e+01
2.000000000000000000e+01
-2.000000000000000000e+00
1.600000000000000000e+01
3.100000000000000000e+01
4.000000000000000000e+00
3.200000000000000000e+01
4.200000000000000000e+01
2.900000000000000000e+01
-1.000000000000000000e+00
2.000000000000000000e+01
3.100000000000000000e+01
-5.000000000000000000e+00
9.000000000000000000e+00
8.000000000000000000e+00
2.700000000000000000e+01
3.000000000000000000e+01
1.500000000000000000e+01
-7.000000000000000000e+00
-1.800000000000000000e+01
2.000000000000000000e+00
-1.000000000000000000e+00
2.000000000000000000e+00
-1.000000000000000000e+00
-9.000000000000000000e+00
5.000000000000000000e+00
2.100000000000000000e+01
1.300000000000000000e+01
5.000000000000000000e+00
1.000000000000000000e+01
1.400000000000000000e+01
-5.000000000000000000e+00
2.000000000000000000e+00
9.000000000000000000e+00
-4.000000000000000000e+00
-1.700000000000000000e+01
5.000000000000000000e+00
4.000000000000000000e+00
-1.000000000000000000e+00
1.400000000000000000e+01
2.100000000000000000e+01
-1.400000000000000000e+01
4.600000000000000000e+01
1.100000000000000000e+01
1.100000000000000000e+01
3.500000000000000000e+01
-4.000000000000000000e+00
-1.300000000000000000e+01
1.100000000000000000e+01
9.000000000000000000e+00
7.000000000000000000e+00
2.000000000000000000e+01
-7.000000000000000000e+00
7.000000000000000000e+00
-1.500000000000000000e+01
1.500000000000000000e+01
4.000000000000000000e+00
1.000000000000000000e+00
-1.000000000000000000e+00
-2.000000000000000000e+00
-3.000000000000000000e+01
-7.000000000000000000e+00
-1.300000000000000000e+01
1.200000000000000000e+01
1.000000000000000000e+01
2.000000000000000000e+00
2.600000000000000000e+01
-2.200000000000000000e+01
-7.000000000000000000e+00
-3.200000000000000000e+01
3.000000000000000000e+00
-3.000000000000000000e+00
2.200000000000000000e+01
2.900000000000000000e+01
-2.500000000000000000e+01
-3.000000000000000000e+00
1.500000000000000000e+01
-2.000000000000000000e+00
-1.200000000000000000e+01
1.500000000000000000e+01
-3.500000000000000000e+01
1.600000000000000000e+01
-1.200000000000000000e+01
2.100000000000000000e+01
-1.100000000000000000e+01
4.000000000000000000e+00
2.900000000000000000e+01
-8.000000000000000000e+00
1.300000000000000000e+01
-1.200000000000000000e+01
-1.700000000000000000e+01
-2.000000000000000000e+00
3.500000000000000000e+01
-2.400000000000000000e+01
-2.300000000000000000e+01
1.000000000000000000e+01
1.300000000000000000e+01
1.300000000000000000e+01
-1.200000000000000000e+01
1.200000000000000000e+01
-3.300000000000000000e+01
1.700000000000000000e+01
2.000000000000000000e+01
3.000000000000000000e+00
-6.000000000000000000e+00
1.000000000000000000e+00
-8.000000000000000000e+00
-2.200000000000000000e+01
1.600000000000000000e+01
0.000000000000000000e+00
-9.000000000000000000e+00
4.000000000000000000e+00
-2.000000000000000000e+00
1.200000000000000000e+01
3.400000000000000000e+01
-8.000000000000000000e+00
1.800000000000000000e+01
2.100000000000000000e+01
-1.800000000000000000e+01
-9.000000000000000000e+00
1.500000000000000000e+01
1.300000000000000000e+01
-2.000000000000000000e+00
-1.000000000000000000e+00
-4.000000000000000000e+00
-1.200000000000000000e+01
4.000000000000000000e+00
-1.600000000000000000e+01
-1.000000000000000000e+00
-2.400000000000000000e+01
8.000000000000000000e+00
2.000000000000000000e+01
5.500000000000000000e+01
-4.000000000000000000e+00
-6.000000000000000000e+00
8.000000000000000000e+00
-1.200000000000000000e+01
4.000000000000000000e+00
-2.700000000000000000e+01
3.500000000000000000e+01
1.400000000000000000e+01
-2.100000000000000000e+01
1.000000000000000000e+00
2.100000000000000000e+01
-1.800000000000000000e+01
-2.300000000000000000e+01
-1.000000000000000000e+00
-3.400000000000000000e+01
-1.200000000000000000e+01
4.000000000000000000e+00
-1.000000000000000000e+00
2.000000000000000000e+00
2.400000000000000000e+01
-1.000000000000000000e+00
1.200000000000000000e+01
-2.100000000000000000e+01
2.700000000000000000e+01
-1.600000000000000000e+01
1.400000000000000000e+01
-9.000000000000000000e+00
1.200000000000000000e+01
1.400000000000000000e+01
1.100000000000000000e+01
-2.600000000000000000e+01
2.000000000000000000e+01
2.100000000000000000e+01
-9.000000000000000000e+00
-2.000000000000000000e+00
0.000000000000000000e+00
-2.600000000000000000e+01
5.000000000000000000e+00
-1.500000000000000000e+01
-1.000000000000000000e+01
6.000000000000000000e+00
-3.600000000000000000e+01
1.700000000000000000e+01
-1.600000000000000000e+01
2.900000000000000000e+01
1.200000000000000000e+01
-9.000000000000000000e+00
-1.000000000000000000e+00
-3.400000000000000000e+01
0.000000000000000000e+00
2.900000000000000000e+01
4.000000000000000000e+00
-4.000000000000000000e+00
8.000000000000000000e+00
-4.000000000000000000e+00
1.500000000000000000e+01
-2.400000000000000000e+01
1.000000000000000000e+00
-1.400000000000000000e+01
8.000000000000000000e+00
1.000000000000000000e+00
0.000000000000000000e+00
-2.000000000000000000e+00
2.000000000000000000e+00
-6.000000000000000000e+00
-9.000000000000000000e+00
-6.000000000000000000e+00
2.700000000000000000e+01
-1.100000000000000000e+01
1.400000000000000000e+01
2.000000000000000000e+00
3.100000000000000000e+01
1.000000000000000000e+01
-7.000000000000000000e+00
-1.900000000000000000e+01
-8.000000000000000000e+00
-1.400000000000000000e+01
9.000000000000000000e+00
-3.000000000000000000e+01
1.100000000000000000e+01
3.700000000000000000e+01
1.900000000000000000e+01
0.000000000000000000e+00
6.000000000000000000e+00
-1.200000000000000000e+01
4.000000000000000000e+00
1.000000000000000000e+01
2.400000000000000000e+01
3.100000000000000000e+01
-7.000000000000000000e+00
3.000000000000000000e+01
2.400000000000000000e+01
-1.200000000000000000e+01
1.000000000000000000e+00
1.400000000000000000e+01
2.000000000000000000e+00
-3.000000000000000000e+01
1.200000000000000000e+01
-1.900000000000000000e+01
1.300000000000000000e+01
1.300000000000000000e+01
-4.000000000000000000e+00
-1.700000000000000000e+01
1.300000000000000000e+01
8.000000000000000000e+00
-3.300000000000000000e+01
3.000000000000000000e+00
-1.500000000000000000e+01
-7.000000000000000000e+00
3.300000000000000000e+01
2.000000000000000000e+00
7.000000000000000000e+00
6.000000000000000000e+00
-1.000000000000000000e+01
-1.000000000000000000e+00
-1.000000000000000000e+01
8.000000000000000000e+00
-1.800000000000000000e+01
0.000000000000000000e+00
2.100000000000000000e+01
-2.900000000000000000e+01
-3.000000000000000000e+00
-3.300000000000000000e+01
-1.600000000000000000e+01
4.600000000000000000e+01
-8.000000000000000000e+00
0.000000000000000000e+00
-1.900000000000000000e+01
-1.100000000000000000e+01
-5.000000000000000000e+00
2.100000000000000000e+01
-2.800000000000000000e+01
-7.000000000000000000e+00
-2.700000000000000000e+01
2.100000000000000000e+01
9.000000000000000000e+00
8.000000000000000000e+00
-2.000000000000000000e+00
-1.700000000000000000e+01
1.000000000000000000e+01
1.700000000000000000e+01
2.000000000000000000e+01
2.800000000000000000e+01
-9.000000000000000000e+00
1.600000000000000000e+01
-5.000000000000000000e+00
-6.000000000000000000e+00
2.100000000000000000e+01
-1.500000000000000000e+01
6.000000000000000000e+00
-3.100000000000000000e+01
-7.000000000000000000e+00
6.000000000000000000e+00
-1.600000000000000000e+01
-3.000000000000000000e+01
2.000000000000000000e+00
1.900000000000000000e+01
0.000000000000000000e+00
1.100000000000000000e+01
1.000000000000000000e+01
1.200000000000000000e+01
1.000000000000000000e+01
-3.000000000000000000e+00
-7.000000000000000000e+00
1.100000000000000000e+01
-7.000000000000000000e+00
4.000000000000000000e+01
0.000000000000000000e+00
-1.000000000000000000e+00
6.000000000000000000e+00
6.000000000000000000e+00
-2.700000000000000000e+01
3.000000000000000000e+00
-5.000000000000000000e+00
1.300000000000000000e+01
-4.000000000000000000e+00
-1.500000000000000000e+01
4.000000000000000000e+00
1.000000000000000000e+00
2.200000000000000000e+01
6.000000000000000000e+00
8.000000000000000000e+00
-3.400000000000000000e+01
1.000000000000000000e+01
-7.000000000000000000e+00
7.000000000000000000e+00
-3.900000000000000000e+01
-4.000000000000000000e+01
1.600000000000000000e+01
-2.000000000000000000e+01
2.000000000000000000e+00
1.000000000000000000e+01
-3.000000000000000000e+00
-9.000000000000000000e+00
-1.800000000000000000e+01
5.000000000000000000e+00
-1.000000000000000000e+01
-1.500000000000000000e+01
1.900000000000000000e+01
-6.000000000000000000e+00
-3.000000000000000000e+00
0.000000000000000000e+00
-2.000000000000000000e+00
1.000000000000000000e+01
2.600000000000000000e+01
-4.000000000000000000e+00
1.100000000000000000e+01
-1.800000000000000000e+01
2.000000000000000000e+00
6.000000000000000000e+00
-1.500000000000000000e+01
1.300000000000000000e+01
-5.000000000000000000e+00
-5.200000000000000000e+01
-8.000000000000000000e+00
3.800000000000000000e+01
-3.000000000000000000e+00
-1.000000000000000000e+01
-7.000000000000000000e+00
-3.300000000000000000e+01
1.400000000000000000e+01
2.000000000000000000e+01
1.300000000000000000e+01
9.000000000000000000e+00
-2.400000000000000000e+01
0.000000000000000000e+00
1.800000000000000000e+01
-7.000000000000000000e+00
2.100000000000000000e+01
-1.800000000000000000e+01
1.100000000000000000e+01
1.900000000000000000e+01
-1.500000000000000000e+01
3.200000000000000000e+01
3.800000000000000000e+01
-1.000000000000000000e+01
-4.600000000000000000e+01
2.000000000000000000e+00
2.100000000000000000e+01
3.700000000000000000e+01
2.000000000000000000e+00
-4.100000000000000000e+01
7.000000000000000000e+00
2.600000000000000000e+01
2.400000000000000000e+01
-2.200000000000000000e+01
-1.300000000000000000e+01
2.000000000000000000e+00
5.000000000000000000e+00
2.800000000000000000e+01
6.000000000000000000e+00
1.200000000000000000e+01
-2.800000000000000000e+01
-5.000000000000000000e+00
-4.000000000000000000e+00
2.300000000000000000e+01
1.700000000000000000e+01
1.400000000000000000e+01
9.000000000000000000e+00
3.200000000000000000e+01
6.000000000000000000e+00
-6.000000000000000000e+00
2.000000000000000000e+00
2.300000000000000000e+01
-4.000000000000000000e+00
-7.000000000000000000e+00
2.300000000000000000e+01
-1.400000000000000000e+01
1.100000000000000000e+01
-7.000000000000000000e+00
5.000000000000000000e+00
3.000000000000000000e+00
2.300000000000000000e+01
-1.600000000000000000e+01
-1.000000000000000000e+00
-4.000000000000000000e+00
1.300000000000000000e+01
1.200000000000000000e+01
-1.800000000000000000e+01
-1.500000000000000000e+01
-2.500000000000000000e+01
3.600000000000000000e+01
5.000000000000000000e+00
8.000000000000000000e+00
6.000000000000000000e+00
1.300000000000000000e+01
-5.000000000000000000e+00
4.000000000000000000e+00
1.600000000000000000e+01
8.000000000000000000e+00
6.000000000000000000e+00
3.200000000000000000e+01
5.000000000000000000e+00
3.000000000000000000e+00
-2.400000000000000000e+01
3.100000000000000000e+01
-6.000000000000000000e+00
2.300000000000000000e+01
-2.000000000000000000e+00
1.100000000000000000e+01
2.700000000000000000e+01
-4.400000000000000000e+01
4.000000000000000000e+00
-1.500000000000000000e+01
2.600000000000000000e+01
-2.000000000000000000e+00
2.600000000000000000e+01
2.100000000000000000e+01
1.000000000000000000e+01
-2.000000000000000000e+01
2.600000000000000000e+01
1.100000000000000000e+01
4.000000000000000000e+00
5.000000000000000000e+00
1.700000000000000000e+01
6.000000000000000000e+00
-1.300000000000000000e+01
1.000000000000000000e+01
-4.000000000000000000e+00
1.700000000000000000e+01
8.000000000000000000e+00
1.600000000000000000e+01
1.900000000000000000e+01
-1.400000000000000000e+01
3.200000000000000000e+01
1.500000000000000000e+01
6.000000000000000000e+00
1.700000000000000000e+01
-1.000000000000000000e+00
-3.000000000000000000e+00
3.700000000000000000e+01
1.300000000000000000e+01
4.000000000000000000e+00
2.100000000000000000e+01
1.500000000000000000e+01
-9.000000000000000000e+00
4.600000000000000000e+01
9.000000000000000000e+00
3.200000000000000000e+01
7.000000000000000000e+00
1.800000000000000000e+01
1.100000000000000000e+01
2.500000000000000000e+01
2.000000000000000000e+01
2.900000000000000000e+01
2.300000000000000000e+01
2.200000000000000000e+01
4.000000000000000000e+00
4.500000000000000000e+01
2.900000000000000000e+01
5.800000000000000000e+01
6.900000000000000000e+01
5.800000000000000000e+01
6.400000000000000000e+01
5.700000000000000000e+01
4.200000000000000000e+01
3.200000000000000000e+01
6.400000000000000000e+01
3.500000000000000000e+01
5.500000000000000000e+01
6.800000000000000000e+01
7.700000000000000000e+01
5.500000000000000000e+01
7.300000000000000000e+01
3.800000000000000000e+01
7.800000000000000000e+01
5.700000000000000000e+01
7.900000000000000000e+01
1.130000000000000000e+02
1.160000000000000000e+02
1.040000000000000000e+02
1.070000000000000000e+02
1.330000000000000000e+02
1.280000000000000000e+02
1.630000000000000000e+02
1.830000000000000000e+02
1.630000000000000000e+02
1.630000000000000000e+02
1.680000000000000000e+02
1.940000000000000000e+02
1.850000000000000000e+02
2.180000000000000000e+02
2.170000000000000000e+02
2.350000000000000000e+02
2.500000000000000000e+02
2.460000000000000000e+02
2.720000000000000000e+02
2.870000000000000000e+02
3.090000000000000000e+02
3.310000000000000000e+02
3.710000000000000000e+02
3.480000000000000000e+02
3.870000000000000000e+02
3.930000000000000000e+02
4.470000000000000000e+02
4.550000000000000000e+02
4.800000000000000000e+02
4.940000000000000000e+02
5.170000000000000000e+02
5.980000000000000000e+02
5.670000000000000000e+02
6.150000000000000000e+02
6.470000000000000000e+02
6.530000000000000000e+02
6.540000000000000000e+02
7.130000000000000000e+02
7.230000000000000000e+02
7.470000000000000000e+02
8.020000000000000000e+02
8.330000000000000000e+02
8.500000000000000000e+02
9.010000000000000000e+02
9.440000000000000000e+02
9.870000000000000000e+02
1.057000000000000000e+03
1.063000000000000000e+03
1.111000000000000000e+03
1.178000000000000000e+03
1.198000000000000000e+03
1.221000000000000000e+03
1.261000000000000000e+03
1.375000000000000000e+03
1.322000000000000000e+03
1.394000000000000000e+03
1.437000000000000000e+03
1.440000000000000000e+03
1.518000000000000000e+03
1.550000000000000000e+03
1.564000000000000000e+03
1.632000000000000000e+03
1.642000000000000000e+03
1.724000000000000000e+03
1.741000000000000000e+03
1.738000000000000000e+03
1.820000000000000000e+03
1.852000000000000000e+03
1.869000000000000000e+03
1.914000000000000000e+03
1.987000000000000000e+03
1.925000000000000000e+03
1.971000000000000000e+03
1.958000000000000000e+03
2.062000000000000000e+03
2.043000000000000000e+03
2.076000000000000000e+03
2.200000000000000000e+03
2.146000000000000000e+03
2.201000000000000000e+03
2.277000000000000000e+03
2.241000000000000000e+03
2.295000000000000000e+03
2.368000000000000000e+03
2.344000000000000000e+03
2.376000000000000000e+03
2.372000000000000000e+03
2.391000000000000000e+03
2.376000000000000000e+03
2.433000000000000000e+03
2.460000000000000000e+03
2.440000000000000000e+03
2.500000000000000000e+03
2.464000000000000000e+03
2.440000000000000000e+03
2.438000000000000000e+03
2.436000000000000000e+03
2.393000000000000000e+03
2.379000000000000000e+03
2.361000000000000000e+03
2.326000000000000000e+03
2.277000000000000000e+03
2.208000000000000000e+03
2.221000000000000000e+03
2.218000000000000000e+03
2.138000000000000000e+03
2.191000000000000000e+03
2.138000000000000000e+03
2.152000000000000000e+03
2.198000000000000000e+03
2.100000000000000000e+03
2.150000000000000000e+03
2.154000000000000000e+03
2.111000000000000000e+03
2.091000000000000000e+03
2.136000000000000000e+03
2.069000000000000000e+03
2.100000000000000000e+03
2.022000000000000000e+03
2.003000000000000000e+03
1.969000000000000000e+03
1.931000000000000000e+03
1.892000000000000000e+03
1.799000000000000000e+03
1.789000000000000000e+03
1.746000000000000000e+03
1.627000000000000000e+03
1.625000000000000000e+03
1.621000000000000000e+03
1.556000000000000000e+03
1.533000000000000000e+03
1.491000000000000000e+03
1.439000000000000000e+03
1.401000000000000000e+03
1.368000000000000000e+03
1.340000000000000000e+03
1.312000000000000000e+03
1.230000000000000000e+03
1.148000000000000000e+03
1.172000000000000000e+03
1.162000000000000000e+03
1.047000000000000000e+03
1.077000000000000000e+03
1.078000000000000000e+03
1.030000000000000000e+03
1.025000000000000000e+03
9.720000000000000000e+02
9.130000000000000000e+02
8.930000000000000000e+02
8.880000000000000000e+02
7.960000000000000000e+02
8.100000000000000000e+02
7.950000000000000000e+02
7.620000000000000000e+02
7.400000000000000000e+02
6.860000000000000000e+02
6.640000000000000000e+02
6.290000000000000000e+02
6.090000000000000000e+02
5.690000000000000000e+02
5.400000000000000000e+02
4.890000000000000000e+02
4.630000000000000000e+02
4.810000000000000000e+02
4.240000000000000000e+02
4.050000000000000000e+02
4.040000000000000000e+02
4.010000000000000000e+02
3.660000000000000000e+02
3.380000000000000000e+02
3.530000000000000000e+02
3.080000000000000000e+02
3.130000000000000000e+02
2.660000000000000000e+02
3.010000000000000000e+02
2.910000000000000000e+02
2.780000000000000000e+02
2.090000000000000000e+02
2.300000000000000000e+02
2.170000000000000000e+02
1.950000000000000000e+02
1.900000000000000000e+02
1.500000000000000000e+02
1.640000000000000000e+02
1.600000000000000000e+02
1.670000000000000000e+02
1.320000000000000000e+02
1.530000000000000000e+02
1.280000000000000000e+02
1.490000000000000000e+02
1.220000000000000000e+02
1.130000000000000000e+02
1.190000000000000000e+02
7.400000000000000000e+01
8.400000000000000000e+01
1.050000000000000000e+02
9.000000000000000000e+01
8.300000000000000000e+01
1.040000000000000000e+02
9.200000000000000000e+01
7.500000000000000000e+01
5.300000000000000000e+01
5.100000000000000000e+01
9.600000000000000000e+01
6.500000000000000000e+01
3.500000000000000000e+01
6.000000000000000000e+01
5.600000000000000000e+01
4.400000000000000000e+01
4.600000000000000000e+01
6.100000000000000000e+01
3.500000000000000000e+01
1.300000000000000000e+01
3.900000000000000000e+01
2.600000000000000000e+01
4.300000000000000000e+01
1.600000000000000000e+01
5.000000000000000000e+00
2.700000000000000000e+01
2.000000000000000000e+01
7.000000000000000000e+00
1.400000000000000000e+01
2.700000000000000000e+01
4.000000000000000000e+00
1.500000000000000000e+01
6.000000000000000000e+00
3.700000000000000000e+01
-3.200000000000000000e+01
1.900000000000000000e+01
2.000000000000000000e+00
-1.000000000000000000e+01
1.000000000000000000e+00
6.000000000000000000e+00
3.500000000000000000e+01
4.400000000000000000e+01
-1.500000000000000000e+01
6.000000000000000000e+00
2.000000000000000000e+01
3.000000000000000000e+00
-6.000000000000000000e+00
4.000000000000000000e+00
-5.000000000000000000e+00
4.700000000000000000e+01
-2.000000000000000000e+01
3.300000000000000000e+01
9.000000000000000000e+00
2.000000000000000000e+00
1.700000000000000000e+01
6.000000000000000000e+00
7.000000000000000000e+00
1.600000000000000000e+01
8.000000000000000000e+00
1.900000000000000000e+01
1.600000000000000000e+01
1.100000000000000000e+01
5.000000000000000000e+00
2.000000000000000000e+00
-1.000000000000000000e+01
-5.000000000000000000e+00
-2.000000000000000000e+00
1.900000000000000000e+01
1.100000000000000000e+01
2.400000000000000000e+01
-2.100000000000000000e+01
-1.000000000000000000e+00
-2.800000000000000000e+01
2.000000000000000000e+00
2.500000000000000000e+01
1.500000000000000000e+01
-6.000000000000000000e+00
5.000000000000000000e+00
-3.100000000000000000e+01
-1.800000000000000000e+01
9.000000000000000000e+00
-1.400000000000000000e+01
0.000000000000000000e+00
2.000000000000000000e+00
2.600000000000000000e+01
-1.000000000000000000e+00
-1.300000000000000000e+01
7.000000000000000000e+00
-7.000000000000000000e+00
2.000000000000000000e+00
-1.100000000000000000e+01
-3.400000000000000000e+01
-1.800000000000000000e+01
-7.000000000000000000e+00
1.800000000000000000e+01
-6.000000000000000000e+00
3.300000000000000000e+01
-1.900000000000000000e+01
-1.800000000000000000e+01
4.000000000000000000e+00
4.000000000000000000e+00
2.000000000000000000e+00
2.000000000000000000e+00
