-3.000000000000000000e+00
-2.000000000000000000e+00
0.000000000000000000e+00
6.000000000000000000e+00
-6.000000000000000000e+00
-2.000000000000000000e+01
-2.100000000000000000e+01
1.000000000000000000e+00
-3.000000000000000000e+00
3.000000000000000000e+00
-1.100000000000000000e+01
-1.900000000000000000e+01
-1.000000000000000000e+00
-6.000000000000000000e+00
-1.900000000000000000e+01
1.000000000000000000e+01
5.000000000000000000e+00
2.100000000000000000e+01
-1.000000000000000000e+01
8.000000000000000000e+00
2.400000000000000000e+01
7.000000000000000000e+00
3.000000000000000000e+00
-4.000000000000000000e+00
-9.000000000000000000e+00
-8.000000000000000000e+00
-9.000000000000000000e+00
0.000000000000000000e+00
3.200000000000000000e+01
-7.000000000000000000e+00
-2.500000000000000000e+01
-4.000000000000000000e+00
3.200000000000000000e+01
4.000000000000000000e+00
1.000000000000000000e+00
-1.700000000000000000e+01
-6.000000000000000000e+00
1.900000000000000000e+01
6.000000000000000000e+00
1.000000000000000000e+01
-8.000000000000000000e+00
7.000000000000000000e+00
-7.000000000000000000e+00
1.100000000000000000e+01
7.000000000000000000e+00
-2.600000000000000000e+01
1.000000000000000000e+00
2.000000000000000000e+00
2.000000000000000000e+00
-1.800000000000000000e+01
-2.000000000000000000e+01
-1.500000000000000000e+01
-5.000000000000000000e+00
3.300000000000000000e+01
-2.300000000000000000e+01
1.800000000000000000e+01
-3.000000000000000000e+00
-3.000000000000000000e+01
-8.000000000000000000e+00
-1.800000000000000000e+01
-3.700000000000000000e+01
8.000000000000000000e+00
-3.600000000000000000e+01
0.000000000000000000e+00
-7.000000000000000000e+00
-1.200000000000000000e+01
-3.400000000000000000e+01
3.000000000000000000e+00
-1.200000000000000000e+01
-6.000000000000000000e+00
-2.000000000000000000e+00
1.500000000000000000e+01
-1.300000000000000000e+01
-1.800000000000000000e+01
-3.000000000000000000e+00
-1.200000000000000000e+01
4.000000000000000000e+00
2.300000000000000000e+01
5.000000000000000000e+00
1.300000000000000000e+01
-2.200000000000000000e+01
2.100000000000000000e+01
-3.600000000000000000e+01
2.200000000000000000e+01
-3.000000000000000000e+00
5.000000000000000000e+00
-6.000000000000000000e+00
1.100000000000000000e+01
2.500000000000000000e+01
1.000000000000000000e+00
2.000000000000000000e+00
-1.500000000000000000e+01
5.000000000000000000e+00
1.000000000000000000e+00
2.000000000000000000e+01
2.200000000000000000e+01
-2.000000000000000000e+00
-1.300000000000000000e+01
-2.300000000000000000e+01
6.000000000000000000e+00
-5.000000000000000000e+00
7.000000000000000000e+00
1.500000000000000000e+01
-3.800000000000000000e+01
-2.000000000000000000e+00
-1.400000000000000000e+01
-9.000000000000000000e+00
-6.000000000000000000e+00
1.500000000000000000e+01
8.000000000000000000e+00
-1.200000000000000000e+01
5.000000000000000000e+00
3.000000000000000000e+01
-1.100000000000000000e+01
-2.000000000000000000e+00
2.400000000000000000e+01
-9.000000000000000000e+00
-7.000000000000000000e+00
-2.400000000000000000e+01
9.000000000000000000e+00
-1.000000000000000000e+00
1.200000000000000000e+01
9.000000000000000000e+00
-6.000000000000000000e+00
3.300000000000000000e+01
-3.300000000000000000e+01
-4.000000000000000000e+00
0.000000000000000000e+00
1.700000000000000000e+01
0.000000000000000000e+00
6.000000000000000000e+00
1.000000000000000000e+01
3.000000000000000000e+00
1.000000000000000000e+01
-2.400000000000000000e+01
1.000000000000000000e+00
5.000000000000000000e+00
2.900000000000000000e+01
-1.700000000000000000e+01
-4.000000000000000000e+00
-4.000000000000000000e+00
-5.000000000000000000e+00
-1.000000000000000000e+01
-8.000000000000000000e+00
8.000000000000000000e+00
8.000000000000000000e+00
3.000000000000000000e+00
-2.900000000000000000e+01
-9.000000000000000000e+00
-2.500000000000000000e+01
9.000000000000000000e+00
-2.000000000000000000e+00
2.600000000000000000e+01
-1.000000000000000000e+01
0.000000000000000000e+00
-8.000000000000000000e+00
-1.100000000000000000e+01
2.000000000000000000e+00
-3.000000000000000000e+00
-1.500000000000000000e+01
2.900000000000000000e+01
-5.000000000000000000e+00
-8.000000000000000000e+00
-1.100000000000000000e+01
-4.400000000000000000e+01
-2.600000000000000000e+01
-1.700000000000000000e+01
-1.700000000000000000e+01
5.000000000000000000e+00
-3.000000000000000000e+00
-1.400000000000000000e+01
5.000000000000000000e+00
-2.100000000000000000e+01
0.000000000000000000e+00
1.100000000000000000e+01
-1.100000000000000000e+01
-1.000000000000000000e+00
2.100000000000000000e+01
-3.000000000000000000e+00
-2.300000000000000000e+01
2.500000000000000000e+01
1.600000000000000000e+01
-2.300000000000000000e+01
-4.000000000000000000e+00
-9.000000000000000000e+00
3.000000000000000000e+00
5.000000000000000000e+00
6.000000000000000000e+00
0.000000000000000000e+00
2.300000000000000000e+01
-4.000000000000000000e+00
0.000000000000000000e+00
-2.000000000000000000e+01
-1.000000000000000000e+00
-3.000000000000000000e+00
-1.600000000000000000e+01
1.300000000000000000e+01
-1.000000000000000000e+01
-2.100000000000000000e+01
-1.000000000000000000e+00
-4.000000000000000000e+00
1.300000000000000000e+01
3.000000000000000000e+00
4.400000000000000000e+01
1.000000000000000000e+01
3.000000000000000000e+00
4.000000000000000000e+00
-7.000000000000000000e+00
1.500000000000000000e+01
-2.000000000000000000e+00
9.000000000000000000e+00
9.000000000000000000e+00
1.600000000000000000e+01
-2.000000000000000000e+00
1.700000000000000000e+01
-2.100000000000000000e+01
3.000000000000000000e+01
1.100000000000000000e+01
-7.000000000000000000e+00
-1.200000000000000000e+01
1.700000000000000000e+01
-1.000000000000000000e+01
-1.100000000000000000e+01
1.700000000000000000e+01
-9.000000000000000000e+00
2.000000000000000000e+01
-1.000000000000000000e+00
-1.500000000000000000e+01
8.000000000000000000e+00
2.200000000000000000e+01
5.000000000000000000e+00
-4.000000000000000000e+00
-3.000000000000000000e+00
-1.100000000000000000e+01
7.000000000000000000e+00
1.000000000000000000e+01
5.000000000000000000e+00
-2.000000000000000000e+00
-4.000000000000000000e+00
-1.000000000000000000e+00
5.000000000000000000e+00
2.000000000000000000e+00
1.000000000000000000e+01
1.000000000000000000e+01
1.200000000000000000e+01
8.000000000000000000e+00
-5.000000000000000000e+00
3.900000000000000000e+01
-3.400000000000000000e+01
4.100000000000000000e+01
-1.500000000000000000e+01
-3.100000000000000000e+01
0.000000000000000000e+00
-2.600000000000000000e+01
-2.700000000000000000e+01
-1.000000000000000000e+00
2.300000000000000000e+01
-3.200000000000000000e+01
-2.900000000000000000e+01
-1.100000000000000000e+01
2.000000000000000000e+00
1.800000000000000000e+01
1.400000000000000000e+01
8.000000000000000000e+00
1.100000000000000000e+01
4.000000000000000000e+01
-1.300000000000000000e+01
1.200000000000000000e+01
-1.100000000000000000e+01
5.000000000000000000e+00
-8.000000000000000000e+00
2.000000000000000000e+00
-1.300000000000000000e+01
-1.000000000000000000e+00
-1.200000000000000000e+01
-3.000000000000000000e+00
4.000000000000000000e+00
-8.000000000000000000e+00
-8.000000000000000000e+00
1.100000000000000000e+01
-9.000000000000000000e+00
-9.000000000000000000e+00
-9.000000000000000000e+00
1.500000000000000000e+01
1.600000000000000000e+01
-7.000000000000000000e+00
-4.100000000000000000e+01
-1.100000000000000000e+01
-9.000000000000000000e+00
2.000000000000000000e+00
-2.200000000000000000e+01
1.100000000000000000e+01
-2.100000000000000000e+01
2.300000000000000000e+01
-1.500000000000000000e+01
3.000000000000000000e+01
-1.200000000000000000e+01
6.000000000000000000e+00
-1.300000000000000000e+01
4.000000000000000000e+00
-4.000000000000000000e+00
-1.000000000000000000e+00
-1.800000000000000000e+01
-3.900000000000000000e+01
1.000000000000000000e+00
-3.600000000000000000e+01
-9.000000000000000000e+00
7.000000000000000000e+00
-8.000000000000000000e+00
-2.000000000000000000e+00
-3.300000000000000000e+01
1.000000000000000000e+01
1.900000000000000000e+01
1.300000000000000000e+01
-2.600000000000000000e+01
9.000000000000000000e+00
8.000000000000000000e+00
-8.000000000000000000e+00
-1.800000000000000000e+01
-2.200000000000000000e+01
-2.500000000000000000e+01
0.000000000000000000e+00
-1.600000000000000000e+01
4.000000000000000000e+00
1.300000000000000000e+01
-1.700000000000000000e+01
2.500000000000000000e+01
0.000000000000000000e+00
-1.200000000000000000e+01
6.000000000000000000e+00
8.000000000000000000e+00
3.800000000000000000e+01
-1.200000000000000000e+01
-8.000000000000000000e+00
-5.000000000000000000e+00
-1.000000000000000000e+00
-3.000000000000000000e+00
7.000000000000000000e+00
1.400000000000000000e+01
-1.500000000000000000e+01
-9.000000000000000000e+00
-9.000000000000000000e+00
2.300000000000000000e+01
-8.000000000000000000e+00
2.300000000000000000e+01
-2.800000000000000000e+01
4.000000000000000000e+00
-3.000000000000000000e+00
1.500000000000000000e+01
-1.100000000000000000e+01
1.600000000000000000e+01
-7.000000000000000000e+00
1.200000000000000000e+01
-3.300000000000000000e+01
-1.000000000000000000e+00
1.100000000000000000e+01
-1.200000000000000000e+01
-3.000000000000000000e+00
1.900000000000000000e+01
-1.200000000000000000e+01
-1.400000000000000000e+01
3.400000000000000000e+01
-2.600000000000000000e+01
-3.000000000000000000e+00
1.000000000000000000e+00
7.000000000000000000e+00
-1.000000000000000000e+00
2.600000000000000000e+01
1.100000000000000000e+01
-1.000000000000000000e+00
-3.700000000000000000e+01
1.200000000000000000e+01
-2.500000000000000000e+01
-2.100000000000000000e+01
4.000000000000000000e+00
1.400000000000000000e+01
-9.000000000000000000e+00
-2.000000000000000000e+00
-2.700000000000000000e+01
-5.000000000000000000e+00
2.100000000000000000e+01
-1.600000000000000000e+01
-5.800000000000000000e+01
1.100000000000000000e+01
-8.000000000000000000e+00
3.000000000000000000e+00
1.200000000000000000e+01
-1.000000000000000000e+00
1.300000000000000000e+01
3.000000000000000000e+00
-1.800000000000000000e+01
-7.000000000000000000e+00
1.600000000000000000e+01
-2.500000000000000000e+01
-1.600000000000000000e+01
5.000000000000000000e+00
1.700000000000000000e+01
-7.000000000000000000e+00
-1.200000000000000000e+01
2.900000000000000000e+01
8.000000000000000000e+00
2.100000000000000000e+01
-2.000000000000000000e+00
2.900000000000000000e+01
-4.000000000000000000e+01
-1.300000000000000000e+01
3.500000000000000000e+01
-1.400000000000000000e+01
-2.000000000000000000e+01
-9.000000000000000000e+00
1.000000000000000000e+00
1.000000000000000000e+00
-2.700000000000000000e+01
-3.400000000000000000e+01
2.600000000000000000e+01
2.100000000000000000e+01
4.000000000000000000e+00
-9.000000000000000000e+00
-1.600000000000000000e+01
1.600000000000000000e+01
5.000000000000000000e+00
-9.000000000000000000e+00
6.000000000000000000e+00
-2.300000000000000000e+01
1.500000000000000000e+01
-1.900000000000000000e+01
-1.200000000000000000e+01
2.000000000000000000e+00
-1.600000000000000000e+01
9.000000000000000000e+00
3.000000000000000000e+00
-1.300000000000000000e+01
-1.300000000000000000e+01
5.000000000000000000e+00
1.100000000000000000e+01
1.000000000000000000e+01
-2.600000000000000000e+01
2.000000000000000000e+00
-4.000000000000000000e+00
-2.200000000000000000e+01
4.000000000000000000e+00
-2.000000000000000000e+01
3.000000000000000000e+00
2.000000000000000000e+01
2.900000000000000000e+01
1.300000000000000000e+01
7.000000000000000000e+00
-1.300000000000000000e+01
-1.900000000000000000e+01
1.100000000000000000e+01
1.100000000000000000e+01
1.200000000000000000e+01
-2.300000000000000000e+01
0.000000000000000000e+00
-2.900000000000000000e+01
2.600000000000000000e+01
3.000000000000000000e+01
1.700000000000000000e+01
-9.000000000000000000e+00
-2.000000000000000000e+00
-2.700000000000000000e+01
9.000000000000000000e+00
-2.000000000000000000e+00
-8.000000000000000000e+00
4.000000000000000000e+00
-9.000000000000000000e+00
4.000000000000000000e+00
3.100000000000000000e+01
-2.300000000000000000e+01
0.000000000000000000e+00
-1.900000000000000000e+01
-1.200000000000000000e+01
-4.000000000000000000e+00
-8.000000000000000000e+00
-2.000000000000000000e+01
-2.100000000000000000e+01
2.400000000000000000e+01
0.000000000000000000e+00
1.900000000000000000e+01
-1.500000000000000000e+01
-3.200000000000000000e+01
2.000000000000000000e+00
1.000000000000000000e+00
-5.000000000000000000e+00
-1.500000000000000000e+01
-7.000000000000000000e+00
-1.100000000000000000e+01
1.300000000000000000e+01
0.000000000000000000e+00
1.400000000000000000e+01
1.900000000000000000e+01
-7.000000000000000000e+00
1.900000000000000000e+01
-1.900000000000000000e+01
1.500000000000000000e+01
-6.000000000000000000e+00
-3.000000000000000000e+00
-2.000000000000000000e+00
2.000000000000000000e+00
-5.000000000000000000e+00
2.600000000000000000e+01
8.000000000000000000e+00
-1.800000000000000000e+01
1.200000000000000000e+01
-6.000000000000000000e+00
-1.000000000000000000e+00
2.000000000000000000e+00
8.000000000000000000e+00
-3.000000000000000000e+00
-7.000000000000000000e+00
-2.600000000000000000e+01
1.000000000000000000e+00
1.500000000000000000e+01
-1.900000000000000000e+01
2.000000000000000000e+00
-1.000000000000000000e+00
1.000000000000000000e+00
-1.500000000000000000e+01
1.700000000000000000e+01
2.000000000000000000e+01
-5.000000000000000000e+00
4.100000000000000000e+01
-1.000000000000000000e+01
5.000000000000000000e+00
-2.300000000000000000e+01
-1.200000000000000000e+01
2.500000000000000000e+01
1.800000000000000000e+01
1.900000000000000000e+01
-1.500000000000000000e+01
4.100000000000000000e+01
2.600000000000000000e+01
4.600000000000000000e+01
4.700000000000000000e+01
3.900000000000000000e+01
2.000000000000000000e+01
3.000000000000000000e+00
8.000000000000000000e+00
1.300000000000000000e+01
2.600000000000000000e+01
4.800000000000000000e+01
2.500000000000000000e+01
3.000000000000000000e+01
1.500000000000000000e+01
1.700000000000000000e+01
1.200000000000000000e+01
4.500000000000000000e+01
-1.300000000000000000e+01
1.400000000000000000e+01
1.000000000000000000e+00
-9.000000000000000000e+00
3.000000000000000000e+00
4.000000000000000000e+00
1.300000000000000000e+01
4.100000000000000000e+01
4.000000000000000000e+00
2.000000000000000000e+01
3.000000000000000000e+01
-1.900000000000000000e+01
1.000000000000000000e+00
6.000000000000000000e+00
-2.400000000000000000e+01
1.000000000000000000e+00
4.300000000000000000e+01
1.300000000000000000e+01
-2.500000000000000000e+01
9.000000000000000000e+00
6.000000000000000000e+00
-7.000000000000000000e+00
1.800000000000000000e+01
-1.100000000000000000e+01
2.400000000000000000e+01
0.000000000000000000e+00
-1.400000000000000000e+01
2.900000000000000000e+01
3.100000000000000000e+01
-2.800000000000000000e+01
8.000000000000000000e+00
2.900000000000000000e+01
-1.100000000000000000e+01
-1.800000000000000000e+01
2.500000000000000000e+01
1.800000000000000000e+01
1.400000000000000000e+01
1.700000000000000000e+01
2.700000000000000000e+01
1.900000000000000000e+01
2.100000000000000000e+01
-1.700000000000000000e+01
3.600000000000000000e+01
-9.000000000000000000e+00
1.700000000000000000e+01
9.000000000000000000e+00
6.000000000000000000e+00
1.800000000000000000e+01
1.000000000000000000e+01
1.600000000000000000e+01
-2.200000000000000000e+01
1.700000000000000000e+01
3.000000000000000000e+00
0.000000000000000000e+00
2.400000000000000000e+01
0.000000000000000000e+00
9.000000000000000000e+00
-4.000000000000000000e+00
-1.000000000000000000e+00
9.000000000000000000e+00
2.600000000000000000e+01
9.000000000000000000e+00
-8.000000000000000000e+00
6.000000000000000000e+00
2.300000000000000000e+01
-1.800000000000000000e+01
1.700000000000000000e+01
-9.000000000000000000e+00
-1.100000000000000000e+01
-2.600000000000000000e+01
-5.000000000000000000e+00
-1.900000000000000000e+01
-7.000000000000000000e+00
3.000000000000000000e+01
-2.800000000000000000e+01
1.300000000000000000e+01
-5.000000000000000000e+00
8.000000000000000000e+00
-2.600000000000000000e+01
4.000000000000000000e+00
5.100000000000000000e+01
-8.000000000000000000e+00
-2.000000000000000000e+00
2.600000000000000000e+01
8.000000000000000000e+00
1.300000000000000000e+01
-1.100000000000000000e+01
-1.400000000000000000e+01
0.000000000000000000e+00
-1.700000000000000000e+01
9.000000000000000000e+00
1.200000000000000000e+01
1.200000000000000000e+01
7.000000000000000000e+00
1.000000000000000000e+01
-4.000000000000000000e+00
9.000000000000000000e+00
5.000000000000000000e+00
-7.000000000000000000e+00
-2.000000000000000000e+00
-1.000000000000000000e+00
1.000000000000000000e+01
-7.000000000000000000e+00
-2.000000000000000000e+00
-3.000000000000000000e+00
2.500000000000000000e+01
2.100000000000000000e+01
-1.000000000000000000e+00
-3.700000000000000000e+01
3.100000000000000000e+01
1.300000000000000000e+01
6.000000000000000000e+00
-1.500000000000000000e+01
-1.000000000000000000e+00
1.800000000000000000e+01
-5.000000000000000000e+00
2.900000000000000000e+01
1.000000000000000000e+01
-2.700000000000000000e+01
1.400000000000000000e+01
1.600000000000000000e+01
1.700000000000000000e+01
1.600000000000000000e+01
-1.700000000000000000e+01
-2.200000000000000000e+01
4.000000000000000000e+01
2.000000000000000000e+01
2.000000000000000000e+00
-1.600000000000000000e+01
2.200000000000000000e+01
2.800000000000000000e+01
8.000000000000000000e+00
-6.000000000000000000e+00
1.400000000000000000e+01
1.700000000000000000e+01
1.000000000000000000e+00
2.200000000000000000e+01
5.000000000000000000e+00
-1.400000000000000000e+01
1.800000000000000000e+01
-6.000000000000000000e+00
1.300000000000000000e+01
1.100000000000000000e+01
4.000000000000000000e+00
-1.400000000000000000e+01
9.000000000000000000e+00
-1.100000000000000000e+01
4.000000000000000000e+00
8.000000000000000000e+00
4.000000000000000000e+00
4.000000000000000000e+01
-2.000000000000000000e+00
9.000000000000000000e+00
3.600000000000000000e+01
2.400000000000000000e+01
0.000000000000000000e+00
-1.000000000000000000e+00
0.000000000000000000e+00
1.900000000000000000e+01
1.100000000000000000e+01
6.000000000000000000e+00
-9.000000000000000000e+00
3.100000000000000000e+01
3.100000000000000000e+01
3.200000000000000000e+01
2.500000000000000000e+01
2.600000000000000000e+01
4.300000000000000000e+01
-1.000000000000000000e+01
1.100000000000000000e+01
-8.000000000000000000e+00
2.900000000000000000e+01
2.400000000000000000e+01
-5.000000000000000000e+00
3.200000000000000000e+01
2.000000000000000000e+01
9.000000000000000000e+00
-2.000000000000000000e+00
-1.500000000000000000e+01
-7.000000000000000000e+00
-1.000000000000000000e+00
-1.500000000000000000e+01
2.500000000000000000e+01
2.700000000000000000e+01
8.000000000000000000e+00
1.600000000000000000e+01
-2.000000000000000000e+00
2.000000000000000000e+01
1.700000000000000000e+01
7.000000000000000000e+00
7.000000000000000000e+00
2.200000000000000000e+01
3.500000000000000000e+01
3.800000000000000000e+01
-1.000000000000000000e+01
2.500000000000000000e+01
-2.100000000000000000e+01
-3.300000000000000000e+01
1.900000000000000000e+01
4.000000000000000000e+00
1.000000000000000000e+01
3.000000000000000000e+01
3.000000000000000000e+00
2.300000000000000000e+01
2.500000000000000000e+01
2.400000000000000000e+01
3.300000000000000000e+01
2.500000000000000000e+01
1.000000000000000000e+01
1.800000000000000000e+01
1.900000000000000000e+01
1.600000000000000000e+01
3.000000000000000000e+01
3.500000000000000000e+01
3.500000000000000000e+01
5.000000000000000000e+00
7.000000000000000000e+00
3.200000000000000000e+01
2.600000000000000000e+01
-7.000000000000000000e+00
2.900000000000000000e+01
5.000000000000000000e+00
4.100000000000000000e+01
8.000000000000000000e+00
1.800000000000000000e+01
2.800000000000000000e+01
2.800000000000000000e+01
8.000000000000000000e+00
2.100000000000000000e+01
1.200000000000000000e+01
2.500000000000000000e+01
2.000000000000000000e+01
1.700000000000000000e+01
2.800000000000000000e+01
7.000000000000000000e+00
-5.000000000000000000e+00
2.400000000000000000e+01
1.900000000000000000e+01
1.700000000000000000e+01
0.000000000000000000e+00
2.300000000000000000e+01
1.200000000000000000e+01
1.300000000000000000e+01
-3.000000000000000000e+00
-4.000000000000000000e+00
9.000000000000000000e+00
-6.000000000000000000e+00
2.300000000000000000e+01
1.000000000000000000e+01
1.000000000000000000e+00
2.100000000000000000e+01
2.500000000000000000e+01
2.900000000000000000e+01
1.000000000000000000e+01
4.500000000000000000e+01
-3.000000000000000000e+00
5.000000000000000000e+00
-9.000000000000000000e+00
-4.000000000000000000e+00
1.900000000000000000e+01
-1.800000000000000000e+01
4.000000000000000000e+00
1.600000000000000000e+01
4.400000000000000000e+01
4.200000000000000000e+01
2.000000000000000000e+00
1.600000000000000000e+01
-2.200000000000000000e+01
2.200000000000000000e+01
1.200000000000000000e+01
1.500000000000000000e+01
5.700000000000000000e+01
1.500000000000000000e+01
2.100000000000000000e+01
5.000000000000000000e+00
-2.000000000000000000e+00
1.600000000000000000e+01
4.300000000000000000e+01
1.700000000000000000e+01
1.500000000000000000e+01
3.500000000000000000e+01
1.000000000000000000e+01
2.200000000000000000e+01
2.200000000000000000e+01
1.600000000000000000e+01
-3.500000000000000000e+01
1.700000000000000000e+01
2.500000000000000000e+01
4.000000000000000000e+00
6.000000000000000000e+00
-1.400000000000000000e+01
3.100000000000000000e+01
5.400000000000000000e+01
1.600000000000000000e+01
2.600000000000000000e+01
-2.000000000000000000e+00
2.100000000000000000e+01
5.300000000000000000e+01
2.900000000000000000e+01
2.500000000000000000e+01
7.200000000000000000e+01
-1.400000000000000000e+01
3.800000000000000000e+01
4.000000000000000000e+01
8.000000000000000000e+00
1.000000000000000000e+01
1.900000000000000000e+01
3.000000000000000000e+00
1.000000000000000000e+00
1.900000000000000000e+01
3.400000000000000000e+01
3.200000000000000000e+01
3.300000000000000000e+01
6.600000000000000000e+01
2.100000000000000000e+01
3.700000000000000000e+01
2.200000000000000000e+01
4.100000000000000000e+01
-1.000000000000000000e+00
2.600000000000000000e+01
3.500000000000000000e+01
4.800000000000000000e+01
3.600000000000000000e+01
3.600000000000000000e+01
5.300000000000000000e+01
4.300000000000000000e+01
4.000000000000000000e+01
4.000000000000000000e+01
7.300000000000000000e+01
5.500000000000000000e+01
7.900000000000000000e+01
1.020000000000000000e+02
7.200000000000000000e+01
1.030000000000000000e+02
6.800000000000000000e+01
9.500000000000000000e+01
9.400000000000000000e+01
1.210000000000000000e+02
7.800000000000000000e+01
1.290000000000000000e+02
1.260000000000000000e+02
1.470000000000000000e+02
1.700000000000000000e+02
1.900000000000000000e+02
1.840000000000000000e+02
2.230000000000000000e+02
2.610000000000000000e+02
2.880000000000000000e+02
3.460000000000000000e+02
3.330000000000000000e+02
3.630000000000000000e+02
4.310000000000000000e+02
4.920000000000000000e+02
5.260000000000000000e+02
6.240000000000000000e+02
7.000000000000000000e+02
8.460000000000000000e+02
8.750000000000000000e+02
9.440000000000000000e+02
1.097000000000000000e+03
1.217000000000000000e+03
1.280000000000000000e+03
1.495000000000000000e+03
1.601000000000000000e+03
1.694000000000000000e+03
1.837000000000000000e+03
2.000000000000000000e+03
2.120000000000000000e+03
2.230000000000000000e+03
2.468000000000000000e+03
2.605000000000000000e+03
2.747000000000000000e+03
2.820000000000000000e+03
3.022000000000000000e+03
3.161000000000000000e+03
3.300000000000000000e+03
3.385000000000000000e+03
3.528000000000000000e+03
3.636000000000000000e+03
3.757000000000000000e+03
3.843000000000000000e+03
3.950000000000000000e+03
3.968000000000000000e+03
3.940000000000000000e+03
4.014000000000000000e+03
4.060000000000000000e+03
4.105000000000000000e+03
4.047000000000000000e+03
4.044000000000000000e+03
4.043000000000000000e+03
3.858000000000000000e+03
3.945000000000000000e+03
3.796000000000000000e+03
3.752000000000000000e+03
3.564000000000000000e+03
3.458000000000000000e+03
3.447000000000000000e+03
3.312000000000000000e+03
3.152000000000000000e+03
3.057000000000000000e+03
2.959000000000000000e+03
2.687000000000000000e+03
2.519000000000000000e+03
2.498000000000000000e+03
2.290000000000000000e+03
2.118000000000000000e+03
2.076000000000000000e+03
1.899000000000000000e+03
1.772000000000000000e+03
1.628000000000000000e+03
1.473000000000000000e+03
1.382000000000000000e+03
1.279000000000000000e+03
1.127000000000000000e+03
1.047000000000000000e+03
9.690000000000000000e+02
8.610000000000000000e+02
7.660000000000000000e+02
6.790000000000000000e+02
6.400000000000000000e+02
5.280000000000000000e+02
4.840000000000000000e+02
4.510000000000000000e+02
4.040000000000000000e+02
3.400000000000000000e+02
2.780000000000000000e+02
2.760000000000000000e+02
2.250000000000000000e+02
2.040000000000000000e+02
1.880000000000000000e+02
1.660000000000000000e+02
1.250000000000000000e+02
1.180000000000000000e+02
1.070000000000000000e+02
1.040000000000000000e+02
6.600000000000000000e+01
6.300000000000000000e+01
5.300000000000000000e+01
4.500000000000000000e+01
2.700000000000000000e+01
4.300000000000000000e+01
2.700000000000000000e+01
4.100000000000000000e+01
3.400000000000000000e+01
2.300000000000000000e+01
-5.000000000000000000e+00
4.900000000000000000e+01
1.800000000000000000e+01
3.400000000000000000e+01
2.000000000000000000e+01
4.800000000000000000e+01
2.500000000000000000e+01
3.400000000000000000e+01
2.600000000000000000e+01
8.000000000000000000e+00
2.100000000000000000e+01
-5.000000000000000000e+00
2.200000000000000000e+01
3.000000000000000000e+01
5.000000000000000000e+00
7.000000000000000000e+00
9.000000000000000000e+00
2.500000000000000000e+01
2.100000000000000000e+01
1.900000000000000000e+01
-7.000000000000000000e+00
1.900000000000000000e+01
2.700000000000000000e+01
3.600000000000000000e+01
2.500000000000000000e+01
1.100000000000000000e+01
-3.000000000000000000e+00
-4.000000000000000000e+00
-1.300000000000000000e+01
2.000000000000000000e+01
4.100000000000000000e+01
4.000000000000000000e+00
1.700000000000000000e+01
3.900000000000000000e+01
4.400000000000000000e+01
-1.500000000000000000e+01
4.800000000000000000e+01
2.000000000000000000e+01
-2.000000000000000000e+00
1.800000000000000000e+01
-5.000000000000000000e+00
2.300000000000000000e+01
1.200000000000000000e+01
2.800000000000000000e+01
5.000000000000000000e+00
2.400000000000000000e+01
9.000000000000000000e+00
3.800000000000000000e+01
1.000000000000000000e+01
3.900000000000000000e+01
2.600000000000000000e+01
3.500000000000000000e+01
4.000000000000000000e+01
-2.000000000000000000e+00
-2.000000000000000000e+00
-1.200000000000000000e+01
2.900000000000000000e+01
2.900000000000000000e+01
2.000000000000000000e+01
1.000000000000000000e+00
1.600000000000000000e+01
1.000000000000000000e+00
3.000000000000000000e+01
3.300000000000000000e+01
4.600000000000000000e+01
2.400000000000000000e+01
1.000000000000000000e+01
5.000000000000000000e+00
3.000000000000000000e+00
-4.000000000000000000e+00
1.000000000000000000e+01
4.500000000000000000e+01
1.900000000000000000e+01
2.200000000000000000e+01
1.000000000000000000e+00
1.000000000000000000e+01
7.000000000000000000e+00
-2.900000000000000000e+01
4.000000000000000000e+00
1.700000000000000000e+01
9.000000000000000000e+00
9.000000000000000000e+00
8.000000000000000000e+00
-1.000000000000000000e+01
2.600000000000000000e+01
6.000000000000000000e+00
3.500000000000000000e+01
6.400000000000000000e+01
-8.000000000000000000e+00
1.300000000000000000e+01
2.100000000000000000e+01
-9.000000000000000000e+00
-2.300000000000000000e+01
9.000000000000000000e+00
5.100000000000000000e+01
0.000000000000000000e+00
2.700000000000000000e+01
-7.000000000000000000e+00
8.000000000000000000e+00
1.200000000000000000e+01
-2.000000000000000000e+00
2.900000000000000000e+01
5.000000000000000000e+00
1.300000000000000000e+01
3.000000000000000000e+01
1.000000000000000000e+00
1.000000000000000000e+01
3.000000000000000000e+01
-4.000000000000000000e+00
3.100000000000000000e+01
7.000000000000000000e+00
-2.300000000000000000e+01
-2.000000000000000000e+00
8.000000000000000000e+00
2.100000000000000000e+01
2.000000000000000000e+00
6.000000000000000000e+00
2.000000000000000000e+00
1.200000000000000000e+01
-2.500000000000000000e+01
-1.500000000000000000e+01
-6.000000000000000000e+00
-2.000000000000000000e+00
3.300000000000000000e+01
-6.000000000000000000e+00
1.200000000000000000e+01
1.800000000000000000e+01
1.200000000000000000e+01
4.200000000000000000e+01
2.500000000000000000e+01
-1.400000000000000000e+01
1.400000000000000000e+01
2.300000000000000000e+01
3.000000000000000000e+00
8.000000000000000000e+00
-6.000000000000000000e+00
2.000000000000000000e+01
1.600000000000000000e+01
2.500000000000000000e+01
-8.000000000000000000e+00
4.000000000000000000e+00
1.100000000000000000e+01
0.000000000000000000e+00
1.800000000000000000e+01
8.000000000000000000e+00
1.300000000000000000e+01
2.400000000000000000e+01
-5.000000000000000000e+00
-1.000000000000000000e+01
3.200000000000000000e+01
4.000000000000000000e+00
4.000000000000000000e+00
2.500000000000000000e+01
-1.600000000000000000e+01
6.000000000000000000e+00
8.000000000000000000e+00
-1.400000000000000000e+01
2.300000000000000000e+01
1.400000000000000000e+01
9.000000000000000000e+00
9.000000000000000000e+00
1.000000000000000000e+00
1.800000000000000000e+01
-2.000000000000000000e+01
2.900000000000000000e+01
2.900000000000000000e+01
1.300000000000000000e+01
7.000000000000000000e+00
1.800000000000000000e+01
1.500000000000000000e+01
1.400000000000000000e+01
2.300000000000000000e+01
5.700000000000000000e+01
-9.000000000000000000e+00
2.100000000000000000e+01
6.000000000000000000e+00
1.300000000000000000e+01
3.000000000000000000e+00
9.000000000000000000e+00
-8.000000000000000000e+00
-4.000000000000000000e+00
-6.000000000000000000e+00
1.100000000000000000e+01
6.000000000000000000e+00
2.200000000000000000e+01
-8.000000000000000000e+00
-9.000000000000000000e+00
7.000000000000000000e+00
-7.000000000000000000e+00
-9.000000000000000000e+00
3.800000000000000000e+01
1.900000000000000000e+01
3.800000000000000000e+01
2.300000000000000000e+01
2.400000000000000000e+01
1.500000000000000000e+01
-1.000000000000000000e+00
-7.000000000000000000e+00
-2.100000000000000000e+01
1.000000000000000000e+01
-2.600000000000000000e+01
-1.700000000000000000e+01
-1.900000000000000000e+01
6.000000000000000000e+00
1.100000000000000000e+01
1.300000000000000000e+01
3.000000000000000000e+01
-1.300000000000000000e+01
2.800000000000000000e+01
3.000000000000000000e+00
1.700000000000000000e+01
1.000000000000000000e+01
2.200000000000000000e+01
3.200000000000000000e+01
1.000000000000000000e+01
3.300000000000000000e+01
3.000000000000000000e+00
1.700000000000000000e+01
1.000000000000000000e+00
-1.000000000000000000e+00
2.200000000000000000e+01
2.500000000000000000e+01
3.000000000000000000e+00
-1.600000000000000000e+01
1.300000000000000000e+01
5.000000000000000000e+00
1.100000000000000000e+01
-6.000000000000000000e+00
-3.000000000000000000e+00
-8.000000000000000000e+00
1.500000000000000000e+01
-9.000000000000000000e+00
-7.000000000000000000e+00
1.500000000000000000e+01
8.000000000000000000e+00
2.100000000000000000e+01
0.000000000000000000e+00
1.000000000000000000e+00
1.300000000000000000e+01
9.000000000000000000e+00
-7.000000000000000000e+00
3.100000000000000000e+01
2.000000000000000000e+00
2.000000000000000000e+00
1.900000000000000000e+01
-1.200000000000000000e+01
-1.000000000000000000e+00
1.600000000000000000e+01
-1.000000000000000000e+00
2.400000000000000000e+01
2.700000000000000000e+01
-5.000000000000000000e+00
3.200000000000000000e+01
-1.500000000000000000e+01
-1.200000000000000000e+01
1.300000000000000000e+01
1.000000000000000000e+01
-1.000000000000000000e+00
-4.000000000000000000e+00
1.000000000000000000e+01
-3.000000000000000000e+00
-5.000000000000000000e+00
4.000000000000000000e+00
9.000000000000000000e+00
-2.000000000000000000e+00
1.500000000000000000e+01
-2.300000000000000000e+01
1.500000000000000000e+01
-6.000000000000000000e+00
2.200000000000000000e+01
8.000000000000000000e+00
6.000000000000000000e+00
-2.000000000000000000e+00
-1.600000000000000000e+01
9.000000000000000000e+00
-1.100000000000000000e+01
2.400000000000000000e+01
0.000000000000000000e+00
1.400000000000000000e+01
-6.000000000000000000e+00
-1.500000000000000000e+01
-1.000000000000000000e+00
2.100000000000000000e+01
-1.100000000000000000e+01
-1.000000000000000000e+01
5.000000000000000000e+00
-1.500000000000000000e+01
1.000000000000000000e+01
8.000000000000000000e+00
1.600000000000000000e+01
-1.800000000000000000e+01
8.000000000000000000e+00
-3.200000000000000000e+01
7.000000000000000000e+00
7.000000000000000000e+00
2.500000000000000000e+01
-1.800000000000000000e+01
-1.400000000000000000e+01
1.100000000000000000e+01
1.600000000000000000e+01
1.700000000000000000e+01
1.800000000000000000e+01
1.600000000000000000e+01
-7.000000000000000000e+00
-4.000000000000000000e+00
-1.800000000000000000e+01
-8.000000000000000000e+00
-1.500000000000000000e+01
6.000000000000000000e+00
-9.000000000000000000e+00
2.000000000000000000e+01
1.200000000000000000e+01
1.000000000000000000e+00
-1.500000000000000000e+01
-4.000000000000000000e+00
-1.600000000000000000e+01
2.800000000000000000e+01
0.000000000000000000e+00
4.000000000000000000e+00
2.300000000000000000e+01
1.400000000000000000e+01
6.000000000000000000e+00
-7.000000000000000000e+00
1.900000000000000000e+01
-4.000000000000000000e+00
6.000000000000000000e+00
-7.000000000000000000e+00
-3.600000000000000000e+01
2.400000000000000000e+01
-3.600000000000000000e+01
1.000000000000000000e+00
1.200000000000000000e+01
3.000000000000000000e+00
2.000000000000000000e+00
-1.600000000000000000e+01
-7.000000000000000000e+00
1.600000000000000000e+01
-6.000000000000000000e+00
1.300000000000000000e+01
6.000000000000000000e+00
1.400000000000000000e+01
-9.000000000000000000e+00
-5.000000000000000000e+00
4.000000000000000000e+00
-9.000000000000000000e+00
7.000000000000000000e+00
2.200000000000000000e+01
-4.000000000000000000e+00
2.000000000000000000e+00
-9.000000000000000000e+00
-6.000000000000000000e+00
-1.400000000000000000e+01
-3.000000000000000000e+00
-1.580000000000000000e+02
-1.300000000000000000e+01
1.500000000000000000e+01
2.200000000000000000e+01
1.500000000000000000e+01
-1.200000000000000000e+01
-2.700000000000000000e+01
-5.000000000000000000e+00
-1.000000000000000000e+00
-6.000000000000000000e+00
5.000000000000000000e+00
0.000000000000000000e+00
-1.600000000000000000e+01
-3.600000000000000000e+01
-2.100000000000000000e+01
5.000000000000000000e+00
1.200000000000000000e+01
3.200000000000000000e+01
7.000000000000000000e+00
4.000000000000000000e+00
3.000000000000000000e+00
1.000000000000000000e+01
-2.000000000000000000e+01
8.000000000000000000e+00
-1.900000000000000000e+01
-4.000000000000000000e+00
-1.000000000000000000e+00
3.400000000000000000e+01
2.300000000000000000e+01
1.300000000000000000e+01
-5.000000000000000000e+00
9.000000000000000000e+00
-2.000000000000000000e+00
2.600000000000000000e+01
3.600000000000000000e+01
1.500000000000000000e+01
-6.000000000000000000e+00
1.400000000000000000e+01
4.000000000000000000e+00
1.700000000000000000e+01
-3.500000000000000000e+01
8.000000000000000000e+00
2.000000000000000000e+00
1.100000000000000000e+01
-8.000000000000000000e+00
-1.500000000000000000e+01
-1.100000000000000000e+01
1.800000000000000000e+01
-1.200000000000000000e+01
5.700000000000000000e+01
-8.000000000000000000e+00
-4.000000000000000000e+00
1.500000000000000000e+01
5.000000000000000000e+00
8.000000000000000000e+00
1.000000000000000000e+00
-1.400000000000000000e+01
1.400000000000000000e+01
-1.400000000000000000e+01
1.200000000000000000e+01
4.000000000000000000e+00
1.000000000000000000e+01
9.000000000000000000e+00
2.900000000000000000e+01
-2.000000000000000000e+00
-3.100000000000000000e+01
2.000000000000000000e+00
1.200000000000000000e+01
2.800000000000000000e+01
-3.000000000000000000e+01
-8.000000000000000000e+00
-2.900000000000000000e+01
-1.600000000000000000e+01
-1.000000000000000000e+01
5.000000000000000000e+00
-2.000000000000000000e+01
-2.000000000000000000e+00
2.000000000000000000e+00
-8.000000000000000000e+00
7.000000000000000000e+00
-5.000000000000000000e+00
-6.000000000000000000e+00
1.600000000000000000e+01
-1.800000000000000000e+01
1.400000000000000000e+01
-1.000000000000000000e+00
4.000000000000000000e+00
5.000000000000000000e+00
1.500000000000000000e+01
8.000000000000000000e+00
2.200000000000000000e+01
-4.000000000000000000e+00
1.500000000000000000e+01
2.000000000000000000e+00
-1.300000000000000000e+01
6.000000000000000000e+00
-2.700000000000000000e+01
1.400000000000000000e+01
-3.000000000000000000e+00
-3.100000000000000000e+01
4.000000000000000000e+00
-1.400000000000000000e+01
8.000000000000000000e+00
3.200000000000000000e+01
-2.000000000000000000e+01
4.400000000000000000e+01
1.600000000000000000e+01
2.000000000000000000e+01
7.000000000000000000e+00
-3.000000000000000000e+00
2.600000000000000000e+01
-2.300000000000000000e+01
4.000000000000000000e+00
-1.000000000000000000e+01
-1.100000000000000000e+01
-2.400000000000000000e+01
1.700000000000000000e+01
1.700000000000000000e+01
1.400000000000000000e+01
-1.700000000000000000e+01
2.100000000000000000e+01
1.900000000000000000e+01
-8.000000000000000000e+00
1.300000000000000000e+01
-1.600000000000000000e+01
1.800000000000000000e+01
1.400000000000000000e+01
1.500000000000000000e+01
3.500000000000000000e+01
-1.400000000000000000e+01
1.000000000000000000e+01
-4.000000000000000000e+00
1.000000000000000000e+00
-1.700000000000000000e+01
5.000000000000000000e+00
-1.800000000000000000e+01
6.000000000000000000e+00
-5.000000000000000000e+00
1.700000000000000000e+01
1.400000000000000000e+01
-2.000000000000000000e+00
3.000000000000000000e+00
1.000000000000000000e+00
-1.600000000000000000e+01
6.000000000000000000e+00
-9.000000000000000000e+00
-4.000000000000000000e+00
4.000000000000000000e+00
2.500000000000000000e+01
1.000000000000000000e+01
1.000000000000000000e+00
-1.300000000000000000e+01
8.000000000000000000e+00
1.200000000000000000e+01
-1.400000000000000000e+01
7.000000000000000000e+00
3.000000000000000000e+01
-2.000000000000000000e+01
1.900000000000000000e+01
1.300000000000000000e+01
1.000000000000000000e+01
-2.500000000000000000e+01
-1.300000000000000000e+01
-6.000000000000000000e+00
-3.100000000000000000e+01
1.000000000000000000e+00
1.100000000000000000e+01
6.000000000000000000e+00
2.200000000000000000e+01
3.000000000000000000e+01
-1.400000000000000000e+01
-2.000000000000000000e+01
1.000000000000000000e+00
-1.900000000000000000e+01
1.400000000000000000e+01
-1.200000000000000000e+01
-3.600000000000000000e+01
4.000000000000000000e+00
3.000000000000000000e+00
-2.000000000000000000e+01
8.000000000000000000e+00
-1.400000000000000000e+01
7.000000000000000000e+00
-3.200000000000000000e+01
1.200000000000000000e+01
4.000000000000000000e+00
1.000000000000000000e+01
1.500000000000000000e+01
-4.000000000000000000e+00
-1.400000000000000000e+01
1.300000000000000000e+01
-1.100000000000000000e+01
-1.900000000000000000e+01
-7.000000000000000000e+00
1.200000000000000000e+01
8.000000000000000000e+00
0.000000000000000000e+00
7.000000000000000000e+00
1.000000000000000000e+00
-3.300000000000000000e+01
0.000000000000000000e+00
-1.700000000000000000e+01
-4.000000000000000000e+00
1.200000000000000000e+01
6.000000000000000000e+00
1.100000000000000000e+01
-1.300000000000000000e+01
1.600000000000000000e+01
3.000000000000000000e+00
5.000000000000000000e+00
7.000000000000000000e+00
-1.700000000000000000e+01
2.000000000000000000e+01
1.100000000000000000e+01
-4.000000000000000000e+00
1.500000000000000000e+01
1.600000000000000000e+01
1.900000000000000000e+01
2.300000000000000000e+01
1.100000000000000000e+01
-1.600000000000000000e+01
-2.600000000000000000e+01
3.800000000000000000e+01
2.000000000000000000e+00
6.000000000000000000e+00
1.000000000000000000e+00
-1.700000000000000000e+01
1.400000000000000000e+01
1.100000000000000000e+01
-1.600000000000000000e+01
-1.100000000000000000e+01
1.600000000000000000e+01
-1.700000000000000000e+01
3.000000000000000000e+00
-6.000000000000000000e+00
-7.000000000000000000e+00
9.000000000000000000e+00
-9.000000000000000000e+00
-2.300000000000000000e+01
-6.000000000000000000e+00
-4.000000000000000000e+00
-7.000000000000000000e+00
-1.900000000000000000e+01
-6.000000000000000000e+00
-1.800000000000000000e+01
6.000000000000000000e+00
2.000000000000000000e+01
-1.700000000000000000e+01
-1.600000000000000000e+01
-3.000000000000000000e+00
0.000000000000000000e+00
-1.700000000000000000e+01
1.100000000000000000e+01
-4.000000000000000000e+00
-9.000000000000000000e+00
-4.000000000000000000e+00
-3.000000000000000000e+00
1.400000000000000000e+01
1.500000000000000000e+01
-6.000000000000000000e+00
1.600000000000000000e+01
5.000000000000000000e+00
3.900000000000000000e+01
1.400000000000000000e+01
-7.000000000000000000e+00
1.300000000000000000e+01
-1.500000000000000000e+01
-6.000000000000000000e+00
1.000000000000000000e+00
-5.000000000000000000e+00
1.600000000000000000e+01
8.000000000000000000e+00
-8.000000000000000000e+00
-1.400000000000000000e+01
1.000000000000000000e+01
6.000000000000000000e+00
1.000000000000000000e+01
-1.200000000000000000e+01
1.400000000000000000e+01
-1.000000000000000000e+01
3.500000000000000000e+01
-1.300000000000000000e+01
5.000000000000000000e+00
-1.100000000000000000e+01
4.000000000000000000e+00
1.400000000000000000e+01
-5.000000000000000000e+00
-2.700000000000000000e+01
2.800000000000000000e+01
1.400000000000000000e+01
2.000000000000000000e+00
5.000000000000000000e+00
-7.000000000000000000e+00
1.500000000000000000e+01
1.000000000000000000e+01
-1.600000000000000000e+01
1.200000000000000000e+01
-2.700000000000000000e+01
1.200000000000000000e+01
3.000000000000000000e+00
6.000000000000000000e+00
2.400000000000000000e+01
0.000000000000000000e+00
-1.000000000000000000e+01
2.100000000000000000e+01
-1.000000000000000000e+00
3.900000000000000000e+01
-2.400000000000000000e+01
1.500000000000000000e+01
2.000000000000000000e+00
-1.500000000000000000e+01
-1.000000000000000000e+00
3.800000000000000000e+01
-1.200000000000000000e+01
8.000000000000000000e+00
2.200000000000000000e+01
-7.000000000000000000e+00
-3.000000000000000000e+00
7.000000000000000000e+00
-8.000000000000000000e+00
5.000000000000000000e+00
-1.000000000000000000e+00
-2.000000000000000000e+00
-2.600000000000000000e+01
-6.000000000000000000e+00
1.700000000000000000e+01
-4.000000000000000000e+00
-2.000000000000000000e+01
-2.200000000000000000e+01
2.000000000000000000e+01
2.300000000000000000e+01
-7.000000000000000000e+00
-8.000000000000000000e+00
1.000000000000000000e+01
-4.000000000000000000e+00
-1.000000000000000000e+00
-2.100000000000000000e+01
-2.000000000000000000e+00
-2.000000000000000000e+00
-4.000000000000000000e+00
-5.000000000000000000e+00
2.000000000000000000e+01
-9.000000000000000000e+00
2.000000000000000000e+00
2.000000000000000000e+00
-2.000000000000000000e+00
1.400000000000000000e+01
2.100000000000000000e+01
1.400000000000000000e+01
-1.000000000000000000e+00
-1.100000000000000000e+01
1.200000000000000000e+01
-9.000000000000000000e+00
-2.800000000000000000e+01
3.000000000000000000e+00
-2.000000000000000000e+00
-2.700000000000000000e+01
1.100000000000000000e+01
7.000000000000000000e+00
-1.000000000000000000e+01
1.100000000000000000e+01
7.000000000000000000e+00
1.100000000000000000e+01
1.700000000000000000e+01
2.000000000000000000e+00
2.400000000000000000e+01
2.500000000000000000e+01
5.000000000000000000e+00
5.000000000000000000e+00
-3.000000000000000000e+00
-2.000000000000000000e+00
1.300000000000000000e+01
-2.400000000000000000e+01
1.900000000000000000e+01
-6.000000000000000000e+00
-1.700000000000000000e+01
-1.300000000000000000e+01
2.100000000000000000e+01
-6.000000000000000000e+00
2.300000000000000000e+01
5.000000000000000000e+00
4.100000000000000000e+01
2.600000000000000000e+01
-7.000000000000000000e+00
1.800000000000000000e+01
2.000000000000000000e+01
-1.900000000000000000e+01
1.100000000000000000e+01
0.000000000000000000e+00
2.800000000000000000e+01
-6.000000000000000000e+00
3.000000000000000000e+00
-1.600000000000000000e+01
-1.200000000000000000e+01
2.000000000000000000e+00
8.000000000000000000e+00
1.500000000000000000e+01
7.000000000000000000e+00
2.100000000000000000e+01
2.600000000000000000e+01
8.000000000000000000e+00
1.000000000000000000e+01
0.000000000000000000e+00
9.000000000000000000e+00
-1.100000000000000000e+01
-7.000000000000000000e+00
2.500000000000000000e+01
2.300000000000000000e+01
1.000000000000000000e+01
9.000000000000000000e+00
3.500000000000000000e+01
3.700000000000000000e+01
5.100000000000000000e+01
6.200000000000000000e+01
3.000000000000000000e+00
5.200000000000000000e+01
3.600000000000000000e+01
5.400000000000000000e+01
2.300000000000000000e+01
4.300000000000000000e+01
5.600000000000000000e+01
7.400000000000000000e+01
3.900000000000000000e+01
6.000000000000000000e+01
5.400000000000000000e+01
6.400000000000000000e+01
7.600000000000000000e+01
9.000000000000000000e+01
7.900000000000000000e+01
9.000000000000000000e+01
1.080000000000000000e+02
9.900000000000000000e+01
8.000000000000000000e+01
9.700000000000000000e+01
9.800000000000000000e+01
1.250000000000000000e+02
9.900000000000000000e+01
1.660000000000000000e+02
1.150000000000000000e+02
1.750000000000000000e+02
1.410000000000000000e+02
1.590000000000000000e+02
1.790000000000000000e+02
1.760000000000000000e+02
1.970000000000000000e+02
2.040000000000000000e+02
2.300000000000000000e+02
2.360000000000000000e+02
2.590000000000000000e+02
2.580000000000000000e+02
3.080000000000000000e+02
2.980000000000000000e+02
3.250000000000000000e+02
3.340000000000000000e+02
3.290000000000000000e+02
3.990000000000000000e+02
3.740000000000000000e+02
4.010000000000000000e+02
4.310000000000000000e+02
4.130000000000000000e+02
4.920000000000000000e+02
4.430000000000000000e+02
4.860000000000000000e+02
4.940000000000000000e+02
5.070000000000000000e+02
5.490000000000000000e+02
5.540000000000000000e+02
5.900000000000000000e+02
5.970000000000000000e+02
6.640000000000000000e+02
6.870000000000000000e+02
6.860000000000000000e+02
7.500000000000000000e+02
7.600000000000000000e+02
7.870000000000000000e+02
7.870000000000000000e+02
8.900000000000000000e+02
8.850000000000000000e+02
8.620000000000000000e+02
9.160000000000000000e+02
9.690000000000000000e+02
1.015000000000000000e+03
1.008000000000000000e+03
1.044000000000000000e+03
1.070000000000000000e+03
1.100000000000000000e+03
1.079000000000000000e+03
1.146000000000000000e+03
1.151000000000000000e+03
1.193000000000000000e+03
1.199000000000000000e+03
1.203000000000000000e+03
1.215000000000000000e+03
1.299000000000000000e+03
1.297000000000000000e+03
1.351000000000000000e+03
1.329000000000000000e+03
1.372000000000000000e+03
1.347000000000000000e+03
1.394000000000000000e+03
1.418000000000000000e+03
1.428000000000000000e+03
1.435000000000000000e+03
1.461000000000000000e+03
1.496000000000000000e+03
1.460000000000000000e+03
1.487000000000000000e+03
1.498000000000000000e+03
1.566000000000000000e+03
1.571000000000000000e+03
1.593000000000000000e+03
1.542000000000000000e+03
1.608000000000000000e+03
1.640000000000000000e+03
1.617000000000000000e+03
1.660000000000000000e+03
1.580000000000000000e+03
1.597000000000000000e+03
1.686000000000000000e+03
1.617000000000000000e+03
1.629000000000000000e+03
1.593000000000000000e+03
1.551000000000000000e+03
1.616000000000000000e+03
1.522000000000000000e+03
1.529000000000000000e+03
1.503000000000000000e+03
1.492000000000000000e+03
1.410000000000000000e+03
1.422000000000000000e+03
1.443000000000000000e+03
1.391000000000000000e+03
1.378000000000000000e+03
1.393000000000000000e+03
1.372000000000000000e+03
1.366000000000000000e+03
1.339000000000000000e+03
1.382000000000000000e+03
1.301000000000000000e+03
1.286000000000000000e+03
1.273000000000000000e+03
1.272000000000000000e+03
1.306000000000000000e+03
1.258000000000000000e+03
1.198000000000000000e+03
1.257000000000000000e+03
1.177000000000000000e+03
1.161000000000000000e+03
1.139000000000000000e+03
1.170000000000000000e+03
1.108000000000000000e+03
1.046000000000000000e+03
1.012000000000000000e+03
1.003000000000000000e+03
1.004000000000000000e+03
9.570000000000000000e+02
9.840000000000000000e+02
9.060000000000000000e+02
9.190000000000000000e+02
8.570000000000000000e+02
8.260000000000000000e+02
8.310000000000000000e+02
7.770000000000000000e+02
7.880000000000000000e+02
7.230000000000000000e+02
7.110000000000000000e+02
6.900000000000000000e+02
6.910000000000000000e+02
6.620000000000000000e+02
6.620000000000000000e+02
6.210000000000000000e+02
6.250000000000000000e+02
5.580000000000000000e+02
5.480000000000000000e+02
5.570000000000000000e+02
5.840000000000000000e+02
5.390000000000000000e+02
5.050000000000000000e+02
4.660000000000000000e+02
4.470000000000000000e+02
4.510000000000000000e+02
4.270000000000000000e+02
4.030000000000000000e+02
4.250000000000000000e+02
3.480000000000000000e+02
3.340000000000000000e+02
3.290000000000000000e+02
2.900000000000000000e+02
3.180000000000000000e+02
2.780000000000000000e+02
2.480000000000000000e+02
2.560000000000000000e+02
2.660000000000000000e+02
2.390000000000000000e+02
2.560000000000000000e+02
2.220000000000000000e+02
2.010000000000000000e+02
2.140000000000000000e+02
2.180000000000000000e+02
1.730000000000000000e+02
2.080000000000000000e+02
1.630000000000000000e+02
1.690000000000000000e+02
1.700000000000000000e+02
1.500000000000000000e+02
1.500000000000000000e+02
1.540000000000000000e+02
1.350000000000000000e+02
1.370000000000000000e+02
1.250000000000000000e+02
1.120000000000000000e+02
1.110000000000000000e+02
1.020000000000000000e+02
9.400000000000000000e+01
8.000000000000000000e+01
8.400000000000000000e+01
9.100000000000000000e+01
8.300000000000000000e+01
8.200000000000000000e+01
1.040000000000000000e+02
8.900000000000000000e+01
5.800000000000000000e+01
7.200000000000000000e+01
5.700000000000000000e+01
6.600000000000000000e+01
5.000000000000000000e+00
6.500000000000000000e+01
9.000000000000000000e+00
3.800000000000000000e+01
2.900000000000000000e+01
4.000000000000000000e+01
3.200000000000000000e+01
1.000000000000000000e+01
4.400000000000000000e+01
3.900000000000000000e+01
1.600000000000000000e+01
0.000000000000000000e+00
3.700000000000000000e+01
5.000000000000000000e+01
2.000000000000000000e+00
9.000000000000000000e+00
2.700000000000000000e+01
1.000000000000000000e+01
4.900000000000000000e+01
1.900000000000000000e+01
-1.000000000000000000e+01
3.600000000000000000e+01
6.000000000000000000e+00
1.900000000000000000e+01
-1.000000000000000000e+01
2.700000000000000000e+01
2.000000000000000000e+00
-2.100000000000000000e+01
5.000000000000000000e+00
2.700000000000000000e+01
1.000000000000000000e+01
2.200000000000000000e+01
1.000000000000000000e+01
3.300000000000000000e+01
2.600000000000000000e+01
1.500000000000000000e+01
-3.000000000000000000e+00
-2.000000000000000000e+01
8.000000000000000000e+00
2.900000000000000000e+01
2.000000000000000000e+00
1.000000000000000000e+01
3.100000000000000000e+01
-2.700000000000000000e+01
-2.000000000000000000e+00
2.600000000000000000e+01
1.800000000000000000e+01
2.200000000000000000e+01
3.900000000000000000e+01
9.000000000000000000e+00
1.700000000000000000e+01
-9.000000000000000000e+00
1.300000000000000000e+01
-1.000000000000000000e+01
1.700000000000000000e+01
5.000000000000000000e+00
-1.100000000000000000e+01
-1.000000000000000000e+01
3.000000000000000000e+00
-2.100000000000000000e+01
-1.100000000000000000e+01
3.500000000000000000e+01
3.100000000000000000e+01
1.300000000000000000e+01
1.400000000000000000e+01
0.000000000000000000e+00
6.000000000000000000e+00
1.000000000000000000e+00
1.400000000000000000e+01
2.400000000000000000e+01
7.000000000000000000e+00
9.000000000000000000e+00
0.000000000000000000e+00
0.000000000000000000e+00
5.000000000000000000e+00
7.000000000000000000e+00
-1.000000000000000000e+01
-9.000000000000000000e+00
-1.300000000000000000e+01
-2.700000000000000000e+01
-1.000000000000000000e+00
-4.000000000000000000e+00
-4.000000000000000000e+00
6.000000000000000000e+00
2.100000000000000000e+01
-1.400000000000000000e+01
1.800000000000000000e+01
1.100000000000000000e+01
-2.100000000000000000e+01
1.400000000000000000e+01
1.400000000000000000e+01
-1.000000000000000000e+01
-1.000000000000000000e+00
-1.000000000000000000e+00
3.000000000000000000e+00
1.000000000000000000e+00
-1.000000000000000000e+00
-2.000000000000000000e+00
