2.000000000000000000e+00
6.000000000000000000e+00
1.000000000000000000e+00
0.000000000000000000e+00
3.000000000000000000e+00
-9.000000000000000000e+00
-3.100000000000000000e+01
-1.400000000000000000e+01
-2.000000000000000000e+00
4.000000000000000000e+00
6.000000000000000000e+00
-7.000000000000000000e+00
-1.400000000000000000e+01
-5.000000000000000000e+00
-1.100000000000000000e+01
-2.000000000000000000e+01
1.400000000000000000e+01
1.900000000000000000e+01
0.000000000000000000e+00
-8.000000000000000000e+00
2.000000000000000000e+01
1.000000000000000000e+00
-3.000000000000000000e+00
-3.000000000000000000e+00
7.000000000000000000e+00
-2.000000000000000000e+01
-1.300000000000000000e+01
-5.000000000000000000e+00
1.000000000000000000e+00
-1.100000000000000000e+01
-5.000000000000000000e+00
4.000000000000000000e+00
1.800000000000000000e+01
3.000000000000000000e+00
4.000000000000000000e+00
-4.300000000000000000e+01
-1.700000000000000000e+01
0.000000000000000000e+00
-5.000000000000000000e+00
2.300000000000000000e+01
4.000000000000000000e+00
9.000000000000000000e+00
-1.800000000000000000e+01
-1.200000000000000000e+01
4.000000000000000000e+00
-1.000000000000000000e+01
3.000000000000000000e+00
2.300000000000000000e+01
-1.000000000000000000e+01
-2.000000000000000000e+01
1.800000000000000000e+01
-1.700000000000000000e+01
-1.200000000000000000e+01
0.000000000000000000e+00
-1.200000000000000000e+01
2.900000000000000000e+01
3.000000000000000000e+00
-2.700000000000000000e+01
-1.000000000000000000e+01
-6.000000000000000000e+00
7.000000000000000000e+00
-1.000000000000000000e+01
-3.700000000000000000e+01
1.300000000000000000e+01
-3.300000000000000000e+01
1.700000000000000000e+01
-2.800000000000000000e+01
9.000000000000000000e+00
-7.000000000000000000e+00
-7.000000000000000000e+00
5.000000000000000000e+00
8.000000000000000000e+00
-1.100000000000000000e+01
-3.100000000000000000e+01
-4.000000000000000000e+00
2.000000000000000000e+00
1.000000000000000000e+00
2.000000000000000000e+00
1.600000000000000000e+01
-6.000000000000000000e+00
7.000000000000000000e+00
-1.000000000000000000e+01
-2.000000000000000000e+01
-1.900000000000000000e+01
1.500000000000000000e+01
-1.800000000000000000e+01
-7.000000000000000000e+00
1.000000000000000000e+01
-5.000000000000000000e+00
1.100000000000000000e+01
5.000000000000000000e+00
-1.600000000000000000e+01
9.000000000000000000e+00
-1.900000000000000000e+01
2.000000000000000000e+00
9.000000000000000000e+00
0.000000000000000000e+00
4.000000000000000000e+00
-4.500000000000000000e+01
-1.000000000000000000e+00
0.000000000000000000e+00
2.000000000000000000e+00
4.000000000000000000e+00
-1.600000000000000000e+01
3.000000000000000000e+00
-8.000000000000000000e+00
-3.200000000000000000e+01
2.000000000000000000e+00
-1.400000000000000000e+01
1.000000000000000000e+00
4.000000000000000000e+00
0.000000000000000000e+00
3.000000000000000000e+00
3.000000000000000000e+00
2.000000000000000000e+00
1.000000000000000000e+01
5.000000000000000000e+00
-3.100000000000000000e+01
-2.400000000000000000e+01
0.000000000000000000e+00
-4.000000000000000000e+00
7.000000000000000000e+00
1.900000000000000000e+01
1.000000000000000000e+00
1.800000000000000000e+01
-2.000000000000000000e+01
-1.100000000000000000e+01
1.000000000000000000e+00
1.100000000000000000e+01
9.000000000000000000e+00
2.000000000000000000e+00
7.000000000000000000e+00
-1.900000000000000000e+01
-3.000000000000000000e+00
-1.600000000000000000e+01
-1.000000000000000000e+01
1.600000000000000000e+01
1.200000000000000000e+01
-1.100000000000000000e+01
-1.700000000000000000e+01
3.000000000000000000e+00
-1.200000000000000000e+01
-9.000000000000000000e+00
-9.000000000000000000e+00
0.000000000000000000e+00
1.800000000000000000e+01
1.000000000000000000e+00
-1.500000000000000000e+01
-2.000000000000000000e+00
9.000000000000000000e+00
-9.000000000000000000e+00
-1.000000000000000000e+01
8.000000000000000000e+00
-5.000000000000000000e+00
-5.000000000000000000e+00
-2.000000000000000000e+01
-1.100000000000000000e+01
0.000000000000000000e+00
-2.000000000000000000e+00
-1.900000000000000000e+01
-7.000000000000000000e+00
5.000000000000000000e+00
-1.600000000000000000e+01
-8.000000000000000000e+00
-6.000000000000000000e+00
-2.700000000000000000e+01
-1.000000000000000000e+01
-2.800000000000000000e+01
5.000000000000000000e+00
-2.000000000000000000e+00
5.000000000000000000e+00
1.800000000000000000e+01
5.000000000000000000e+00
2.000000000000000000e+01
2.600000000000000000e+01
-1.400000000000000000e+01
-9.000000000000000000e+00
-9.000000000000000000e+00
6.000000000000000000e+00
-9.000000000000000000e+00
2.000000000000000000e+00
1.400000000000000000e+01
2.200000000000000000e+01
-2.900000000000000000e+01
-2.000000000000000000e+01
-1.400000000000000000e+01
-6.000000000000000000e+00
-9.000000000000000000e+00
1.800000000000000000e+01
2.800000000000000000e+01
1.400000000000000000e+01
-2.000000000000000000e+01
-2.800000000000000000e+01
-1.200000000000000000e+01
2.000000000000000000e+00
1.100000000000000000e+01
1.700000000000000000e+01
1.600000000000000000e+01
2.100000000000000000e+01
7.000000000000000000e+00
-8.000000000000000000e+00
-1.100000000000000000e+01
-2.000000000000000000e+00
-2.000000000000000000e+00
3.000000000000000000e+00
-1.300000000000000000e+01
1.500000000000000000e+01
-1.300000000000000000e+01
-3.000000000000000000e+00
3.000000000000000000e+00
2.500000000000000000e+01
-1.200000000000000000e+01
-1.000000000000000000e+00
1.600000000000000000e+01
-1.500000000000000000e+01
-2.600000000000000000e+01
1.500000000000000000e+01
-6.000000000000000000e+00
3.500000000000000000e+01
-1.000000000000000000e+01
3.100000000000000000e+01
-3.000000000000000000e+01
0.000000000000000000e+00
1.200000000000000000e+01
3.000000000000000000e+00
4.000000000000000000e+00
-7.000000000000000000e+00
-1.200000000000000000e+01
1.400000000000000000e+01
1.000000000000000000e+00
2.000000000000000000e+00
7.000000000000000000e+00
2.200000000000000000e+01
1.700000000000000000e+01
-1.500000000000000000e+01
1.000000000000000000e+00
-1.000000000000000000e+01
-1.000000000000000000e+01
-5.000000000000000000e+00
-1.100000000000000000e+01
-2.000000000000000000e+00
-1.100000000000000000e+01
0.000000000000000000e+00
-1.000000000000000000e+01
2.100000000000000000e+01
2.000000000000000000e+01
1.100000000000000000e+01
7.000000000000000000e+00
-1.300000000000000000e+01
2.200000000000000000e+01
0.000000000000000000e+00
2.000000000000000000e+00
-3.000000000000000000e+01
-8.000000000000000000e+00
-2.100000000000000000e+01
-1.800000000000000000e+01
3.300000000000000000e+01
-1.900000000000000000e+01
-5.100000000000000000e+01
-1.900000000000000000e+01
6.000000000000000000e+00
2.000000000000000000e+01
1.400000000000000000e+01
1.000000000000000000e+00
-4.000000000000000000e+00
2.100000000000000000e+01
1.300000000000000000e+01
1.300000000000000000e+01
-8.000000000000000000e+00
1.000000000000000000e+01
-2.200000000000000000e+01
1.600000000000000000e+01
-8.000000000000000000e+00
-2.400000000000000000e+01
1.000000000000000000e+00
1.000000000000000000e+00
1.000000000000000000e+00
-1.000000000000000000e+01
-2.400000000000000000e+01
1.200000000000000000e+01
-3.400000000000000000e+01
-1.000000000000000000e+01
-9.000000000000000000e+00
-8.000000000000000000e+00
2.500000000000000000e+01
2.000000000000000000e+00
-4.800000000000000000e+01
-2.500000000000000000e+01
-3.000000000000000000e+01
-9.000000000000000000e+00
-9.000000000000000000e+00
1.700000000000000000e+01
-1.700000000000000000e+01
-1.000000000000000000e+00
-2.000000000000000000e+00
1.200000000000000000e+01
-7.000000000000000000e+00
-1.200000000000000000e+01
-7.000000000000000000e+00
2.300000000000000000e+01
-1.400000000000000000e+01
-2.100000000000000000e+01
-1.200000000000000000e+01
-2.000000000000000000e+00
-1.100000000000000000e+01
-2.300000000000000000e+01
-7.000000000000000000e+00
-1.700000000000000000e+01
-6.000000000000000000e+00
2.300000000000000000e+01
-3.300000000000000000e+01
9.000000000000000000e+00
2.800000000000000000e+01
6.000000000000000000e+00
-5.000000000000000000e+00
1.000000000000000000e+00
3.000000000000000000e+00
1.000000000000000000e+01
-6.000000000000000000e+00
-5.000000000000000000e+00
-2.800000000000000000e+01
-1.100000000000000000e+01
-9.000000000000000000e+00
-4.000000000000000000e+00
1.200000000000000000e+01
-2.000000000000000000e+00
-8.000000000000000000e+00
1.100000000000000000e+01
1.200000000000000000e+01
2.100000000000000000e+01
1.100000000000000000e+01
3.800000000000000000e+01
-2.000000000000000000e+01
-1.800000000000000000e+01
-2.400000000000000000e+01
-1.300000000000000000e+01
1.000000000000000000e+01
6.000000000000000000e+00
4.000000000000000000e+00
2.000000000000000000e+00
1.200000000000000000e+01
2.000000000000000000e+00
-8.000000000000000000e+00
3.000000000000000000e+00
2.100000000000000000e+01
-1.000000000000000000e+00
3.000000000000000000e+00
2.000000000000000000e+00
-5.000000000000000000e+00
-2.700000000000000000e+01
6.000000000000000000e+00
-2.800000000000000000e+01
4.000000000000000000e+00
-3.000000000000000000e+01
7.000000000000000000e+00
4.000000000000000000e+00
-2.100000000000000000e+01
8.000000000000000000e+00
4.000000000000000000e+00
-1.800000000000000000e+01
-7.000000000000000000e+00
2.200000000000000000e+01
-1.900000000000000000e+01
7.000000000000000000e+00
-5.000000000000000000e+00
1.700000000000000000e+01
-1.200000000000000000e+01
-9.000000000000000000e+00
-8.000000000000000000e+00
-1.400000000000000000e+01
-2.400000000000000000e+01
-9.000000000000000000e+00
-6.000000000000000000e+00
-2.300000000000000000e+01
-1.000000000000000000e+00
6.000000000000000000e+00
-3.500000000000000000e+01
8.000000000000000000e+00
-1.600000000000000000e+01
1.000000000000000000e+01
2.800000000000000000e+01
2.500000000000000000e+01
-2.800000000000000000e+01
2.300000000000000000e+01
-3.600000000000000000e+01
4.200000000000000000e+01
-7.000000000000000000e+00
-9.000000000000000000e+00
5.000000000000000000e+00
2.900000000000000000e+01
7.000000000000000000e+00
-1.400000000000000000e+01
3.000000000000000000e+00
-6.000000000000000000e+00
-1.400000000000000000e+01
1.600000000000000000e+01
5.000000000000000000e+00
-7.000000000000000000e+00
3.000000000000000000e+00
1.100000000000000000e+01
5.000000000000000000e+00
8.000000000000000000e+00
2.000000000000000000e+00
-2.100000000000000000e+01
-5.000000000000000000e+00
-9.000000000000000000e+00
1.200000000000000000e+01
-3.500000000000000000e+01
-3.000000000000000000e+00
-2.200000000000000000e+01
-4.000000000000000000e+00
1.400000000000000000e+01
-7.000000000000000000e+00
-1.800000000000000000e+01
1.700000000000000000e+01
2.300000000000000000e+01
-2.100000000000000000e+01
-1.000000000000000000e+00
-2.600000000000000000e+01
2.300000000000000000e+01
9.000000000000000000e+00
-3.000000000000000000e+00
1.700000000000000000e+01
-2.200000000000000000e+01
-1.100000000000000000e+01
-1.300000000000000000e+01
-2.200000000000000000e+01
0.000000000000000000e+00
-4.000000000000000000e+00
-1.800000000000000000e+01
1.100000000000000000e+01
2.100000000000000000e+01
1.100000000000000000e+01
-2.000000000000000000e+00
-5.000000000000000000e+00
0.000000000000000000e+00
-1.500000000000000000e+01
-1.000000000000000000e+01
-2.600000000000000000e+01
-2.500000000000000000e+01
8.000000000000000000e+00
-1.700000000000000000e+01
-1.300000000000000000e+01
2.400000000000000000e+01
8.000000000000000000e+00
4.700000000000000000e+01
2.800000000000000000e+01
0.000000000000000000e+00
-1.800000000000000000e+01
3.000000000000000000e+00
-1.600000000000000000e+01
4.000000000000000000e+00
6.000000000000000000e+00
-1.300000000000000000e+01
-1.900000000000000000e+01
7.000000000000000000e+00
1.200000000000000000e+01
7.000000000000000000e+00
-3.000000000000000000e+00
1.700000000000000000e+01
-2.800000000000000000e+01
-6.000000000000000000e+00
-2.300000000000000000e+01
-3.500000000000000000e+01
-9.000000000000000000e+00
2.300000000000000000e+01
1.000000000000000000e+01
-3.000000000000000000e+00
-3.800000000000000000e+01
-2.000000000000000000e+00
-1.000000000000000000e+01
-2.200000000000000000e+01
8.000000000000000000e+00
6.000000000000000000e+00
-2.400000000000000000e+01
0.000000000000000000e+00
-2.000000000000000000e+01
3.000000000000000000e+00
1.800000000000000000e+01
1.200000000000000000e+01
-2.100000000000000000e+01
-6.000000000000000000e+00
-1.400000000000000000e+01
-5.000000000000000000e+00
-6.000000000000000000e+00
-2.700000000000000000e+01
-1.700000000000000000e+01
1.400000000000000000e+01
-1.700000000000000000e+01
8.000000000000000000e+00
2.300000000000000000e+01
-6.000000000000000000e+00
-4.000000000000000000e+00
1.000000000000000000e+00
-4.000000000000000000e+00
-1.600000000000000000e+01
2.000000000000000000e+01
-1.000000000000000000e+01
-2.900000000000000000e+01
-1.100000000000000000e+01
1.900000000000000000e+01
1.100000000000000000e+01
1.500000000000000000e+01
-6.000000000000000000e+00
1.700000000000000000e+01
-2.000000000000000000e+00
-7.000000000000000000e+00
2.900000000000000000e+01
-3.000000000000000000e+01
-1.300000000000000000e+01
-9.000000000000000000e+00
5.000000000000000000e+00
-5.000000000000000000e+00
1.500000000000000000e+01
-2.000000000000000000e+00
-6.000000000000000000e+00
1.400000000000000000e+01
-1.400000000000000000e+01
1.600000000000000000e+01
-9.000000000000000000e+00
4.000000000000000000e+00
0.000000000000000000e+00
-1.000000000000000000e+00
-1.000000000000000000e+01
5.000000000000000000e+00
-1.300000000000000000e+01
1.500000000000000000e+01
3.600000000000000000e+01
2.700000000000000000e+01
1.900000000000000000e+01
3.100000000000000000e+01
5.100000000000000000e+01
5.000000000000000000e+01
4.400000000000000000e+01
4.900000000000000000e+01
4.200000000000000000e+01
3.700000000000000000e+01
2.400000000000000000e+01
6.000000000000000000e+00
1.800000000000000000e+01
7.400000000000000000e+01
2.300000000000000000e+01
3.200000000000000000e+01
3.000000000000000000e+01
4.000000000000000000e+01
2.300000000000000000e+01
2.800000000000000000e+01
-4.000000000000000000e+00
1.800000000000000000e+01
1.200000000000000000e+01
7.000000000000000000e+00
-1.700000000000000000e+01
2.000000000000000000e+01
-2.000000000000000000e+01
3.400000000000000000e+01
5.000000000000000000e+00
2.300000000000000000e+01
8.000000000000000000e+00
-1.800000000000000000e+01
-1.000000000000000000e+00
1.000000000000000000e+00
-2.100000000000000000e+01
1.800000000000000000e+01
1.400000000000000000e+01
4.000000000000000000e+00
-4.000000000000000000e+00
4.000000000000000000e+00
2.000000000000000000e+01
-1.100000000000000000e+01
-8.000000000000000000e+00
5.000000000000000000e+00
1.600000000000000000e+01
2.000000000000000000e+00
-2.000000000000000000e+00
1.100000000000000000e+01
1.000000000000000000e+01
-2.000000000000000000e+01
0.000000000000000000e+00
2.900000000000000000e+01
1.000000000000000000e+00
-1.500000000000000000e+01
7.000000000000000000e+00
-2.000000000000000000e+00
2.700000000000000000e+01
1.700000000000000000e+01
3.400000000000000000e+01
1.000000000000000000e+00
1.000000000000000000e+01
-2.400000000000000000e+01
2.500000000000000000e+01
-1.400000000000000000e+01
-1.200000000000000000e+01
1.000000000000000000e+00
-5.000000000000000000e+00
5.000000000000000000e+00
-1.500000000000000000e+01
1.600000000000000000e+01
-2.100000000000000000e+01
2.000000000000000000e+00
-1.100000000000000000e+01
-7.000000000000000000e+00
-1.300000000000000000e+01
1.800000000000000000e+01
2.600000000000000000e+01
1.600000000000000000e+01
4.000000000000000000e+00
1.700000000000000000e+01
3.500000000000000000e+01
-7.000000000000000000e+00
1.000000000000000000e+00
6.000000000000000000e+00
-3.000000000000000000e+00
-9.000000000000000000e+00
3.000000000000000000e+01
-2.500000000000000000e+01
-9.000000000000000000e+00
-1.400000000000000000e+01
2.000000000000000000e+00
-1.100000000000000000e+01
-8.000000000000000000e+00
2.900000000000000000e+01
-2.200000000000000000e+01
2.000000000000000000e+01
-3.000000000000000000e+01
-1.100000000000000000e+01
-1.400000000000000000e+01
5.000000000000000000e+00
2.800000000000000000e+01
-1.000000000000000000e+01
1.100000000000000000e+01
1.800000000000000000e+01
-2.200000000000000000e+01
-3.000000000000000000e+00
-1.700000000000000000e+01
-9.000000000000000000e+00
9.000000000000000000e+00
0.000000000000000000e+00
2.600000000000000000e+01
8.000000000000000000e+00
1.400000000000000000e+01
1.300000000000000000e+01
-3.000000000000000000e+01
-1.800000000000000000e+01
-9.000000000000000000e+00
-1.500000000000000000e+01
1.000000000000000000e+01
-1.500000000000000000e+01
1.100000000000000000e+01
1.000000000000000000e+00
1.800000000000000000e+01
-2.000000000000000000e+00
-1.200000000000000000e+01
1.900000000000000000e+01
1.200000000000000000e+01
1.500000000000000000e+01
-3.700000000000000000e+01
2.100000000000000000e+01
-2.000000000000000000e+00
2.000000000000000000e+00
0.000000000000000000e+00
4.000000000000000000e+00
2.600000000000000000e+01
-1.200000000000000000e+01
3.200000000000000000e+01
-8.000000000000000000e+00
-2.200000000000000000e+01
1.400000000000000000e+01
7.000000000000000000e+00
1.200000000000000000e+01
1.800000000000000000e+01
-2.000000000000000000e+01
-2.500000000000000000e+01
1.600000000000000000e+01
2.100000000000000000e+01
-1.000000000000000000e+00
-1.700000000000000000e+01
1.900000000000000000e+01
2.500000000000000000e+01
1.300000000000000000e+01
-2.300000000000000000e+01
3.000000000000000000e+00
1.100000000000000000e+01
-3.000000000000000000e+00
1.600000000000000000e+01
-8.000000000000000000e+00
1.000000000000000000e+01
2.500000000000000000e+01
3.000000000000000000e+00
-5.000000000000000000e+00
-1.900000000000000000e+01
-7.000000000000000000e+00
-2.800000000000000000e+01
1.800000000000000000e+01
1.100000000000000000e+01
1.500000000000000000e+01
2.000000000000000000e+00
-8.000000000000000000e+00
1.100000000000000000e+01
-3.200000000000000000e+01
1.300000000000000000e+01
2.000000000000000000e+01
6.000000000000000000e+00
1.000000000000000000e+00
9.000000000000000000e+00
-1.000000000000000000e+00
1.000000000000000000e+01
-9.000000000000000000e+00
-1.900000000000000000e+01
-6.000000000000000000e+00
1.700000000000000000e+01
-1.100000000000000000e+01
2.000000000000000000e+00
1.500000000000000000e+01
7.000000000000000000e+00
1.300000000000000000e+01
3.000000000000000000e+00
2.600000000000000000e+01
-7.000000000000000000e+00
2.500000000000000000e+01
3.800000000000000000e+01
-2.300000000000000000e+01
5.100000000000000000e+01
1.500000000000000000e+01
1.700000000000000000e+01
-1.000000000000000000e+00
-1.700000000000000000e+01
-8.000000000000000000e+00
1.900000000000000000e+01
2.000000000000000000e+01
2.900000000000000000e+01
1.900000000000000000e+01
3.100000000000000000e+01
1.100000000000000000e+01
-1.400000000000000000e+01
2.000000000000000000e+00
3.000000000000000000e+01
4.000000000000000000e+00
2.300000000000000000e+01
1.400000000000000000e+01
3.800000000000000000e+01
7.000000000000000000e+00
9.000000000000000000e+00
2.100000000000000000e+01
-1.600000000000000000e+01
-1.500000000000000000e+01
-2.300000000000000000e+01
3.200000000000000000e+01
1.600000000000000000e+01
2.600000000000000000e+01
-9.000000000000000000e+00
4.900000000000000000e+01
1.200000000000000000e+01
-1.200000000000000000e+01
1.800000000000000000e+01
2.600000000000000000e+01
2.400000000000000000e+01
1.600000000000000000e+01
4.000000000000000000e+00
9.000000000000000000e+00
1.800000000000000000e+01
3.400000000000000000e+01
2.700000000000000000e+01
-2.500000000000000000e+01
9.000000000000000000e+00
3.200000000000000000e+01
4.300000000000000000e+01
1.600000000000000000e+01
1.800000000000000000e+01
2.000000000000000000e+00
6.000000000000000000e+00
5.000000000000000000e+00
2.800000000000000000e+01
1.700000000000000000e+01
2.700000000000000000e+01
1.600000000000000000e+01
1.000000000000000000e+01
-5.000000000000000000e+00
2.800000000000000000e+01
1.600000000000000000e+01
-7.000000000000000000e+00
1.800000000000000000e+01
2.400000000000000000e+01
2.000000000000000000e+00
0.000000000000000000e+00
3.300000000000000000e+01
-1.300000000000000000e+01
1.600000000000000000e+01
0.000000000000000000e+00
3.000000000000000000e+00
2.200000000000000000e+01
3.700000000000000000e+01
1.500000000000000000e+01
-1.000000000000000000e+01
-2.700000000000000000e+01
2.800000000000000000e+01
7.000000000000000000e+00
4.000000000000000000e+00
6.000000000000000000e+00
6.000000000000000000e+00
1.600000000000000000e+01
1.000000000000000000e+00
3.900000000000000000e+01
6.000000000000000000e+00
-1.000000000000000000e+00
1.300000000000000000e+01
7.000000000000000000e+00
1.000000000000000000e+00
1.300000000000000000e+01
1.900000000000000000e+01
5.000000000000000000e+00
3.400000000000000000e+01
2.100000000000000000e+01
-2.000000000000000000e+00
1.900000000000000000e+01
-5.000000000000000000e+00
1.500000000000000000e+01
-4.000000000000000000e+00
2.100000000000000000e+01
5.000000000000000000e+00
1.300000000000000000e+01
3.100000000000000000e+01
-7.000000000000000000e+00
1.700000000000000000e+01
3.000000000000000000e+00
3.400000000000000000e+01
3.900000000000000000e+01
2.400000000000000000e+01
2.700000000000000000e+01
6.000000000000000000e+00
1.500000000000000000e+01
2.200000000000000000e+01
1.700000000000000000e+01
-2.300000000000000000e+01
4.000000000000000000e+00
1.800000000000000000e+01
8.000000000000000000e+00
5.000000000000000000e+00
-1.000000000000000000e+01
1.800000000000000000e+01
4.400000000000000000e+01
1.700000000000000000e+01
2.000000000000000000e+01
5.000000000000000000e+00
2.700000000000000000e+01
2.500000000000000000e+01
5.900000000000000000e+01
3.800000000000000000e+01
3.400000000000000000e+01
2.800000000000000000e+01
3.000000000000000000e+01
2.600000000000000000e+01
2.200000000000000000e+01
-6.000000000000000000e+00
3.100000000000000000e+01
7.000000000000000000e+00
2.500000000000000000e+01
4.300000000000000000e+01
3.000000000000000000e+01
3.600000000000000000e+01
1.500000000000000000e+01
3.700000000000000000e+01
4.200000000000000000e+01
3.300000000000000000e+01
6.000000000000000000e+00
4.800000000000000000e+01
1.800000000000000000e+01
3.000000000000000000e+01
2.500000000000000000e+01
3.900000000000000000e+01
1.500000000000000000e+01
5.600000000000000000e+01
6.500000000000000000e+01
5.100000000000000000e+01
8.100000000000000000e+01
7.800000000000000000e+01
8.700000000000000000e+01
6.800000000000000000e+01
7.800000000000000000e+01
1.160000000000000000e+02
6.400000000000000000e+01
1.100000000000000000e+02
8.100000000000000000e+01
1.200000000000000000e+02
1.060000000000000000e+02
1.160000000000000000e+02
9.000000000000000000e+01
1.370000000000000000e+02
1.340000000000000000e+02
1.610000000000000000e+02
1.690000000000000000e+02
1.800000000000000000e+02
1.610000000000000000e+02
2.150000000000000000e+02
2.330000000000000000e+02
2.290000000000000000e+02
2.620000000000000000e+02
2.490000000000000000e+02
2.900000000000000000e+02
3.250000000000000000e+02
3.960000000000000000e+02
3.860000000000000000e+02
4.320000000000000000e+02
4.940000000000000000e+02
5.920000000000000000e+02
5.880000000000000000e+02
6.240000000000000000e+02
7.350000000000000000e+02
7.800000000000000000e+02
8.570000000000000000e+02
9.410000000000000000e+02
1.025000000000000000e+03
1.088000000000000000e+03
1.143000000000000000e+03
1.245000000000000000e+03
1.348000000000000000e+03
1.394000000000000000e+03
1.472000000000000000e+03
1.617000000000000000e+03
1.664000000000000000e+03
1.759000000000000000e+03
1.877000000000000000e+03
1.942000000000000000e+03
2.035000000000000000e+03
2.182000000000000000e+03
2.276000000000000000e+03
2.319000000000000000e+03
2.414000000000000000e+03
2.517000000000000000e+03
2.555000000000000000e+03
2.607000000000000000e+03
2.674000000000000000e+03
2.623000000000000000e+03
2.645000000000000000e+03
2.744000000000000000e+03
2.655000000000000000e+03
2.723000000000000000e+03
2.782000000000000000e+03
2.735000000000000000e+03
2.666000000000000000e+03
2.673000000000000000e+03
2.687000000000000000e+03
2.615000000000000000e+03
2.503000000000000000e+03
2.548000000000000000e+03
2.420000000000000000e+03
2.337000000000000000e+03
2.278000000000000000e+03
2.245000000000000000e+03
2.142000000000000000e+03
2.023000000000000000e+03
1.952000000000000000e+03
1.880000000000000000e+03
1.662000000000000000e+03
1.660000000000000000e+03
1.537000000000000000e+03
1.487000000000000000e+03
1.398000000000000000e+03
1.268000000000000000e+03
1.179000000000000000e+03
1.118000000000000000e+03
1.059000000000000000e+03
9.870000000000000000e+02
8.970000000000000000e+02
8.130000000000000000e+02
7.100000000000000000e+02
6.690000000000000000e+02
5.970000000000000000e+02
5.410000000000000000e+02
5.040000000000000000e+02
4.450000000000000000e+02
3.950000000000000000e+02
3.460000000000000000e+02
3.230000000000000000e+02
2.900000000000000000e+02
2.300000000000000000e+02
2.090000000000000000e+02
1.810000000000000000e+02
1.630000000000000000e+02
1.420000000000000000e+02
1.130000000000000000e+02
1.310000000000000000e+02
1.030000000000000000e+02
7.200000000000000000e+01
7.700000000000000000e+01
5.200000000000000000e+01
4.200000000000000000e+01
6.600000000000000000e+01
5.700000000000000000e+01
1.400000000000000000e+01
1.500000000000000000e+01
2.900000000000000000e+01
2.200000000000000000e+01
3.000000000000000000e+00
4.600000000000000000e+01
2.200000000000000000e+01
3.000000000000000000e+01
1.800000000000000000e+01
3.800000000000000000e+01
2.300000000000000000e+01
2.000000000000000000e+01
2.800000000000000000e+01
9.000000000000000000e+00
2.800000000000000000e+01
-3.000000000000000000e+00
5.000000000000000000e+00
2.900000000000000000e+01
1.200000000000000000e+01
3.900000000000000000e+01
6.000000000000000000e+00
4.200000000000000000e+01
2.100000000000000000e+01
2.000000000000000000e+01
-1.100000000000000000e+01
2.800000000000000000e+01
1.200000000000000000e+01
3.600000000000000000e+01
1.800000000000000000e+01
1.800000000000000000e+01
1.900000000000000000e+01
1.000000000000000000e+01
1.800000000000000000e+01
4.800000000000000000e+01
1.600000000000000000e+01
4.000000000000000000e+00
2.800000000000000000e+01
5.100000000000000000e+01
3.300000000000000000e+01
1.000000000000000000e+00
2.600000000000000000e+01
3.000000000000000000e+01
-2.700000000000000000e+01
6.000000000000000000e+00
-1.500000000000000000e+01
2.000000000000000000e+01
-7.000000000000000000e+00
8.000000000000000000e+00
2.500000000000000000e+01
1.700000000000000000e+01
1.000000000000000000e+00
1.800000000000000000e+01
-8.000000000000000000e+00
2.400000000000000000e+01
-1.000000000000000000e+01
4.800000000000000000e+01
3.200000000000000000e+01
-6.000000000000000000e+00
-7.000000000000000000e+00
-3.000000000000000000e+00
1.500000000000000000e+01
1.700000000000000000e+01
1.600000000000000000e+01
1.700000000000000000e+01
-5.000000000000000000e+00
2.500000000000000000e+01
-6.000000000000000000e+00
3.600000000000000000e+01
3.100000000000000000e+01
1.000000000000000000e+00
8.000000000000000000e+00
1.300000000000000000e+01
-1.000000000000000000e+00
2.600000000000000000e+01
9.000000000000000000e+00
3.000000000000000000e+00
9.000000000000000000e+00
2.000000000000000000e+00
5.000000000000000000e+00
8.000000000000000000e+00
1.100000000000000000e+01
-3.100000000000000000e+01
-2.000000000000000000e+01
-9.000000000000000000e+00
2.500000000000000000e+01
2.700000000000000000e+01
1.100000000000000000e+01
1.800000000000000000e+01
7.000000000000000000e+00
2.600000000000000000e+01
1.300000000000000000e+01
1.800000000000000000e+01
-1.400000000000000000e+01
1.700000000000000000e+01
-1.000000000000000000e+00
1.000000000000000000e+01
-2.700000000000000000e+01
8.000000000000000000e+00
3.200000000000000000e+01
1.300000000000000000e+01
9.000000000000000000e+00
2.300000000000000000e+01
-1.400000000000000000e+01
4.200000000000000000e+01
-9.000000000000000000e+00
9.000000000000000000e+00
0.000000000000000000e+00
1.000000000000000000e+00
2.500000000000000000e+01
-2.000000000000000000e+00
1.600000000000000000e+01
-2.000000000000000000e+00
-1.200000000000000000e+01
1.400000000000000000e+01
2.100000000000000000e+01
1.000000000000000000e+00
2.900000000000000000e+01
-1.300000000000000000e+01
3.300000000000000000e+01
4.000000000000000000e+00
7.000000000000000000e+00
1.000000000000000000e+01
1.000000000000000000e+01
-3.000000000000000000e+00
1.000000000000000000e+01
-1.800000000000000000e+01
2.100000000000000000e+01
2.100000000000000000e+01
1.100000000000000000e+01
-1.000000000000000000e+00
1.700000000000000000e+01
2.100000000000000000e+01
2.300000000000000000e+01
2.000000000000000000e+00
-2.200000000000000000e+01
1.300000000000000000e+01
2.000000000000000000e+01
1.900000000000000000e+01
-1.100000000000000000e+01
1.000000000000000000e+01
9.000000000000000000e+00
1.000000000000000000e+00
1.700000000000000000e+01
-1.800000000000000000e+01
-1.000000000000000000e+00
8.000000000000000000e+00
3.200000000000000000e+01
1.100000000000000000e+01
1.800000000000000000e+01
2.100000000000000000e+01
7.000000000000000000e+00
9.000000000000000000e+00
-5.000000000000000000e+00
3.500000000000000000e+01
8.000000000000000000e+00
-2.100000000000000000e+01
4.000000000000000000e+01
-7.000000000000000000e+00
5.000000000000000000e+00
1.700000000000000000e+01
8.000000000000000000e+00
2.700000000000000000e+01
7.000000000000000000e+00
-1.000000000000000000e+00
1.900000000000000000e+01
0.000000000000000000e+00
-4.000000000000000000e+00
-1.600000000000000000e+01
8.000000000000000000e+00
2.500000000000000000e+01
0.000000000000000000e+00
-1.200000000000000000e+01
1.500000000000000000e+01
1.000000000000000000e+01
7.000000000000000000e+00
-4.000000000000000000e+00
5.900000000000000000e+01
2.800000000000000000e+01
2.300000000000000000e+01
1.000000000000000000e+00
2.100000000000000000e+01
-7.000000000000000000e+00
4.000000000000000000e+00
1.100000000000000000e+01
-4.000000000000000000e+00
-2.200000000000000000e+01
1.500000000000000000e+01
-1.000000000000000000e+00
4.000000000000000000e+00
-2.700000000000000000e+01
6.000000000000000000e+00
1.800000000000000000e+01
6.000000000000000000e+00
3.000000000000000000e+00
1.800000000000000000e+01
1.800000000000000000e+01
1.600000000000000000e+01
1.700000000000000000e+01
-8.000000000000000000e+00
2.300000000000000000e+01
6.000000000000000000e+00
-1.400000000000000000e+01
1.100000000000000000e+01
2.400000000000000000e+01
-8.000000000000000000e+00
8.000000000000000000e+00
1.400000000000000000e+01
1.800000000000000000e+01
4.200000000000000000e+01
1.500000000000000000e+01
1.200000000000000000e+01
-3.000000000000000000e+00
1.100000000000000000e+01
-9.000000000000000000e+00
1.600000000000000000e+01
2.000000000000000000e+00
1.400000000000000000e+01
1.500000000000000000e+01
1.700000000000000000e+01
7.000000000000000000e+00
2.200000000000000000e+01
3.000000000000000000e+00
-5.000000000000000000e+00
1.500000000000000000e+01
-1.400000000000000000e+01
4.300000000000000000e+01
1.000000000000000000e+01
-9.000000000000000000e+00
-1.200000000000000000e+01
5.000000000000000000e+00
1.700000000000000000e+01
-1.000000000000000000e+01
-5.000000000000000000e+00
-8.000000000000000000e+00
9.000000000000000000e+00
-1.000000000000000000e+00
8.000000000000000000e+00
4.000000000000000000e+00
2.200000000000000000e+01
-6.000000000000000000e+00
1.800000000000000000e+01
-4.000000000000000000e+00
-1.000000000000000000e+00
7.000000000000000000e+00
1.000000000000000000e+00
3.200000000000000000e+01
-1.900000000000000000e+01
1.100000000000000000e+01
1.900000000000000000e+01
-1.800000000000000000e+01
-1.000000000000000000e+00
4.700000000000000000e+01
-4.000000000000000000e+00
-1.000000000000000000e+01
3.200000000000000000e+01
-6.000000000000000000e+00
8.000000000000000000e+00
1.000000000000000000e+00
4.000000000000000000e+00
1.900000000000000000e+01
5.000000000000000000e+00
1.500000000000000000e+01
1.100000000000000000e+01
1.300000000000000000e+01
-2.000000000000000000e+00
-6.000000000000000000e+00
2.000000000000000000e+00
2.800000000000000000e+01
1.200000000000000000e+01
1.600000000000000000e+01
-1.300000000000000000e+01
-7.000000000000000000e+00
2.200000000000000000e+01
1.100000000000000000e+01
2.400000000000000000e+01
1.200000000000000000e+01
-2.000000000000000000e+00
-2.400000000000000000e+01
1.200000000000000000e+01
-1.400000000000000000e+01
2.600000000000000000e+01
5.000000000000000000e+00
-1.400000000000000000e+01
1.300000000000000000e+01
-1.900000000000000000e+01
1.000000000000000000e+00
7.000000000000000000e+00
2.600000000000000000e+01
2.700000000000000000e+01
6.000000000000000000e+00
-1.800000000000000000e+01
1.300000000000000000e+01
6.000000000000000000e+00
1.100000000000000000e+01
-1.600000000000000000e+01
1.000000000000000000e+01
-7.000000000000000000e+00
0.000000000000000000e+00
-1.100000000000000000e+01
1.600000000000000000e+01
-4.000000000000000000e+00
6.000000000000000000e+00
1.400000000000000000e+01
6.000000000000000000e+00
2.000000000000000000e+00
2.500000000000000000e+01
-1.000000000000000000e+01
-1.600000000000000000e+01
-1.700000000000000000e+01
-1.100000000000000000e+01
-8.000000000000000000e+00
-1.000000000000000000e+01
6.000000000000000000e+00
-2.900000000000000000e+01
1.000000000000000000e+01
-2.300000000000000000e+01
-1.200000000000000000e+01
-1.700000000000000000e+01
2.100000000000000000e+01
-1.900000000000000000e+01
1.000000000000000000e+01
6.000000000000000000e+00
-1.700000000000000000e+01
-8.000000000000000000e+00
2.300000000000000000e+01
1.700000000000000000e+01
4.000000000000000000e+00
1.600000000000000000e+01
-1.000000000000000000e+00
-4.000000000000000000e+00
1.200000000000000000e+01
-7.000000000000000000e+00
1.400000000000000000e+01
-1.800000000000000000e+01
-8.000000000000000000e+00
-5.000000000000000000e+00
1.000000000000000000e+00
-6.000000000000000000e+00
0.000000000000000000e+00
-1.500000000000000000e+01
8.000000000000000000e+00
-1.000000000000000000e+00
4.100000000000000000e+01
1.300000000000000000e+01
1.900000000000000000e+01
-1.000000000000000000e+00
-8.000000000000000000e+00
-1.600000000000000000e+01
6.000000000000000000e+00
1.300000000000000000e+01
-2.000000000000000000e+00
3.000000000000000000e+00
-7.000000000000000000e+00
1.200000000000000000e+01
-6.000000000000000000e+00
-1.100000000000000000e+01
-2.100000000000000000e+01
-1.210000000000000000e+02
3.000000000000000000e+00
1.000000000000000000e+01
1.300000000000000000e+01
8.000000000000000000e+00
1.000000000000000000e+01
7.000000000000000000e+00
-1.000000000000000000e+01
8.000000000000000000e+00
-6.000000000000000000e+00
1.000000000000000000e+01
-2.000000000000000000e+01
2.000000000000000000e+00
-2.400000000000000000e+01
-1.900000000000000000e+01
-2.400000000000000000e+01
1.100000000000000000e+01
1.400000000000000000e+01
2.200000000000000000e+01
1.400000000000000000e+01
2.000000000000000000e+00
1.300000000000000000e+01
-2.300000000000000000e+01
-1.000000000000000000e+00
0.000000000000000000e+00
-2.300000000000000000e+01
6.000000000000000000e+00
3.400000000000000000e+01
1.600000000000000000e+01
1.000000000000000000e+00
-1.300000000000000000e+01
1.000000000000000000e+00
1.400000000000000000e+01
2.400000000000000000e+01
9.000000000000000000e+00
-5.000000000000000000e+00
6.000000000000000000e+00
1.200000000000000000e+01
1.300000000000000000e+01
-9.000000000000000000e+00
-2.500000000000000000e+01
1.000000000000000000e+00
1.000000000000000000e+01
2.300000000000000000e+01
-5.000000000000000000e+00
-3.200000000000000000e+01
4.000000000000000000e+00
-9.000000000000000000e+00
2.000000000000000000e+00
4.100000000000000000e+01
2.000000000000000000e+00
-3.400000000000000000e+01
1.400000000000000000e+01
-1.700000000000000000e+01
4.000000000000000000e+00
-5.000000000000000000e+00
-7.000000000000000000e+00
1.300000000000000000e+01
-1.100000000000000000e+01
-1.100000000000000000e+01
8.000000000000000000e+00
2.000000000000000000e+01
1.000000000000000000e+01
9.000000000000000000e+00
2.300000000000000000e+01
-1.500000000000000000e+01
-1.000000000000000000e+01
1.800000000000000000e+01
1.400000000000000000e+01
-2.900000000000000000e+01
-1.700000000000000000e+01
-1.800000000000000000e+01
3.000000000000000000e+00
1.800000000000000000e+01
8.000000000000000000e+00
1.000000000000000000e+00
-3.000000000000000000e+00
-2.800000000000000000e+01
-7.000000000000000000e+00
2.000000000000000000e+00
-4.000000000000000000e+00
1.000000000000000000e+00
-1.000000000000000000e+00
-1.800000000000000000e+01
1.300000000000000000e+01
3.000000000000000000e+00
1.500000000000000000e+01
-1.000000000000000000e+00
6.000000000000000000e+00
-8.000000000000000000e+00
3.500000000000000000e+01
-1.300000000000000000e+01
1.600000000000000000e+01
-1.200000000000000000e+01
-9.000000000000000000e+00
-1.300000000000000000e+01
-3.100000000000000000e+01
3.000000000000000000e+00
-1.500000000000000000e+01
-2.100000000000000000e+01
4.000000000000000000e+00
9.000000000000000000e+00
6.000000000000000000e+00
-6.000000000000000000e+00
0.000000000000000000e+00
1.600000000000000000e+01
1.000000000000000000e+00
2.000000000000000000e+00
2.900000000000000000e+01
0.000000000000000000e+00
-5.000000000000000000e+00
-3.000000000000000000e+00
-7.000000000000000000e+00
7.000000000000000000e+00
-8.000000000000000000e+00
4.000000000000000000e+00
3.000000000000000000e+00
6.000000000000000000e+00
2.200000000000000000e+01
-8.000000000000000000e+00
1.400000000000000000e+01
5.000000000000000000e+00
-2.000000000000000000e+01
-2.000000000000000000e+00
1.400000000000000000e+01
7.000000000000000000e+00
1.700000000000000000e+01
-7.000000000000000000e+00
9.000000000000000000e+00
-1.000000000000000000e+01
-1.000000000000000000e+01
-1.600000000000000000e+01
-2.600000000000000000e+01
1.800000000000000000e+01
-2.000000000000000000e+00
-6.000000000000000000e+00
-8.000000000000000000e+00
-7.000000000000000000e+00
-4.000000000000000000e+00
-2.000000000000000000e+00
-5.000000000000000000e+00
-5.000000000000000000e+00
-1.500000000000000000e+01
-1.300000000000000000e+01
-2.100000000000000000e+01
-1.100000000000000000e+01
1.000000000000000000e+00
-4.000000000000000000e+00
-1.100000000000000000e+01
6.000000000000000000e+00
-4.000000000000000000e+00
-5.000000000000000000e+00
-7.000000000000000000e+00
1.300000000000000000e+01
-2.000000000000000000e+00
2.100000000000000000e+01
4.000000000000000000e+01
-2.100000000000000000e+01
4.300000000000000000e+01
1.000000000000000000e+01
2.000000000000000000e+00
-1.900000000000000000e+01
-8.000000000000000000e+00
4.000000000000000000e+00
-9.000000000000000000e+00
5.000000000000000000e+00
1.100000000000000000e+01
1.400000000000000000e+01
-7.000000000000000000e+00
-3.000000000000000000e+00
7.000000000000000000e+00
-7.000000000000000000e+00
0.000000000000000000e+00
1.000000000000000000e+00
-1.300000000000000000e+01
-1.700000000000000000e+01
-1.100000000000000000e+01
-4.000000000000000000e+00
-2.000000000000000000e+01
-3.400000000000000000e+01
2.000000000000000000e+00
-1.600000000000000000e+01
-9.000000000000000000e+00
-3.400000000000000000e+01
-2.600000000000000000e+01
-2.200000000000000000e+01
7.000000000000000000e+00
6.000000000000000000e+00
-8.000000000000000000e+00
-9.000000000000000000e+00
7.000000000000000000e+00
7.000000000000000000e+00
7.000000000000000000e+00
-9.000000000000000000e+00
6.000000000000000000e+00
2.300000000000000000e+01
-2.500000000000000000e+01
2.400000000000000000e+01
2.000000000000000000e+00
-5.000000000000000000e+00
1.100000000000000000e+01
-3.900000000000000000e+01
-1.700000000000000000e+01
3.000000000000000000e+00
1.400000000000000000e+01
1.500000000000000000e+01
-2.600000000000000000e+01
1.600000000000000000e+01
3.000000000000000000e+00
1.000000000000000000e+00
2.000000000000000000e+01
-2.300000000000000000e+01
-1.100000000000000000e+01
0.000000000000000000e+00
1.200000000000000000e+01
-1.500000000000000000e+01
1.000000000000000000e+01
9.000000000000000000e+00
0.000000000000000000e+00
4.000000000000000000e+00
8.000000000000000000e+00
-1.400000000000000000e+01
-2.300000000000000000e+01
-2.100000000000000000e+01
7.000000000000000000e+00
-3.000000000000000000e+00
5.000000000000000000e+00
-4.000000000000000000e+00
3.900000000000000000e+01
4.000000000000000000e+00
-7.000000000000000000e+00
2.000000000000000000e+00
-1.800000000000000000e+01
1.000000000000000000e+01
-7.000000000000000000e+00
-1.100000000000000000e+01
8.000000000000000000e+00
1.600000000000000000e+01
-2.800000000000000000e+01
1.000000000000000000e+00
-2.900000000000000000e+01
-6.000000000000000000e+00
-1.100000000000000000e+01
-5.000000000000000000e+00
3.000000000000000000e+00
-2.000000000000000000e+01
-7.000000000000000000e+00
0.000000000000000000e+00
-1.100000000000000000e+01
-1.000000000000000000e+00
0.000000000000000000e+00
-1.100000000000000000e+01
-2.000000000000000000e+00
1.400000000000000000e+01
-5.000000000000000000e+00
-2.300000000000000000e+01
-8.000000000000000000e+00
2.700000000000000000e+01
2.200000000000000000e+01
0.000000000000000000e+00
0.000000000000000000e+00
0.000000000000000000e+00
1.300000000000000000e+01
1.400000000000000000e+01
4.000000000000000000e+00
-7.000000000000000000e+00
-7.000000000000000000e+00
9.000000000000000000e+00
-1.000000000000000000e+00
-3.100000000000000000e+01
3.000000000000000000e+00
-1.000000000000000000e+01
-1.400000000000000000e+01
5.000000000000000000e+00
2.800000000000000000e+01
0.000000000000000000e+00
-5.000000000000000000e+00
2.100000000000000000e+01
7.000000000000000000e+00
-1.600000000000000000e+01
-3.000000000000000000e+00
-2.600000000000000000e+01
-1.800000000000000000e+01
-1.900000000000000000e+01
-7.000000000000000000e+00
-4.000000000000000000e+00
-1.800000000000000000e+01
5.000000000000000000e+00
2.000000000000000000e+00
7.000000000000000000e+00
2.000000000000000000e+00
-1.900000000000000000e+01
5.000000000000000000e+00
9.000000000000000000e+00
2.800000000000000000e+01
-2.300000000000000000e+01
4.000000000000000000e+00
-9.000000000000000000e+00
2.000000000000000000e+00
0.000000000000000000e+00
0.000000000000000000e+00
1.700000000000000000e+01
-2.000000000000000000e+00
-1.800000000000000000e+01
2.000000000000000000e+01
-3.000000000000000000e+00
1.800000000000000000e+01
-5.000000000000000000e+00
2.300000000000000000e+01
1.000000000000000000e+00
-9.000000000000000000e+00
-1.100000000000000000e+01
2.600000000000000000e+01
-3.100000000000000000e+01
3.000000000000000000e+00
0.000000000000000000e+00
-1.100000000000000000e+01
6.000000000000000000e+00
-4.000000000000000000e+00
-7.000000000000000000e+00
1.600000000000000000e+01
2.000000000000000000e+01
-1.000000000000000000e+01
4.000000000000000000e+00
-1.900000000000000000e+01
-1.600000000000000000e+01
1.200000000000000000e+01
-1.000000000000000000e+01
-2.400000000000000000e+01
-4.000000000000000000e+00
1.200000000000000000e+01
2.600000000000000000e+01
-4.000000000000000000e+01
-1.000000000000000000e+01
0.000000000000000000e+00
5.000000000000000000e+00
-1.700000000000000000e+01
-3.500000000000000000e+01
-1.300000000000000000e+01
5.000000000000000000e+00
-1.300000000000000000e+01
2.500000000000000000e+01
-6.000000000000000000e+00
1.400000000000000000e+01
1.100000000000000000e+01
6.000000000000000000e+00
-1.000000000000000000e+00
1.000000000000000000e+01
2.000000000000000000e+00
2.000000000000000000e+01
-1.500000000000000000e+01
2.900000000000000000e+01
-7.000000000000000000e+00
-2.400000000000000000e+01
-1.000000000000000000e+00
2.000000000000000000e+01
-2.500000000000000000e+01
-2.200000000000000000e+01
-2.000000000000000000e+00
-1.000000000000000000e+01
1.000000000000000000e+01
-1.400000000000000000e+01
-1.600000000000000000e+01
7.000000000000000000e+00
2.300000000000000000e+01
9.000000000000000000e+00
3.600000000000000000e+01
1.000000000000000000e+01
4.000000000000000000e+00
1.100000000000000000e+01
-6.000000000000000000e+00
2.100000000000000000e+01
-3.000000000000000000e+00
2.200000000000000000e+01
3.000000000000000000e+00
0.000000000000000000e+00
-1.400000000000000000e+01
2.500000000000000000e+01
1.200000000000000000e+01
-2.000000000000000000e+00
1.900000000000000000e+01
2.100000000000000000e+01
-7.000000000000000000e+00
-1.600000000000000000e+01
4.100000000000000000e+01
4.000000000000000000e+00
0.000000000000000000e+00
2.000000000000000000e+00
8.000000000000000000e+00
1.100000000000000000e+01
1.000000000000000000e+00
7.000000000000000000e+00
-1.000000000000000000e+01
-1.000000000000000000e+00
2.000000000000000000e+00
-2.000000000000000000e+00
3.400000000000000000e+01
3.700000000000000000e+01
2.500000000000000000e+01
1.100000000000000000e+01
8.000000000000000000e+00
2.000000000000000000e+00
1.200000000000000000e+01
-7.000000000000000000e+00
2.700000000000000000e+01
2.400000000000000000e+01
2.300000000000000000e+01
3.100000000000000000e+01
1.200000000000000000e+01
1.500000000000000000e+01
4.400000000000000000e+01
2.300000000000000000e+01
7.000000000000000000e+00
3.200000000000000000e+01
1.900000000000000000e+01
5.100000000000000000e+01
4.600000000000000000e+01
7.100000000000000000e+01
2.100000000000000000e+01
5.100000000000000000e+01
4.700000000000000000e+01
8.600000000000000000e+01
6.500000000000000000e+01
5.300000000000000000e+01
6.700000000000000000e+01
6.800000000000000000e+01
9.600000000000000000e+01
7.900000000000000000e+01
6.700000000000000000e+01
1.020000000000000000e+02
6.600000000000000000e+01
9.100000000000000000e+01
9.200000000000000000e+01
1.030000000000000000e+02
1.170000000000000000e+02
1.020000000000000000e+02
8.800000000000000000e+01
1.250000000000000000e+02
1.260000000000000000e+02
1.290000000000000000e+02
1.390000000000000000e+02
1.430000000000000000e+02
1.630000000000000000e+02
1.590000000000000000e+02
1.600000000000000000e+02
1.980000000000000000e+02
2.200000000000000000e+02
2.180000000000000000e+02
2.420000000000000000e+02
2.470000000000000000e+02
2.560000000000000000e+02
2.950000000000000000e+02
3.310000000000000000e+02
3.180000000000000000e+02
3.180000000000000000e+02
3.540000000000000000e+02
3.870000000000000000e+02
3.790000000000000000e+02
3.650000000000000000e+02
4.390000000000000000e+02
4.170000000000000000e+02
4.320000000000000000e+02
4.600000000000000000e+02
4.650000000000000000e+02
4.910000000000000000e+02
5.130000000000000000e+02
5.390000000000000000e+02
5.360000000000000000e+02
5.810000000000000000e+02
5.720000000000000000e+02
6.340000000000000000e+02
6.450000000000000000e+02
6.880000000000000000e+02
7.180000000000000000e+02
7.190000000000000000e+02
7.450000000000000000e+02
8.200000000000000000e+02
8.000000000000000000e+02
8.700000000000000000e+02
8.980000000000000000e+02
8.750000000000000000e+02
9.540000000000000000e+02
9.570000000000000000e+02
9.870000000000000000e+02
9.540000000000000000e+02
1.044000000000000000e+03
1.035000000000000000e+03
1.069000000000000000e+03
1.068000000000000000e+03
1.125000000000000000e+03
1.115000000000000000e+03
1.190000000000000000e+03
1.159000000000000000e+03
1.196000000000000000e+03
1.171000000000000000e+03
1.282000000000000000e+03
1.233000000000000000e+03
1.296000000000000000e+03
1.283000000000000000e+03
1.307000000000000000e+03
1.319000000000000000e+03
1.346000000000000000e+03
1.375000000000000000e+03
1.352000000000000000e+03
1.423000000000000000e+03
1.405000000000000000e+03
1.376000000000000000e+03
1.400000000000000000e+03
1.468000000000000000e+03
1.476000000000000000e+03
1.480000000000000000e+03
1.473000000000000000e+03
1.550000000000000000e+03
1.482000000000000000e+03
1.569000000000000000e+03
1.496000000000000000e+03
1.495000000000000000e+03
1.556000000000000000e+03
1.526000000000000000e+03
1.514000000000000000e+03
1.535000000000000000e+03
1.483000000000000000e+03
1.495000000000000000e+03
1.477000000000000000e+03
1.430000000000000000e+03
1.460000000000000000e+03
1.380000000000000000e+03
1.379000000000000000e+03
1.331000000000000000e+03
1.362000000000000000e+03
1.339000000000000000e+03
1.273000000000000000e+03
1.294000000000000000e+03
1.291000000000000000e+03
1.273000000000000000e+03
1.264000000000000000e+03
1.268000000000000000e+03
1.208000000000000000e+03
1.211000000000000000e+03
1.245000000000000000e+03
1.221000000000000000e+03
1.205000000000000000e+03
1.195000000000000000e+03
1.132000000000000000e+03
1.187000000000000000e+03
1.117000000000000000e+03
1.153000000000000000e+03
1.116000000000000000e+03
1.084000000000000000e+03
1.095000000000000000e+03
1.040000000000000000e+03
1.013000000000000000e+03
9.570000000000000000e+02
9.750000000000000000e+02
9.290000000000000000e+02
8.680000000000000000e+02
8.520000000000000000e+02
8.660000000000000000e+02
8.350000000000000000e+02
8.190000000000000000e+02
7.620000000000000000e+02
7.630000000000000000e+02
7.110000000000000000e+02
7.250000000000000000e+02
6.860000000000000000e+02
6.330000000000000000e+02
6.470000000000000000e+02
6.300000000000000000e+02
6.410000000000000000e+02
6.270000000000000000e+02
5.510000000000000000e+02
5.640000000000000000e+02
4.980000000000000000e+02
5.070000000000000000e+02
5.250000000000000000e+02
4.780000000000000000e+02
4.810000000000000000e+02
4.450000000000000000e+02
4.350000000000000000e+02
4.170000000000000000e+02
3.780000000000000000e+02
3.710000000000000000e+02
3.680000000000000000e+02
3.800000000000000000e+02
3.030000000000000000e+02
3.180000000000000000e+02
3.300000000000000000e+02
2.660000000000000000e+02
2.850000000000000000e+02
2.450000000000000000e+02
2.650000000000000000e+02
2.150000000000000000e+02
2.480000000000000000e+02
2.090000000000000000e+02
2.180000000000000000e+02
1.900000000000000000e+02
1.710000000000000000e+02
1.820000000000000000e+02
1.990000000000000000e+02
1.670000000000000000e+02
1.800000000000000000e+02
1.380000000000000000e+02
1.550000000000000000e+02
1.390000000000000000e+02
1.480000000000000000e+02
1.360000000000000000e+02
1.260000000000000000e+02
1.190000000000000000e+02
1.220000000000000000e+02
9.500000000000000000e+01
7.800000000000000000e+01
1.040000000000000000e+02
8.400000000000000000e+01
4.300000000000000000e+01
8.500000000000000000e+01
7.900000000000000000e+01
6.400000000000000000e+01
9.600000000000000000e+01
5.000000000000000000e+01
5.500000000000000000e+01
6.700000000000000000e+01
2.200000000000000000e+01
5.700000000000000000e+01
5.400000000000000000e+01
4.700000000000000000e+01
2.000000000000000000e+00
3.600000000000000000e+01
-8.000000000000000000e+00
7.000000000000000000e+00
1.500000000000000000e+01
5.500000000000000000e+01
3.500000000000000000e+01
-3.000000000000000000e+00
3.600000000000000000e+01
3.800000000000000000e+01
-1.600000000000000000e+01
2.000000000000000000e+00
8.000000000000000000e+00
3.400000000000000000e+01
1.000000000000000000e+00
8.000000000000000000e+00
3.700000000000000000e+01
1.400000000000000000e+01
4.500000000000000000e+01
9.000000000000000000e+00
-2.000000000000000000e+01
9.000000000000000000e+00
-1.000000000000000000e+00
1.000000000000000000e+01
-1.000000000000000000e+01
1.300000000000000000e+01
1.000000000000000000e+01
-3.000000000000000000e+00
-1.000000000000000000e+00
6.000000000000000000e+00
1.000000000000000000e+01
-2.000000000000000000e+00
-1.400000000000000000e+01
1.700000000000000000e+01
2.900000000000000000e+01
2.900000000000000000e+01
-1.000000000000000000e+00
1.300000000000000000e+01
0.000000000000000000e+00
2.800000000000000000e+01
-5.000000000000000000e+00
-9.000000000000000000e+00
2.000000000000000000e+01
-8.000000000000000000e+00
1.200000000000000000e+01
1.000000000000000000e+01
-3.000000000000000000e+00
2.000000000000000000e+01
-1.000000000000000000e+01
-7.000000000000000000e+00
1.600000000000000000e+01
8.000000000000000000e+00
-1.100000000000000000e+01
-1.000000000000000000e+00
8.000000000000000000e+00
2.000000000000000000e+00
-1.000000000000000000e+01
-3.000000000000000000e+00
1.600000000000000000e+01
-2.000000000000000000e+01
-8.000000000000000000e+00
1.400000000000000000e+01
1.700000000000000000e+01
-1.000000000000000000e+00
0.000000000000000000e+00
-7.000000000000000000e+00
1.400000000000000000e+01
-2.000000000000000000e+01
-9.000000000000000000e+00
4.000000000000000000e+00
3.000000000000000000e+00
1.300000000000000000e+01
1.000000000000000000e+00
5.000000000000000000e+00
-8.000000000000000000e+00
-2.000000000000000000e+00
-4.000000000000000000e+00
1.000000000000000000e+00
-2.000000000000000000e+01
7.500000000000000000e+01
-9.000000000000000000e+00
2.000000000000000000e+00
-1.400000000000000000e+01
-9.000000000000000000e+00
1.900000000000000000e+01
-1.600000000000000000e+01
1.500000000000000000e+01
8.000000000000000000e+00
-2.000000000000000000e+01
1.100000000000000000e+01
7.000000000000000000e+00
-4.000000000000000000e+00
-2.000000000000000000e+00
2.300000000000000000e+01
1.000000000000000000e+00
1.000000000000000000e+00
-3.000000000000000000e+00
2.000000000000000000e+00
