5.000000000000000000e+00
-4.000000000000000000e+00
3.000000000000000000e+00
-1.000000000000000000e+00
-3.000000000000000000e+00
-1.100000000000000000e+01
-1.700000000000000000e+01
-1.400000000000000000e+01
-1.500000000000000000e+01
-1.700000000000000000e+01
1.000000000000000000e+01
-1.200000000000000000e+01
-1.700000000000000000e+01
0.000000000000000000e+00
-2.000000000000000000e+00
1.300000000000000000e+01
7.000000000000000000e+00
2.100000000000000000e+01
-9.000000000000000000e+00
1.100000000000000000e+01
2.400000000000000000e+01
1.000000000000000000e+00
1.800000000000000000e+01
1.100000000000000000e+01
-1.800000000000000000e+01
-7.000000000000000000e+00
-4.000000000000000000e+00
-4.000000000000000000e+00
1.700000000000000000e+01
-7.000000000000000000e+00
-2.000000000000000000e+01
-3.000000000000000000e+00
2.500000000000000000e+01
-1.000000000000000000e+00
-1.300000000000000000e+01
-1.800000000000000000e+01
-2.600000000000000000e+01
5.000000000000000000e+00
1.000000000000000000e+01
2.800000000000000000e+01
-2.500000000000000000e+01
1.000000000000000000e+01
-1.000000000000000000e+01
-1.500000000000000000e+01
1.200000000000000000e+01
-1.000000000000000000e+00
-5.000000000000000000e+00
-7.000000000000000000e+00
-7.000000000000000000e+00
-3.000000000000000000e+00
-8.000000000000000000e+00
-1.200000000000000000e+01
-8.000000000000000000e+00
3.000000000000000000e+00
-2.000000000000000000e+00
3.000000000000000000e+01
-1.300000000000000000e+01
-2.100000000000000000e+01
-1.900000000000000000e+01
-1.300000000000000000e+01
-6.000000000000000000e+00
1.600000000000000000e+01
-3.600000000000000000e+01
1.000000000000000000e+01
-1.300000000000000000e+01
7.000000000000000000e+00
-3.600000000000000000e+01
1.900000000000000000e+01
-8.000000000000000000e+00
5.000000000000000000e+00
1.100000000000000000e+01
0.000000000000000000e+00
-1.500000000000000000e+01
-2.400000000000000000e+01
-7.000000000000000000e+00
1.700000000000000000e+01
-9.000000000000000000e+00
8.000000000000000000e+00
2.700000000000000000e+01
9.000000000000000000e+00
7.000000000000000000e+00
1.000000000000000000e+00
-3.000000000000000000e+01
8.000000000000000000e+00
9.000000000000000000e+00
-4.300000000000000000e+01
1.800000000000000000e+01
-1.200000000000000000e+01
1.400000000000000000e+01
-5.000000000000000000e+00
8.000000000000000000e+00
-1.600000000000000000e+01
-1.000000000000000000e+00
-8.000000000000000000e+00
-5.000000000000000000e+00
1.000000000000000000e+01
-1.000000000000000000e+01
1.000000000000000000e+00
5.000000000000000000e+00
5.000000000000000000e+00
6.000000000000000000e+00
1.500000000000000000e+01
8.000000000000000000e+00
-3.400000000000000000e+01
3.000000000000000000e+00
-1.800000000000000000e+01
-9.000000000000000000e+00
3.500000000000000000e+01
-3.000000000000000000e+00
7.000000000000000000e+00
-1.500000000000000000e+01
3.000000000000000000e+00
2.500000000000000000e+01
-1.600000000000000000e+01
9.000000000000000000e+00
2.500000000000000000e+01
-6.000000000000000000e+00
1.500000000000000000e+01
-2.600000000000000000e+01
4.300000000000000000e+01
-9.000000000000000000e+00
-1.900000000000000000e+01
1.000000000000000000e+01
-7.000000000000000000e+00
3.800000000000000000e+01
-2.400000000000000000e+01
2.200000000000000000e+01
0.000000000000000000e+00
1.000000000000000000e+01
1.000000000000000000e+00
1.900000000000000000e+01
3.000000000000000000e+00
0.000000000000000000e+00
-2.000000000000000000e+00
-1.800000000000000000e+01
2.300000000000000000e+01
1.100000000000000000e+01
2.200000000000000000e+01
-1.900000000000000000e+01
0.000000000000000000e+00
-1.200000000000000000e+01
-8.000000000000000000e+00
-1.200000000000000000e+01
-1.500000000000000000e+01
1.300000000000000000e+01
-1.000000000000000000e+00
5.000000000000000000e+00
-1.700000000000000000e+01
4.000000000000000000e+00
-1.600000000000000000e+01
5.000000000000000000e+00
9.000000000000000000e+00
6.000000000000000000e+00
-8.000000000000000000e+00
4.000000000000000000e+00
-5.000000000000000000e+00
5.000000000000000000e+00
2.300000000000000000e+01
-1.000000000000000000e+00
-1.200000000000000000e+01
2.100000000000000000e+01
-2.200000000000000000e+01
-1.000000000000000000e+01
-6.000000000000000000e+00
-2.400000000000000000e+01
-1.600000000000000000e+01
-1.700000000000000000e+01
-3.100000000000000000e+01
-2.000000000000000000e+00
-1.300000000000000000e+01
1.200000000000000000e+01
-1.900000000000000000e+01
3.200000000000000000e+01
3.200000000000000000e+01
8.000000000000000000e+00
5.000000000000000000e+00
-1.400000000000000000e+01
0.000000000000000000e+00
2.300000000000000000e+01
-1.000000000000000000e+01
-2.500000000000000000e+01
1.400000000000000000e+01
3.000000000000000000e+01
-3.400000000000000000e+01
2.000000000000000000e+00
-1.900000000000000000e+01
-5.000000000000000000e+00
-7.000000000000000000e+00
9.000000000000000000e+00
3.100000000000000000e+01
1.100000000000000000e+01
-1.500000000000000000e+01
-1.400000000000000000e+01
1.000000000000000000e+00
1.000000000000000000e+01
-2.400000000000000000e+01
1.000000000000000000e+00
3.000000000000000000e+00
1.300000000000000000e+01
2.400000000000000000e+01
-9.000000000000000000e+00
3.000000000000000000e+01
-1.300000000000000000e+01
2.100000000000000000e+01
2.000000000000000000e+01
-2.000000000000000000e+01
-2.300000000000000000e+01
1.000000000000000000e+00
-3.000000000000000000e+00
1.100000000000000000e+01
2.800000000000000000e+01
2.000000000000000000e+00
3.000000000000000000e+01
6.000000000000000000e+00
-2.000000000000000000e+01
-1.200000000000000000e+01
2.000000000000000000e+00
2.100000000000000000e+01
1.200000000000000000e+01
1.000000000000000000e+00
-1.000000000000000000e+00
1.100000000000000000e+01
-2.100000000000000000e+01
1.500000000000000000e+01
4.000000000000000000e+00
-4.000000000000000000e+00
-2.100000000000000000e+01
1.100000000000000000e+01
1.100000000000000000e+01
-1.000000000000000000e+00
5.000000000000000000e+00
3.000000000000000000e+00
-3.000000000000000000e+00
3.000000000000000000e+01
-1.200000000000000000e+01
1.600000000000000000e+01
-2.300000000000000000e+01
3.000000000000000000e+00
5.000000000000000000e+00
-3.300000000000000000e+01
-1.800000000000000000e+01
-1.500000000000000000e+01
9.000000000000000000e+00
1.000000000000000000e+01
3.000000000000000000e+00
2.400000000000000000e+01
1.000000000000000000e+00
1.300000000000000000e+01
2.000000000000000000e+00
2.600000000000000000e+01
-9.000000000000000000e+00
-4.000000000000000000e+00
-9.000000000000000000e+00
-2.000000000000000000e+00
-2.800000000000000000e+01
3.000000000000000000e+00
1.900000000000000000e+01
7.000000000000000000e+00
-3.300000000000000000e+01
-1.800000000000000000e+01
3.000000000000000000e+00
1.300000000000000000e+01
2.500000000000000000e+01
0.000000000000000000e+00
1.600000000000000000e+01
2.600000000000000000e+01
-8.000000000000000000e+00
-2.000000000000000000e+01
-2.300000000000000000e+01
-1.700000000000000000e+01
-1.200000000000000000e+01
1.000000000000000000e+01
-1.200000000000000000e+01
-5.000000000000000000e+00
3.400000000000000000e+01
-2.300000000000000000e+01
9.000000000000000000e+00
-1.900000000000000000e+01
-3.000000000000000000e+01
-5.000000000000000000e+00
1.200000000000000000e+01
-1.600000000000000000e+01
0.000000000000000000e+00
-2.000000000000000000e+00
1.600000000000000000e+01
-3.200000000000000000e+01
-3.300000000000000000e+01
-1.400000000000000000e+01
-3.200000000000000000e+01
4.000000000000000000e+00
-2.300000000000000000e+01
1.300000000000000000e+01
-6.000000000000000000e+00
4.200000000000000000e+01
-7.000000000000000000e+00
1.900000000000000000e+01
1.000000000000000000e+01
6.000000000000000000e+00
-1.400000000000000000e+01
7.000000000000000000e+00
-1.200000000000000000e+01
-3.000000000000000000e+01
-1.800000000000000000e+01
8.000000000000000000e+00
-1.300000000000000000e+01
-3.000000000000000000e+00
4.000000000000000000e+00
2.500000000000000000e+01
-2.300000000000000000e+01
1.200000000000000000e+01
-9.000000000000000000e+00
1.000000000000000000e+01
2.400000000000000000e+01
2.000000000000000000e+00
9.000000000000000000e+00
2.000000000000000000e+00
1.400000000000000000e+01
1.200000000000000000e+01
7.000000000000000000e+00
0.000000000000000000e+00
-2.700000000000000000e+01
1.300000000000000000e+01
-1.300000000000000000e+01
-5.000000000000000000e+00
1.600000000000000000e+01
-1.700000000000000000e+01
1.100000000000000000e+01
-1.900000000000000000e+01
-4.000000000000000000e+00
1.000000000000000000e+01
0.000000000000000000e+00
4.500000000000000000e+01
-1.800000000000000000e+01
-2.000000000000000000e+01
-1.000000000000000000e+00
-2.300000000000000000e+01
-2.000000000000000000e+00
2.700000000000000000e+01
1.900000000000000000e+01
2.000000000000000000e+00
4.000000000000000000e+00
-2.600000000000000000e+01
1.000000000000000000e+01
1.100000000000000000e+01
5.000000000000000000e+00
-1.400000000000000000e+01
-2.100000000000000000e+01
-3.100000000000000000e+01
-2.800000000000000000e+01
6.000000000000000000e+00
-3.000000000000000000e+00
8.000000000000000000e+00
1.200000000000000000e+01
-2.800000000000000000e+01
3.600000000000000000e+01
-2.100000000000000000e+01
-4.000000000000000000e+00
1.700000000000000000e+01
-1.800000000000000000e+01
-2.900000000000000000e+01
-1.800000000000000000e+01
3.700000000000000000e+01
-1.700000000000000000e+01
1.000000000000000000e+01
-1.800000000000000000e+01
1.400000000000000000e+01
-1.900000000000000000e+01
-5.000000000000000000e+00
1.400000000000000000e+01
4.000000000000000000e+00
3.000000000000000000e+00
6.000000000000000000e+00
-5.000000000000000000e+00
-1.900000000000000000e+01
1.500000000000000000e+01
-3.000000000000000000e+00
-8.000000000000000000e+00
-1.500000000000000000e+01
-1.200000000000000000e+01
1.000000000000000000e+01
3.800000000000000000e+01
1.000000000000000000e+01
-4.000000000000000000e+01
2.900000000000000000e+01
-2.500000000000000000e+01
3.100000000000000000e+01
-9.000000000000000000e+00
-3.200000000000000000e+01
-2.000000000000000000e+00
1.300000000000000000e+01
-2.800000000000000000e+01
-1.000000000000000000e+00
-6.000000000000000000e+00
-2.400000000000000000e+01
-1.300000000000000000e+01
3.600000000000000000e+01
-6.000000000000000000e+00
-4.000000000000000000e+00
1.800000000000000000e+01
4.500000000000000000e+01
1.900000000000000000e+01
7.000000000000000000e+00
1.600000000000000000e+01
0.000000000000000000e+00
-1.200000000000000000e+01
-1.900000000000000000e+01
2.300000000000000000e+01
-1.500000000000000000e+01
-2.400000000000000000e+01
-2.000000000000000000e+01
-1.000000000000000000e+00
-1.300000000000000000e+01
-1.800000000000000000e+01
-3.100000000000000000e+01
2.000000000000000000e+00
8.000000000000000000e+00
4.300000000000000000e+01
-2.100000000000000000e+01
-1.700000000000000000e+01
1.600000000000000000e+01
6.000000000000000000e+00
3.000000000000000000e+00
-2.700000000000000000e+01
-4.000000000000000000e+00
-7.000000000000000000e+00
-6.000000000000000000e+00
-7.000000000000000000e+00
8.000000000000000000e+00
-9.000000000000000000e+00
1.500000000000000000e+01
-1.000000000000000000e+01
1.800000000000000000e+01
4.000000000000000000e+00
1.100000000000000000e+01
-2.000000000000000000e+00
-9.000000000000000000e+00
-1.900000000000000000e+01
2.300000000000000000e+01
5.000000000000000000e+00
-1.100000000000000000e+01
1.600000000000000000e+01
-2.400000000000000000e+01
4.000000000000000000e+00
1.500000000000000000e+01
2.600000000000000000e+01
1.400000000000000000e+01
4.000000000000000000e+00
3.000000000000000000e+00
-3.200000000000000000e+01
-5.000000000000000000e+00
1.900000000000000000e+01
2.600000000000000000e+01
-4.000000000000000000e+00
-1.000000000000000000e+01
1.600000000000000000e+01
4.400000000000000000e+01
3.100000000000000000e+01
1.800000000000000000e+01
-3.100000000000000000e+01
-1.800000000000000000e+01
6.000000000000000000e+00
-1.300000000000000000e+01
-1.800000000000000000e+01
-2.300000000000000000e+01
1.000000000000000000e+00
-1.000000000000000000e+01
6.000000000000000000e+00
1.100000000000000000e+01
-2.400000000000000000e+01
2.000000000000000000e+00
1.000000000000000000e+00
-7.000000000000000000e+00
8.700000000000000000e+01
-2.000000000000000000e+00
-3.000000000000000000e+00
7.000000000000000000e+00
1.400000000000000000e+01
3.000000000000000000e+00
2.400000000000000000e+01
-2.000000000000000000e+01
-2.600000000000000000e+01
1.200000000000000000e+01
1.100000000000000000e+01
-4.000000000000000000e+00
-4.000000000000000000e+01
1.000000000000000000e+00
-1.500000000000000000e+01
2.400000000000000000e+01
-3.000000000000000000e+00
3.000000000000000000e+00
7.000000000000000000e+00
-3.000000000000000000e+00
1.100000000000000000e+01
8.000000000000000000e+00
2.000000000000000000e+00
1.000000000000000000e+00
2.100000000000000000e+01
-1.700000000000000000e+01
6.000000000000000000e+00
8.000000000000000000e+00
2.200000000000000000e+01
1.900000000000000000e+01
1.700000000000000000e+01
1.900000000000000000e+01
-8.000000000000000000e+00
5.000000000000000000e+00
-1.000000000000000000e+00
2.000000000000000000e+01
2.000000000000000000e+00
-7.000000000000000000e+00
-1.600000000000000000e+01
1.000000000000000000e+00
1.300000000000000000e+01
-1.100000000000000000e+01
1.000000000000000000e+01
-4.000000000000000000e+00
-1.300000000000000000e+01
-2.000000000000000000e+00
1.200000000000000000e+01
2.000000000000000000e+00
5.000000000000000000e+00
4.000000000000000000e+00
-3.100000000000000000e+01
4.000000000000000000e+00
-9.000000000000000000e+00
-1.800000000000000000e+01
-7.000000000000000000e+00
-1.000000000000000000e+01
2.000000000000000000e+01
-2.100000000000000000e+01
1.100000000000000000e+01
2.900000000000000000e+01
2.000000000000000000e+00
2.300000000000000000e+01
2.900000000000000000e+01
-2.000000000000000000e+00
-7.000000000000000000e+00
1.400000000000000000e+01
-2.000000000000000000e+01
-8.000000000000000000e+00
3.700000000000000000e+01
2.000000000000000000e+00
3.100000000000000000e+01
1.600000000000000000e+01
2.700000000000000000e+01
9.000000000000000000e+00
2.600000000000000000e+01
-1.200000000000000000e+01
-3.000000000000000000e+00
-1.300000000000000000e+01
-1.200000000000000000e+01
-1.700000000000000000e+01
1.200000000000000000e+01
-1.500000000000000000e+01
4.100000000000000000e+01
-9.000000000000000000e+00
1.500000000000000000e+01
4.000000000000000000e+00
-6.000000000000000000e+00
-1.500000000000000000e+01
5.000000000000000000e+00
-1.500000000000000000e+01
1.000000000000000000e+00
1.000000000000000000e+00
1.000000000000000000e+00
-1.000000000000000000e+01
6.000000000000000000e+00
-4.000000000000000000e+00
-7.000000000000000000e+00
-7.000000000000000000e+00
0.000000000000000000e+00
1.200000000000000000e+01
6.000000000000000000e+00
-2.400000000000000000e+01
3.000000000000000000e+01
1.700000000000000000e+01
-1.300000000000000000e+01
-6.000000000000000000e+00
3.400000000000000000e+01
-3.200000000000000000e+01
-1.300000000000000000e+01
1.200000000000000000e+01
7.000000000000000000e+00
2.200000000000000000e+01
-5.000000000000000000e+00
3.400000000000000000e+01
1.200000000000000000e+01
-1.100000000000000000e+01
-8.000000000000000000e+00
1.000000000000000000e+01
-8.000000000000000000e+00
8.000000000000000000e+00
7.000000000000000000e+00
1.400000000000000000e+01
1.200000000000000000e+01
5.000000000000000000e+00
-6.000000000000000000e+00
-1.500000000000000000e+01
-6.000000000000000000e+00
2.400000000000000000e+01
1.500000000000000000e+01
-1.500000000000000000e+01
1.900000000000000000e+01
-1.200000000000000000e+01
3.000000000000000000e+00
2.300000000000000000e+01
2.000000000000000000e+01
2.800000000000000000e+01
7.000000000000000000e+00
-8.000000000000000000e+00
2.400000000000000000e+01
2.300000000000000000e+01
-2.000000000000000000e+01
1.100000000000000000e+01
-1.400000000000000000e+01
-3.300000000000000000e+01
3.000000000000000000e+00
-1.100000000000000000e+01
2.000000000000000000e+00
-7.000000000000000000e+00
1.300000000000000000e+01
-2.600000000000000000e+01
1.200000000000000000e+01
1.700000000000000000e+01
-1.100000000000000000e+01
-1.000000000000000000e+01
4.000000000000000000e+00
1.400000000000000000e+01
2.400000000000000000e+01
-7.000000000000000000e+00
1.800000000000000000e+01
2.500000000000000000e+01
-2.800000000000000000e+01
-1.400000000000000000e+01
-8.000000000000000000e+00
2.600000000000000000e+01
-1.400000000000000000e+01
3.500000000000000000e+01
9.000000000000000000e+00
-1.900000000000000000e+01
1.200000000000000000e+01
1.200000000000000000e+01
-1.800000000000000000e+01
1.000000000000000000e+01
-5.000000000000000000e+00
1.600000000000000000e+01
-3.000000000000000000e+01
-1.300000000000000000e+01
-9.000000000000000000e+00
9.000000000000000000e+00
3.000000000000000000e+00
-1.600000000000000000e+01
2.800000000000000000e+01
3.700000000000000000e+01
1.300000000000000000e+01
-4.100000000000000000e+01
2.200000000000000000e+01
1.200000000000000000e+01
1.100000000000000000e+01
4.000000000000000000e+00
2.600000000000000000e+01
2.600000000000000000e+01
-1.400000000000000000e+01
4.000000000000000000e+00
-2.300000000000000000e+01
-3.000000000000000000e+00
2.000000000000000000e+00
1.500000000000000000e+01
1.800000000000000000e+01
3.000000000000000000e+00
-2.500000000000000000e+01
-1.700000000000000000e+01
-6.000000000000000000e+00
1.300000000000000000e+01
8.000000000000000000e+00
-2.600000000000000000e+01
2.400000000000000000e+01
3.700000000000000000e+01
2.100000000000000000e+01
-2.900000000000000000e+01
-1.300000000000000000e+01
2.100000000000000000e+01
-7.000000000000000000e+00
1.900000000000000000e+01
-4.000000000000000000e+00
-2.000000000000000000e+01
3.700000000000000000e+01
2.600000000000000000e+01
-2.200000000000000000e+01
-1.900000000000000000e+01
-1.200000000000000000e+01
5.000000000000000000e+00
2.800000000000000000e+01
-3.000000000000000000e+00
1.300000000000000000e+01
-4.000000000000000000e+00
-1.300000000000000000e+01
2.300000000000000000e+01
-3.000000000000000000e+00
-9.000000000000000000e+00
1.700000000000000000e+01
3.200000000000000000e+01
-2.000000000000000000e+00
-1.000000000000000000e+00
1.100000000000000000e+01
1.500000000000000000e+01
1.400000000000000000e+01
-2.000000000000000000e+00
-1.700000000000000000e+01
3.200000000000000000e+01
-1.000000000000000000e+00
-1.000000000000000000e+00
-1.000000000000000000e+00
1.800000000000000000e+01
1.200000000000000000e+01
-9.000000000000000000e+00
2.100000000000000000e+01
1.000000000000000000e+01
6.000000000000000000e+00
-7.000000000000000000e+00
-1.300000000000000000e+01
2.100000000000000000e+01
1.800000000000000000e+01
-7.000000000000000000e+00
2.000000000000000000e+00
-1.400000000000000000e+01
4.000000000000000000e+00
6.000000000000000000e+00
-1.200000000000000000e+01
8.000000000000000000e+00
1.200000000000000000e+01
1.100000000000000000e+01
9.000000000000000000e+00
-4.000000000000000000e+00
1.900000000000000000e+01
1.300000000000000000e+01
0.000000000000000000e+00
1.100000000000000000e+01
1.600000000000000000e+01
3.400000000000000000e+01
1.500000000000000000e+01
-1.500000000000000000e+01
2.100000000000000000e+01
-2.000000000000000000e+00
-5.000000000000000000e+01
2.500000000000000000e+01
2.000000000000000000e+01
-8.000000000000000000e+00
8.000000000000000000e+00
9.000000000000000000e+00
3.100000000000000000e+01
2.900000000000000000e+01
-9.000000000000000000e+00
3.500000000000000000e+01
3.000000000000000000e+01
-2.000000000000000000e+00
-1.000000000000000000e+00
-1.000000000000000000e+00
-4.000000000000000000e+00
2.400000000000000000e+01
3.300000000000000000e+01
2.600000000000000000e+01
-8.000000000000000000e+00
-2.800000000000000000e+01
2.000000000000000000e+00
1.300000000000000000e+01
-6.000000000000000000e+00
1.300000000000000000e+01
3.700000000000000000e+01
4.000000000000000000e+00
4.000000000000000000e+00
3.000000000000000000e+00
-4.000000000000000000e+00
1.100000000000000000e+01
1.100000000000000000e+01
5.000000000000000000e+00
4.000000000000000000e+00
3.700000000000000000e+01
3.000000000000000000e+00
7.000000000000000000e+00
1.900000000000000000e+01
9.000000000000000000e+00
2.200000000000000000e+01
1.100000000000000000e+01
2.600000000000000000e+01
3.900000000000000000e+01
1.800000000000000000e+01
1.000000000000000000e+01
1.700000000000000000e+01
1.500000000000000000e+01
2.000000000000000000e+01
0.000000000000000000e+00
-1.900000000000000000e+01
-2.000000000000000000e+00
9.000000000000000000e+00
-8.000000000000000000e+00
1.700000000000000000e+01
3.000000000000000000e+00
-3.000000000000000000e+00
6.000000000000000000e+00
1.800000000000000000e+01
3.700000000000000000e+01
1.800000000000000000e+01
2.000000000000000000e+00
-1.600000000000000000e+01
-5.000000000000000000e+00
3.600000000000000000e+01
2.000000000000000000e+01
1.700000000000000000e+01
9.000000000000000000e+00
2.800000000000000000e+01
4.300000000000000000e+01
1.200000000000000000e+01
7.000000000000000000e+00
0.000000000000000000e+00
2.200000000000000000e+01
2.600000000000000000e+01
-1.200000000000000000e+01
4.600000000000000000e+01
1.600000000000000000e+01
2.700000000000000000e+01
2.000000000000000000e+01
3.000000000000000000e+00
3.400000000000000000e+01
3.500000000000000000e+01
2.600000000000000000e+01
2.300000000000000000e+01
1.300000000000000000e+01
-6.000000000000000000e+00
2.000000000000000000e+00
2.000000000000000000e+01
3.400000000000000000e+01
-2.000000000000000000e+01
1.000000000000000000e+00
1.400000000000000000e+01
-1.100000000000000000e+01
-8.000000000000000000e+00
-5.000000000000000000e+00
4.000000000000000000e+01
3.700000000000000000e+01
2.000000000000000000e+01
1.300000000000000000e+01
-2.600000000000000000e+01
6.000000000000000000e+00
4.700000000000000000e+01
2.700000000000000000e+01
9.000000000000000000e+00
4.400000000000000000e+01
7.000000000000000000e+00
1.100000000000000000e+01
1.700000000000000000e+01
-1.400000000000000000e+01
2.000000000000000000e+00
3.900000000000000000e+01
0.000000000000000000e+00
2.000000000000000000e+00
2.300000000000000000e+01
4.500000000000000000e+01
8.000000000000000000e+00
5.000000000000000000e+00
3.200000000000000000e+01
2.000000000000000000e+01
1.600000000000000000e+01
1.300000000000000000e+01
4.000000000000000000e+00
1.400000000000000000e+01
5.000000000000000000e+00
3.200000000000000000e+01
3.100000000000000000e+01
3.800000000000000000e+01
4.100000000000000000e+01
4.900000000000000000e+01
4.100000000000000000e+01
4.100000000000000000e+01
3.600000000000000000e+01
6.100000000000000000e+01
4.800000000000000000e+01
1.100000000000000000e+01
5.600000000000000000e+01
4.100000000000000000e+01
6.100000000000000000e+01
3.200000000000000000e+01
7.800000000000000000e+01
8.200000000000000000e+01
8.500000000000000000e+01
5.400000000000000000e+01
9.700000000000000000e+01
5.900000000000000000e+01
1.290000000000000000e+02
1.540000000000000000e+02
1.590000000000000000e+02
1.530000000000000000e+02
2.310000000000000000e+02
2.320000000000000000e+02
2.730000000000000000e+02
3.270000000000000000e+02
3.320000000000000000e+02
4.220000000000000000e+02
4.540000000000000000e+02
5.220000000000000000e+02
5.860000000000000000e+02
6.730000000000000000e+02
7.720000000000000000e+02
9.110000000000000000e+02
9.730000000000000000e+02
1.099000000000000000e+03
1.201000000000000000e+03
1.356000000000000000e+03
1.511000000000000000e+03
1.658000000000000000e+03
1.854000000000000000e+03
1.980000000000000000e+03
2.016000000000000000e+03
2.290000000000000000e+03
2.457000000000000000e+03
2.553000000000000000e+03
2.700000000000000000e+03
2.892000000000000000e+03
3.029000000000000000e+03
3.225000000000000000e+03
3.287000000000000000e+03
3.530000000000000000e+03
3.643000000000000000e+03
3.700000000000000000e+03
3.917000000000000000e+03
3.893000000000000000e+03
3.947000000000000000e+03
4.070000000000000000e+03
4.115000000000000000e+03
4.113000000000000000e+03
4.146000000000000000e+03
4.088000000000000000e+03
4.041000000000000000e+03
4.037000000000000000e+03
4.056000000000000000e+03
3.952000000000000000e+03
3.862000000000000000e+03
3.769000000000000000e+03
3.614000000000000000e+03
3.589000000000000000e+03
3.384000000000000000e+03
3.284000000000000000e+03
3.161000000000000000e+03
2.998000000000000000e+03
2.821000000000000000e+03
2.682000000000000000e+03
2.596000000000000000e+03
2.440000000000000000e+03
2.249000000000000000e+03
2.095000000000000000e+03
1.967000000000000000e+03
1.797000000000000000e+03
1.681000000000000000e+03
1.555000000000000000e+03
1.393000000000000000e+03
1.294000000000000000e+03
1.223000000000000000e+03
1.048000000000000000e+03
9.290000000000000000e+02
8.690000000000000000e+02
8.090000000000000000e+02
6.970000000000000000e+02
6.080000000000000000e+02
5.620000000000000000e+02
4.570000000000000000e+02
4.170000000000000000e+02
3.790000000000000000e+02
3.480000000000000000e+02
2.900000000000000000e+02
2.400000000000000000e+02
2.540000000000000000e+02
2.120000000000000000e+02
1.650000000000000000e+02
1.190000000000000000e+02
1.080000000000000000e+02
9.000000000000000000e+01
6.100000000000000000e+01
8.100000000000000000e+01
4.700000000000000000e+01
4.200000000000000000e+01
3.100000000000000000e+01
6.200000000000000000e+01
1.700000000000000000e+01
5.000000000000000000e+00
2.700000000000000000e+01
2.000000000000000000e+01
1.000000000000000000e+01
3.700000000000000000e+01
7.000000000000000000e+00
3.400000000000000000e+01
2.600000000000000000e+01
1.800000000000000000e+01
-5.000000000000000000e+00
1.300000000000000000e+01
1.000000000000000000e+00
2.700000000000000000e+01
1.400000000000000000e+01
1.900000000000000000e+01
3.200000000000000000e+01
2.800000000000000000e+01
3.300000000000000000e+01
1.000000000000000000e+00
1.800000000000000000e+01
-1.600000000000000000e+01
4.000000000000000000e+00
3.400000000000000000e+01
1.300000000000000000e+01
9.000000000000000000e+00
1.000000000000000000e+01
2.400000000000000000e+01
-1.500000000000000000e+01
3.700000000000000000e+01
-1.900000000000000000e+01
2.600000000000000000e+01
1.000000000000000000e+01
3.200000000000000000e+01
1.400000000000000000e+01
4.000000000000000000e+00
1.100000000000000000e+01
2.100000000000000000e+01
-2.000000000000000000e+00
2.600000000000000000e+01
2.300000000000000000e+01
-3.000000000000000000e+00
2.400000000000000000e+01
1.200000000000000000e+01
3.000000000000000000e+01
8.000000000000000000e+00
1.300000000000000000e+01
1.700000000000000000e+01
-6.000000000000000000e+00
8.000000000000000000e+00
-1.400000000000000000e+01
-3.000000000000000000e+00
1.500000000000000000e+01
1.800000000000000000e+01
3.300000000000000000e+01
7.000000000000000000e+00
1.800000000000000000e+01
1.600000000000000000e+01
1.000000000000000000e+00
4.200000000000000000e+01
1.700000000000000000e+01
1.900000000000000000e+01
3.100000000000000000e+01
-1.200000000000000000e+01
1.200000000000000000e+01
2.100000000000000000e+01
2.000000000000000000e+01
8.000000000000000000e+00
1.100000000000000000e+01
-8.000000000000000000e+00
9.000000000000000000e+00
-1.000000000000000000e+00
1.000000000000000000e+01
2.600000000000000000e+01
2.900000000000000000e+01
1.300000000000000000e+01
9.000000000000000000e+00
1.100000000000000000e+01
-6.000000000000000000e+00
-1.000000000000000000e+01
2.100000000000000000e+01
1.200000000000000000e+01
1.000000000000000000e+01
2.000000000000000000e+01
1.200000000000000000e+01
1.700000000000000000e+01
6.000000000000000000e+00
-2.000000000000000000e+00
2.000000000000000000e+01
2.800000000000000000e+01
1.000000000000000000e+01
1.600000000000000000e+01
5.000000000000000000e+00
1.000000000000000000e+00
2.200000000000000000e+01
2.000000000000000000e+00
3.500000000000000000e+01
5.000000000000000000e+00
-1.300000000000000000e+01
1.900000000000000000e+01
-1.000000000000000000e+00
1.800000000000000000e+01
-2.600000000000000000e+01
-9.000000000000000000e+00
2.200000000000000000e+01
8.000000000000000000e+00
3.200000000000000000e+01
2.000000000000000000e+00
2.500000000000000000e+01
3.600000000000000000e+01
-3.000000000000000000e+00
2.600000000000000000e+01
1.300000000000000000e+01
2.300000000000000000e+01
1.700000000000000000e+01
-6.000000000000000000e+00
2.000000000000000000e+00
2.400000000000000000e+01
-9.000000000000000000e+00
1.000000000000000000e+00
3.600000000000000000e+01
-1.100000000000000000e+01
3.300000000000000000e+01
1.600000000000000000e+01
3.100000000000000000e+01
3.300000000000000000e+01
1.000000000000000000e+00
1.400000000000000000e+01
1.900000000000000000e+01
-2.900000000000000000e+01
-2.000000000000000000e+00
6.000000000000000000e+00
1.100000000000000000e+01
1.100000000000000000e+01
2.700000000000000000e+01
2.000000000000000000e+00
7.000000000000000000e+00
6.000000000000000000e+00
2.500000000000000000e+01
6.000000000000000000e+00
1.300000000000000000e+01
1.600000000000000000e+01
1.400000000000000000e+01
-7.000000000000000000e+00
-1.000000000000000000e+01
0.000000000000000000e+00
4.200000000000000000e+01
1.200000000000000000e+01
5.000000000000000000e+00
-2.000000000000000000e+00
1.400000000000000000e+01
1.300000000000000000e+01
4.000000000000000000e+00
4.100000000000000000e+01
1.000000000000000000e+01
3.000000000000000000e+00
1.500000000000000000e+01
-1.000000000000000000e+01
-3.000000000000000000e+01
2.900000000000000000e+01
8.000000000000000000e+00
-1.500000000000000000e+01
3.400000000000000000e+01
1.700000000000000000e+01
2.700000000000000000e+01
3.500000000000000000e+01
-1.300000000000000000e+01
1.500000000000000000e+01
-1.700000000000000000e+01
1.700000000000000000e+01
3.600000000000000000e+01
9.000000000000000000e+00
-7.000000000000000000e+00
-1.400000000000000000e+01
1.300000000000000000e+01
2.800000000000000000e+01
3.000000000000000000e+00
-9.000000000000000000e+00
2.400000000000000000e+01
1.700000000000000000e+01
9.000000000000000000e+00
1.800000000000000000e+01
2.500000000000000000e+01
-1.000000000000000000e+00
2.000000000000000000e+01
3.000000000000000000e+00
2.000000000000000000e+01
-1.000000000000000000e+00
2.000000000000000000e+00
7.000000000000000000e+00
-2.000000000000000000e+00
-8.000000000000000000e+00
2.600000000000000000e+01
-1.000000000000000000e+00
9.000000000000000000e+00
-3.400000000000000000e+01
1.000000000000000000e+01
-3.000000000000000000e+00
-1.000000000000000000e+00
6.000000000000000000e+00
1.600000000000000000e+01
4.000000000000000000e+01
2.500000000000000000e+01
-4.000000000000000000e+00
1.300000000000000000e+01
2.300000000000000000e+01
1.500000000000000000e+01
-1.200000000000000000e+01
2.600000000000000000e+01
1.100000000000000000e+01
1.300000000000000000e+01
-1.100000000000000000e+01
1.300000000000000000e+01
1.800000000000000000e+01
1.000000000000000000e+01
-6.000000000000000000e+00
7.000000000000000000e+00
-2.000000000000000000e+00
4.000000000000000000e+00
1.800000000000000000e+01
1.000000000000000000e+01
-3.000000000000000000e+00
2.000000000000000000e+00
2.700000000000000000e+01
0.000000000000000000e+00
-8.000000000000000000e+00
8.000000000000000000e+00
1.300000000000000000e+01
-8.000000000000000000e+00
3.000000000000000000e+00
1.400000000000000000e+01
1.500000000000000000e+01
9.000000000000000000e+00
1.000000000000000000e+00
-3.000000000000000000e+00
4.100000000000000000e+01
1.800000000000000000e+01
1.600000000000000000e+01
-8.000000000000000000e+00
-1.300000000000000000e+01
2.000000000000000000e+01
-8.000000000000000000e+00
-6.000000000000000000e+00
1.100000000000000000e+01
-7.000000000000000000e+00
-1.000000000000000000e+01
1.800000000000000000e+01
4.000000000000000000e+00
-4.000000000000000000e+00
7.000000000000000000e+00
7.000000000000000000e+00
3.100000000000000000e+01
-9.000000000000000000e+00
1.000000000000000000e+00
6.000000000000000000e+00
-1.300000000000000000e+01
0.000000000000000000e+00
2.300000000000000000e+01
-1.000000000000000000e+00
-3.000000000000000000e+00
1.900000000000000000e+01
8.000000000000000000e+00
1.800000000000000000e+01
-1.600000000000000000e+01
-9.000000000000000000e+00
5.000000000000000000e+00
-2.000000000000000000e+00
7.000000000000000000e+00
-1.900000000000000000e+01
1.200000000000000000e+01
9.000000000000000000e+00
-1.000000000000000000e+01
-1.800000000000000000e+01
-1.000000000000000000e+00
-2.100000000000000000e+01
2.100000000000000000e+01
-2.000000000000000000e+01
-1.700000000000000000e+01
2.900000000000000000e+01
3.000000000000000000e+01
1.900000000000000000e+01
2.200000000000000000e+01
7.000000000000000000e+00
-1.900000000000000000e+01
1.500000000000000000e+01
-2.500000000000000000e+01
3.100000000000000000e+01
9.000000000000000000e+00
5.000000000000000000e+00
1.100000000000000000e+01
-3.400000000000000000e+01
2.200000000000000000e+01
-1.000000000000000000e+01
2.100000000000000000e+01
1.800000000000000000e+01
2.600000000000000000e+01
-7.000000000000000000e+00
2.000000000000000000e+00
4.000000000000000000e+00
-6.000000000000000000e+00
1.000000000000000000e+00
3.100000000000000000e+01
-3.700000000000000000e+01
3.000000000000000000e+00
-1.300000000000000000e+01
1.700000000000000000e+01
-1.300000000000000000e+01
-1.600000000000000000e+01
2.900000000000000000e+01
0.000000000000000000e+00
2.100000000000000000e+01
1.300000000000000000e+01
-1.600000000000000000e+01
-2.800000000000000000e+01
-1.500000000000000000e+01
-3.000000000000000000e+00
-1.300000000000000000e+01
-2.000000000000000000e+01
1.600000000000000000e+01
-1.500000000000000000e+01
1.500000000000000000e+01
3.000000000000000000e+00
1.600000000000000000e+01
-1.000000000000000000e+01
6.000000000000000000e+00
-1.300000000000000000e+01
3.800000000000000000e+01
0.000000000000000000e+00
-1.400000000000000000e+01
-2.000000000000000000e+00
3.100000000000000000e+01
2.300000000000000000e+01
1.100000000000000000e+01
0.000000000000000000e+00
0.000000000000000000e+00
1.000000000000000000e+00
1.600000000000000000e+01
1.000000000000000000e+01
1.200000000000000000e+01
-2.500000000000000000e+01
1.200000000000000000e+01
-9.000000000000000000e+00
7.000000000000000000e+00
1.300000000000000000e+01
-3.000000000000000000e+01
3.000000000000000000e+00
2.000000000000000000e+00
-1.400000000000000000e+01
2.600000000000000000e+01
1.100000000000000000e+01
1.900000000000000000e+01
-1.200000000000000000e+01
1.200000000000000000e+01
-2.600000000000000000e+01
-6.000000000000000000e+00
2.800000000000000000e+01
1.700000000000000000e+01
-4.000000000000000000e+00
-7.000000000000000000e+00
-1.300000000000000000e+01
4.000000000000000000e+00
1.100000000000000000e+01
-2.200000000000000000e+01
-1.230000000000000000e+02
3.000000000000000000e+00
2.600000000000000000e+01
9.000000000000000000e+00
1.400000000000000000e+01
-1.400000000000000000e+01
-8.000000000000000000e+00
-2.100000000000000000e+01
-2.900000000000000000e+01
-8.000000000000000000e+00
2.600000000000000000e+01
-9.000000000000000000e+00
1.200000000000000000e+01
-1.200000000000000000e+01
-2.100000000000000000e+01
1.100000000000000000e+01
1.500000000000000000e+01
1.500000000000000000e+01
1.000000000000000000e+00
-1.300000000000000000e+01
1.500000000000000000e+01
1.300000000000000000e+01
1.000000000000000000e+00
-1.400000000000000000e+01
6.000000000000000000e+00
-2.500000000000000000e+01
-2.600000000000000000e+01
3.900000000000000000e+01
4.000000000000000000e+00
1.000000000000000000e+01
-4.000000000000000000e+00
2.900000000000000000e+01
1.900000000000000000e+01
-6.000000000000000000e+00
-2.000000000000000000e+00
1.200000000000000000e+01
-2.900000000000000000e+01
-1.000000000000000000e+01
2.700000000000000000e+01
2.200000000000000000e+01
-1.700000000000000000e+01
1.600000000000000000e+01
-4.000000000000000000e+00
9.000000000000000000e+00
1.300000000000000000e+01
-6.000000000000000000e+00
-7.000000000000000000e+00
1.000000000000000000e+00
-8.000000000000000000e+00
3.500000000000000000e+01
-5.000000000000000000e+00
8.000000000000000000e+00
2.400000000000000000e+01
-5.000000000000000000e+00
0.000000000000000000e+00
7.000000000000000000e+00
-1.000000000000000000e+01
2.000000000000000000e+00
-1.200000000000000000e+01
-8.000000000000000000e+00
3.000000000000000000e+01
1.900000000000000000e+01
3.800000000000000000e+01
3.500000000000000000e+01
2.200000000000000000e+01
-3.200000000000000000e+01
9.000000000000000000e+00
-2.000000000000000000e+00
3.800000000000000000e+01
-3.500000000000000000e+01
-5.000000000000000000e+00
-2.900000000000000000e+01
-1.500000000000000000e+01
-1.200000000000000000e+01
-2.000000000000000000e+00
-1.100000000000000000e+01
3.000000000000000000e+01
3.000000000000000000e+00
-6.000000000000000000e+00
1.700000000000000000e+01
7.000000000000000000e+00
-3.000000000000000000e+00
-3.000000000000000000e+00
-2.800000000000000000e+01
1.000000000000000000e+01
-1.000000000000000000e+01
1.500000000000000000e+01
2.400000000000000000e+01
3.600000000000000000e+01
8.000000000000000000e+00
5.000000000000000000e+00
6.000000000000000000e+00
1.700000000000000000e+01
-1.600000000000000000e+01
-5.000000000000000000e+00
-1.200000000000000000e+01
-3.100000000000000000e+01
0.000000000000000000e+00
8.000000000000000000e+00
-4.100000000000000000e+01
8.000000000000000000e+00
9.000000000000000000e+00
1.800000000000000000e+01
6.000000000000000000e+00
-2.000000000000000000e+00
1.200000000000000000e+01
8.000000000000000000e+00
-7.000000000000000000e+00
-7.000000000000000000e+00
3.000000000000000000e+00
1.000000000000000000e+01
-1.200000000000000000e+01
9.000000000000000000e+00
4.000000000000000000e+00
-1.000000000000000000e+01
8.000000000000000000e+00
6.000000000000000000e+00
-8.000000000000000000e+00
1.400000000000000000e+01
1.000000000000000000e+00
-9.000000000000000000e+00
-1.600000000000000000e+01
-3.400000000000000000e+01
3.000000000000000000e+00
6.000000000000000000e+00
3.000000000000000000e+00
1.900000000000000000e+01
7.000000000000000000e+00
3.000000000000000000e+00
-1.400000000000000000e+01
-7.000000000000000000e+00
-8.000000000000000000e+00
-1.700000000000000000e+01
7.000000000000000000e+00
-4.000000000000000000e+00
-3.000000000000000000e+01
-5.000000000000000000e+00
1.800000000000000000e+01
-1.000000000000000000e+00
-1.000000000000000000e+00
-1.000000000000000000e+00
1.200000000000000000e+01
-2.100000000000000000e+01
-2.600000000000000000e+01
0.000000000000000000e+00
-9.000000000000000000e+00
1.700000000000000000e+01
-7.000000000000000000e+00
-1.200000000000000000e+01
1.700000000000000000e+01
-1.100000000000000000e+01
1.600000000000000000e+01
-1.400000000000000000e+01
1.100000000000000000e+01
3.000000000000000000e+00
9.000000000000000000e+00
2.800000000000000000e+01
-1.100000000000000000e+01
3.600000000000000000e+01
-1.000000000000000000e+00
-1.500000000000000000e+01
-1.000000000000000000e+01
-5.000000000000000000e+00
1.100000000000000000e+01
1.700000000000000000e+01
-1.800000000000000000e+01
1.000000000000000000e+01
1.600000000000000000e+01
1.000000000000000000e+01
7.000000000000000000e+00
-1.400000000000000000e+01
-1.100000000000000000e+01
7.000000000000000000e+00
-1.300000000000000000e+01
-1.200000000000000000e+01
-1.600000000000000000e+01
-1.400000000000000000e+01
1.400000000000000000e+01
-4.000000000000000000e+00
-2.400000000000000000e+01
1.900000000000000000e+01
5.000000000000000000e+00
3.000000000000000000e+00
-3.000000000000000000e+01
-1.400000000000000000e+01
0.000000000000000000e+00
-1.000000000000000000e+00
1.900000000000000000e+01
-8.000000000000000000e+00
-2.800000000000000000e+01
2.100000000000000000e+01
7.000000000000000000e+00
1.500000000000000000e+01
-1.200000000000000000e+01
7.000000000000000000e+00
1.800000000000000000e+01
-1.900000000000000000e+01
3.000000000000000000e+00
-1.000000000000000000e+00
-4.300000000000000000e+01
0.000000000000000000e+00
-1.500000000000000000e+01
-8.000000000000000000e+00
1.200000000000000000e+01
1.400000000000000000e+01
1.500000000000000000e+01
-2.200000000000000000e+01
1.400000000000000000e+01
-2.000000000000000000e+00
-9.000000000000000000e+00
-1.000000000000000000e+00
-5.000000000000000000e+01
1.800000000000000000e+01
5.000000000000000000e+00
1.000000000000000000e+01
-1.200000000000000000e+01
-4.000000000000000000e+00
-8.000000000000000000e+00
2.000000000000000000e+00
6.000000000000000000e+00
-2.200000000000000000e+01
3.000000000000000000e+00
1.100000000000000000e+01
4.000000000000000000e+00
-7.000000000000000000e+00
1.000000000000000000e+00
1.200000000000000000e+01
3.000000000000000000e+00
1.500000000000000000e+01
-2.000000000000000000e+01
-1.200000000000000000e+01
4.000000000000000000e+00
6.000000000000000000e+00
4.000000000000000000e+00
-2.000000000000000000e+01
4.000000000000000000e+00
1.300000000000000000e+01
-1.200000000000000000e+01
-2.100000000000000000e+01
-5.000000000000000000e+00
1.200000000000000000e+01
-2.000000000000000000e+00
-3.200000000000000000e+01
-1.500000000000000000e+01
4.000000000000000000e+00
1.200000000000000000e+01
1.400000000000000000e+01
-2.000000000000000000e+00
5.000000000000000000e+00
9.000000000000000000e+00
1.500000000000000000e+01
-3.000000000000000000e+00
-1.400000000000000000e+01
-1.000000000000000000e+01
-8.000000000000000000e+00
-1.100000000000000000e+01
1.100000000000000000e+01
7.000000000000000000e+00
0.000000000000000000e+00
2.000000000000000000e+00
2.200000000000000000e+01
-7.000000000000000000e+00
3.000000000000000000e+00
2.600000000000000000e+01
1.600000000000000000e+01
1.100000000000000000e+01
-2.000000000000000000e+00
1.100000000000000000e+01
1.800000000000000000e+01
1.000000000000000000e+01
7.000000000000000000e+00
9.000000000000000000e+00
-1.500000000000000000e+01
1.700000000000000000e+01
-1.400000000000000000e+01
5.000000000000000000e+00
-3.000000000000000000e+01
1.900000000000000000e+01
3.600000000000000000e+01
-8.000000000000000000e+00
2.000000000000000000e+00
-1.500000000000000000e+01
-2.500000000000000000e+01
0.000000000000000000e+00
1.700000000000000000e+01
-1.000000000000000000e+00
3.000000000000000000e+00
-7.000000000000000000e+00
2.500000000000000000e+01
-1.100000000000000000e+01
1.400000000000000000e+01
1.400000000000000000e+01
-1.000000000000000000e+00
6.000000000000000000e+00
-2.000000000000000000e+00
-3.100000000000000000e+01
-1.000000000000000000e+01
-3.400000000000000000e+01
6.000000000000000000e+00
-2.000000000000000000e+00
-1.400000000000000000e+01
-6.000000000000000000e+00
1.100000000000000000e+01
-3.000000000000000000e+00
2.000000000000000000e+01
2.000000000000000000e+00
3.000000000000000000e+01
1.000000000000000000e+00
7.000000000000000000e+00
7.000000000000000000e+00
-9.000000000000000000e+00
-1.300000000000000000e+01
1.900000000000000000e+01
-4.000000000000000000e+01
6.000000000000000000e+00
4.200000000000000000e+01
-1.800000000000000000e+01
-2.300000000000000000e+01
1.000000000000000000e+01
-1.800000000000000000e+01
-2.500000000000000000e+01
1.300000000000000000e+01
6.000000000000000000e+00
-1.700000000000000000e+01
-1.100000000000000000e+01
1.000000000000000000e+00
7.000000000000000000e+00
-8.000000000000000000e+00
-2.100000000000000000e+01
2.400000000000000000e+01
1.700000000000000000e+01
-5.000000000000000000e+00
1.000000000000000000e+00
-1.700000000000000000e+01
-1.600000000000000000e+01
2.700000000000000000e+01
-4.100000000000000000e+01
-9.000000000000000000e+00
-2.400000000000000000e+01
1.200000000000000000e+01
-5.000000000000000000e+00
2.000000000000000000e+01
-3.900000000000000000e+01
-1.000000000000000000e+01
1.200000000000000000e+01
7.000000000000000000e+00
1.200000000000000000e+01
1.900000000000000000e+01
7.000000000000000000e+00
2.500000000000000000e+01
-3.000000000000000000e+00
-2.000000000000000000e+00
1.300000000000000000e+01
6.000000000000000000e+00
2.000000000000000000e+00
4.000000000000000000e+00
-5.000000000000000000e+00
6.000000000000000000e+00
-1.300000000000000000e+01
-2.100000000000000000e+01
-1.100000000000000000e+01
6.000000000000000000e+00
-1.800000000000000000e+01
-9.000000000000000000e+00
3.600000000000000000e+01
2.600000000000000000e+01
3.900000000000000000e+01
6.000000000000000000e+00
-6.000000000000000000e+00
2.300000000000000000e+01
-1.000000000000000000e+00
1.400000000000000000e+01
-2.000000000000000000e+01
1.000000000000000000e+01
5.000000000000000000e+00
-1.300000000000000000e+01
-3.000000000000000000e+01
2.000000000000000000e+01
1.200000000000000000e+01
-1.000000000000000000e+00
1.000000000000000000e+01
1.000000000000000000e+01
1.700000000000000000e+01
-2.600000000000000000e+01
3.100000000000000000e+01
4.000000000000000000e+00
7.000000000000000000e+00
6.000000000000000000e+00
-4.000000000000000000e+00
2.800000000000000000e+01
-2.100000000000000000e+01
0.000000000000000000e+00
-1.200000000000000000e+01
5.000000000000000000e+00
2.200000000000000000e+01
1.000000000000000000e+01
6.000000000000000000e+00
1.400000000000000000e+01
2.900000000000000000e+01
2.200000000000000000e+01
9.000000000000000000e+00
1.000000000000000000e+00
6.000000000000000000e+00
1.300000000000000000e+01
-2.000000000000000000e+01
3.000000000000000000e+00
2.700000000000000000e+01
2.300000000000000000e+01
5.000000000000000000e+00
2.400000000000000000e+01
3.400000000000000000e+01
2.300000000000000000e+01
2.600000000000000000e+01
1.500000000000000000e+01
4.000000000000000000e+00
5.200000000000000000e+01
3.600000000000000000e+01
6.300000000000000000e+01
6.000000000000000000e+00
1.800000000000000000e+01
4.200000000000000000e+01
5.100000000000000000e+01
2.900000000000000000e+01
3.200000000000000000e+01
4.300000000000000000e+01
3.600000000000000000e+01
6.000000000000000000e+01
6.500000000000000000e+01
6.000000000000000000e+01
6.500000000000000000e+01
4.100000000000000000e+01
5.200000000000000000e+01
6.200000000000000000e+01
6.400000000000000000e+01
8.100000000000000000e+01
9.300000000000000000e+01
7.900000000000000000e+01
1.050000000000000000e+02
1.040000000000000000e+02
1.240000000000000000e+02
1.140000000000000000e+02
1.260000000000000000e+02
1.170000000000000000e+02
1.380000000000000000e+02
1.240000000000000000e+02
1.200000000000000000e+02
1.320000000000000000e+02
1.670000000000000000e+02
1.850000000000000000e+02
1.860000000000000000e+02
2.040000000000000000e+02
2.370000000000000000e+02
2.680000000000000000e+02
2.430000000000000000e+02
2.580000000000000000e+02
2.950000000000000000e+02
3.040000000000000000e+02
3.350000000000000000e+02
2.930000000000000000e+02
3.420000000000000000e+02
3.570000000000000000e+02
3.290000000000000000e+02
3.520000000000000000e+02
3.990000000000000000e+02
3.730000000000000000e+02
4.400000000000000000e+02
4.520000000000000000e+02
4.500000000000000000e+02
4.860000000000000000e+02
4.900000000000000000e+02
5.520000000000000000e+02
5.600000000000000000e+02
5.680000000000000000e+02
6.180000000000000000e+02
6.180000000000000000e+02
6.440000000000000000e+02
6.770000000000000000e+02
6.810000000000000000e+02
7.310000000000000000e+02
7.590000000000000000e+02
8.000000000000000000e+02
8.130000000000000000e+02
8.130000000000000000e+02
8.850000000000000000e+02
8.470000000000000000e+02
8.870000000000000000e+02
9.380000000000000000e+02
9.780000000000000000e+02
9.550000000000000000e+02
9.830000000000000000e+02
1.037000000000000000e+03
1.047000000000000000e+03
1.044000000000000000e+03
1.091000000000000000e+03
1.109000000000000000e+03
1.113000000000000000e+03
1.117000000000000000e+03
1.132000000000000000e+03
1.131000000000000000e+03
1.173000000000000000e+03
1.214000000000000000e+03
1.213000000000000000e+03
1.195000000000000000e+03
1.221000000000000000e+03
1.224000000000000000e+03
1.270000000000000000e+03
1.256000000000000000e+03
1.270000000000000000e+03
1.361000000000000000e+03
1.335000000000000000e+03
1.341000000000000000e+03
1.317000000000000000e+03
1.347000000000000000e+03
1.378000000000000000e+03
1.370000000000000000e+03
1.397000000000000000e+03
1.390000000000000000e+03
1.377000000000000000e+03
1.357000000000000000e+03
1.398000000000000000e+03
1.419000000000000000e+03
1.351000000000000000e+03
1.348000000000000000e+03
1.396000000000000000e+03
1.242000000000000000e+03
1.332000000000000000e+03
1.293000000000000000e+03
1.236000000000000000e+03
1.228000000000000000e+03
1.183000000000000000e+03
1.174000000000000000e+03
1.203000000000000000e+03
1.183000000000000000e+03
1.107000000000000000e+03
1.178000000000000000e+03
1.166000000000000000e+03
1.094000000000000000e+03
1.054000000000000000e+03
1.098000000000000000e+03
1.086000000000000000e+03
1.117000000000000000e+03
1.043000000000000000e+03
1.045000000000000000e+03
1.047000000000000000e+03
1.076000000000000000e+03
9.830000000000000000e+02
1.009000000000000000e+03
9.980000000000000000e+02
9.680000000000000000e+02
9.540000000000000000e+02
9.310000000000000000e+02
9.170000000000000000e+02
8.830000000000000000e+02
8.180000000000000000e+02
8.560000000000000000e+02
8.060000000000000000e+02
7.910000000000000000e+02
7.820000000000000000e+02
7.740000000000000000e+02
6.930000000000000000e+02
6.880000000000000000e+02
6.440000000000000000e+02
6.690000000000000000e+02
6.500000000000000000e+02
6.190000000000000000e+02
6.050000000000000000e+02
5.220000000000000000e+02
5.540000000000000000e+02
5.580000000000000000e+02
5.300000000000000000e+02
5.130000000000000000e+02
5.120000000000000000e+02
4.610000000000000000e+02
4.840000000000000000e+02
4.460000000000000000e+02
4.670000000000000000e+02
4.310000000000000000e+02
3.670000000000000000e+02
4.030000000000000000e+02
3.690000000000000000e+02
3.540000000000000000e+02
3.500000000000000000e+02
3.320000000000000000e+02
3.260000000000000000e+02
2.650000000000000000e+02
3.190000000000000000e+02
3.030000000000000000e+02
2.480000000000000000e+02
2.820000000000000000e+02
2.190000000000000000e+02
2.060000000000000000e+02
2.160000000000000000e+02
2.190000000000000000e+02
1.940000000000000000e+02
2.170000000000000000e+02
1.800000000000000000e+02
1.800000000000000000e+02
1.810000000000000000e+02
1.900000000000000000e+02
1.470000000000000000e+02
1.710000000000000000e+02
1.580000000000000000e+02
1.460000000000000000e+02
1.390000000000000000e+02
1.310000000000000000e+02
1.150000000000000000e+02
1.210000000000000000e+02
1.040000000000000000e+02
8.100000000000000000e+01
8.400000000000000000e+01
8.200000000000000000e+01
1.080000000000000000e+02
5.600000000000000000e+01
6.600000000000000000e+01
8.800000000000000000e+01
7.100000000000000000e+01
7.400000000000000000e+01
7.800000000000000000e+01
4.800000000000000000e+01
7.400000000000000000e+01
7.300000000000000000e+01
3.900000000000000000e+01
8.900000000000000000e+01
5.200000000000000000e+01
4.900000000000000000e+01
1.100000000000000000e+01
6.000000000000000000e+01
-1.300000000000000000e+01
-3.000000000000000000e+00
3.100000000000000000e+01
4.100000000000000000e+01
3.300000000000000000e+01
1.100000000000000000e+01
3.500000000000000000e+01
2.700000000000000000e+01
4.000000000000000000e+00
7.000000000000000000e+00
7.000000000000000000e+00
3.000000000000000000e+01
1.000000000000000000e+00
-1.000000000000000000e+00
-2.000000000000000000e+00
1.600000000000000000e+01
3.000000000000000000e+01
2.200000000000000000e+01
-9.000000000000000000e+00
1.500000000000000000e+01
-1.000000000000000000e+00
2.900000000000000000e+01
1.500000000000000000e+01
2.100000000000000000e+01
1.500000000000000000e+01
7.000000000000000000e+00
1.700000000000000000e+01
1.800000000000000000e+01
-6.000000000000000000e+00
6.000000000000000000e+00
1.000000000000000000e+00
4.900000000000000000e+01
3.200000000000000000e+01
1.300000000000000000e+01
-5.000000000000000000e+00
8.000000000000000000e+00
1.200000000000000000e+01
1.900000000000000000e+01
2.200000000000000000e+01
-8.000000000000000000e+00
1.400000000000000000e+01
1.000000000000000000e+00
1.100000000000000000e+01
2.100000000000000000e+01
0.000000000000000000e+00
1.500000000000000000e+01
0.000000000000000000e+00
1.400000000000000000e+01
8.000000000000000000e+00
-1.100000000000000000e+01
2.000000000000000000e+00
8.000000000000000000e+00
-6.000000000000000000e+00
5.000000000000000000e+00
-9.000000000000000000e+00
-3.000000000000000000e+00
2.100000000000000000e+01
-1.700000000000000000e+01
-4.000000000000000000e+00
2.000000000000000000e+01
2.800000000000000000e+01
-5.000000000000000000e+00
-6.000000000000000000e+00
1.000000000000000000e+00
-1.000000000000000000e+00
-3.000000000000000000e+01
1.000000000000000000e+00
1.900000000000000000e+01
1.400000000000000000e+01
-1.300000000000000000e+01
2.000000000000000000e+00
1.300000000000000000e+01
-1.500000000000000000e+01
2.000000000000000000e+00
8.000000000000000000e+00
1.000000000000000000e+01
-1.100000000000000000e+01
3.600000000000000000e+01
6.000000000000000000e+00
6.000000000000000000e+00
-7.000000000000000000e+00
6.000000000000000000e+00
8.000000000000000000e+00
-6.000000000000000000e+00
1.400000000000000000e+01
1.900000000000000000e+01
-2.200000000000000000e+01
5.000000000000000000e+00
-8.000000000000000000e+00
1.200000000000000000e+01
-1.900000000000000000e+01
1.600000000000000000e+01
1.000000000000000000e+00
2.000000000000000000e+00
-3.000000000000000000e+00
-3.000000000000000000e+00
