0.000000000000000000e+00
4.000000000000000000e+00
0.000000000000000000e+00
1.000000000000000000e+00
1.100000000000000000e+01
-8.000000000000000000e+00
-1.800000000000000000e+01
-8.000000000000000000e+00
1.100000000000000000e+01
4.000000000000000000e+00
-2.000000000000000000e+00
-2.000000000000000000e+01
-2.100000000000000000e+01
-9.000000000000000000e+00
-6.000000000000000000e+00
-5.000000000000000000e+00
1.000000000000000000e+00
2.000000000000000000e+01
1.500000000000000000e+01
1.300000000000000000e+01
3.000000000000000000e+01
1.500000000000000000e+01
7.000000000000000000e+00
-3.000000000000000000e+00
-1.200000000000000000e+01
-9.000000000000000000e+00
-1.400000000000000000e+01
1.100000000000000000e+01
6.000000000000000000e+00
-9.000000000000000000e+00
-2.300000000000000000e+01
-9.000000000000000000e+00
-6.000000000000000000e+00
-1.100000000000000000e+01
9.000000000000000000e+00
-2.700000000000000000e+01
-2.800000000000000000e+01
1.900000000000000000e+01
3.000000000000000000e+00
1.100000000000000000e+01
-6.000000000000000000e+00
1.700000000000000000e+01
-1.600000000000000000e+01
-1.000000000000000000e+00
1.100000000000000000e+01
-1.000000000000000000e+01
1.000000000000000000e+00
0.000000000000000000e+00
2.000000000000000000e+00
-3.000000000000000000e+00
-1.600000000000000000e+01
-1.500000000000000000e+01
1.300000000000000000e+01
2.100000000000000000e+01
-1.800000000000000000e+01
-3.000000000000000000e+00
1.600000000000000000e+01
-3.500000000000000000e+01
-1.900000000000000000e+01
-9.000000000000000000e+00
1.100000000000000000e+01
1.300000000000000000e+01
-1.600000000000000000e+01
2.000000000000000000e+00
-1.300000000000000000e+01
4.000000000000000000e+00
-2.900000000000000000e+01
1.800000000000000000e+01
5.000000000000000000e+00
2.000000000000000000e+00
1.000000000000000000e+00
-1.600000000000000000e+01
-2.300000000000000000e+01
-1.300000000000000000e+01
1.100000000000000000e+01
1.100000000000000000e+01
-8.000000000000000000e+00
3.200000000000000000e+01
1.100000000000000000e+01
-1.700000000000000000e+01
-1.600000000000000000e+01
1.700000000000000000e+01
-1.700000000000000000e+01
1.400000000000000000e+01
-1.400000000000000000e+01
-2.100000000000000000e+01
1.000000000000000000e+00
-1.000000000000000000e+00
0.000000000000000000e+00
-2.000000000000000000e+00
-2.200000000000000000e+01
-1.100000000000000000e+01
1.300000000000000000e+01
9.000000000000000000e+00
1.400000000000000000e+01
1.400000000000000000e+01
-7.000000000000000000e+00
-4.000000000000000000e+00
-9.000000000000000000e+00
1.300000000000000000e+01
2.600000000000000000e+01
1.500000000000000000e+01
1.000000000000000000e+01
-1.500000000000000000e+01
-1.100000000000000000e+01
7.000000000000000000e+00
4.000000000000000000e+00
2.200000000000000000e+01
-2.000000000000000000e+00
2.000000000000000000e+00
-6.000000000000000000e+00
2.000000000000000000e+00
2.800000000000000000e+01
-7.000000000000000000e+00
6.000000000000000000e+00
1.800000000000000000e+01
1.500000000000000000e+01
-2.000000000000000000e+00
-1.000000000000000000e+00
1.100000000000000000e+01
1.100000000000000000e+01
-8.000000000000000000e+00
1.700000000000000000e+01
2.200000000000000000e+01
2.900000000000000000e+01
-2.900000000000000000e+01
7.000000000000000000e+00
1.000000000000000000e+00
5.000000000000000000e+00
1.600000000000000000e+01
3.000000000000000000e+00
1.500000000000000000e+01
-1.000000000000000000e+01
1.900000000000000000e+01
-8.000000000000000000e+00
2.700000000000000000e+01
4.000000000000000000e+00
1.300000000000000000e+01
-1.300000000000000000e+01
1.900000000000000000e+01
8.000000000000000000e+00
0.000000000000000000e+00
-1.400000000000000000e+01
1.800000000000000000e+01
1.800000000000000000e+01
3.400000000000000000e+01
-8.000000000000000000e+00
-2.000000000000000000e+01
5.000000000000000000e+00
3.000000000000000000e+00
1.900000000000000000e+01
-1.000000000000000000e+00
0.000000000000000000e+00
-6.000000000000000000e+00
2.300000000000000000e+01
-9.000000000000000000e+00
6.000000000000000000e+00
-6.000000000000000000e+00
-4.000000000000000000e+00
2.500000000000000000e+01
-1.000000000000000000e+00
-1.200000000000000000e+01
-1.400000000000000000e+01
-5.000000000000000000e+00
-1.200000000000000000e+01
-8.000000000000000000e+00
-1.600000000000000000e+01
-3.000000000000000000e+00
1.800000000000000000e+01
-1.100000000000000000e+01
-5.000000000000000000e+00
6.000000000000000000e+00
3.000000000000000000e+00
2.200000000000000000e+01
6.000000000000000000e+00
-1.700000000000000000e+01
2.200000000000000000e+01
-1.100000000000000000e+01
4.000000000000000000e+00
-8.000000000000000000e+00
-9.000000000000000000e+00
7.000000000000000000e+00
1.700000000000000000e+01
-1.200000000000000000e+01
4.000000000000000000e+00
-2.500000000000000000e+01
-1.400000000000000000e+01
0.000000000000000000e+00
7.000000000000000000e+00
1.500000000000000000e+01
7.000000000000000000e+00
-2.400000000000000000e+01
-5.000000000000000000e+00
8.000000000000000000e+00
1.000000000000000000e+01
2.000000000000000000e+00
1.800000000000000000e+01
-4.000000000000000000e+00
-5.000000000000000000e+00
1.000000000000000000e+01
2.000000000000000000e+00
5.000000000000000000e+00
5.000000000000000000e+00
1.000000000000000000e+01
-1.800000000000000000e+01
-2.500000000000000000e+01
6.000000000000000000e+00
-9.000000000000000000e+00
9.000000000000000000e+00
-2.100000000000000000e+01
1.400000000000000000e+01
5.000000000000000000e+00
0.000000000000000000e+00
-1.200000000000000000e+01
7.000000000000000000e+00
-1.000000000000000000e+00
1.400000000000000000e+01
-8.000000000000000000e+00
3.000000000000000000e+01
-8.000000000000000000e+00
4.200000000000000000e+01
-2.000000000000000000e+01
-2.200000000000000000e+01
2.400000000000000000e+01
-1.000000000000000000e+01
-8.000000000000000000e+00
-2.000000000000000000e+00
4.000000000000000000e+00
-5.000000000000000000e+00
1.800000000000000000e+01
5.000000000000000000e+00
-1.700000000000000000e+01
-4.000000000000000000e+00
2.200000000000000000e+01
-9.000000000000000000e+00
-4.000000000000000000e+00
-8.000000000000000000e+00
-3.000000000000000000e+00
-1.600000000000000000e+01
1.200000000000000000e+01
1.300000000000000000e+01
8.000000000000000000e+00
1.200000000000000000e+01
1.200000000000000000e+01
3.300000000000000000e+01
3.000000000000000000e+01
1.000000000000000000e+01
1.800000000000000000e+01
-3.400000000000000000e+01
-7.000000000000000000e+00
-8.000000000000000000e+00
-3.400000000000000000e+01
-1.200000000000000000e+01
-2.900000000000000000e+01
-2.000000000000000000e+00
-7.000000000000000000e+00
2.300000000000000000e+01
-8.000000000000000000e+00
-1.900000000000000000e+01
-3.000000000000000000e+00
1.600000000000000000e+01
1.000000000000000000e+01
3.000000000000000000e+00
-2.000000000000000000e+00
6.000000000000000000e+00
1.100000000000000000e+01
1.100000000000000000e+01
-4.000000000000000000e+00
1.000000000000000000e+00
2.200000000000000000e+01
-8.000000000000000000e+00
-2.000000000000000000e+00
-1.600000000000000000e+01
-1.800000000000000000e+01
-2.000000000000000000e+00
1.200000000000000000e+01
-3.000000000000000000e+00
-6.000000000000000000e+00
-2.100000000000000000e+01
2.000000000000000000e+01
-1.000000000000000000e+01
-2.200000000000000000e+01
1.100000000000000000e+01
-7.000000000000000000e+00
2.500000000000000000e+01
-1.300000000000000000e+01
-3.300000000000000000e+01
-9.000000000000000000e+00
-3.200000000000000000e+01
1.200000000000000000e+01
1.700000000000000000e+01
1.900000000000000000e+01
6.000000000000000000e+00
5.000000000000000000e+00
1.200000000000000000e+01
3.000000000000000000e+01
3.000000000000000000e+00
9.000000000000000000e+00
-3.000000000000000000e+00
1.100000000000000000e+01
0.000000000000000000e+00
-8.000000000000000000e+00
-2.500000000000000000e+01
1.000000000000000000e+00
-3.300000000000000000e+01
-2.700000000000000000e+01
-1.000000000000000000e+00
4.000000000000000000e+00
-3.200000000000000000e+01
2.600000000000000000e+01
-2.400000000000000000e+01
5.000000000000000000e+00
0.000000000000000000e+00
1.000000000000000000e+00
1.000000000000000000e+00
1.000000000000000000e+01
-1.000000000000000000e+01
4.200000000000000000e+01
-2.600000000000000000e+01
-1.600000000000000000e+01
-3.200000000000000000e+01
8.000000000000000000e+00
9.000000000000000000e+00
-1.000000000000000000e+00
5.000000000000000000e+00
-1.000000000000000000e+01
1.500000000000000000e+01
-2.000000000000000000e+01
-1.500000000000000000e+01
3.300000000000000000e+01
-4.000000000000000000e+00
4.300000000000000000e+01
-2.600000000000000000e+01
-1.500000000000000000e+01
-1.000000000000000000e+01
4.000000000000000000e+00
3.000000000000000000e+00
-1.800000000000000000e+01
-1.000000000000000000e+00
2.000000000000000000e+01
6.000000000000000000e+00
-1.800000000000000000e+01
1.000000000000000000e+01
1.100000000000000000e+01
8.000000000000000000e+00
-3.000000000000000000e+00
1.000000000000000000e+00
-2.500000000000000000e+01
3.000000000000000000e+00
-2.200000000000000000e+01
1.100000000000000000e+01
-1.600000000000000000e+01
2.900000000000000000e+01
-4.100000000000000000e+01
3.800000000000000000e+01
3.000000000000000000e+01
1.000000000000000000e+01
1.900000000000000000e+01
6.000000000000000000e+00
-1.400000000000000000e+01
-2.700000000000000000e+01
3.200000000000000000e+01
-9.000000000000000000e+00
4.100000000000000000e+01
3.000000000000000000e+00
5.000000000000000000e+00
7.000000000000000000e+00
-1.600000000000000000e+01
1.200000000000000000e+01
-1.100000000000000000e+01
-2.000000000000000000e+00
3.000000000000000000e+00
-1.000000000000000000e+00
-8.000000000000000000e+00
4.000000000000000000e+00
1.300000000000000000e+01
-1.600000000000000000e+01
7.000000000000000000e+00
1.800000000000000000e+01
1.800000000000000000e+01
2.800000000000000000e+01
-2.900000000000000000e+01
-3.800000000000000000e+01
3.500000000000000000e+01
-1.600000000000000000e+01
1.800000000000000000e+01
1.000000000000000000e+00
-6.000000000000000000e+00
-6.000000000000000000e+00
2.800000000000000000e+01
8.000000000000000000e+00
1.700000000000000000e+01
-2.000000000000000000e+01
-2.100000000000000000e+01
3.200000000000000000e+01
2.200000000000000000e+01
3.000000000000000000e+00
-6.000000000000000000e+00
-1.000000000000000000e+01
4.000000000000000000e+01
2.300000000000000000e+01
1.800000000000000000e+01
7.000000000000000000e+00
7.000000000000000000e+00
-7.000000000000000000e+00
-1.700000000000000000e+01
1.900000000000000000e+01
-9.000000000000000000e+00
-1.700000000000000000e+01
-2.400000000000000000e+01
-6.000000000000000000e+00
-1.900000000000000000e+01
-6.000000000000000000e+00
8.000000000000000000e+00
2.300000000000000000e+01
-5.000000000000000000e+00
-2.000000000000000000e+00
-2.100000000000000000e+01
-9.000000000000000000e+00
2.000000000000000000e+00
-4.000000000000000000e+00
-1.000000000000000000e+00
-2.500000000000000000e+01
-8.000000000000000000e+00
1.100000000000000000e+01
-1.200000000000000000e+01
1.000000000000000000e+01
1.000000000000000000e+00
-1.000000000000000000e+01
1.500000000000000000e+01
-7.000000000000000000e+00
9.000000000000000000e+00
2.100000000000000000e+01
-6.000000000000000000e+00
2.100000000000000000e+01
-2.600000000000000000e+01
-5.000000000000000000e+00
-1.600000000000000000e+01
0.000000000000000000e+00
4.000000000000000000e+00
2.300000000000000000e+01
-9.000000000000000000e+00
-8.000000000000000000e+00
1.800000000000000000e+01
2.000000000000000000e+00
3.000000000000000000e+01
5.000000000000000000e+00
-1.200000000000000000e+01
-3.200000000000000000e+01
1.400000000000000000e+01
3.000000000000000000e+00
8.000000000000000000e+00
-1.400000000000000000e+01
-9.000000000000000000e+00
-3.000000000000000000e+00
9.000000000000000000e+00
2.100000000000000000e+01
1.000000000000000000e+01
-6.000000000000000000e+00
2.300000000000000000e+01
-1.700000000000000000e+01
2.100000000000000000e+01
1.200000000000000000e+01
-1.300000000000000000e+01
1.600000000000000000e+01
1.300000000000000000e+01
1.900000000000000000e+01
1.100000000000000000e+01
-1.600000000000000000e+01
1.700000000000000000e+01
2.000000000000000000e+00
-5.000000000000000000e+00
4.000000000000000000e+00
-1.000000000000000000e+00
5.000000000000000000e+00
-4.000000000000000000e+00
0.000000000000000000e+00
-9.000000000000000000e+00
2.100000000000000000e+01
1.000000000000000000e+00
-3.200000000000000000e+01
1.700000000000000000e+01
-1.400000000000000000e+01
5.000000000000000000e+00
-2.200000000000000000e+01
9.000000000000000000e+00
-1.600000000000000000e+01
-6.000000000000000000e+00
-1.800000000000000000e+01
8.000000000000000000e+00
2.300000000000000000e+01
1.400000000000000000e+01
-5.000000000000000000e+00
-1.900000000000000000e+01
1.500000000000000000e+01
4.000000000000000000e+00
1.600000000000000000e+01
5.000000000000000000e+00
-2.000000000000000000e+00
-3.000000000000000000e+00
-3.000000000000000000e+00
3.100000000000000000e+01
-1.600000000000000000e+01
3.700000000000000000e+01
-2.500000000000000000e+01
7.000000000000000000e+00
2.000000000000000000e+00
-4.000000000000000000e+00
-3.000000000000000000e+01
-2.000000000000000000e+00
-1.400000000000000000e+01
-4.000000000000000000e+00
-1.200000000000000000e+01
-1.100000000000000000e+01
4.000000000000000000e+00
-1.100000000000000000e+01
9.000000000000000000e+00
1.000000000000000000e+00
4.300000000000000000e+01
2.000000000000000000e+00
6.000000000000000000e+00
2.000000000000000000e+01
-1.900000000000000000e+01
-6.000000000000000000e+00
-1.700000000000000000e+01
-3.300000000000000000e+01
-4.000000000000000000e+00
-1.000000000000000000e+01
-1.000000000000000000e+00
-1.000000000000000000e+00
2.100000000000000000e+01
2.200000000000000000e+01
1.000000000000000000e+01
5.300000000000000000e+01
2.000000000000000000e+00
-5.000000000000000000e+00
-1.000000000000000000e+00
1.000000000000000000e+01
-2.500000000000000000e+01
1.900000000000000000e+01
3.700000000000000000e+01
1.200000000000000000e+01
4.700000000000000000e+01
-5.000000000000000000e+00
1.300000000000000000e+01
-9.000000000000000000e+00
3.900000000000000000e+01
-2.200000000000000000e+01
1.500000000000000000e+01
-1.400000000000000000e+01
-5.000000000000000000e+00
-6.000000000000000000e+00
-8.000000000000000000e+00
-2.000000000000000000e+00
2.100000000000000000e+01
-4.000000000000000000e+00
1.700000000000000000e+01
1.000000000000000000e+00
-2.000000000000000000e+00
7.000000000000000000e+00
1.300000000000000000e+01
-3.100000000000000000e+01
1.600000000000000000e+01
4.000000000000000000e+00
-3.000000000000000000e+00
-3.600000000000000000e+01
2.300000000000000000e+01
0.000000000000000000e+00
1.000000000000000000e+01
-6.000000000000000000e+00
0.000000000000000000e+00
4.000000000000000000e+00
-1.300000000000000000e+01
-4.000000000000000000e+00
1.700000000000000000e+01
3.600000000000000000e+01
-2.000000000000000000e+01
-2.000000000000000000e+00
3.600000000000000000e+01
-1.100000000000000000e+01
-1.200000000000000000e+01
1.500000000000000000e+01
1.000000000000000000e+01
8.000000000000000000e+00
9.000000000000000000e+00
2.200000000000000000e+01
-1.500000000000000000e+01
1.900000000000000000e+01
-5.000000000000000000e+00
4.000000000000000000e+00
-3.600000000000000000e+01
5.000000000000000000e+00
-3.000000000000000000e+00
5.000000000000000000e+00
2.500000000000000000e+01
4.000000000000000000e+00
1.300000000000000000e+01
-2.000000000000000000e+01
1.300000000000000000e+01
2.400000000000000000e+01
-2.400000000000000000e+01
-1.300000000000000000e+01
2.300000000000000000e+01
1.200000000000000000e+01
2.000000000000000000e+01
-1.000000000000000000e+00
3.000000000000000000e+00
1.800000000000000000e+01
3.000000000000000000e+00
1.000000000000000000e+00
1.800000000000000000e+01
8.000000000000000000e+00
-1.000000000000000000e+01
1.000000000000000000e+00
-1.200000000000000000e+01
-2.100000000000000000e+01
-1.800000000000000000e+01
6.000000000000000000e+00
1.500000000000000000e+01
-1.100000000000000000e+01
1.900000000000000000e+01
-2.400000000000000000e+01
2.200000000000000000e+01
1.000000000000000000e+01
1.300000000000000000e+01
-3.400000000000000000e+01
-5.000000000000000000e+00
2.600000000000000000e+01
-1.000000000000000000e+01
-2.000000000000000000e+01
0.000000000000000000e+00
3.000000000000000000e+00
7.000000000000000000e+00
4.000000000000000000e+00
-8.000000000000000000e+00
4.000000000000000000e+00
-1.200000000000000000e+01
-1.100000000000000000e+01
1.700000000000000000e+01
-4.000000000000000000e+00
1.000000000000000000e+01
-1.100000000000000000e+01
1.200000000000000000e+01
-1.000000000000000000e+01
-4.000000000000000000e+00
2.000000000000000000e+01
-8.000000000000000000e+00
-4.000000000000000000e+00
-2.200000000000000000e+01
-7.000000000000000000e+00
-1.800000000000000000e+01
1.000000000000000000e+00
1.600000000000000000e+01
2.000000000000000000e+01
1.900000000000000000e+01
-2.600000000000000000e+01
3.800000000000000000e+01
-4.000000000000000000e+00
1.900000000000000000e+01
8.000000000000000000e+00
1.000000000000000000e+00
0.000000000000000000e+00
-1.800000000000000000e+01
3.700000000000000000e+01
7.000000000000000000e+00
-6.000000000000000000e+00
-1.500000000000000000e+01
3.300000000000000000e+01
1.800000000000000000e+01
9.000000000000000000e+00
-4.000000000000000000e+00
-3.500000000000000000e+01
3.800000000000000000e+01
3.000000000000000000e+00
1.700000000000000000e+01
-1.000000000000000000e+01
-2.000000000000000000e+00
2.500000000000000000e+01
1.300000000000000000e+01
-1.600000000000000000e+01
-3.000000000000000000e+00
3.300000000000000000e+01
-9.000000000000000000e+00
-1.000000000000000000e+00
-7.000000000000000000e+00
8.000000000000000000e+00
3.200000000000000000e+01
3.000000000000000000e+00
-2.000000000000000000e+00
-2.300000000000000000e+01
8.000000000000000000e+00
-2.000000000000000000e+00
1.800000000000000000e+01
-6.000000000000000000e+00
-1.000000000000000000e+00
6.000000000000000000e+00
-1.200000000000000000e+01
2.000000000000000000e+01
-1.800000000000000000e+01
-1.000000000000000000e+00
1.400000000000000000e+01
4.300000000000000000e+01
-1.000000000000000000e+00
-2.400000000000000000e+01
1.600000000000000000e+01
2.700000000000000000e+01
-1.400000000000000000e+01
3.000000000000000000e+00
1.200000000000000000e+01
1.500000000000000000e+01
-1.200000000000000000e+01
1.100000000000000000e+01
-1.300000000000000000e+01
-4.000000000000000000e+00
3.200000000000000000e+01
-1.900000000000000000e+01
1.400000000000000000e+01
1.400000000000000000e+01
-4.000000000000000000e+00
3.300000000000000000e+01
7.000000000000000000e+00
5.000000000000000000e+00
1.000000000000000000e+00
1.600000000000000000e+01
-7.000000000000000000e+00
-2.000000000000000000e+01
2.900000000000000000e+01
-8.000000000000000000e+00
-5.000000000000000000e+00
2.100000000000000000e+01
2.300000000000000000e+01
-1.000000000000000000e+00
-6.000000000000000000e+00
1.100000000000000000e+01
6.000000000000000000e+00
1.000000000000000000e+01
1.900000000000000000e+01
1.800000000000000000e+01
3.600000000000000000e+01
1.000000000000000000e+01
1.800000000000000000e+01
-1.300000000000000000e+01
1.300000000000000000e+01
-1.100000000000000000e+01
-3.100000000000000000e+01
-5.000000000000000000e+00
-7.000000000000000000e+00
2.000000000000000000e+01
1.200000000000000000e+01
-1.000000000000000000e+00
3.200000000000000000e+01
-4.000000000000000000e+00
2.700000000000000000e+01
2.300000000000000000e+01
4.400000000000000000e+01
-1.000000000000000000e+00
2.500000000000000000e+01
3.700000000000000000e+01
1.400000000000000000e+01
4.900000000000000000e+01
2.200000000000000000e+01
1.500000000000000000e+01
-7.000000000000000000e+00
8.000000000000000000e+00
2.900000000000000000e+01
2.700000000000000000e+01
2.000000000000000000e+00
-4.000000000000000000e+00
2.100000000000000000e+01
2.200000000000000000e+01
-1.100000000000000000e+01
1.700000000000000000e+01
1.900000000000000000e+01
2.700000000000000000e+01
-1.000000000000000000e+00
4.000000000000000000e+00
2.000000000000000000e+01
4.100000000000000000e+01
2.800000000000000000e+01
0.000000000000000000e+00
1.600000000000000000e+01
2.100000000000000000e+01
2.400000000000000000e+01
7.000000000000000000e+00
1.800000000000000000e+01
1.900000000000000000e+01
0.000000000000000000e+00
2.000000000000000000e+01
1.600000000000000000e+01
1.200000000000000000e+01
2.100000000000000000e+01
-4.000000000000000000e+00
1.000000000000000000e+01
-2.200000000000000000e+01
2.800000000000000000e+01
-8.000000000000000000e+00
3.500000000000000000e+01
9.000000000000000000e+00
1.000000000000000000e+01
3.100000000000000000e+01
0.000000000000000000e+00
6.700000000000000000e+01
9.000000000000000000e+00
-1.300000000000000000e+01
3.000000000000000000e+00
2.000000000000000000e+00
5.000000000000000000e+00
-2.500000000000000000e+01
9.000000000000000000e+00
3.200000000000000000e+01
4.300000000000000000e+01
3.500000000000000000e+01
-8.000000000000000000e+00
1.700000000000000000e+01
4.000000000000000000e+00
3.000000000000000000e+00
-5.000000000000000000e+00
1.000000000000000000e+01
3.400000000000000000e+01
2.400000000000000000e+01
1.800000000000000000e+01
1.400000000000000000e+01
-1.200000000000000000e+01
1.300000000000000000e+01
4.300000000000000000e+01
1.100000000000000000e+01
1.500000000000000000e+01
2.500000000000000000e+01
8.000000000000000000e+00
1.400000000000000000e+01
0.000000000000000000e+00
3.600000000000000000e+01
-6.000000000000000000e+00
-8.000000000000000000e+00
1.500000000000000000e+01
-2.000000000000000000e+00
-2.000000000000000000e+00
-1.400000000000000000e+01
2.300000000000000000e+01
5.400000000000000000e+01
1.700000000000000000e+01
5.000000000000000000e+00
-2.200000000000000000e+01
3.400000000000000000e+01
3.100000000000000000e+01
2.700000000000000000e+01
3.900000000000000000e+01
2.200000000000000000e+01
2.000000000000000000e+01
1.000000000000000000e+01
1.500000000000000000e+01
-6.000000000000000000e+00
1.000000000000000000e+01
1.700000000000000000e+01
5.000000000000000000e+00
1.500000000000000000e+01
2.500000000000000000e+01
5.300000000000000000e+01
1.200000000000000000e+01
1.000000000000000000e+00
1.200000000000000000e+01
2.400000000000000000e+01
1.800000000000000000e+01
1.600000000000000000e+01
1.800000000000000000e+01
-4.000000000000000000e+00
2.300000000000000000e+01
3.700000000000000000e+01
6.000000000000000000e+00
1.800000000000000000e+01
1.800000000000000000e+01
6.000000000000000000e+01
7.000000000000000000e+00
3.100000000000000000e+01
5.500000000000000000e+01
4.400000000000000000e+01
4.300000000000000000e+01
6.000000000000000000e+01
6.800000000000000000e+01
2.100000000000000000e+01
6.100000000000000000e+01
4.500000000000000000e+01
5.300000000000000000e+01
7.500000000000000000e+01
7.800000000000000000e+01
5.600000000000000000e+01
1.090000000000000000e+02
7.900000000000000000e+01
9.500000000000000000e+01
1.660000000000000000e+02
1.430000000000000000e+02
1.640000000000000000e+02
2.000000000000000000e+02
2.310000000000000000e+02
2.790000000000000000e+02
3.170000000000000000e+02
3.480000000000000000e+02
3.950000000000000000e+02
4.670000000000000000e+02
5.420000000000000000e+02
5.890000000000000000e+02
6.850000000000000000e+02
8.040000000000000000e+02
9.090000000000000000e+02
9.680000000000000000e+02
1.098000000000000000e+03
1.250000000000000000e+03
1.341000000000000000e+03
1.450000000000000000e+03
1.670000000000000000e+03
1.833000000000000000e+03
1.949000000000000000e+03
2.040000000000000000e+03
2.206000000000000000e+03
2.414000000000000000e+03
2.524000000000000000e+03
2.686000000000000000e+03
2.810000000000000000e+03
2.963000000000000000e+03
3.157000000000000000e+03
3.343000000000000000e+03
3.385000000000000000e+03
3.425000000000000000e+03
3.597000000000000000e+03
3.708000000000000000e+03
3.825000000000000000e+03
3.896000000000000000e+03
3.882000000000000000e+03
3.967000000000000000e+03
4.012000000000000000e+03
4.019000000000000000e+03
3.924000000000000000e+03
3.902000000000000000e+03
4.010000000000000000e+03
3.899000000000000000e+03
3.793000000000000000e+03
3.821000000000000000e+03
3.550000000000000000e+03
3.573000000000000000e+03
3.425000000000000000e+03
3.299000000000000000e+03
3.155000000000000000e+03
3.072000000000000000e+03
2.972000000000000000e+03
2.821000000000000000e+03
2.633000000000000000e+03
2.574000000000000000e+03
2.364000000000000000e+03
2.198000000000000000e+03
2.060000000000000000e+03
1.890000000000000000e+03
1.751000000000000000e+03
1.673000000000000000e+03
1.518000000000000000e+03
1.379000000000000000e+03
1.263000000000000000e+03
1.174000000000000000e+03
9.850000000000000000e+02
9.400000000000000000e+02
8.560000000000000000e+02
7.500000000000000000e+02
6.590000000000000000e+02
5.540000000000000000e+02
5.260000000000000000e+02
4.670000000000000000e+02
3.530000000000000000e+02
4.030000000000000000e+02
3.100000000000000000e+02
2.610000000000000000e+02
2.330000000000000000e+02
2.140000000000000000e+02
1.470000000000000000e+02
1.510000000000000000e+02
1.400000000000000000e+02
1.050000000000000000e+02
6.900000000000000000e+01
8.200000000000000000e+01
1.050000000000000000e+02
4.600000000000000000e+01
6.200000000000000000e+01
5.800000000000000000e+01
5.100000000000000000e+01
3.700000000000000000e+01
1.900000000000000000e+01
3.400000000000000000e+01
2.000000000000000000e+01
2.100000000000000000e+01
1.200000000000000000e+01
2.000000000000000000e+01
1.300000000000000000e+01
2.100000000000000000e+01
7.000000000000000000e+00
2.400000000000000000e+01
2.100000000000000000e+01
1.200000000000000000e+01
0.000000000000000000e+00
5.000000000000000000e+00
3.500000000000000000e+01
3.000000000000000000e+00
2.100000000000000000e+01
6.000000000000000000e+00
-2.000000000000000000e+01
2.000000000000000000e+01
-3.300000000000000000e+01
-1.000000000000000000e+00
3.000000000000000000e+00
1.300000000000000000e+01
2.000000000000000000e+00
1.500000000000000000e+01
4.700000000000000000e+01
5.000000000000000000e+00
2.800000000000000000e+01
-1.600000000000000000e+01
7.000000000000000000e+00
2.300000000000000000e+01
4.600000000000000000e+01
1.400000000000000000e+01
1.600000000000000000e+01
1.500000000000000000e+01
-7.000000000000000000e+00
-1.300000000000000000e+01
2.200000000000000000e+01
2.200000000000000000e+01
-4.000000000000000000e+00
3.900000000000000000e+01
1.200000000000000000e+01
3.500000000000000000e+01
-1.900000000000000000e+01
3.600000000000000000e+01
2.200000000000000000e+01
-1.000000000000000000e+01
-1.900000000000000000e+01
-4.000000000000000000e+00
-1.700000000000000000e+01
7.000000000000000000e+00
6.000000000000000000e+00
8.000000000000000000e+00
1.500000000000000000e+01
-1.400000000000000000e+01
2.800000000000000000e+01
9.000000000000000000e+00
2.700000000000000000e+01
-7.000000000000000000e+00
2.100000000000000000e+01
1.700000000000000000e+01
2.000000000000000000e+00
1.300000000000000000e+01
-4.000000000000000000e+00
3.000000000000000000e+01
1.200000000000000000e+01
1.900000000000000000e+01
3.000000000000000000e+00
1.700000000000000000e+01
1.000000000000000000e+00
1.800000000000000000e+01
2.200000000000000000e+01
1.500000000000000000e+01
3.000000000000000000e+00
1.400000000000000000e+01
-1.700000000000000000e+01
0.000000000000000000e+00
8.000000000000000000e+00
2.700000000000000000e+01
2.500000000000000000e+01
-2.500000000000000000e+01
3.500000000000000000e+01
-4.000000000000000000e+00
3.000000000000000000e+00
2.600000000000000000e+01
-1.400000000000000000e+01
-3.000000000000000000e+00
3.000000000000000000e+01
2.300000000000000000e+01
2.000000000000000000e+01
2.000000000000000000e+01
1.100000000000000000e+01
2.400000000000000000e+01
1.700000000000000000e+01
2.000000000000000000e+01
4.400000000000000000e+01
-1.300000000000000000e+01
2.300000000000000000e+01
-1.000000000000000000e+01
1.100000000000000000e+01
-5.000000000000000000e+00
-1.200000000000000000e+01
1.100000000000000000e+01
-8.000000000000000000e+00
2.500000000000000000e+01
3.900000000000000000e+01
1.000000000000000000e+00
1.000000000000000000e+01
-7.000000000000000000e+00
2.500000000000000000e+01
2.600000000000000000e+01
2.000000000000000000e+01
5.000000000000000000e+00
8.000000000000000000e+00
2.900000000000000000e+01
1.000000000000000000e+01
8.000000000000000000e+00
2.000000000000000000e+00
0.000000000000000000e+00
-2.000000000000000000e+00
2.100000000000000000e+01
9.000000000000000000e+00
2.900000000000000000e+01
1.700000000000000000e+01
1.800000000000000000e+01
4.000000000000000000e+00
3.600000000000000000e+01
7.000000000000000000e+00
-3.000000000000000000e+00
0.000000000000000000e+00
2.600000000000000000e+01
9.000000000000000000e+00
1.300000000000000000e+01
-8.000000000000000000e+00
1.400000000000000000e+01
-1.000000000000000000e+00
3.100000000000000000e+01
-1.100000000000000000e+01
-2.900000000000000000e+01
5.000000000000000000e+00
6.000000000000000000e+00
1.400000000000000000e+01
2.000000000000000000e+00
-1.900000000000000000e+01
8.000000000000000000e+00
1.400000000000000000e+01
7.000000000000000000e+00
-7.000000000000000000e+00
9.000000000000000000e+00
3.100000000000000000e+01
1.500000000000000000e+01
1.700000000000000000e+01
1.200000000000000000e+01
-3.000000000000000000e+00
8.000000000000000000e+00
2.000000000000000000e+01
-1.000000000000000000e+01
2.200000000000000000e+01
-2.300000000000000000e+01
-2.000000000000000000e+00
3.500000000000000000e+01
-9.000000000000000000e+00
2.200000000000000000e+01
1.000000000000000000e+01
-4.100000000000000000e+01
2.200000000000000000e+01
1.300000000000000000e+01
-3.000000000000000000e+00
2.000000000000000000e+00
4.000000000000000000e+00
8.000000000000000000e+00
-2.300000000000000000e+01
3.300000000000000000e+01
1.300000000000000000e+01
1.300000000000000000e+01
-6.000000000000000000e+00
4.000000000000000000e+00
1.300000000000000000e+01
6.000000000000000000e+00
2.300000000000000000e+01
8.000000000000000000e+00
-3.000000000000000000e+00
9.000000000000000000e+00
1.700000000000000000e+01
1.100000000000000000e+01
3.600000000000000000e+01
-3.000000000000000000e+00
2.200000000000000000e+01
7.000000000000000000e+00
-1.600000000000000000e+01
4.600000000000000000e+01
-3.000000000000000000e+00
2.100000000000000000e+01
0.000000000000000000e+00
1.400000000000000000e+01
6.000000000000000000e+00
1.000000000000000000e+01
-5.000000000000000000e+00
2.000000000000000000e+01
2.400000000000000000e+01
1.100000000000000000e+01
1.800000000000000000e+01
1.000000000000000000e+01
8.000000000000000000e+00
-7.000000000000000000e+00
-2.100000000000000000e+01
2.000000000000000000e+00
2.100000000000000000e+01
6.000000000000000000e+00
-2.300000000000000000e+01
2.300000000000000000e+01
9.000000000000000000e+00
7.000000000000000000e+00
1.200000000000000000e+01
1.500000000000000000e+01
2.000000000000000000e+00
1.700000000000000000e+01
-9.000000000000000000e+00
-1.400000000000000000e+01
1.000000000000000000e+01
1.800000000000000000e+01
5.000000000000000000e+00
1.000000000000000000e+01
1.900000000000000000e+01
0.000000000000000000e+00
-1.000000000000000000e+00
1.000000000000000000e+00
2.400000000000000000e+01
1.500000000000000000e+01
9.000000000000000000e+00
1.900000000000000000e+01
-2.000000000000000000e+01
0.000000000000000000e+00
3.000000000000000000e+00
-7.000000000000000000e+00
-8.000000000000000000e+00
8.000000000000000000e+00
-9.000000000000000000e+00
2.700000000000000000e+01
5.000000000000000000e+00
9.000000000000000000e+00
2.500000000000000000e+01
1.200000000000000000e+01
9.000000000000000000e+00
4.000000000000000000e+00
1.600000000000000000e+01
-1.200000000000000000e+01
4.000000000000000000e+00
-2.700000000000000000e+01
2.100000000000000000e+01
-2.600000000000000000e+01
5.000000000000000000e+00
-7.000000000000000000e+00
-3.000000000000000000e+00
6.000000000000000000e+00
3.400000000000000000e+01
1.100000000000000000e+01
1.200000000000000000e+01
2.800000000000000000e+01
3.000000000000000000e+00
1.700000000000000000e+01
-2.100000000000000000e+01
1.700000000000000000e+01
-1.000000000000000000e+00
6.000000000000000000e+00
0.000000000000000000e+00
-2.200000000000000000e+01
1.100000000000000000e+01
1.200000000000000000e+01
1.600000000000000000e+01
-9.000000000000000000e+00
1.000000000000000000e+00
-1.900000000000000000e+01
1.200000000000000000e+01
-1.100000000000000000e+01
-6.000000000000000000e+00
1.900000000000000000e+01
1.000000000000000000e+01
2.100000000000000000e+01
1.400000000000000000e+01
1.000000000000000000e+01
-1.200000000000000000e+01
7.000000000000000000e+00
-1.600000000000000000e+01
2.200000000000000000e+01
7.000000000000000000e+00
1.600000000000000000e+01
-1.100000000000000000e+01
-9.000000000000000000e+00
-9.000000000000000000e+00
1.000000000000000000e+00
1.800000000000000000e+01
-6.000000000000000000e+00
-1.000000000000000000e+00
-3.000000000000000000e+00
1.000000000000000000e+00
1.600000000000000000e+01
-4.000000000000000000e+00
1.900000000000000000e+01
1.600000000000000000e+01
-2.000000000000000000e+01
1.000000000000000000e+00
-1.300000000000000000e+01
2.900000000000000000e+01
5.000000000000000000e+00
-8.000000000000000000e+00
2.000000000000000000e+01
3.000000000000000000e+00
2.700000000000000000e+01
5.000000000000000000e+00
-1.000000000000000000e+01
-1.500000000000000000e+01
-4.000000000000000000e+00
9.000000000000000000e+00
-3.400000000000000000e+01
4.000000000000000000e+00
1.700000000000000000e+01
-3.700000000000000000e+01
-2.000000000000000000e+00
-2.300000000000000000e+01
-1.400000000000000000e+01
-2.000000000000000000e+00
-1.400000000000000000e+01
-4.100000000000000000e+01
1.100000000000000000e+01
4.000000000000000000e+00
0.000000000000000000e+00
1.600000000000000000e+01
1.900000000000000000e+01
1.500000000000000000e+01
-2.400000000000000000e+01
3.000000000000000000e+00
-8.000000000000000000e+00
-8.000000000000000000e+00
-1.100000000000000000e+01
8.000000000000000000e+00
1.000000000000000000e+00
-2.100000000000000000e+01
-7.000000000000000000e+00
1.700000000000000000e+01
2.200000000000000000e+01
-2.000000000000000000e+00
-7.000000000000000000e+00
-1.900000000000000000e+01
1.700000000000000000e+01
-1.900000000000000000e+01
2.500000000000000000e+01
6.000000000000000000e+00
3.300000000000000000e+01
-1.200000000000000000e+01
1.600000000000000000e+01
0.000000000000000000e+00
1.100000000000000000e+01
2.000000000000000000e+00
7.000000000000000000e+00
-9.000000000000000000e+00
-1.100000000000000000e+01
-2.100000000000000000e+01
4.000000000000000000e+00
-4.000000000000000000e+00
-1.600000000000000000e+01
7.700000000000000000e+01
1.100000000000000000e+01
3.000000000000000000e+00
2.400000000000000000e+01
4.400000000000000000e+01
-5.000000000000000000e+00
-5.000000000000000000e+00
-1.600000000000000000e+01
1.000000000000000000e+00
-6.000000000000000000e+00
4.000000000000000000e+00
6.000000000000000000e+00
-1.000000000000000000e+00
-2.500000000000000000e+01
-1.700000000000000000e+01
1.000000000000000000e+00
2.500000000000000000e+01
2.700000000000000000e+01
2.200000000000000000e+01
-1.400000000000000000e+01
1.400000000000000000e+01
-4.000000000000000000e+00
-2.300000000000000000e+01
-3.000000000000000000e+00
0.000000000000000000e+00
-1.200000000000000000e+01
-2.000000000000000000e+00
2.000000000000000000e+01
-3.000000000000000000e+00
1.000000000000000000e+01
8.000000000000000000e+00
5.000000000000000000e+00
1.000000000000000000e+01
4.500000000000000000e+01
4.000000000000000000e+00
7.000000000000000000e+00
-7.000000000000000000e+00
1.600000000000000000e+01
2.800000000000000000e+01
-2.000000000000000000e+00
5.000000000000000000e+00
2.000000000000000000e+00
-7.000000000000000000e+00
1.500000000000000000e+01
6.000000000000000000e+00
2.000000000000000000e+00
-1.500000000000000000e+01
2.300000000000000000e+01
1.000000000000000000e+00
4.500000000000000000e+01
-2.000000000000000000e+00
-3.000000000000000000e+00
1.400000000000000000e+01
3.000000000000000000e+00
6.000000000000000000e+00
-8.000000000000000000e+00
7.000000000000000000e+00
-4.000000000000000000e+00
-6.900000000000000000e+01
-1.400000000000000000e+01
1.700000000000000000e+01
-1.700000000000000000e+01
1.600000000000000000e+01
1.000000000000000000e+01
-1.700000000000000000e+01
5.000000000000000000e+00
-3.000000000000000000e+00
1.000000000000000000e+01
3.200000000000000000e+01
-3.300000000000000000e+01
0.000000000000000000e+00
-2.000000000000000000e+00
-9.000000000000000000e+00
1.200000000000000000e+01
-1.000000000000000000e+01
9.000000000000000000e+00
1.500000000000000000e+01
-1.800000000000000000e+01
-4.000000000000000000e+00
1.100000000000000000e+01
2.000000000000000000e+00
7.000000000000000000e+00
1.100000000000000000e+01
-1.400000000000000000e+01
1.000000000000000000e+01
-4.000000000000000000e+00
3.000000000000000000e+00
1.600000000000000000e+01
-8.000000000000000000e+00
1.000000000000000000e+01
8.000000000000000000e+00
0.000000000000000000e+00
3.000000000000000000e+00
1.300000000000000000e+01
-1.800000000000000000e+01
8.000000000000000000e+00
-2.900000000000000000e+01
3.000000000000000000e+00
-8.000000000000000000e+00
-1.300000000000000000e+01
1.000000000000000000e+00
2.400000000000000000e+01
-7.000000000000000000e+00
7.000000000000000000e+00
7.000000000000000000e+00
1.400000000000000000e+01
-1.000000000000000000e+00
8.000000000000000000e+00
2.000000000000000000e+01
-1.300000000000000000e+01
9.000000000000000000e+00
-8.000000000000000000e+00
5.000000000000000000e+00
1.100000000000000000e+01
-1.400000000000000000e+01
4.000000000000000000e+00
9.000000000000000000e+00
1.100000000000000000e+01
1.300000000000000000e+01
-2.000000000000000000e+00
2.000000000000000000e+00
3.000000000000000000e+00
-1.000000000000000000e+01
-2.000000000000000000e+00
9.000000000000000000e+00
-4.000000000000000000e+00
1.200000000000000000e+01
-1.300000000000000000e+01
4.000000000000000000e+00
-1.900000000000000000e+01
2.000000000000000000e+00
0.000000000000000000e+00
-1.000000000000000000e+00
-1.200000000000000000e+01
4.000000000000000000e+00
-3.100000000000000000e+01
-1.100000000000000000e+01
1.100000000000000000e+01
3.000000000000000000e+00
1.200000000000000000e+01
-1.800000000000000000e+01
-4.000000000000000000e+00
-1.600000000000000000e+01
-3.000000000000000000e+01
-4.000000000000000000e+00
-1.300000000000000000e+01
2.100000000000000000e+01
2.400000000000000000e+01
-1.600000000000000000e+01
4.000000000000000000e+00
1.200000000000000000e+01
-2.200000000000000000e+01
-9.000000000000000000e+00
9.000000000000000000e+00
3.000000000000000000e+00
1.000000000000000000e+00
1.200000000000000000e+01
-8.000000000000000000e+00
2.700000000000000000e+01
1.000000000000000000e+00
8.000000000000000000e+00
6.000000000000000000e+00
4.000000000000000000e+00
3.000000000000000000e+00
-8.000000000000000000e+00
-6.000000000000000000e+00
1.500000000000000000e+01
2.200000000000000000e+01
2.000000000000000000e+01
1.200000000000000000e+01
-2.000000000000000000e+00
3.000000000000000000e+00
-8.000000000000000000e+00
-3.000000000000000000e+00
-5.000000000000000000e+00
-3.000000000000000000e+00
-1.200000000000000000e+01
-1.800000000000000000e+01
-5.000000000000000000e+00
-6.000000000000000000e+00
1.600000000000000000e+01
2.000000000000000000e+00
1.500000000000000000e+01
-3.200000000000000000e+01
0.000000000000000000e+00
-5.000000000000000000e+00
-9.000000000000000000e+00
6.000000000000000000e+00
-1.700000000000000000e+01
-9.000000000000000000e+00
1.300000000000000000e+01
-1.000000000000000000e+01
9.000000000000000000e+00
1.700000000000000000e+01
1.300000000000000000e+01
3.300000000000000000e+01
-5.000000000000000000e+00
6.000000000000000000e+00
3.000000000000000000e+00
-3.300000000000000000e+01
4.000000000000000000e+00
-1.700000000000000000e+01
0.000000000000000000e+00
2.500000000000000000e+01
9.000000000000000000e+00
1.400000000000000000e+01
1.300000000000000000e+01
-1.000000000000000000e+00
1.000000000000000000e+00
1.100000000000000000e+01
1.700000000000000000e+01
-2.900000000000000000e+01
3.200000000000000000e+01
5.000000000000000000e+00
-3.000000000000000000e+00
8.000000000000000000e+00
2.000000000000000000e+00
6.000000000000000000e+00
5.000000000000000000e+00
7.000000000000000000e+00
8.000000000000000000e+00
-7.000000000000000000e+00
-4.000000000000000000e+00
5.000000000000000000e+00
7.000000000000000000e+00
-2.000000000000000000e+00
1.200000000000000000e+01
-7.000000000000000000e+00
1.100000000000000000e+01
0.000000000000000000e+00
-1.800000000000000000e+01
2.000000000000000000e+00
3.000000000000000000e+00
8.000000000000000000e+00
3.500000000000000000e+01
9.000000000000000000e+00
1.100000000000000000e+01
-3.000000000000000000e+00
-1.600000000000000000e+01
2.600000000000000000e+01
-1.100000000000000000e+01
1.800000000000000000e+01
-2.300000000000000000e+01
-1.300000000000000000e+01
3.000000000000000000e+00
-2.900000000000000000e+01
1.900000000000000000e+01
-7.000000000000000000e+00
-1.700000000000000000e+01
5.000000000000000000e+00
-6.000000000000000000e+00
-3.000000000000000000e+00
4.000000000000000000e+00
-2.600000000000000000e+01
-2.000000000000000000e+01
-1.700000000000000000e+01
7.000000000000000000e+00
1.300000000000000000e+01
1.500000000000000000e+01
-1.000000000000000000e+00
5.000000000000000000e+00
-3.000000000000000000e+00
2.800000000000000000e+01
2.400000000000000000e+01
-3.000000000000000000e+00
1.300000000000000000e+01
-9.000000000000000000e+00
0.000000000000000000e+00
-8.000000000000000000e+00
-6.000000000000000000e+00
1.600000000000000000e+01
1.600000000000000000e+01
-1.200000000000000000e+01
1.900000000000000000e+01
-6.000000000000000000e+00
1.000000000000000000e+00
-9.000000000000000000e+00
6.000000000000000000e+00
2.300000000000000000e+01
6.000000000000000000e+00
-3.000000000000000000e+00
0.000000000000000000e+00
9.000000000000000000e+00
-2.800000000000000000e+01
2.600000000000000000e+01
0.000000000000000000e+00
1.000000000000000000e+00
-8.000000000000000000e+00
2.400000000000000000e+01
6.000000000000000000e+00
1.700000000000000000e+01
-1.100000000000000000e+01
5.000000000000000000e+00
7.000000000000000000e+00
2.100000000000000000e+01
-2.100000000000000000e+01
3.000000000000000000e+00
-2.000000000000000000e+01
2.600000000000000000e+01
-1.600000000000000000e+01
-1.400000000000000000e+01
1.000000000000000000e+01
-4.000000000000000000e+00
-1.300000000000000000e+01
2.300000000000000000e+01
-8.000000000000000000e+00
2.200000000000000000e+01
1.200000000000000000e+01
-7.000000000000000000e+00
-2.800000000000000000e+01
9.000000000000000000e+00
-8.000000000000000000e+00
4.000000000000000000e+00
-4.000000000000000000e+01
3.000000000000000000e+00
1.700000000000000000e+01
-3.200000000000000000e+01
8.000000000000000000e+00
1.000000000000000000e+01
0.000000000000000000e+00
-5.000000000000000000e+00
1.700000000000000000e+01
-2.600000000000000000e+01
-2.000000000000000000e+00
4.000000000000000000e+00
-8.000000000000000000e+00
2.200000000000000000e+01
-7.000000000000000000e+00
-3.200000000000000000e+01
-4.000000000000000000e+00
2.200000000000000000e+01
2.300000000000000000e+01
-3.800000000000000000e+01
1.000000000000000000e+01
-1.000000000000000000e+00
1.200000000000000000e+01
-2.200000000000000000e+01
1.300000000000000000e+01
-1.000000000000000000e+01
1.000000000000000000e+01
-1.300000000000000000e+01
1.900000000000000000e+01
-2.300000000000000000e+01
-6.000000000000000000e+00
7.000000000000000000e+00
3.500000000000000000e+01
0.000000000000000000e+00
1.000000000000000000e+01
2.800000000000000000e+01
6.000000000000000000e+00
-4.000000000000000000e+00
3.700000000000000000e+01
1.300000000000000000e+01
-9.000000000000000000e+00
-7.000000000000000000e+00
2.000000000000000000e+01
-1.900000000000000000e+01
-1.000000000000000000e+01
-1.200000000000000000e+01
-1.500000000000000000e+01
-1.400000000000000000e+01
9.000000000000000000e+00
-9.000000000000000000e+00
-2.000000000000000000e+00
2.400000000000000000e+01
2.800000000000000000e+01
2.000000000000000000e+01
-3.000000000000000000e+00
-8.000000000000000000e+00
-8.000000000000000000e+00
6.000000000000000000e+00
1.800000000000000000e+01
-2.200000000000000000e+01
1.300000000000000000e+01
2.000000000000000000e+00
-2.400000000000000000e+01
-1.700000000000000000e+01
1.800000000000000000e+01
-1.200000000000000000e+01
-2.000000000000000000e+00
1.000000000000000000e+00
1.900000000000000000e+01
5.000000000000000000e+00
-7.000000000000000000e+00
1.000000000000000000e+01
2.300000000000000000e+01
-8.000000000000000000e+00
1.100000000000000000e+01
-4.000000000000000000e+00
1.100000000000000000e+01
-1.000000000000000000e+00
-7.000000000000000000e+00
9.000000000000000000e+00
-5.000000000000000000e+00
6.000000000000000000e+00
-4.000000000000000000e+00
2.100000000000000000e+01
3.000000000000000000e+01
2.500000000000000000e+01
1.800000000000000000e+01
8.000000000000000000e+00
-6.000000000000000000e+00
3.000000000000000000e+00
-3.000000000000000000e+00
1.100000000000000000e+01
2.000000000000000000e+01
2.300000000000000000e+01
3.200000000000000000e+01
-6.000000000000000000e+00
1.200000000000000000e+01
3.500000000000000000e+01
2.800000000000000000e+01
2.700000000000000000e+01
4.200000000000000000e+01
1.700000000000000000e+01
3.500000000000000000e+01
1.000000000000000000e+00
4.500000000000000000e+01
9.000000000000000000e+00
3.300000000000000000e+01
3.300000000000000000e+01
6.000000000000000000e+01
2.400000000000000000e+01
5.900000000000000000e+01
5.300000000000000000e+01
3.400000000000000000e+01
5.100000000000000000e+01
7.300000000000000000e+01
4.200000000000000000e+01
7.200000000000000000e+01
4.400000000000000000e+01
7.200000000000000000e+01
4.600000000000000000e+01
7.300000000000000000e+01
7.400000000000000000e+01
1.070000000000000000e+02
8.000000000000000000e+01
1.070000000000000000e+02
1.050000000000000000e+02
1.140000000000000000e+02
9.300000000000000000e+01
1.260000000000000000e+02
1.160000000000000000e+02
1.310000000000000000e+02
1.070000000000000000e+02
1.530000000000000000e+02
1.820000000000000000e+02
1.590000000000000000e+02
1.800000000000000000e+02
2.080000000000000000e+02
1.910000000000000000e+02
2.080000000000000000e+02
2.320000000000000000e+02
2.360000000000000000e+02
2.480000000000000000e+02
2.780000000000000000e+02
2.960000000000000000e+02
2.940000000000000000e+02
3.160000000000000000e+02
3.330000000000000000e+02
3.810000000000000000e+02
3.380000000000000000e+02
3.720000000000000000e+02
3.670000000000000000e+02
3.660000000000000000e+02
4.190000000000000000e+02
4.350000000000000000e+02
4.430000000000000000e+02
4.870000000000000000e+02
5.090000000000000000e+02
5.230000000000000000e+02
5.330000000000000000e+02
5.580000000000000000e+02
5.790000000000000000e+02
6.050000000000000000e+02
6.440000000000000000e+02
6.880000000000000000e+02
6.910000000000000000e+02
7.190000000000000000e+02
7.280000000000000000e+02
7.470000000000000000e+02
7.680000000000000000e+02
7.870000000000000000e+02
8.590000000000000000e+02
8.360000000000000000e+02
8.800000000000000000e+02
9.320000000000000000e+02
9.630000000000000000e+02
9.280000000000000000e+02
9.740000000000000000e+02
9.920000000000000000e+02
1.007000000000000000e+03
9.740000000000000000e+02
1.067000000000000000e+03
1.056000000000000000e+03
1.064000000000000000e+03
1.047000000000000000e+03
1.116000000000000000e+03
1.104000000000000000e+03
1.147000000000000000e+03
1.160000000000000000e+03
1.166000000000000000e+03
1.165000000000000000e+03
1.199000000000000000e+03
1.239000000000000000e+03
1.208000000000000000e+03
1.235000000000000000e+03
1.256000000000000000e+03
1.335000000000000000e+03
1.307000000000000000e+03
1.300000000000000000e+03
1.268000000000000000e+03
1.335000000000000000e+03
1.322000000000000000e+03
1.362000000000000000e+03
1.392000000000000000e+03
1.396000000000000000e+03
1.370000000000000000e+03
1.362000000000000000e+03
1.367000000000000000e+03
1.389000000000000000e+03
1.321000000000000000e+03
1.312000000000000000e+03
1.282000000000000000e+03
1.263000000000000000e+03
1.280000000000000000e+03
1.239000000000000000e+03
1.252000000000000000e+03
1.145000000000000000e+03
1.152000000000000000e+03
1.143000000000000000e+03
1.136000000000000000e+03
1.135000000000000000e+03
1.132000000000000000e+03
1.131000000000000000e+03
1.117000000000000000e+03
1.091000000000000000e+03
1.073000000000000000e+03
1.049000000000000000e+03
1.095000000000000000e+03
1.070000000000000000e+03
1.062000000000000000e+03
1.032000000000000000e+03
1.006000000000000000e+03
1.000000000000000000e+03
9.860000000000000000e+02
9.620000000000000000e+02
9.450000000000000000e+02
9.270000000000000000e+02
9.390000000000000000e+02
9.530000000000000000e+02
8.800000000000000000e+02
8.740000000000000000e+02
8.610000000000000000e+02
8.250000000000000000e+02
7.970000000000000000e+02
8.100000000000000000e+02
7.410000000000000000e+02
7.600000000000000000e+02
7.040000000000000000e+02
6.600000000000000000e+02
6.690000000000000000e+02
6.210000000000000000e+02
6.150000000000000000e+02
6.160000000000000000e+02
5.510000000000000000e+02
5.850000000000000000e+02
5.460000000000000000e+02
5.540000000000000000e+02
4.950000000000000000e+02
5.030000000000000000e+02
4.980000000000000000e+02
4.430000000000000000e+02
4.750000000000000000e+02
4.480000000000000000e+02
4.630000000000000000e+02
4.200000000000000000e+02
3.740000000000000000e+02
3.730000000000000000e+02
4.010000000000000000e+02
3.800000000000000000e+02
3.410000000000000000e+02
3.350000000000000000e+02
3.320000000000000000e+02
3.070000000000000000e+02
3.160000000000000000e+02
2.880000000000000000e+02
2.320000000000000000e+02
2.630000000000000000e+02
2.100000000000000000e+02
2.170000000000000000e+02
2.190000000000000000e+02
2.320000000000000000e+02
1.910000000000000000e+02
1.960000000000000000e+02
1.850000000000000000e+02
1.990000000000000000e+02
1.860000000000000000e+02
2.010000000000000000e+02
1.490000000000000000e+02
1.470000000000000000e+02
1.730000000000000000e+02
1.500000000000000000e+02
1.260000000000000000e+02
1.220000000000000000e+02
1.180000000000000000e+02
1.060000000000000000e+02
1.190000000000000000e+02
9.100000000000000000e+01
8.100000000000000000e+01
8.200000000000000000e+01
9.900000000000000000e+01
9.600000000000000000e+01
6.600000000000000000e+01
9.900000000000000000e+01
9.700000000000000000e+01
6.700000000000000000e+01
6.900000000000000000e+01
6.500000000000000000e+01
4.300000000000000000e+01
6.700000000000000000e+01
2.600000000000000000e+01
9.500000000000000000e+01
4.900000000000000000e+01
6.200000000000000000e+01
1.000000000000000000e+00
3.200000000000000000e+01
1.100000000000000000e+01
1.100000000000000000e+01
4.500000000000000000e+01
3.700000000000000000e+01
3.700000000000000000e+01
3.200000000000000000e+01
5.500000000000000000e+01
3.800000000000000000e+01
-4.000000000000000000e+00
2.000000000000000000e+01
6.000000000000000000e+00
2.200000000000000000e+01
1.000000000000000000e+00
-6.000000000000000000e+00
6.000000000000000000e+00
2.200000000000000000e+01
3.700000000000000000e+01
1.700000000000000000e+01
1.800000000000000000e+01
3.200000000000000000e+01
6.000000000000000000e+00
1.600000000000000000e+01
-1.300000000000000000e+01
3.500000000000000000e+01
2.400000000000000000e+01
-6.000000000000000000e+00
5.000000000000000000e+00
1.600000000000000000e+01
2.000000000000000000e+00
-4.000000000000000000e+00
-1.400000000000000000e+01
2.700000000000000000e+01
3.900000000000000000e+01
5.000000000000000000e+00
2.000000000000000000e+00
-6.000000000000000000e+00
-1.100000000000000000e+01
1.800000000000000000e+01
7.000000000000000000e+00
-9.000000000000000000e+00
9.000000000000000000e+00
1.300000000000000000e+01
1.100000000000000000e+01
3.200000000000000000e+01
1.600000000000000000e+01
5.000000000000000000e+00
3.000000000000000000e+00
1.200000000000000000e+01
1.500000000000000000e+01
-1.000000000000000000e+01
1.900000000000000000e+01
1.200000000000000000e+01
7.000000000000000000e+00
9.000000000000000000e+00
-1.300000000000000000e+01
-1.600000000000000000e+01
1.000000000000000000e+01
-6.000000000000000000e+00
-1.100000000000000000e+01
5.000000000000000000e+00
3.300000000000000000e+01
-2.000000000000000000e+00
1.100000000000000000e+01
2.100000000000000000e+01
1.700000000000000000e+01
0.000000000000000000e+00
-3.000000000000000000e+00
1.600000000000000000e+01
7.000000000000000000e+00
5.000000000000000000e+00
-6.000000000000000000e+00
2.000000000000000000e+00
-1.400000000000000000e+01
5.000000000000000000e+00
1.400000000000000000e+01
2.000000000000000000e+00
-2.800000000000000000e+01
8.200000000000000000e+01
2.000000000000000000e+00
-2.000000000000000000e+00
-7.000000000000000000e+00
-3.000000000000000000e+00
6.000000000000000000e+00
-1.700000000000000000e+01
3.100000000000000000e+01
1.200000000000000000e+01
-1.100000000000000000e+01
1.300000000000000000e+01
1.800000000000000000e+01
2.000000000000000000e+01
-2.000000000000000000e+00
1.300000000000000000e+01
5.000000000000000000e+00
1.000000000000000000e+00
-1.000000000000000000e+00
0.000000000000000000e+00
