0.000000000000000000e+00
-3.000000000000000000e+00
-1.000000000000000000e+00
8.000000000000000000e+00
1.500000000000000000e+01
-1.700000000000000000e+01
-2.100000000000000000e+01
1.000000000000000000e+01
7.000000000000000000e+00
2.000000000000000000e+00
9.000000000000000000e+00
-1.600000000000000000e+01
-4.000000000000000000e+00
3.000000000000000000e+00
-5.000000000000000000e+00
9.000000000000000000e+00
2.000000000000000000e+01
1.000000000000000000e+00
-4.000000000000000000e+00
1.000000000000000000e+01
1.600000000000000000e+01
-6.000000000000000000e+00
-1.700000000000000000e+01
0.000000000000000000e+00
-3.000000000000000000e+00
-1.500000000000000000e+01
-4.000000000000000000e+00
-6.000000000000000000e+00
-2.000000000000000000e+00
5.000000000000000000e+00
-1.100000000000000000e+01
1.300000000000000000e+01
4.600000000000000000e+01
4.000000000000000000e+00
4.000000000000000000e+00
-3.200000000000000000e+01
6.000000000000000000e+00
1.400000000000000000e+01
-1.100000000000000000e+01
5.000000000000000000e+01
-8.000000000000000000e+00
1.900000000000000000e+01
-1.100000000000000000e+01
2.000000000000000000e+01
1.800000000000000000e+01
-1.000000000000000000e+00
-1.100000000000000000e+01
1.700000000000000000e+01
-1.200000000000000000e+01
1.000000000000000000e+00
1.000000000000000000e+00
-1.200000000000000000e+01
1.300000000000000000e+01
1.300000000000000000e+01
-7.000000000000000000e+00
6.000000000000000000e+00
-1.500000000000000000e+01
-4.600000000000000000e+01
-1.300000000000000000e+01
-1.300000000000000000e+01
3.000000000000000000e+00
2.300000000000000000e+01
-4.200000000000000000e+01
1.900000000000000000e+01
-2.800000000000000000e+01
1.900000000000000000e+01
-2.500000000000000000e+01
1.400000000000000000e+01
-3.000000000000000000e+00
1.400000000000000000e+01
1.000000000000000000e+00
1.500000000000000000e+01
-7.000000000000000000e+00
-1.000000000000000000e+01
-1.400000000000000000e+01
-3.000000000000000000e+00
-4.000000000000000000e+00
1.600000000000000000e+01
-1.000000000000000000e+00
-1.400000000000000000e+01
-7.000000000000000000e+00
0.000000000000000000e+00
-8.000000000000000000e+00
1.200000000000000000e+01
2.200000000000000000e+01
-1.500000000000000000e+01
9.000000000000000000e+00
-1.800000000000000000e+01
1.800000000000000000e+01
0.000000000000000000e+00
2.100000000000000000e+01
-7.000000000000000000e+00
1.400000000000000000e+01
-1.200000000000000000e+01
2.000000000000000000e+00
1.000000000000000000e+01
1.600000000000000000e+01
-7.000000000000000000e+00
-3.400000000000000000e+01
0.000000000000000000e+00
2.000000000000000000e+01
3.000000000000000000e+00
-1.300000000000000000e+01
-1.700000000000000000e+01
-1.100000000000000000e+01
4.000000000000000000e+00
-2.200000000000000000e+01
3.300000000000000000e+01
-6.000000000000000000e+00
1.000000000000000000e+00
-5.000000000000000000e+00
-2.100000000000000000e+01
2.100000000000000000e+01
-2.200000000000000000e+01
-1.500000000000000000e+01
1.900000000000000000e+01
3.000000000000000000e+00
4.000000000000000000e+00
-1.400000000000000000e+01
2.800000000000000000e+01
1.000000000000000000e+00
1.200000000000000000e+01
-7.000000000000000000e+00
-1.000000000000000000e+01
2.300000000000000000e+01
-1.700000000000000000e+01
1.300000000000000000e+01
-5.000000000000000000e+00
8.000000000000000000e+00
9.000000000000000000e+00
-1.100000000000000000e+01
2.800000000000000000e+01
2.100000000000000000e+01
-3.000000000000000000e+00
-8.000000000000000000e+00
1.300000000000000000e+01
2.000000000000000000e+00
-7.000000000000000000e+00
-2.300000000000000000e+01
4.000000000000000000e+00
-1.800000000000000000e+01
-7.000000000000000000e+00
-9.000000000000000000e+00
2.000000000000000000e+01
5.000000000000000000e+00
3.900000000000000000e+01
-1.800000000000000000e+01
-2.000000000000000000e+00
4.000000000000000000e+00
-2.900000000000000000e+01
-1.500000000000000000e+01
1.000000000000000000e+01
1.000000000000000000e+00
-3.000000000000000000e+00
-1.000000000000000000e+00
-1.200000000000000000e+01
1.500000000000000000e+01
2.000000000000000000e+00
-2.600000000000000000e+01
-7.000000000000000000e+00
6.000000000000000000e+00
-1.000000000000000000e+00
-1.800000000000000000e+01
-1.700000000000000000e+01
-2.000000000000000000e+01
-3.800000000000000000e+01
-4.000000000000000000e+00
5.000000000000000000e+00
-5.000000000000000000e+00
-2.200000000000000000e+01
-6.000000000000000000e+00
-3.000000000000000000e+00
-1.300000000000000000e+01
-4.000000000000000000e+00
1.100000000000000000e+01
-9.000000000000000000e+00
3.000000000000000000e+00
-3.000000000000000000e+00
-3.000000000000000000e+00
-9.000000000000000000e+00
-1.200000000000000000e+01
1.100000000000000000e+01
1.500000000000000000e+01
-2.000000000000000000e+01
2.000000000000000000e+00
-3.500000000000000000e+01
-2.100000000000000000e+01
-2.000000000000000000e+00
1.400000000000000000e+01
2.300000000000000000e+01
1.200000000000000000e+01
-1.600000000000000000e+01
-1.000000000000000000e+00
2.300000000000000000e+01
3.500000000000000000e+01
7.000000000000000000e+00
1.300000000000000000e+01
4.000000000000000000e+00
5.000000000000000000e+00
1.200000000000000000e+01
-4.000000000000000000e+00
1.600000000000000000e+01
-9.000000000000000000e+00
2.000000000000000000e+01
2.000000000000000000e+00
7.000000000000000000e+00
3.000000000000000000e+00
-1.000000000000000000e+01
1.200000000000000000e+01
-1.400000000000000000e+01
-1.000000000000000000e+00
1.300000000000000000e+01
3.600000000000000000e+01
-7.000000000000000000e+00
-1.100000000000000000e+01
-8.000000000000000000e+00
6.000000000000000000e+00
1.600000000000000000e+01
3.000000000000000000e+01
-5.000000000000000000e+00
3.100000000000000000e+01
-2.000000000000000000e+01
-2.500000000000000000e+01
3.000000000000000000e+00
-2.600000000000000000e+01
-2.900000000000000000e+01
-8.000000000000000000e+00
-1.300000000000000000e+01
1.800000000000000000e+01
6.000000000000000000e+00
-2.000000000000000000e+00
1.800000000000000000e+01
1.500000000000000000e+01
2.400000000000000000e+01
-5.000000000000000000e+00
2.300000000000000000e+01
-8.000000000000000000e+00
7.000000000000000000e+00
3.000000000000000000e+00
1.500000000000000000e+01
-6.000000000000000000e+00
-2.100000000000000000e+01
-5.000000000000000000e+00
4.000000000000000000e+00
1.000000000000000000e+01
1.100000000000000000e+01
-4.000000000000000000e+00
5.000000000000000000e+00
-2.000000000000000000e+00
1.900000000000000000e+01
4.000000000000000000e+00
-1.700000000000000000e+01
-5.000000000000000000e+00
-3.800000000000000000e+01
-4.000000000000000000e+00
8.000000000000000000e+00
4.000000000000000000e+00
-5.000000000000000000e+00
-8.000000000000000000e+00
-2.800000000000000000e+01
-1.200000000000000000e+01
9.000000000000000000e+00
2.000000000000000000e+00
4.000000000000000000e+00
3.200000000000000000e+01
5.000000000000000000e+00
1.000000000000000000e+00
-1.200000000000000000e+01
2.100000000000000000e+01
-9.000000000000000000e+00
1.000000000000000000e+00
2.000000000000000000e+01
-7.000000000000000000e+00
2.000000000000000000e+00
1.900000000000000000e+01
-7.000000000000000000e+00
-2.500000000000000000e+01
-2.900000000000000000e+01
-5.000000000000000000e+00
8.000000000000000000e+00
-5.000000000000000000e+00
-1.800000000000000000e+01
-1.000000000000000000e+00
-6.000000000000000000e+00
-6.000000000000000000e+00
6.000000000000000000e+00
-2.000000000000000000e+01
4.000000000000000000e+00
-3.000000000000000000e+01
4.000000000000000000e+00
2.000000000000000000e+00
-5.000000000000000000e+00
-1.000000000000000000e+01
7.000000000000000000e+00
1.000000000000000000e+00
3.500000000000000000e+01
-1.000000000000000000e+00
-1.000000000000000000e+00
-1.800000000000000000e+01
1.700000000000000000e+01
-8.000000000000000000e+00
-7.000000000000000000e+00
-2.900000000000000000e+01
-8.000000000000000000e+00
-2.300000000000000000e+01
1.600000000000000000e+01
-1.500000000000000000e+01
1.500000000000000000e+01
-1.700000000000000000e+01
-1.800000000000000000e+01
-3.100000000000000000e+01
3.600000000000000000e+01
3.000000000000000000e+01
4.000000000000000000e+00
-1.500000000000000000e+01
4.000000000000000000e+00
2.300000000000000000e+01
-1.000000000000000000e+00
-9.000000000000000000e+00
1.000000000000000000e+00
-1.600000000000000000e+01
2.000000000000000000e+01
1.400000000000000000e+01
-4.000000000000000000e+00
2.000000000000000000e+00
-2.000000000000000000e+00
7.000000000000000000e+00
4.000000000000000000e+00
0.000000000000000000e+00
2.700000000000000000e+01
8.000000000000000000e+00
9.000000000000000000e+00
-2.400000000000000000e+01
1.200000000000000000e+01
-1.300000000000000000e+01
6.000000000000000000e+00
5.000000000000000000e+00
-1.600000000000000000e+01
1.800000000000000000e+01
2.500000000000000000e+01
4.000000000000000000e+00
-3.000000000000000000e+01
2.000000000000000000e+00
3.300000000000000000e+01
1.300000000000000000e+01
-2.200000000000000000e+01
-1.200000000000000000e+01
-1.300000000000000000e+01
-7.000000000000000000e+00
-2.100000000000000000e+01
-2.000000000000000000e+01
-4.000000000000000000e+00
3.300000000000000000e+01
-1.100000000000000000e+01
1.400000000000000000e+01
9.000000000000000000e+00
1.500000000000000000e+01
-2.000000000000000000e+00
3.000000000000000000e+00
-1.400000000000000000e+01
-1.300000000000000000e+01
2.800000000000000000e+01
-1.400000000000000000e+01
-6.000000000000000000e+00
-1.900000000000000000e+01
2.000000000000000000e+01
-2.900000000000000000e+01
-1.400000000000000000e+01
0.000000000000000000e+00
0.000000000000000000e+00
-7.000000000000000000e+00
-7.000000000000000000e+00
-2.200000000000000000e+01
-4.000000000000000000e+00
-3.000000000000000000e+00
-2.000000000000000000e+00
5.000000000000000000e+00
1.000000000000000000e+00
1.500000000000000000e+01
1.500000000000000000e+01
9.000000000000000000e+00
-6.000000000000000000e+00
-4.600000000000000000e+01
1.400000000000000000e+01
-1.800000000000000000e+01
9.000000000000000000e+00
2.400000000000000000e+01
-1.000000000000000000e+01
-3.000000000000000000e+00
2.000000000000000000e+01
-2.000000000000000000e+00
1.500000000000000000e+01
-2.000000000000000000e+00
-2.300000000000000000e+01
4.000000000000000000e+00
1.300000000000000000e+01
2.000000000000000000e+01
-4.000000000000000000e+00
1.000000000000000000e+00
1.100000000000000000e+01
3.000000000000000000e+00
9.000000000000000000e+00
-1.100000000000000000e+01
-2.000000000000000000e+00
-5.000000000000000000e+00
-3.000000000000000000e+00
2.400000000000000000e+01
-2.000000000000000000e+00
-1.900000000000000000e+01
-1.400000000000000000e+01
-2.700000000000000000e+01
-1.900000000000000000e+01
-2.300000000000000000e+01
-1.300000000000000000e+01
2.400000000000000000e+01
2.000000000000000000e+00
3.000000000000000000e+00
-2.500000000000000000e+01
-2.800000000000000000e+01
7.000000000000000000e+00
1.800000000000000000e+01
-1.700000000000000000e+01
-1.200000000000000000e+01
-1.000000000000000000e+01
1.800000000000000000e+01
-1.100000000000000000e+01
-1.300000000000000000e+01
-2.500000000000000000e+01
-1.300000000000000000e+01
9.000000000000000000e+00
2.200000000000000000e+01
1.800000000000000000e+01
-7.000000000000000000e+00
-8.000000000000000000e+00
-7.000000000000000000e+00
1.000000000000000000e+01
-2.400000000000000000e+01
1.000000000000000000e+01
-3.400000000000000000e+01
-5.000000000000000000e+00
1.300000000000000000e+01
-3.200000000000000000e+01
-1.000000000000000000e+01
5.000000000000000000e+00
2.100000000000000000e+01
5.000000000000000000e+01
-1.000000000000000000e+00
2.600000000000000000e+01
-2.900000000000000000e+01
-4.000000000000000000e+00
1.000000000000000000e+00
2.100000000000000000e+01
-1.000000000000000000e+01
-6.000000000000000000e+00
-1.700000000000000000e+01
2.200000000000000000e+01
3.100000000000000000e+01
1.000000000000000000e+00
1.000000000000000000e+00
-8.000000000000000000e+00
0.000000000000000000e+00
-1.500000000000000000e+01
-3.100000000000000000e+01
-2.300000000000000000e+01
-7.000000000000000000e+00
1.000000000000000000e+00
6.000000000000000000e+00
-7.000000000000000000e+00
-1.500000000000000000e+01
1.500000000000000000e+01
4.000000000000000000e+00
-1.000000000000000000e+01
1.000000000000000000e+01
3.000000000000000000e+00
-2.500000000000000000e+01
-2.000000000000000000e+00
-3.000000000000000000e+00
-1.700000000000000000e+01
2.000000000000000000e+01
5.000000000000000000e+00
-3.700000000000000000e+01
4.000000000000000000e+00
-3.000000000000000000e+00
-1.300000000000000000e+01
-3.900000000000000000e+01
1.500000000000000000e+01
-2.000000000000000000e+01
4.000000000000000000e+00
8.000000000000000000e+00
8.000000000000000000e+00
1.400000000000000000e+01
4.000000000000000000e+00
3.500000000000000000e+01
-7.000000000000000000e+00
-1.800000000000000000e+01
-7.000000000000000000e+00
1.300000000000000000e+01
1.000000000000000000e+00
4.000000000000000000e+00
2.000000000000000000e+00
2.700000000000000000e+01
2.200000000000000000e+01
6.000000000000000000e+00
7.000000000000000000e+00
-1.400000000000000000e+01
5.000000000000000000e+00
2.600000000000000000e+01
1.300000000000000000e+01
4.000000000000000000e+00
1.900000000000000000e+01
-2.300000000000000000e+01
1.200000000000000000e+01
3.000000000000000000e+00
-1.500000000000000000e+01
1.300000000000000000e+01
5.000000000000000000e+00
-4.000000000000000000e+00
1.000000000000000000e+01
1.700000000000000000e+01
9.000000000000000000e+00
-7.000000000000000000e+00
1.200000000000000000e+01
2.000000000000000000e+01
2.000000000000000000e+00
0.000000000000000000e+00
5.000000000000000000e+00
-1.500000000000000000e+01
0.000000000000000000e+00
1.200000000000000000e+01
-2.900000000000000000e+01
4.100000000000000000e+01
2.300000000000000000e+01
3.100000000000000000e+01
1.600000000000000000e+01
3.800000000000000000e+01
-2.000000000000000000e+00
-1.900000000000000000e+01
1.500000000000000000e+01
-7.000000000000000000e+00
6.000000000000000000e+00
5.200000000000000000e+01
1.700000000000000000e+01
-2.000000000000000000e+00
1.300000000000000000e+01
2.100000000000000000e+01
-6.000000000000000000e+00
4.500000000000000000e+01
1.000000000000000000e+00
1.000000000000000000e+01
-6.000000000000000000e+00
9.000000000000000000e+00
-1.900000000000000000e+01
1.800000000000000000e+01
-4.000000000000000000e+00
2.100000000000000000e+01
-4.400000000000000000e+01
-1.000000000000000000e+00
-1.200000000000000000e+01
5.000000000000000000e+00
2.100000000000000000e+01
-8.000000000000000000e+00
-2.200000000000000000e+01
2.500000000000000000e+01
2.500000000000000000e+01
-2.000000000000000000e+00
1.900000000000000000e+01
3.000000000000000000e+00
-1.200000000000000000e+01
-4.000000000000000000e+00
2.000000000000000000e+00
-1.800000000000000000e+01
6.000000000000000000e+00
-9.000000000000000000e+00
-4.000000000000000000e+00
3.800000000000000000e+01
2.000000000000000000e+01
5.000000000000000000e+00
-9.000000000000000000e+00
3.900000000000000000e+01
-3.000000000000000000e+00
-2.800000000000000000e+01
2.200000000000000000e+01
7.000000000000000000e+00
1.400000000000000000e+01
2.900000000000000000e+01
3.100000000000000000e+01
1.100000000000000000e+01
1.900000000000000000e+01
-4.000000000000000000e+00
5.000000000000000000e+00
-2.400000000000000000e+01
4.000000000000000000e+00
6.000000000000000000e+00
0.000000000000000000e+00
-6.000000000000000000e+00
-1.000000000000000000e+00
-1.400000000000000000e+01
-2.200000000000000000e+01
-8.000000000000000000e+00
-2.000000000000000000e+00
-5.000000000000000000e+00
9.000000000000000000e+00
1.400000000000000000e+01
2.000000000000000000e+00
1.500000000000000000e+01
-8.000000000000000000e+00
3.000000000000000000e+01
9.000000000000000000e+00
-2.400000000000000000e+01
-7.000000000000000000e+00
1.700000000000000000e+01
8.000000000000000000e+00
-2.700000000000000000e+01
1.800000000000000000e+01
-2.000000000000000000e+00
-2.600000000000000000e+01
-4.000000000000000000e+00
2.000000000000000000e+00
-1.300000000000000000e+01
1.300000000000000000e+01
3.500000000000000000e+01
-2.800000000000000000e+01
2.400000000000000000e+01
1.000000000000000000e+00
-1.900000000000000000e+01
-2.000000000000000000e+01
1.700000000000000000e+01
6.000000000000000000e+00
6.000000000000000000e+00
-1.600000000000000000e+01
2.500000000000000000e+01
2.000000000000000000e+00
-1.200000000000000000e+01
-4.000000000000000000e+00
-2.000000000000000000e+01
4.000000000000000000e+00
-1.100000000000000000e+01
3.800000000000000000e+01
2.100000000000000000e+01
-5.000000000000000000e+00
4.700000000000000000e+01
6.000000000000000000e+00
-3.100000000000000000e+01
0.000000000000000000e+00
1.100000000000000000e+01
1.600000000000000000e+01
0.000000000000000000e+00
1.000000000000000000e+01
1.700000000000000000e+01
2.700000000000000000e+01
-8.000000000000000000e+00
-2.000000000000000000e+00
3.100000000000000000e+01
3.100000000000000000e+01
2.700000000000000000e+01
-4.000000000000000000e+01
7.000000000000000000e+00
-1.000000000000000000e+00
4.100000000000000000e+01
8.000000000000000000e+00
3.700000000000000000e+01
1.300000000000000000e+01
-1.100000000000000000e+01
3.100000000000000000e+01
0.000000000000000000e+00
-1.200000000000000000e+01
1.900000000000000000e+01
1.400000000000000000e+01
1.300000000000000000e+01
1.000000000000000000e+00
-4.700000000000000000e+01
-1.600000000000000000e+01
-5.000000000000000000e+00
5.000000000000000000e+00
1.100000000000000000e+01
-1.800000000000000000e+01
1.200000000000000000e+01
2.700000000000000000e+01
1.400000000000000000e+01
-3.900000000000000000e+01
-3.000000000000000000e+00
2.300000000000000000e+01
-1.500000000000000000e+01
7.000000000000000000e+00
3.000000000000000000e+00
-3.100000000000000000e+01
1.400000000000000000e+01
2.300000000000000000e+01
0.000000000000000000e+00
2.800000000000000000e+01
-1.200000000000000000e+01
2.500000000000000000e+01
1.000000000000000000e+00
2.000000000000000000e+00
3.400000000000000000e+01
-1.400000000000000000e+01
6.000000000000000000e+00
2.600000000000000000e+01
-5.000000000000000000e+00
-1.000000000000000000e+01
2.600000000000000000e+01
1.900000000000000000e+01
-1.500000000000000000e+01
-3.500000000000000000e+01
2.900000000000000000e+01
4.000000000000000000e+01
8.000000000000000000e+00
-8.000000000000000000e+00
1.900000000000000000e+01
2.500000000000000000e+01
2.000000000000000000e+00
2.500000000000000000e+01
3.800000000000000000e+01
2.400000000000000000e+01
1.200000000000000000e+01
6.000000000000000000e+00
1.200000000000000000e+01
-2.400000000000000000e+01
3.100000000000000000e+01
1.900000000000000000e+01
8.000000000000000000e+00
4.200000000000000000e+01
2.400000000000000000e+01
-1.400000000000000000e+01
6.000000000000000000e+00
1.200000000000000000e+01
5.000000000000000000e+00
1.700000000000000000e+01
-1.400000000000000000e+01
3.200000000000000000e+01
9.000000000000000000e+00
0.000000000000000000e+00
0.000000000000000000e+00
8.000000000000000000e+00
-1.800000000000000000e+01
2.800000000000000000e+01
3.000000000000000000e+00
1.000000000000000000e+01
3.000000000000000000e+01
3.700000000000000000e+01
5.000000000000000000e+00
4.000000000000000000e+00
2.300000000000000000e+01
-6.000000000000000000e+00
-1.600000000000000000e+01
-5.000000000000000000e+00
2.100000000000000000e+01
3.100000000000000000e+01
2.500000000000000000e+01
-1.000000000000000000e+01
1.100000000000000000e+01
2.300000000000000000e+01
1.100000000000000000e+01
2.800000000000000000e+01
2.500000000000000000e+01
1.000000000000000000e+01
2.100000000000000000e+01
2.100000000000000000e+01
4.000000000000000000e+00
6.000000000000000000e+00
3.600000000000000000e+01
1.400000000000000000e+01
3.000000000000000000e+00
1.000000000000000000e+01
2.100000000000000000e+01
3.500000000000000000e+01
3.000000000000000000e+00
2.200000000000000000e+01
-4.000000000000000000e+00
1.100000000000000000e+01
3.700000000000000000e+01
1.300000000000000000e+01
1.400000000000000000e+01
4.000000000000000000e+01
2.400000000000000000e+01
2.500000000000000000e+01
-3.000000000000000000e+00
2.500000000000000000e+01
9.000000000000000000e+00
4.000000000000000000e+01
3.800000000000000000e+01
2.000000000000000000e+00
-3.000000000000000000e+00
2.500000000000000000e+01
4.700000000000000000e+01
1.800000000000000000e+01
-2.000000000000000000e+00
1.100000000000000000e+01
1.900000000000000000e+01
2.100000000000000000e+01
2.600000000000000000e+01
-1.000000000000000000e+00
-3.000000000000000000e+00
2.800000000000000000e+01
3.000000000000000000e+01
1.000000000000000000e+00
1.400000000000000000e+01
-1.400000000000000000e+01
-2.000000000000000000e+00
1.700000000000000000e+01
-1.100000000000000000e+01
3.700000000000000000e+01
1.200000000000000000e+01
-9.000000000000000000e+00
1.100000000000000000e+01
-1.500000000000000000e+01
3.100000000000000000e+01
-4.000000000000000000e+00
9.000000000000000000e+00
1.800000000000000000e+01
3.400000000000000000e+01
3.100000000000000000e+01
1.400000000000000000e+01
1.700000000000000000e+01
-2.400000000000000000e+01
2.100000000000000000e+01
2.100000000000000000e+01
0.000000000000000000e+00
3.800000000000000000e+01
-1.200000000000000000e+01
2.700000000000000000e+01
1.600000000000000000e+01
4.000000000000000000e+00
1.800000000000000000e+01
6.500000000000000000e+01
2.100000000000000000e+01
2.600000000000000000e+01
1.000000000000000000e+01
-8.000000000000000000e+00
1.000000000000000000e+00
3.800000000000000000e+01
2.900000000000000000e+01
-9.000000000000000000e+00
5.000000000000000000e+00
1.300000000000000000e+01
-1.100000000000000000e+01
-1.200000000000000000e+01
1.400000000000000000e+01
1.500000000000000000e+01
4.300000000000000000e+01
8.000000000000000000e+00
1.900000000000000000e+01
-2.300000000000000000e+01
1.200000000000000000e+01
3.300000000000000000e+01
2.800000000000000000e+01
3.200000000000000000e+01
5.900000000000000000e+01
1.100000000000000000e+01
2.800000000000000000e+01
2.500000000000000000e+01
1.700000000000000000e+01
1.300000000000000000e+01
1.600000000000000000e+01
1.500000000000000000e+01
0.000000000000000000e+00
2.100000000000000000e+01
2.400000000000000000e+01
1.700000000000000000e+01
-6.000000000000000000e+00
3.000000000000000000e+01
2.000000000000000000e+01
2.000000000000000000e+00
2.800000000000000000e+01
3.500000000000000000e+01
-5.000000000000000000e+00
1.100000000000000000e+01
2.400000000000000000e+01
1.900000000000000000e+01
3.400000000000000000e+01
3.200000000000000000e+01
5.100000000000000000e+01
2.700000000000000000e+01
2.000000000000000000e+00
3.900000000000000000e+01
5.900000000000000000e+01
4.900000000000000000e+01
4.500000000000000000e+01
7.500000000000000000e+01
5.200000000000000000e+01
6.000000000000000000e+01
4.600000000000000000e+01
7.400000000000000000e+01
9.800000000000000000e+01
9.300000000000000000e+01
6.300000000000000000e+01
7.400000000000000000e+01
8.200000000000000000e+01
1.160000000000000000e+02
1.420000000000000000e+02
1.730000000000000000e+02
1.630000000000000000e+02
1.970000000000000000e+02
2.210000000000000000e+02
2.830000000000000000e+02
3.000000000000000000e+02
3.180000000000000000e+02
4.070000000000000000e+02
4.340000000000000000e+02
4.880000000000000000e+02
5.640000000000000000e+02
6.400000000000000000e+02
7.320000000000000000e+02
8.730000000000000000e+02
9.590000000000000000e+02
1.011000000000000000e+03
1.180000000000000000e+03
1.313000000000000000e+03
1.397000000000000000e+03
1.565000000000000000e+03
1.727000000000000000e+03
1.940000000000000000e+03
1.992000000000000000e+03
2.197000000000000000e+03
2.368000000000000000e+03
2.571000000000000000e+03
2.761000000000000000e+03
2.920000000000000000e+03
3.032000000000000000e+03
3.295000000000000000e+03
3.365000000000000000e+03
3.602000000000000000e+03
3.729000000000000000e+03
3.908000000000000000e+03
4.000000000000000000e+03
4.167000000000000000e+03
4.204000000000000000e+03
4.308000000000000000e+03
4.424000000000000000e+03
4.421000000000000000e+03
4.475000000000000000e+03
4.490000000000000000e+03
4.554000000000000000e+03
4.595000000000000000e+03
4.573000000000000000e+03
4.549000000000000000e+03
4.542000000000000000e+03
4.383000000000000000e+03
4.314000000000000000e+03
4.193000000000000000e+03
4.092000000000000000e+03
3.977000000000000000e+03
3.890000000000000000e+03
3.688000000000000000e+03
3.610000000000000000e+03
3.384000000000000000e+03
3.265000000000000000e+03
3.148000000000000000e+03
2.926000000000000000e+03
2.782000000000000000e+03
2.681000000000000000e+03
2.420000000000000000e+03
2.274000000000000000e+03
2.198000000000000000e+03
2.001000000000000000e+03
1.815000000000000000e+03
1.721000000000000000e+03
1.523000000000000000e+03
1.435000000000000000e+03
1.261000000000000000e+03
1.183000000000000000e+03
1.054000000000000000e+03
9.590000000000000000e+02
8.370000000000000000e+02
7.270000000000000000e+02
6.880000000000000000e+02
5.810000000000000000e+02
4.770000000000000000e+02
4.820000000000000000e+02
3.890000000000000000e+02
3.700000000000000000e+02
2.800000000000000000e+02
2.850000000000000000e+02
2.170000000000000000e+02
1.880000000000000000e+02
1.330000000000000000e+02
1.680000000000000000e+02
1.290000000000000000e+02
1.030000000000000000e+02
1.010000000000000000e+02
7.600000000000000000e+01
8.200000000000000000e+01
4.500000000000000000e+01
4.300000000000000000e+01
4.200000000000000000e+01
8.000000000000000000e+00
3.600000000000000000e+01
5.100000000000000000e+01
3.800000000000000000e+01
5.000000000000000000e+00
3.000000000000000000e+00
3.400000000000000000e+01
5.000000000000000000e+00
3.000000000000000000e+00
1.200000000000000000e+01
6.000000000000000000e+00
2.900000000000000000e+01
5.400000000000000000e+01
3.100000000000000000e+01
2.200000000000000000e+01
1.600000000000000000e+01
8.000000000000000000e+00
3.400000000000000000e+01
-3.200000000000000000e+01
7.000000000000000000e+00
2.800000000000000000e+01
1.400000000000000000e+01
1.600000000000000000e+01
6.000000000000000000e+00
5.100000000000000000e+01
8.000000000000000000e+00
3.500000000000000000e+01
1.100000000000000000e+01
1.500000000000000000e+01
2.900000000000000000e+01
3.500000000000000000e+01
2.900000000000000000e+01
-1.000000000000000000e+01
0.000000000000000000e+00
1.200000000000000000e+01
-3.000000000000000000e+00
3.000000000000000000e+01
3.200000000000000000e+01
2.200000000000000000e+01
2.600000000000000000e+01
2.600000000000000000e+01
3.000000000000000000e+01
-3.000000000000000000e+00
2.700000000000000000e+01
3.000000000000000000e+01
-1.300000000000000000e+01
2.100000000000000000e+01
-6.000000000000000000e+00
-9.000000000000000000e+00
2.800000000000000000e+01
2.100000000000000000e+01
2.000000000000000000e+01
3.000000000000000000e+00
7.000000000000000000e+00
2.000000000000000000e+00
9.000000000000000000e+00
3.300000000000000000e+01
2.300000000000000000e+01
4.400000000000000000e+01
1.900000000000000000e+01
1.400000000000000000e+01
1.500000000000000000e+01
1.700000000000000000e+01
2.800000000000000000e+01
2.900000000000000000e+01
6.000000000000000000e+00
-2.300000000000000000e+01
1.500000000000000000e+01
1.100000000000000000e+01
1.800000000000000000e+01
2.900000000000000000e+01
3.400000000000000000e+01
3.200000000000000000e+01
0.000000000000000000e+00
5.000000000000000000e+00
-1.100000000000000000e+01
-8.000000000000000000e+00
3.000000000000000000e+01
4.000000000000000000e+00
1.300000000000000000e+01
3.000000000000000000e+00
2.000000000000000000e+00
6.000000000000000000e+00
2.400000000000000000e+01
-1.500000000000000000e+01
-2.200000000000000000e+01
1.000000000000000000e+00
3.400000000000000000e+01
6.000000000000000000e+00
1.700000000000000000e+01
1.000000000000000000e+00
7.000000000000000000e+00
1.500000000000000000e+01
4.400000000000000000e+01
4.100000000000000000e+01
1.000000000000000000e+00
2.200000000000000000e+01
-1.200000000000000000e+01
0.000000000000000000e+00
1.400000000000000000e+01
-8.000000000000000000e+00
4.000000000000000000e+01
2.800000000000000000e+01
4.400000000000000000e+01
3.000000000000000000e+00
2.300000000000000000e+01
4.600000000000000000e+01
-1.000000000000000000e+00
1.700000000000000000e+01
2.800000000000000000e+01
1.100000000000000000e+01
8.000000000000000000e+00
-1.200000000000000000e+01
5.000000000000000000e+00
2.200000000000000000e+01
-5.000000000000000000e+00
7.000000000000000000e+00
3.100000000000000000e+01
1.400000000000000000e+01
1.100000000000000000e+01
0.000000000000000000e+00
3.200000000000000000e+01
-4.000000000000000000e+00
1.100000000000000000e+01
4.000000000000000000e+00
3.000000000000000000e+01
1.300000000000000000e+01
-1.100000000000000000e+01
9.000000000000000000e+00
-2.000000000000000000e+00
1.600000000000000000e+01
5.000000000000000000e+00
-5.000000000000000000e+00
2.900000000000000000e+01
1.200000000000000000e+01
3.600000000000000000e+01
1.600000000000000000e+01
0.000000000000000000e+00
2.500000000000000000e+01
2.300000000000000000e+01
1.000000000000000000e+00
2.000000000000000000e+00
-1.300000000000000000e+01
2.000000000000000000e+01
3.600000000000000000e+01
-1.000000000000000000e+00
6.000000000000000000e+00
0.000000000000000000e+00
2.100000000000000000e+01
5.000000000000000000e+00
9.000000000000000000e+00
-5.000000000000000000e+00
3.300000000000000000e+01
2.600000000000000000e+01
4.000000000000000000e+00
-3.300000000000000000e+01
-7.000000000000000000e+00
1.100000000000000000e+01
-6.000000000000000000e+00
3.800000000000000000e+01
-1.200000000000000000e+01
4.000000000000000000e+00
1.900000000000000000e+01
-3.600000000000000000e+01
3.400000000000000000e+01
9.000000000000000000e+00
5.000000000000000000e+00
2.700000000000000000e+01
1.500000000000000000e+01
2.200000000000000000e+01
-1.000000000000000000e+00
6.000000000000000000e+00
4.100000000000000000e+01
-2.000000000000000000e+00
2.000000000000000000e+00
3.100000000000000000e+01
6.000000000000000000e+00
5.000000000000000000e+00
1.400000000000000000e+01
3.000000000000000000e+00
7.000000000000000000e+00
5.000000000000000000e+00
1.500000000000000000e+01
1.800000000000000000e+01
1.600000000000000000e+01
-9.000000000000000000e+00
-3.000000000000000000e+00
-1.100000000000000000e+01
-1.700000000000000000e+01
1.200000000000000000e+01
5.000000000000000000e+00
8.000000000000000000e+00
-2.300000000000000000e+01
-5.000000000000000000e+00
5.000000000000000000e+00
1.100000000000000000e+01
-1.900000000000000000e+01
2.500000000000000000e+01
8.000000000000000000e+00
3.600000000000000000e+01
1.900000000000000000e+01
4.000000000000000000e+00
2.500000000000000000e+01
6.000000000000000000e+00
-1.000000000000000000e+00
5.000000000000000000e+00
3.000000000000000000e+00
5.000000000000000000e+00
-1.200000000000000000e+01
4.000000000000000000e+00
1.400000000000000000e+01
-1.000000000000000000e+00
1.400000000000000000e+01
3.000000000000000000e+01
-1.900000000000000000e+01
1.400000000000000000e+01
7.000000000000000000e+00
6.000000000000000000e+00
2.300000000000000000e+01
1.500000000000000000e+01
2.700000000000000000e+01
1.200000000000000000e+01
-6.000000000000000000e+00
1.300000000000000000e+01
1.500000000000000000e+01
-9.000000000000000000e+00
-1.200000000000000000e+01
1.000000000000000000e+01
1.900000000000000000e+01
8.000000000000000000e+00
-1.500000000000000000e+01
9.000000000000000000e+00
8.000000000000000000e+00
1.600000000000000000e+01
6.000000000000000000e+00
1.100000000000000000e+01
1.500000000000000000e+01
1.800000000000000000e+01
-1.600000000000000000e+01
-2.500000000000000000e+01
1.300000000000000000e+01
-1.300000000000000000e+01
-1.000000000000000000e+00
1.400000000000000000e+01
4.000000000000000000e+00
-1.100000000000000000e+01
0.000000000000000000e+00
-3.000000000000000000e+00
1.900000000000000000e+01
-1.700000000000000000e+01
-1.000000000000000000e+00
1.100000000000000000e+01
8.000000000000000000e+00
-4.000000000000000000e+00
4.000000000000000000e+01
1.000000000000000000e+00
6.000000000000000000e+00
4.800000000000000000e+01
9.000000000000000000e+00
4.000000000000000000e+00
-2.400000000000000000e+01
-1.000000000000000000e+00
9.000000000000000000e+00
1.100000000000000000e+01
8.000000000000000000e+00
-1.900000000000000000e+01
7.000000000000000000e+00
-2.000000000000000000e+00
1.000000000000000000e+00
5.000000000000000000e+00
-5.000000000000000000e+00
0.000000000000000000e+00
6.000000000000000000e+00
-2.000000000000000000e+01
1.100000000000000000e+01
-2.000000000000000000e+01
1.100000000000000000e+01
4.000000000000000000e+00
5.000000000000000000e+00
5.000000000000000000e+00
-1.700000000000000000e+01
2.200000000000000000e+01
-1.100000000000000000e+01
2.300000000000000000e+01
-2.000000000000000000e+00
3.000000000000000000e+00
-1.500000000000000000e+01
-7.000000000000000000e+00
0.000000000000000000e+00
0.000000000000000000e+00
6.000000000000000000e+00
6.000000000000000000e+00
2.100000000000000000e+01
-1.200000000000000000e+01
2.600000000000000000e+01
1.500000000000000000e+01
-7.000000000000000000e+00
1.900000000000000000e+01
1.400000000000000000e+01
-4.800000000000000000e+01
4.000000000000000000e+00
-1.000000000000000000e+00
1.200000000000000000e+01
9.000000000000000000e+00
-1.300000000000000000e+01
2.200000000000000000e+01
5.000000000000000000e+00
2.800000000000000000e+01
2.700000000000000000e+01
-5.000000000000000000e+00
1.000000000000000000e+01
-3.200000000000000000e+01
-2.100000000000000000e+01
4.000000000000000000e+00
-1.100000000000000000e+01
2.000000000000000000e+01
-2.900000000000000000e+01
7.000000000000000000e+00
-2.000000000000000000e+01
5.000000000000000000e+00
-1.600000000000000000e+01
1.100000000000000000e+01
-2.000000000000000000e+01
3.000000000000000000e+01
6.000000000000000000e+00
-2.300000000000000000e+01
-2.000000000000000000e+00
2.500000000000000000e+01
-6.000000000000000000e+00
-1.500000000000000000e+01
8.000000000000000000e+00
-7.000000000000000000e+00
-4.000000000000000000e+00
1.700000000000000000e+01
-6.000000000000000000e+00
1.500000000000000000e+01
-2.300000000000000000e+01
-2.800000000000000000e+01
1.000000000000000000e+01
6.000000000000000000e+00
-1.100000000000000000e+01
-3.000000000000000000e+00
-3.000000000000000000e+01
1.600000000000000000e+01
-5.000000000000000000e+00
4.900000000000000000e+01
2.800000000000000000e+01
2.100000000000000000e+01
1.700000000000000000e+01
6.000000000000000000e+00
-3.000000000000000000e+00
1.000000000000000000e+00
9.000000000000000000e+00
5.000000000000000000e+00
9.000000000000000000e+00
-1.100000000000000000e+01
-5.000000000000000000e+00
1.600000000000000000e+01
5.000000000000000000e+00
-1.600000000000000000e+01
-1.600000000000000000e+01
7.000000000000000000e+00
-2.000000000000000000e+00
1.000000000000000000e+01
2.000000000000000000e+01
-1.500000000000000000e+01
1.000000000000000000e+00
-1.700000000000000000e+01
-1.000000000000000000e+01
-2.000000000000000000e+01
9.000000000000000000e+00
1.300000000000000000e+01
1.700000000000000000e+01
-3.200000000000000000e+01
-2.300000000000000000e+01
-4.000000000000000000e+00
2.000000000000000000e+01
2.600000000000000000e+01
3.000000000000000000e+00
-8.000000000000000000e+00
9.000000000000000000e+00
4.000000000000000000e+00
-1.300000000000000000e+01
6.000000000000000000e+00
-3.000000000000000000e+00
-2.400000000000000000e+01
0.000000000000000000e+00
2.300000000000000000e+01
1.200000000000000000e+01
-1.000000000000000000e+00
-5.000000000000000000e+00
-5.000000000000000000e+00
-7.000000000000000000e+00
1.400000000000000000e+01
2.400000000000000000e+01
1.700000000000000000e+01
-2.700000000000000000e+01
7.000000000000000000e+00
1.600000000000000000e+01
1.000000000000000000e+01
-1.300000000000000000e+01
0.000000000000000000e+00
-5.000000000000000000e+00
4.000000000000000000e+00
-1.000000000000000000e+01
-1.200000000000000000e+01
4.000000000000000000e+00
-1.200000000000000000e+01
3.600000000000000000e+01
4.200000000000000000e+01
-2.300000000000000000e+01
6.000000000000000000e+00
1.200000000000000000e+01
-2.800000000000000000e+01
2.500000000000000000e+01
1.100000000000000000e+01
0.000000000000000000e+00
-1.100000000000000000e+01
2.200000000000000000e+01
-1.100000000000000000e+01
2.600000000000000000e+01
-3.000000000000000000e+00
4.700000000000000000e+01
1.300000000000000000e+01
1.400000000000000000e+01
-2.100000000000000000e+01
8.000000000000000000e+00
1.400000000000000000e+01
2.300000000000000000e+01
-2.600000000000000000e+01
0.000000000000000000e+00
-2.800000000000000000e+01
9.000000000000000000e+00
2.000000000000000000e+00
-2.000000000000000000e+00
-1.000000000000000000e+00
3.300000000000000000e+01
-3.000000000000000000e+00
-6.000000000000000000e+00
1.300000000000000000e+01
1.000000000000000000e+00
9.000000000000000000e+00
2.900000000000000000e+01
-2.300000000000000000e+01
9.000000000000000000e+00
0.000000000000000000e+00
2.000000000000000000e+00
6.000000000000000000e+00
4.000000000000000000e+00
-4.000000000000000000e+00
1.000000000000000000e+01
-6.000000000000000000e+00
-9.000000000000000000e+00
1.400000000000000000e+01
-1.300000000000000000e+01
-8.000000000000000000e+00
-4.000000000000000000e+01
1.900000000000000000e+01
-5.000000000000000000e+00
-3.000000000000000000e+00
4.000000000000000000e+00
1.500000000000000000e+01
-2.000000000000000000e+00
4.000000000000000000e+00
-2.000000000000000000e+00
3.200000000000000000e+01
-1.000000000000000000e+01
-1.000000000000000000e+01
1.300000000000000000e+01
-6.000000000000000000e+00
7.000000000000000000e+00
-1.700000000000000000e+01
2.000000000000000000e+01
-7.000000000000000000e+00
-1.500000000000000000e+01
6.000000000000000000e+00
-1.000000000000000000e+01
-8.000000000000000000e+00
2.200000000000000000e+01
9.000000000000000000e+00
3.300000000000000000e+01
1.600000000000000000e+01
-2.900000000000000000e+01
8.000000000000000000e+00
1.100000000000000000e+01
-8.000000000000000000e+00
1.700000000000000000e+01
-2.200000000000000000e+01
6.000000000000000000e+00
-1.300000000000000000e+01
-7.000000000000000000e+00
6.000000000000000000e+00
-1.100000000000000000e+01
-8.000000000000000000e+00
4.000000000000000000e+00
-2.100000000000000000e+01
0.000000000000000000e+00
3.000000000000000000e+00
-9.000000000000000000e+00
-5.000000000000000000e+00
-2.000000000000000000e+01
2.900000000000000000e+01
-2.600000000000000000e+01
-4.300000000000000000e+01
-1.200000000000000000e+01
-1.300000000000000000e+01
1.000000000000000000e+01
3.100000000000000000e+01
-2.000000000000000000e+00
-8.000000000000000000e+00
2.000000000000000000e+00
-2.000000000000000000e+00
7.000000000000000000e+00
1.200000000000000000e+01
7.000000000000000000e+00
1.000000000000000000e+01
2.200000000000000000e+01
-1.100000000000000000e+01
3.400000000000000000e+01
-8.000000000000000000e+00
-7.000000000000000000e+00
1.500000000000000000e+01
9.000000000000000000e+00
7.000000000000000000e+00
-2.200000000000000000e+01
3.100000000000000000e+01
1.000000000000000000e+01
1.900000000000000000e+01
-1.000000000000000000e+00
2.300000000000000000e+01
-3.000000000000000000e+01
9.000000000000000000e+00
4.000000000000000000e+00
-1.000000000000000000e+01
-5.000000000000000000e+00
-1.000000000000000000e+01
2.000000000000000000e+00
-1.700000000000000000e+01
-1.800000000000000000e+01
-2.600000000000000000e+01
1.500000000000000000e+01
-3.400000000000000000e+01
8.000000000000000000e+00
-6.000000000000000000e+00
-2.300000000000000000e+01
1.800000000000000000e+01
-6.000000000000000000e+00
9.000000000000000000e+00
-9.000000000000000000e+00
-2.000000000000000000e+01
3.200000000000000000e+01
-1.700000000000000000e+01
-6.000000000000000000e+00
3.000000000000000000e+00
4.000000000000000000e+00
2.200000000000000000e+01
-1.700000000000000000e+01
1.700000000000000000e+01
3.000000000000000000e+00
2.000000000000000000e+01
-2.000000000000000000e+00
-3.400000000000000000e+01
-2.000000000000000000e+01
1.100000000000000000e+01
1.400000000000000000e+01
1.900000000000000000e+01
5.000000000000000000e+00
-1.100000000000000000e+01
2.700000000000000000e+01
1.700000000000000000e+01
2.100000000000000000e+01
-1.700000000000000000e+01
8.000000000000000000e+00
1.900000000000000000e+01
-8.000000000000000000e+00
0.000000000000000000e+00
1.200000000000000000e+01
-4.000000000000000000e+00
1.500000000000000000e+01
4.000000000000000000e+00
-1.100000000000000000e+01
-9.000000000000000000e+00
1.400000000000000000e+01
1.200000000000000000e+01
-2.000000000000000000e+00
0.000000000000000000e+00
-9.000000000000000000e+00
1.000000000000000000e+00
8.000000000000000000e+00
-8.000000000000000000e+00
5.000000000000000000e+00
1.000000000000000000e+01
-5.000000000000000000e+00
2.100000000000000000e+01
1.600000000000000000e+01
-1.600000000000000000e+01
3.000000000000000000e+01
3.000000000000000000e+00
-1.900000000000000000e+01
0.000000000000000000e+00
-3.000000000000000000e+00
-5.000000000000000000e+00
-4.000000000000000000e+01
-1.000000000000000000e+01
-1.000000000000000000e+00
2.900000000000000000e+01
2.400000000000000000e+01
-1.100000000000000000e+01
-1.200000000000000000e+01
-5.000000000000000000e+00
2.000000000000000000e+01
-1.800000000000000000e+01
-9.000000000000000000e+00
-5.000000000000000000e+00
-1.200000000000000000e+01
-4.000000000000000000e+00
7.000000000000000000e+00
-1.000000000000000000e+00
5.000000000000000000e+00
-2.000000000000000000e+01
-1.000000000000000000e+00
-1.200000000000000000e+01
1.700000000000000000e+01
1.700000000000000000e+01
9.000000000000000000e+00
4.000000000000000000e+00
-1.900000000000000000e+01
6.000000000000000000e+00
2.000000000000000000e+00
-2.000000000000000000e+00
2.200000000000000000e+01
1.600000000000000000e+01
-1.800000000000000000e+01
6.000000000000000000e+00
-1.100000000000000000e+01
1.400000000000000000e+01
8.000000000000000000e+00
-1.200000000000000000e+01
1.500000000000000000e+01
-1.900000000000000000e+01
1.800000000000000000e+01
-2.000000000000000000e+01
-6.000000000000000000e+00
-3.500000000000000000e+01
-5.000000000000000000e+00
4.000000000000000000e+00
3.000000000000000000e+00
-8.000000000000000000e+00
1.300000000000000000e+01
-8.000000000000000000e+00
-5.000000000000000000e+00
-5.000000000000000000e+00
1.100000000000000000e+01
-1.400000000000000000e+01
4.000000000000000000e+00
-1.700000000000000000e+01
2.800000000000000000e+01
-7.000000000000000000e+00
7.000000000000000000e+00
-1.200000000000000000e+01
1.100000000000000000e+01
7.000000000000000000e+00
-1.100000000000000000e+01
-1.700000000000000000e+01
-2.000000000000000000e+00
-1.700000000000000000e+01
3.400000000000000000e+01
-2.500000000000000000e+01
1.300000000000000000e+01
-4.000000000000000000e+00
-6.000000000000000000e+00
-1.000000000000000000e+00
0.000000000000000000e+00
-2.900000000000000000e+01
-9.000000000000000000e+00
1.200000000000000000e+01
-1.100000000000000000e+01
7.000000000000000000e+00
-5.000000000000000000e+00
6.000000000000000000e+00
2.000000000000000000e+00
5.000000000000000000e+00
-7.000000000000000000e+00
-1.100000000000000000e+01
1.000000000000000000e+01
-1.800000000000000000e+01
-6.000000000000000000e+00
-1.200000000000000000e+01
-3.000000000000000000e+01
1.000000000000000000e+01
1.300000000000000000e+01
8.000000000000000000e+00
-7.000000000000000000e+00
1.400000000000000000e+01
-1.100000000000000000e+01
7.000000000000000000e+00
-1.900000000000000000e+01
-1.800000000000000000e+01
2.000000000000000000e+00
-2.100000000000000000e+01
-1.600000000000000000e+01
3.300000000000000000e+01
-3.000000000000000000e+00
0.000000000000000000e+00
1.900000000000000000e+01
5.000000000000000000e+00
-4.000000000000000000e+00
5.000000000000000000e+00
7.000000000000000000e+00
4.000000000000000000e+00
2.000000000000000000e+00
2.200000000000000000e+01
-1.600000000000000000e+01
-1.100000000000000000e+01
-5.000000000000000000e+00
8.000000000000000000e+00
-2.100000000000000000e+01
2.100000000000000000e+01
-1.000000000000000000e+01
-1.900000000000000000e+01
-6.000000000000000000e+00
1.000000000000000000e+00
-2.500000000000000000e+01
0.000000000000000000e+00
8.000000000000000000e+00
7.000000000000000000e+00
5.000000000000000000e+00
-1.000000000000000000e+01
-3.000000000000000000e+00
-7.000000000000000000e+00
1.300000000000000000e+01
-1.000000000000000000e+00
-2.200000000000000000e+01
1.000000000000000000e+00
2.600000000000000000e+01
-3.700000000000000000e+01
-1.700000000000000000e+01
1.800000000000000000e+01
4.000000000000000000e+00
1.400000000000000000e+01
1.300000000000000000e+01
1.100000000000000000e+01
2.000000000000000000e+00
-1.300000000000000000e+01
5.000000000000000000e+01
1.700000000000000000e+01
-1.700000000000000000e+01
-1.400000000000000000e+01
1.500000000000000000e+01
7.000000000000000000e+00
-2.300000000000000000e+01
-1.100000000000000000e+01
-1.600000000000000000e+01
1.100000000000000000e+01
2.000000000000000000e+01
-6.000000000000000000e+00
3.800000000000000000e+01
2.100000000000000000e+01
1.000000000000000000e+01
3.000000000000000000e+00
2.000000000000000000e+00
2.200000000000000000e+01
-1.800000000000000000e+01
-5.000000000000000000e+00
5.000000000000000000e+00
2.000000000000000000e+00
2.100000000000000000e+01
1.700000000000000000e+01
-5.000000000000000000e+00
1.600000000000000000e+01
2.300000000000000000e+01
2.300000000000000000e+01
1.700000000000000000e+01
2.900000000000000000e+01
1.100000000000000000e+01
5.100000000000000000e+01
1.700000000000000000e+01
4.900000000000000000e+01
8.000000000000000000e+00
3.000000000000000000e+01
5.600000000000000000e+01
6.500000000000000000e+01
1.200000000000000000e+01
2.800000000000000000e+01
5.400000000000000000e+01
3.300000000000000000e+01
6.200000000000000000e+01
6.000000000000000000e+01
8.300000000000000000e+01
5.700000000000000000e+01
6.300000000000000000e+01
8.000000000000000000e+01
7.400000000000000000e+01
8.700000000000000000e+01
9.800000000000000000e+01
1.110000000000000000e+02
8.900000000000000000e+01
1.320000000000000000e+02
8.200000000000000000e+01
1.340000000000000000e+02
1.350000000000000000e+02
1.270000000000000000e+02
1.420000000000000000e+02
1.350000000000000000e+02
1.430000000000000000e+02
1.350000000000000000e+02
1.750000000000000000e+02
1.870000000000000000e+02
1.980000000000000000e+02
2.070000000000000000e+02
2.260000000000000000e+02
2.460000000000000000e+02
2.660000000000000000e+02
2.600000000000000000e+02
2.870000000000000000e+02
2.890000000000000000e+02
3.280000000000000000e+02
3.230000000000000000e+02
3.210000000000000000e+02
3.640000000000000000e+02
3.860000000000000000e+02
3.820000000000000000e+02
3.900000000000000000e+02
4.290000000000000000e+02
4.000000000000000000e+02
4.290000000000000000e+02
4.520000000000000000e+02
4.840000000000000000e+02
5.210000000000000000e+02
5.530000000000000000e+02
5.500000000000000000e+02
5.830000000000000000e+02
6.260000000000000000e+02
6.410000000000000000e+02
6.550000000000000000e+02
7.190000000000000000e+02
7.550000000000000000e+02
7.350000000000000000e+02
7.910000000000000000e+02
8.060000000000000000e+02
8.090000000000000000e+02
8.430000000000000000e+02
9.140000000000000000e+02
9.230000000000000000e+02
8.720000000000000000e+02
9.610000000000000000e+02
9.400000000000000000e+02
9.970000000000000000e+02
1.010000000000000000e+03
1.070000000000000000e+03
1.031000000000000000e+03
1.097000000000000000e+03
1.087000000000000000e+03
1.168000000000000000e+03
1.165000000000000000e+03
1.151000000000000000e+03
1.178000000000000000e+03
1.221000000000000000e+03
1.199000000000000000e+03
1.205000000000000000e+03
1.248000000000000000e+03
1.219000000000000000e+03
1.249000000000000000e+03
1.279000000000000000e+03
1.293000000000000000e+03
1.282000000000000000e+03
1.361000000000000000e+03
1.363000000000000000e+03
1.404000000000000000e+03
1.342000000000000000e+03
1.416000000000000000e+03
1.420000000000000000e+03
1.467000000000000000e+03
1.413000000000000000e+03
1.488000000000000000e+03
1.488000000000000000e+03
1.461000000000000000e+03
1.455000000000000000e+03
1.481000000000000000e+03
1.472000000000000000e+03
1.475000000000000000e+03
1.485000000000000000e+03
1.421000000000000000e+03
1.466000000000000000e+03
1.419000000000000000e+03
1.432000000000000000e+03
1.403000000000000000e+03
1.338000000000000000e+03
1.305000000000000000e+03
1.320000000000000000e+03
1.264000000000000000e+03
1.286000000000000000e+03
1.280000000000000000e+03
1.269000000000000000e+03
1.272000000000000000e+03
1.259000000000000000e+03
1.210000000000000000e+03
1.209000000000000000e+03
1.198000000000000000e+03
1.203000000000000000e+03
1.202000000000000000e+03
1.185000000000000000e+03
1.158000000000000000e+03
1.116000000000000000e+03
1.181000000000000000e+03
1.103000000000000000e+03
1.094000000000000000e+03
1.101000000000000000e+03
1.057000000000000000e+03
1.076000000000000000e+03
1.058000000000000000e+03
1.042000000000000000e+03
9.900000000000000000e+02
9.360000000000000000e+02
9.670000000000000000e+02
9.100000000000000000e+02
8.870000000000000000e+02
8.930000000000000000e+02
8.880000000000000000e+02
8.120000000000000000e+02
7.850000000000000000e+02
7.570000000000000000e+02
7.770000000000000000e+02
7.170000000000000000e+02
6.860000000000000000e+02
6.680000000000000000e+02
6.540000000000000000e+02
6.810000000000000000e+02
6.480000000000000000e+02
6.450000000000000000e+02
5.930000000000000000e+02
5.980000000000000000e+02
5.460000000000000000e+02
5.440000000000000000e+02
5.430000000000000000e+02
5.440000000000000000e+02
5.200000000000000000e+02
4.770000000000000000e+02
4.300000000000000000e+02
4.420000000000000000e+02
4.150000000000000000e+02
4.260000000000000000e+02
4.010000000000000000e+02
4.140000000000000000e+02
3.600000000000000000e+02
3.410000000000000000e+02
3.340000000000000000e+02
2.850000000000000000e+02
2.860000000000000000e+02
2.870000000000000000e+02
2.820000000000000000e+02
2.650000000000000000e+02
2.640000000000000000e+02
2.310000000000000000e+02
2.440000000000000000e+02
2.160000000000000000e+02
2.150000000000000000e+02
2.180000000000000000e+02
2.180000000000000000e+02
1.780000000000000000e+02
1.960000000000000000e+02
1.760000000000000000e+02
1.600000000000000000e+02
1.610000000000000000e+02
1.490000000000000000e+02
1.690000000000000000e+02
1.180000000000000000e+02
1.290000000000000000e+02
1.240000000000000000e+02
1.020000000000000000e+02
9.200000000000000000e+01
1.090000000000000000e+02
7.800000000000000000e+01
6.900000000000000000e+01
9.400000000000000000e+01
1.070000000000000000e+02
1.030000000000000000e+02
6.900000000000000000e+01
9.700000000000000000e+01
8.600000000000000000e+01
7.500000000000000000e+01
3.800000000000000000e+01
9.500000000000000000e+01
4.400000000000000000e+01
7.600000000000000000e+01
2.300000000000000000e+01
6.900000000000000000e+01
2.100000000000000000e+01
2.200000000000000000e+01
3.200000000000000000e+01
5.900000000000000000e+01
4.000000000000000000e+01
2.100000000000000000e+01
5.300000000000000000e+01
4.100000000000000000e+01
1.900000000000000000e+01
1.100000000000000000e+01
3.400000000000000000e+01
2.600000000000000000e+01
-4.000000000000000000e+00
7.000000000000000000e+00
1.600000000000000000e+01
2.200000000000000000e+01
6.400000000000000000e+01
1.600000000000000000e+01
4.000000000000000000e+00
1.700000000000000000e+01
2.000000000000000000e+00
5.000000000000000000e+00
2.000000000000000000e+00
3.300000000000000000e+01
-7.000000000000000000e+00
-2.000000000000000000e+00
6.000000000000000000e+00
2.400000000000000000e+01
1.300000000000000000e+01
1.400000000000000000e+01
1.200000000000000000e+01
3.100000000000000000e+01
4.600000000000000000e+01
5.000000000000000000e+00
6.000000000000000000e+00
4.000000000000000000e+00
-1.900000000000000000e+01
3.700000000000000000e+01
-4.000000000000000000e+00
1.300000000000000000e+01
2.900000000000000000e+01
4.000000000000000000e+00
9.000000000000000000e+00
9.000000000000000000e+00
9.000000000000000000e+00
3.000000000000000000e+01
1.900000000000000000e+01
1.600000000000000000e+01
1.000000000000000000e+01
8.000000000000000000e+00
3.000000000000000000e+00
-1.400000000000000000e+01
-1.900000000000000000e+01
2.400000000000000000e+01
-1.100000000000000000e+01
-2.000000000000000000e+00
2.000000000000000000e+00
-2.500000000000000000e+01
-6.000000000000000000e+00
3.000000000000000000e+01
3.600000000000000000e+01
-3.000000000000000000e+00
6.000000000000000000e+00
-4.000000000000000000e+00
-8.000000000000000000e+00
-3.000000000000000000e+00
-1.000000000000000000e+00
-5.000000000000000000e+00
-8.000000000000000000e+00
1.700000000000000000e+01
1.000000000000000000e+01
-7.000000000000000000e+00
-5.000000000000000000e+00
0.000000000000000000e+00
-8.000000000000000000e+00
-2.000000000000000000e+00
-2.500000000000000000e+01
-7.200000000000000000e+01
1.800000000000000000e+01
-3.000000000000000000e+00
-1.000000000000000000e+01
2.000000000000000000e+00
1.000000000000000000e+01
8.000000000000000000e+00
5.000000000000000000e+00
1.000000000000000000e+00
-2.900000000000000000e+01
3.000000000000000000e+01
-4.000000000000000000e+00
3.000000000000000000e+00
-7.000000000000000000e+00
9.000000000000000000e+00
-3.000000000000000000e+00
1.000000000000000000e+00
-2.000000000000000000e+00
-2.000000000000000000e+00
