2.000000000000000000e+00
0.000000000000000000e+00
1.000000000000000000e+00
3.000000000000000000e+00
-8.000000000000000000e+00
-2.000000000000000000e+00
-4.000000000000000000e+00
-3.000000000000000000e+00
-1.300000000000000000e+01
-9.000000000000000000e+00
-7.000000000000000000e+00
-3.000000000000000000e+00
-4.000000000000000000e+00
6.000000000000000000e+00
-8.000000000000000000e+00
3.000000000000000000e+00
1.800000000000000000e+01
8.000000000000000000e+00
5.000000000000000000e+00
5.000000000000000000e+00
2.700000000000000000e+01
1.700000000000000000e+01
9.000000000000000000e+00
1.000000000000000000e+00
-2.800000000000000000e+01
1.100000000000000000e+01
-1.300000000000000000e+01
-9.000000000000000000e+00
-7.000000000000000000e+00
9.000000000000000000e+00
-2.200000000000000000e+01
-1.000000000000000000e+00
3.200000000000000000e+01
-9.000000000000000000e+00
-8.000000000000000000e+00
-3.500000000000000000e+01
-1.200000000000000000e+01
2.200000000000000000e+01
3.000000000000000000e+00
2.000000000000000000e+00
-1.000000000000000000e+01
-1.200000000000000000e+01
-1.900000000000000000e+01
-6.000000000000000000e+00
6.000000000000000000e+00
-2.300000000000000000e+01
-1.900000000000000000e+01
2.000000000000000000e+00
9.000000000000000000e+00
-1.800000000000000000e+01
1.100000000000000000e+01
-6.000000000000000000e+00
-2.300000000000000000e+01
2.100000000000000000e+01
9.000000000000000000e+00
1.400000000000000000e+01
-3.000000000000000000e+00
-8.000000000000000000e+00
-1.000000000000000000e+00
-1.400000000000000000e+01
-1.900000000000000000e+01
2.000000000000000000e+01
-4.500000000000000000e+01
-4.000000000000000000e+00
-9.000000000000000000e+00
9.000000000000000000e+00
-5.000000000000000000e+00
2.800000000000000000e+01
-2.000000000000000000e+00
7.000000000000000000e+00
4.000000000000000000e+00
-1.000000000000000000e+00
-1.900000000000000000e+01
7.000000000000000000e+00
-7.000000000000000000e+00
5.000000000000000000e+00
7.000000000000000000e+00
2.700000000000000000e+01
1.000000000000000000e+01
-5.000000000000000000e+00
0.000000000000000000e+00
-1.000000000000000000e+01
-3.700000000000000000e+01
1.800000000000000000e+01
1.200000000000000000e+01
-5.000000000000000000e+00
2.000000000000000000e+01
-1.000000000000000000e+01
2.100000000000000000e+01
-9.000000000000000000e+00
7.000000000000000000e+00
-1.300000000000000000e+01
5.000000000000000000e+00
7.000000000000000000e+00
-2.000000000000000000e+00
2.600000000000000000e+01
1.000000000000000000e+00
5.000000000000000000e+00
-5.000000000000000000e+00
-9.000000000000000000e+00
3.000000000000000000e+00
1.000000000000000000e+00
-1.000000000000000000e+01
-3.100000000000000000e+01
1.200000000000000000e+01
-6.000000000000000000e+00
-2.700000000000000000e+01
-5.000000000000000000e+00
1.100000000000000000e+01
2.000000000000000000e+00
-1.400000000000000000e+01
8.000000000000000000e+00
4.000000000000000000e+00
-9.000000000000000000e+00
-1.200000000000000000e+01
2.200000000000000000e+01
-2.200000000000000000e+01
1.000000000000000000e+00
-4.200000000000000000e+01
3.000000000000000000e+00
1.100000000000000000e+01
-7.000000000000000000e+00
-2.000000000000000000e+01
-1.700000000000000000e+01
2.900000000000000000e+01
-2.500000000000000000e+01
-2.500000000000000000e+01
-1.200000000000000000e+01
-4.000000000000000000e+00
-7.000000000000000000e+00
3.100000000000000000e+01
2.000000000000000000e+01
-1.000000000000000000e+01
-2.000000000000000000e+00
-6.000000000000000000e+00
2.600000000000000000e+01
4.000000000000000000e+00
1.300000000000000000e+01
-1.300000000000000000e+01
1.400000000000000000e+01
-1.000000000000000000e+01
-2.000000000000000000e+01
-2.800000000000000000e+01
2.000000000000000000e+00
1.700000000000000000e+01
2.100000000000000000e+01
3.000000000000000000e+00
-8.000000000000000000e+00
-1.500000000000000000e+01
-2.500000000000000000e+01
-6.000000000000000000e+00
1.000000000000000000e+01
-2.000000000000000000e+01
0.000000000000000000e+00
-6.000000000000000000e+00
1.200000000000000000e+01
1.100000000000000000e+01
7.000000000000000000e+00
-6.000000000000000000e+00
4.000000000000000000e+00
1.300000000000000000e+01
-1.900000000000000000e+01
1.000000000000000000e+00
-1.900000000000000000e+01
-2.300000000000000000e+01
-1.800000000000000000e+01
-8.000000000000000000e+00
-2.000000000000000000e+01
1.700000000000000000e+01
-9.000000000000000000e+00
-7.000000000000000000e+00
-1.000000000000000000e+00
-4.000000000000000000e+00
2.000000000000000000e+01
1.900000000000000000e+01
-2.000000000000000000e+00
-2.200000000000000000e+01
-3.000000000000000000e+01
2.300000000000000000e+01
-4.000000000000000000e+00
-2.000000000000000000e+00
1.400000000000000000e+01
1.800000000000000000e+01
-2.600000000000000000e+01
1.000000000000000000e+01
-2.300000000000000000e+01
-1.000000000000000000e+01
-8.000000000000000000e+00
1.200000000000000000e+01
2.000000000000000000e+01
1.000000000000000000e+00
-1.600000000000000000e+01
-1.200000000000000000e+01
-6.000000000000000000e+00
1.800000000000000000e+01
-1.400000000000000000e+01
1.400000000000000000e+01
9.000000000000000000e+00
1.400000000000000000e+01
1.300000000000000000e+01
9.000000000000000000e+00
2.000000000000000000e+00
-1.100000000000000000e+01
-4.000000000000000000e+00
1.400000000000000000e+01
-1.900000000000000000e+01
-1.200000000000000000e+01
-3.000000000000000000e+00
2.600000000000000000e+01
-2.000000000000000000e+01
7.000000000000000000e+00
1.800000000000000000e+01
3.000000000000000000e+00
1.200000000000000000e+01
-7.000000000000000000e+00
1.400000000000000000e+01
-2.000000000000000000e+00
1.200000000000000000e+01
1.100000000000000000e+01
-1.300000000000000000e+01
3.400000000000000000e+01
-1.800000000000000000e+01
-2.600000000000000000e+01
-3.000000000000000000e+00
-1.400000000000000000e+01
-3.000000000000000000e+00
6.000000000000000000e+00
-1.800000000000000000e+01
8.000000000000000000e+00
-1.500000000000000000e+01
-8.000000000000000000e+00
2.000000000000000000e+00
8.000000000000000000e+00
1.600000000000000000e+01
-3.000000000000000000e+01
9.000000000000000000e+00
-3.000000000000000000e+00
-2.200000000000000000e+01
1.000000000000000000e+00
3.000000000000000000e+00
4.000000000000000000e+00
-2.600000000000000000e+01
9.000000000000000000e+00
1.100000000000000000e+01
2.000000000000000000e+00
3.800000000000000000e+01
4.000000000000000000e+00
2.800000000000000000e+01
-3.000000000000000000e+00
2.400000000000000000e+01
2.000000000000000000e+00
-1.900000000000000000e+01
7.000000000000000000e+00
-3.500000000000000000e+01
-1.100000000000000000e+01
-2.400000000000000000e+01
2.500000000000000000e+01
-3.000000000000000000e+01
-1.200000000000000000e+01
-8.000000000000000000e+00
-3.000000000000000000e+00
1.400000000000000000e+01
1.300000000000000000e+01
-2.100000000000000000e+01
3.000000000000000000e+00
1.300000000000000000e+01
-1.100000000000000000e+01
-7.000000000000000000e+00
-1.200000000000000000e+01
0.000000000000000000e+00
9.000000000000000000e+00
1.000000000000000000e+01
-8.000000000000000000e+00
-6.000000000000000000e+00
4.000000000000000000e+00
1.400000000000000000e+01
2.500000000000000000e+01
-4.100000000000000000e+01
-1.200000000000000000e+01
3.500000000000000000e+01
-3.300000000000000000e+01
-3.100000000000000000e+01
-1.900000000000000000e+01
2.300000000000000000e+01
1.000000000000000000e+01
-1.300000000000000000e+01
-4.200000000000000000e+01
8.000000000000000000e+00
1.000000000000000000e+00
0.000000000000000000e+00
-1.000000000000000000e+01
6.000000000000000000e+00
-1.400000000000000000e+01
2.800000000000000000e+01
7.000000000000000000e+00
2.000000000000000000e+00
1.100000000000000000e+01
1.000000000000000000e+00
-3.000000000000000000e+00
2.100000000000000000e+01
1.000000000000000000e+01
-7.000000000000000000e+00
-2.400000000000000000e+01
2.000000000000000000e+00
-1.300000000000000000e+01
-2.600000000000000000e+01
3.000000000000000000e+00
-1.400000000000000000e+01
-1.600000000000000000e+01
6.000000000000000000e+00
-2.100000000000000000e+01
2.500000000000000000e+01
2.100000000000000000e+01
1.000000000000000000e+00
-4.000000000000000000e+00
1.500000000000000000e+01
1.300000000000000000e+01
-1.000000000000000000e+00
-4.000000000000000000e+00
-2.500000000000000000e+01
-1.900000000000000000e+01
2.000000000000000000e+00
-1.300000000000000000e+01
-1.700000000000000000e+01
1.600000000000000000e+01
-1.400000000000000000e+01
1.200000000000000000e+01
1.000000000000000000e+01
-3.000000000000000000e+01
4.000000000000000000e+00
1.500000000000000000e+01
3.000000000000000000e+01
-1.000000000000000000e+00
-2.000000000000000000e+00
-1.700000000000000000e+01
-3.000000000000000000e+00
1.400000000000000000e+01
-1.400000000000000000e+01
5.000000000000000000e+00
3.600000000000000000e+01
-1.000000000000000000e+01
-1.700000000000000000e+01
6.000000000000000000e+00
8.000000000000000000e+00
1.900000000000000000e+01
5.000000000000000000e+00
-5.000000000000000000e+00
-1.300000000000000000e+01
-1.300000000000000000e+01
1.600000000000000000e+01
1.000000000000000000e+00
6.000000000000000000e+00
2.700000000000000000e+01
-1.400000000000000000e+01
1.400000000000000000e+01
1.000000000000000000e+00
1.100000000000000000e+01
-1.000000000000000000e+01
-8.000000000000000000e+00
-1.900000000000000000e+01
-7.000000000000000000e+00
2.000000000000000000e+01
1.000000000000000000e+00
1.800000000000000000e+01
-4.000000000000000000e+00
1.500000000000000000e+01
-5.000000000000000000e+00
-1.400000000000000000e+01
2.700000000000000000e+01
-4.000000000000000000e+00
-3.000000000000000000e+00
-2.000000000000000000e+01
6.000000000000000000e+00
0.000000000000000000e+00
-1.000000000000000000e+00
1.400000000000000000e+01
5.000000000000000000e+00
-1.000000000000000000e+00
-2.000000000000000000e+01
-2.000000000000000000e+00
3.700000000000000000e+01
-5.000000000000000000e+00
-1.900000000000000000e+01
1.300000000000000000e+01
-3.200000000000000000e+01
1.200000000000000000e+01
2.000000000000000000e+00
-2.700000000000000000e+01
1.400000000000000000e+01
1.000000000000000000e+01
-6.000000000000000000e+00
2.600000000000000000e+01
3.300000000000000000e+01
-2.600000000000000000e+01
1.600000000000000000e+01
3.000000000000000000e+01
-7.000000000000000000e+00
3.000000000000000000e+00
2.000000000000000000e+00
8.000000000000000000e+00
6.000000000000000000e+00
2.000000000000000000e+00
5.000000000000000000e+00
-3.300000000000000000e+01
-7.000000000000000000e+00
-7.000000000000000000e+00
-2.000000000000000000e+00
-6.000000000000000000e+00
-4.000000000000000000e+00
1.000000000000000000e+00
-1.000000000000000000e+01
1.000000000000000000e+01
-1.700000000000000000e+01
-1.000000000000000000e+01
1.600000000000000000e+01
2.700000000000000000e+01
-6.000000000000000000e+00
-6.000000000000000000e+00
-1.000000000000000000e+00
-9.000000000000000000e+00
1.500000000000000000e+01
2.600000000000000000e+01
3.000000000000000000e+00
-2.300000000000000000e+01
7.000000000000000000e+00
5.000000000000000000e+00
5.000000000000000000e+00
-1.500000000000000000e+01
-3.500000000000000000e+01
-1.100000000000000000e+01
1.500000000000000000e+01
1.000000000000000000e+01
9.000000000000000000e+00
-1.200000000000000000e+01
5.000000000000000000e+00
-2.100000000000000000e+01
-1.000000000000000000e+01
1.600000000000000000e+01
1.000000000000000000e+00
-5.000000000000000000e+00
-1.000000000000000000e+00
-1.400000000000000000e+01
-2.000000000000000000e+01
1.000000000000000000e+00
9.000000000000000000e+00
2.600000000000000000e+01
-2.500000000000000000e+01
-9.000000000000000000e+00
-2.900000000000000000e+01
1.100000000000000000e+01
-1.000000000000000000e+00
6.000000000000000000e+00
-1.200000000000000000e+01
-1.100000000000000000e+01
-1.600000000000000000e+01
3.400000000000000000e+01
2.100000000000000000e+01
-3.000000000000000000e+00
1.900000000000000000e+01
-1.600000000000000000e+01
-1.300000000000000000e+01
4.000000000000000000e+00
-2.200000000000000000e+01
-3.600000000000000000e+01
-2.100000000000000000e+01
1.300000000000000000e+01
3.000000000000000000e+00
1.000000000000000000e+01
-2.700000000000000000e+01
4.100000000000000000e+01
3.000000000000000000e+00
-1.900000000000000000e+01
3.300000000000000000e+01
-2.000000000000000000e+00
3.000000000000000000e+00
1.300000000000000000e+01
2.600000000000000000e+01
-6.000000000000000000e+00
2.100000000000000000e+01
1.100000000000000000e+01
-3.300000000000000000e+01
-1.300000000000000000e+01
2.900000000000000000e+01
-1.100000000000000000e+01
-4.400000000000000000e+01
1.100000000000000000e+01
-1.300000000000000000e+01
3.500000000000000000e+01
-8.000000000000000000e+00
2.900000000000000000e+01
2.500000000000000000e+01
6.000000000000000000e+00
1.000000000000000000e+00
-5.000000000000000000e+00
2.400000000000000000e+01
-1.000000000000000000e+01
-2.000000000000000000e+01
-9.000000000000000000e+00
1.100000000000000000e+01
-7.000000000000000000e+00
2.900000000000000000e+01
3.600000000000000000e+01
1.000000000000000000e+00
1.400000000000000000e+01
-3.100000000000000000e+01
6.000000000000000000e+00
-1.800000000000000000e+01
1.800000000000000000e+01
-2.500000000000000000e+01
1.600000000000000000e+01
-1.700000000000000000e+01
-1.900000000000000000e+01
2.100000000000000000e+01
-2.500000000000000000e+01
3.700000000000000000e+01
-5.000000000000000000e+00
-1.000000000000000000e+01
1.100000000000000000e+01
6.000000000000000000e+00
-4.000000000000000000e+00
5.000000000000000000e+00
2.100000000000000000e+01
-2.600000000000000000e+01
0.000000000000000000e+00
1.300000000000000000e+01
-1.300000000000000000e+01
2.000000000000000000e+00
7.000000000000000000e+00
7.000000000000000000e+00
1.200000000000000000e+01
2.900000000000000000e+01
2.200000000000000000e+01
1.200000000000000000e+01
3.300000000000000000e+01
2.600000000000000000e+01
2.100000000000000000e+01
6.000000000000000000e+00
2.900000000000000000e+01
-5.000000000000000000e+00
2.100000000000000000e+01
2.900000000000000000e+01
2.800000000000000000e+01
2.900000000000000000e+01
4.100000000000000000e+01
2.400000000000000000e+01
6.000000000000000000e+00
2.500000000000000000e+01
1.100000000000000000e+01
2.100000000000000000e+01
1.100000000000000000e+01
9.000000000000000000e+00
-8.000000000000000000e+00
1.800000000000000000e+01
-2.000000000000000000e+00
3.400000000000000000e+01
-8.000000000000000000e+00
2.400000000000000000e+01
1.100000000000000000e+01
6.000000000000000000e+00
1.400000000000000000e+01
2.000000000000000000e+00
-2.000000000000000000e+00
1.000000000000000000e+01
8.000000000000000000e+00
1.400000000000000000e+01
3.000000000000000000e+00
1.000000000000000000e+01
9.000000000000000000e+00
-1.400000000000000000e+01
2.500000000000000000e+01
-1.500000000000000000e+01
1.400000000000000000e+01
8.000000000000000000e+00
-2.000000000000000000e+01
2.500000000000000000e+01
2.500000000000000000e+01
-4.700000000000000000e+01
1.900000000000000000e+01
1.200000000000000000e+01
1.000000000000000000e+01
-2.500000000000000000e+01
2.400000000000000000e+01
4.000000000000000000e+00
2.800000000000000000e+01
2.500000000000000000e+01
4.000000000000000000e+01
1.800000000000000000e+01
1.500000000000000000e+01
-1.000000000000000000e+00
1.300000000000000000e+01
-1.200000000000000000e+01
-1.000000000000000000e+00
-4.000000000000000000e+00
-1.300000000000000000e+01
-1.100000000000000000e+01
1.700000000000000000e+01
9.000000000000000000e+00
2.000000000000000000e+00
1.600000000000000000e+01
-1.000000000000000000e+01
-2.500000000000000000e+01
-1.000000000000000000e+00
1.600000000000000000e+01
1.000000000000000000e+00
-8.000000000000000000e+00
3.000000000000000000e+00
3.100000000000000000e+01
2.300000000000000000e+01
1.100000000000000000e+01
-1.700000000000000000e+01
2.200000000000000000e+01
2.100000000000000000e+01
-6.000000000000000000e+00
1.500000000000000000e+01
2.000000000000000000e+00
-1.800000000000000000e+01
-2.000000000000000000e+00
-1.000000000000000000e+00
1.000000000000000000e+00
-2.000000000000000000e+00
3.800000000000000000e+01
-2.400000000000000000e+01
1.300000000000000000e+01
2.800000000000000000e+01
-3.000000000000000000e+01
-3.200000000000000000e+01
1.800000000000000000e+01
1.400000000000000000e+01
-1.000000000000000000e+00
3.000000000000000000e+00
1.700000000000000000e+01
-3.000000000000000000e+00
-3.800000000000000000e+01
-3.000000000000000000e+00
-1.200000000000000000e+01
9.000000000000000000e+00
-8.000000000000000000e+00
-7.000000000000000000e+00
4.200000000000000000e+01
-1.300000000000000000e+01
3.200000000000000000e+01
1.400000000000000000e+01
-1.100000000000000000e+01
-1.100000000000000000e+01
4.000000000000000000e+00
5.000000000000000000e+00
-1.800000000000000000e+01
1.100000000000000000e+01
3.000000000000000000e+01
1.900000000000000000e+01
5.000000000000000000e+00
-3.300000000000000000e+01
2.000000000000000000e+01
3.300000000000000000e+01
2.000000000000000000e+01
-2.800000000000000000e+01
3.000000000000000000e+01
-1.300000000000000000e+01
1.200000000000000000e+01
1.000000000000000000e+00
8.000000000000000000e+00
1.500000000000000000e+01
-4.000000000000000000e+00
2.400000000000000000e+01
-3.000000000000000000e+00
-1.000000000000000000e+00
-9.000000000000000000e+00
3.300000000000000000e+01
2.300000000000000000e+01
1.000000000000000000e+01
-1.300000000000000000e+01
4.000000000000000000e+00
3.600000000000000000e+01
2.500000000000000000e+01
2.200000000000000000e+01
-3.100000000000000000e+01
3.700000000000000000e+01
2.900000000000000000e+01
4.000000000000000000e+00
-9.000000000000000000e+00
-1.300000000000000000e+01
1.900000000000000000e+01
1.500000000000000000e+01
-6.000000000000000000e+00
-1.900000000000000000e+01
-9.000000000000000000e+00
4.600000000000000000e+01
2.300000000000000000e+01
4.000000000000000000e+00
-8.000000000000000000e+00
-1.100000000000000000e+01
1.700000000000000000e+01
1.600000000000000000e+01
-9.000000000000000000e+00
1.400000000000000000e+01
6.000000000000000000e+00
-1.000000000000000000e+00
6.000000000000000000e+00
-3.000000000000000000e+00
-1.300000000000000000e+01
4.300000000000000000e+01
4.100000000000000000e+01
1.600000000000000000e+01
-1.800000000000000000e+01
0.000000000000000000e+00
4.400000000000000000e+01
-1.300000000000000000e+01
6.000000000000000000e+00
-1.000000000000000000e+00
2.500000000000000000e+01
5.000000000000000000e+00
-3.000000000000000000e+00
3.100000000000000000e+01
1.100000000000000000e+01
3.400000000000000000e+01
-1.200000000000000000e+01
1.900000000000000000e+01
7.000000000000000000e+00
1.200000000000000000e+01
3.200000000000000000e+01
1.300000000000000000e+01
1.700000000000000000e+01
3.700000000000000000e+01
0.000000000000000000e+00
9.000000000000000000e+00
9.000000000000000000e+00
4.000000000000000000e+00
9.000000000000000000e+00
3.000000000000000000e+00
3.400000000000000000e+01
1.400000000000000000e+01
-2.000000000000000000e+00
4.800000000000000000e+01
-5.000000000000000000e+00
1.400000000000000000e+01
2.600000000000000000e+01
1.200000000000000000e+01
9.000000000000000000e+00
3.600000000000000000e+01
4.900000000000000000e+01
6.600000000000000000e+01
2.300000000000000000e+01
4.000000000000000000e+01
-1.000000000000000000e+00
-3.200000000000000000e+01
1.600000000000000000e+01
1.900000000000000000e+01
1.900000000000000000e+01
2.500000000000000000e+01
1.200000000000000000e+01
2.900000000000000000e+01
2.300000000000000000e+01
-8.000000000000000000e+00
2.700000000000000000e+01
3.500000000000000000e+01
3.200000000000000000e+01
1.700000000000000000e+01
2.000000000000000000e+00
1.000000000000000000e+00
4.500000000000000000e+01
4.500000000000000000e+01
1.700000000000000000e+01
-2.400000000000000000e+01
1.600000000000000000e+01
2.700000000000000000e+01
2.800000000000000000e+01
-2.000000000000000000e+01
1.900000000000000000e+01
1.200000000000000000e+01
1.600000000000000000e+01
9.000000000000000000e+00
1.200000000000000000e+01
3.900000000000000000e+01
2.500000000000000000e+01
9.000000000000000000e+00
6.000000000000000000e+00
2.700000000000000000e+01
3.600000000000000000e+01
2.900000000000000000e+01
1.000000000000000000e+00
2.900000000000000000e+01
1.100000000000000000e+01
4.000000000000000000e+00
2.900000000000000000e+01
1.300000000000000000e+01
8.000000000000000000e+00
-6.000000000000000000e+00
3.400000000000000000e+01
2.500000000000000000e+01
2.200000000000000000e+01
1.500000000000000000e+01
-4.000000000000000000e+00
1.300000000000000000e+01
-3.000000000000000000e+00
3.500000000000000000e+01
2.000000000000000000e+00
1.900000000000000000e+01
2.000000000000000000e+01
3.000000000000000000e+00
-1.100000000000000000e+01
1.900000000000000000e+01
3.200000000000000000e+01
1.500000000000000000e+01
9.000000000000000000e+00
-1.200000000000000000e+01
-1.700000000000000000e+01
4.900000000000000000e+01
-5.100000000000000000e+01
3.000000000000000000e+00
2.300000000000000000e+01
5.000000000000000000e+01
5.000000000000000000e+01
1.100000000000000000e+01
9.000000000000000000e+00
0.000000000000000000e+00
2.400000000000000000e+01
-2.000000000000000000e+00
1.700000000000000000e+01
3.400000000000000000e+01
-4.000000000000000000e+00
5.000000000000000000e+01
2.500000000000000000e+01
6.000000000000000000e+00
1.800000000000000000e+01
3.400000000000000000e+01
2.200000000000000000e+01
2.900000000000000000e+01
3.600000000000000000e+01
2.300000000000000000e+01
2.100000000000000000e+01
1.100000000000000000e+01
1.300000000000000000e+01
-3.000000000000000000e+00
1.400000000000000000e+01
2.400000000000000000e+01
1.300000000000000000e+01
1.000000000000000000e+00
-4.000000000000000000e+00
-1.000000000000000000e+00
5.800000000000000000e+01
2.800000000000000000e+01
3.200000000000000000e+01
-1.200000000000000000e+01
4.300000000000000000e+01
3.100000000000000000e+01
5.400000000000000000e+01
2.600000000000000000e+01
4.400000000000000000e+01
-1.000000000000000000e+00
3.100000000000000000e+01
3.800000000000000000e+01
2.800000000000000000e+01
2.300000000000000000e+01
3.500000000000000000e+01
-5.000000000000000000e+00
3.600000000000000000e+01
4.300000000000000000e+01
5.100000000000000000e+01
3.300000000000000000e+01
1.200000000000000000e+01
2.700000000000000000e+01
4.500000000000000000e+01
3.600000000000000000e+01
3.100000000000000000e+01
3.400000000000000000e+01
1.700000000000000000e+01
3.900000000000000000e+01
3.500000000000000000e+01
2.100000000000000000e+01
3.100000000000000000e+01
3.700000000000000000e+01
4.400000000000000000e+01
3.100000000000000000e+01
4.200000000000000000e+01
5.700000000000000000e+01
7.900000000000000000e+01
5.800000000000000000e+01
8.400000000000000000e+01
9.800000000000000000e+01
6.500000000000000000e+01
9.100000000000000000e+01
6.000000000000000000e+01
7.900000000000000000e+01
1.180000000000000000e+02
9.300000000000000000e+01
8.800000000000000000e+01
1.370000000000000000e+02
1.160000000000000000e+02
1.460000000000000000e+02
1.870000000000000000e+02
1.810000000000000000e+02
1.830000000000000000e+02
2.300000000000000000e+02
2.710000000000000000e+02
2.860000000000000000e+02
3.430000000000000000e+02
3.160000000000000000e+02
4.150000000000000000e+02
4.890000000000000000e+02
5.300000000000000000e+02
5.280000000000000000e+02
6.490000000000000000e+02
7.560000000000000000e+02
8.390000000000000000e+02
9.290000000000000000e+02
1.019000000000000000e+03
1.139000000000000000e+03
1.236000000000000000e+03
1.410000000000000000e+03
1.515000000000000000e+03
1.691000000000000000e+03
1.824000000000000000e+03
1.980000000000000000e+03
2.131000000000000000e+03
2.309000000000000000e+03
2.473000000000000000e+03
2.668000000000000000e+03
2.785000000000000000e+03
2.977000000000000000e+03
3.131000000000000000e+03
3.321000000000000000e+03
3.494000000000000000e+03
3.611000000000000000e+03
3.842000000000000000e+03
3.940000000000000000e+03
4.102000000000000000e+03
4.217000000000000000e+03
4.227000000000000000e+03
4.397000000000000000e+03
4.541000000000000000e+03
4.599000000000000000e+03
4.498000000000000000e+03
4.586000000000000000e+03
4.603000000000000000e+03
4.701000000000000000e+03
4.631000000000000000e+03
4.610000000000000000e+03
4.569000000000000000e+03
4.520000000000000000e+03
4.437000000000000000e+03
4.285000000000000000e+03
4.243000000000000000e+03
4.146000000000000000e+03
3.983000000000000000e+03
3.819000000000000000e+03
3.687000000000000000e+03
3.572000000000000000e+03
3.412000000000000000e+03
3.221000000000000000e+03
3.113000000000000000e+03
2.919000000000000000e+03
2.727000000000000000e+03
2.523000000000000000e+03
2.387000000000000000e+03
2.246000000000000000e+03
2.030000000000000000e+03
1.985000000000000000e+03
1.766000000000000000e+03
1.687000000000000000e+03
1.517000000000000000e+03
1.379000000000000000e+03
1.244000000000000000e+03
1.169000000000000000e+03
1.051000000000000000e+03
9.020000000000000000e+02
8.130000000000000000e+02
7.240000000000000000e+02
6.570000000000000000e+02
5.810000000000000000e+02
5.120000000000000000e+02
4.580000000000000000e+02
4.000000000000000000e+02
3.160000000000000000e+02
3.070000000000000000e+02
2.750000000000000000e+02
2.080000000000000000e+02
1.910000000000000000e+02
1.870000000000000000e+02
1.110000000000000000e+02
1.110000000000000000e+02
1.290000000000000000e+02
9.200000000000000000e+01
6.300000000000000000e+01
6.500000000000000000e+01
5.300000000000000000e+01
5.300000000000000000e+01
5.000000000000000000e+01
4.400000000000000000e+01
3.900000000000000000e+01
1.700000000000000000e+01
2.100000000000000000e+01
2.200000000000000000e+01
6.000000000000000000e+00
3.000000000000000000e+01
1.700000000000000000e+01
5.000000000000000000e+00
2.600000000000000000e+01
3.000000000000000000e+01
1.000000000000000000e+01
3.100000000000000000e+01
4.200000000000000000e+01
-1.000000000000000000e+00
3.800000000000000000e+01
-4.000000000000000000e+00
3.100000000000000000e+01
2.800000000000000000e+01
2.900000000000000000e+01
3.900000000000000000e+01
1.200000000000000000e+01
2.500000000000000000e+01
1.400000000000000000e+01
2.800000000000000000e+01
-3.200000000000000000e+01
1.700000000000000000e+01
3.100000000000000000e+01
2.800000000000000000e+01
-1.000000000000000000e+00
2.200000000000000000e+01
5.000000000000000000e+00
1.200000000000000000e+01
8.000000000000000000e+00
2.900000000000000000e+01
3.400000000000000000e+01
8.000000000000000000e+00
3.600000000000000000e+01
3.700000000000000000e+01
3.600000000000000000e+01
-1.100000000000000000e+01
1.800000000000000000e+01
2.700000000000000000e+01
2.000000000000000000e+01
1.900000000000000000e+01
3.000000000000000000e+00
6.000000000000000000e+00
2.100000000000000000e+01
3.400000000000000000e+01
2.900000000000000000e+01
2.200000000000000000e+01
-7.000000000000000000e+00
1.500000000000000000e+01
-4.000000000000000000e+00
1.900000000000000000e+01
1.000000000000000000e+00
2.400000000000000000e+01
4.700000000000000000e+01
1.000000000000000000e+01
2.300000000000000000e+01
6.000000000000000000e+00
2.300000000000000000e+01
2.400000000000000000e+01
-1.800000000000000000e+01
1.400000000000000000e+01
3.000000000000000000e+01
2.800000000000000000e+01
1.300000000000000000e+01
-2.000000000000000000e+00
2.300000000000000000e+01
7.000000000000000000e+00
3.000000000000000000e+00
3.500000000000000000e+01
1.000000000000000000e+01
1.700000000000000000e+01
2.000000000000000000e+01
4.000000000000000000e+00
2.300000000000000000e+01
2.000000000000000000e+01
1.300000000000000000e+01
1.100000000000000000e+01
2.300000000000000000e+01
-1.400000000000000000e+01
-2.000000000000000000e+00
1.600000000000000000e+01
1.400000000000000000e+01
2.200000000000000000e+01
-4.000000000000000000e+00
3.500000000000000000e+01
2.300000000000000000e+01
1.200000000000000000e+01
3.100000000000000000e+01
5.500000000000000000e+01
-6.000000000000000000e+00
-4.000000000000000000e+00
-4.000000000000000000e+00
7.000000000000000000e+00
8.000000000000000000e+00
-2.000000000000000000e+01
2.700000000000000000e+01
-1.600000000000000000e+01
2.300000000000000000e+01
2.200000000000000000e+01
2.400000000000000000e+01
2.600000000000000000e+01
-3.000000000000000000e+00
1.700000000000000000e+01
2.200000000000000000e+01
1.600000000000000000e+01
3.700000000000000000e+01
-2.000000000000000000e+00
0.000000000000000000e+00
1.800000000000000000e+01
-1.600000000000000000e+01
-3.000000000000000000e+00
7.000000000000000000e+00
-1.000000000000000000e+00
2.000000000000000000e+01
1.700000000000000000e+01
4.400000000000000000e+01
9.000000000000000000e+00
2.800000000000000000e+01
1.300000000000000000e+01
2.700000000000000000e+01
8.000000000000000000e+00
2.000000000000000000e+00
-1.000000000000000000e+01
7.000000000000000000e+00
4.000000000000000000e+00
2.200000000000000000e+01
2.200000000000000000e+01
1.300000000000000000e+01
1.000000000000000000e+01
6.500000000000000000e+01
6.000000000000000000e+00
-3.000000000000000000e+01
2.100000000000000000e+01
1.000000000000000000e+00
3.300000000000000000e+01
1.100000000000000000e+01
-6.000000000000000000e+00
3.200000000000000000e+01
2.300000000000000000e+01
-2.000000000000000000e+00
-2.000000000000000000e+01
0.000000000000000000e+00
4.000000000000000000e+00
5.000000000000000000e+00
4.000000000000000000e+00
-1.000000000000000000e+00
2.100000000000000000e+01
4.000000000000000000e+00
1.500000000000000000e+01
-4.000000000000000000e+00
9.000000000000000000e+00
-7.000000000000000000e+00
5.000000000000000000e+00
4.500000000000000000e+01
6.000000000000000000e+00
5.000000000000000000e+00
9.000000000000000000e+00
-1.000000000000000000e+01
1.000000000000000000e+01
6.000000000000000000e+00
2.600000000000000000e+01
2.900000000000000000e+01
1.100000000000000000e+01
-4.000000000000000000e+00
-6.000000000000000000e+00
1.500000000000000000e+01
3.000000000000000000e+01
2.600000000000000000e+01
9.000000000000000000e+00
1.600000000000000000e+01
-4.000000000000000000e+00
-1.300000000000000000e+01
2.000000000000000000e+01
3.000000000000000000e+01
7.000000000000000000e+00
2.600000000000000000e+01
5.000000000000000000e+00
-1.700000000000000000e+01
3.500000000000000000e+01
9.000000000000000000e+00
-7.000000000000000000e+00
-3.000000000000000000e+00
-3.000000000000000000e+00
3.000000000000000000e+01
-2.600000000000000000e+01
2.700000000000000000e+01
-8.000000000000000000e+00
2.000000000000000000e+00
-1.000000000000000000e+00
1.200000000000000000e+01
1.000000000000000000e+00
2.800000000000000000e+01
2.100000000000000000e+01
3.000000000000000000e+00
1.300000000000000000e+01
1.400000000000000000e+01
2.600000000000000000e+01
2.200000000000000000e+01
-3.000000000000000000e+00
-1.000000000000000000e+00
5.000000000000000000e+00
2.100000000000000000e+01
1.000000000000000000e+00
9.000000000000000000e+00
5.000000000000000000e+00
2.100000000000000000e+01
7.000000000000000000e+00
9.000000000000000000e+00
-9.000000000000000000e+00
1.200000000000000000e+01
1.000000000000000000e+01
2.300000000000000000e+01
7.000000000000000000e+00
2.800000000000000000e+01
1.000000000000000000e+00
1.600000000000000000e+01
4.000000000000000000e+00
2.600000000000000000e+01
-1.200000000000000000e+01
9.000000000000000000e+00
2.900000000000000000e+01
3.200000000000000000e+01
1.900000000000000000e+01
-1.600000000000000000e+01
-3.000000000000000000e+00
1.600000000000000000e+01
0.000000000000000000e+00
8.000000000000000000e+00
1.400000000000000000e+01
1.700000000000000000e+01
-5.000000000000000000e+00
3.400000000000000000e+01
8.000000000000000000e+00
-3.000000000000000000e+00
-1.100000000000000000e+01
3.000000000000000000e+00
-4.000000000000000000e+00
0.000000000000000000e+00
-9.000000000000000000e+00
-1.100000000000000000e+01
-5.000000000000000000e+00
-7.000000000000000000e+00
3.000000000000000000e+01
-1.000000000000000000e+00
3.000000000000000000e+00
-1.100000000000000000e+01
-1.500000000000000000e+01
1.700000000000000000e+01
1.400000000000000000e+01
-3.000000000000000000e+00
2.300000000000000000e+01
2.100000000000000000e+01
3.300000000000000000e+01
3.300000000000000000e+01
-8.000000000000000000e+00
-1.200000000000000000e+01
3.000000000000000000e+00
-3.000000000000000000e+00
1.300000000000000000e+01
-1.300000000000000000e+01
6.000000000000000000e+00
7.000000000000000000e+00
-3.900000000000000000e+01
0.000000000000000000e+00
1.800000000000000000e+01
-2.000000000000000000e+01
2.200000000000000000e+01
-4.000000000000000000e+00
2.000000000000000000e+01
4.000000000000000000e+00
2.700000000000000000e+01
2.700000000000000000e+01
2.800000000000000000e+01
-6.000000000000000000e+00
-1.000000000000000000e+00
-6.000000000000000000e+00
-1.400000000000000000e+01
2.300000000000000000e+01
-6.000000000000000000e+00
3.000000000000000000e+00
1.600000000000000000e+01
-1.900000000000000000e+01
4.000000000000000000e+00
-1.000000000000000000e+00
-1.300000000000000000e+01
4.200000000000000000e+01
-9.000000000000000000e+00
-2.100000000000000000e+01
1.000000000000000000e+00
1.800000000000000000e+01
1.000000000000000000e+01
-8.000000000000000000e+00
3.000000000000000000e+01
-1.900000000000000000e+01
-8.000000000000000000e+00
-1.000000000000000000e+00
3.600000000000000000e+01
8.000000000000000000e+00
8.000000000000000000e+00
8.000000000000000000e+00
3.700000000000000000e+01
1.700000000000000000e+01
2.500000000000000000e+01
-1.500000000000000000e+01
-9.000000000000000000e+00
4.000000000000000000e+00
8.000000000000000000e+00
1.200000000000000000e+01
-1.600000000000000000e+01
2.400000000000000000e+01
-2.500000000000000000e+01
-6.000000000000000000e+00
-4.000000000000000000e+00
7.000000000000000000e+00
1.000000000000000000e+00
1.100000000000000000e+01
-1.000000000000000000e+00
1.300000000000000000e+01
3.000000000000000000e+00
-8.000000000000000000e+00
-1.000000000000000000e+00
1.200000000000000000e+01
-1.000000000000000000e+00
-1.200000000000000000e+01
-7.000000000000000000e+00
1.400000000000000000e+01
-1.900000000000000000e+01
2.000000000000000000e+01
4.000000000000000000e+00
2.000000000000000000e+00
-2.500000000000000000e+01
-1.000000000000000000e+01
-1.000000000000000000e+00
1.900000000000000000e+01
2.000000000000000000e+00
-7.000000000000000000e+00
-2.500000000000000000e+01
0.000000000000000000e+00
-1.500000000000000000e+01
2.600000000000000000e+01
1.400000000000000000e+01
6.000000000000000000e+00
-1.000000000000000000e+00
2.500000000000000000e+01
-1.800000000000000000e+01
-8.000000000000000000e+00
1.400000000000000000e+01
5.000000000000000000e+00
4.000000000000000000e+00
-4.000000000000000000e+00
-9.000000000000000000e+00
2.400000000000000000e+01
4.000000000000000000e+00
-6.000000000000000000e+00
-1.200000000000000000e+02
1.500000000000000000e+01
-2.000000000000000000e+00
-6.000000000000000000e+00
3.300000000000000000e+01
2.000000000000000000e+00
-5.000000000000000000e+00
-1.600000000000000000e+01
-1.000000000000000000e+00
-1.500000000000000000e+01
1.300000000000000000e+01
1.800000000000000000e+01
5.000000000000000000e+00
-1.800000000000000000e+01
-9.000000000000000000e+00
-1.200000000000000000e+01
1.100000000000000000e+01
-1.000000000000000000e+00
2.000000000000000000e+00
9.000000000000000000e+00
-4.000000000000000000e+00
6.000000000000000000e+00
2.000000000000000000e+00
-1.000000000000000000e+01
-7.000000000000000000e+00
1.000000000000000000e+00
8.000000000000000000e+00
3.800000000000000000e+01
1.400000000000000000e+01
8.000000000000000000e+00
4.000000000000000000e+00
2.400000000000000000e+01
1.000000000000000000e+01
1.700000000000000000e+01
1.700000000000000000e+01
-1.600000000000000000e+01
-7.000000000000000000e+00
-2.000000000000000000e+00
6.000000000000000000e+00
1.400000000000000000e+01
-2.800000000000000000e+01
1.000000000000000000e+01
4.000000000000000000e+00
-5.000000000000000000e+00
-2.000000000000000000e+00
-1.100000000000000000e+01
-1.000000000000000000e+00
4.000000000000000000e+00
7.000000000000000000e+00
4.000000000000000000e+01
-2.100000000000000000e+01
-6.000000000000000000e+00
7.000000000000000000e+00
-1.300000000000000000e+01
1.200000000000000000e+01
1.100000000000000000e+01
-2.000000000000000000e+00
-2.000000000000000000e+00
-7.300000000000000000e+01
-4.000000000000000000e+00
2.800000000000000000e+01
1.400000000000000000e+01
1.700000000000000000e+01
-1.000000000000000000e+01
1.100000000000000000e+01
-1.500000000000000000e+01
3.000000000000000000e+00
-6.000000000000000000e+00
3.300000000000000000e+01
-3.800000000000000000e+01
-2.000000000000000000e+00
-2.400000000000000000e+01
2.000000000000000000e+00
4.000000000000000000e+00
5.000000000000000000e+00
4.000000000000000000e+00
4.000000000000000000e+00
-7.000000000000000000e+00
-1.700000000000000000e+01
1.400000000000000000e+01
8.000000000000000000e+00
1.200000000000000000e+01
-3.000000000000000000e+00
-1.500000000000000000e+01
1.000000000000000000e+00
-8.000000000000000000e+00
2.600000000000000000e+01
-8.000000000000000000e+00
-5.000000000000000000e+00
1.300000000000000000e+01
-5.000000000000000000e+00
-1.400000000000000000e+01
2.100000000000000000e+01
8.000000000000000000e+00
1.600000000000000000e+01
-1.000000000000000000e+01
-3.200000000000000000e+01
6.000000000000000000e+00
-1.800000000000000000e+01
-3.000000000000000000e+01
1.000000000000000000e+01
3.500000000000000000e+01
-8.000000000000000000e+00
1.900000000000000000e+01
1.300000000000000000e+01
1.900000000000000000e+01
-5.000000000000000000e+00
-1.900000000000000000e+01
8.000000000000000000e+00
-9.000000000000000000e+00
2.000000000000000000e+00
-1.000000000000000000e+00
-7.000000000000000000e+00
-1.100000000000000000e+01
-1.200000000000000000e+01
-1.000000000000000000e+00
-5.000000000000000000e+00
2.400000000000000000e+01
3.900000000000000000e+01
1.800000000000000000e+01
1.800000000000000000e+01
1.800000000000000000e+01
-1.800000000000000000e+01
1.600000000000000000e+01
-8.000000000000000000e+00
1.800000000000000000e+01
2.100000000000000000e+01
-2.000000000000000000e+00
1.600000000000000000e+01
-1.400000000000000000e+01
-1.900000000000000000e+01
-1.000000000000000000e+01
-1.000000000000000000e+01
-1.900000000000000000e+01
-1.000000000000000000e+00
-8.000000000000000000e+00
-1.000000000000000000e+01
-4.000000000000000000e+00
9.000000000000000000e+00
-8.000000000000000000e+00
-5.000000000000000000e+00
0.000000000000000000e+00
-6.000000000000000000e+00
-6.000000000000000000e+00
7.000000000000000000e+00
-2.300000000000000000e+01
2.000000000000000000e+00
3.000000000000000000e+00
-7.000000000000000000e+00
-9.000000000000000000e+00
0.000000000000000000e+00
1.000000000000000000e+01
-5.000000000000000000e+00
1.100000000000000000e+01
-9.000000000000000000e+00
1.100000000000000000e+01
1.800000000000000000e+01
1.800000000000000000e+01
2.400000000000000000e+01
1.300000000000000000e+01
-2.100000000000000000e+01
-6.000000000000000000e+00
1.000000000000000000e+00
-1.000000000000000000e+00
0.000000000000000000e+00
1.200000000000000000e+01
1.800000000000000000e+01
6.000000000000000000e+00
1.800000000000000000e+01
1.300000000000000000e+01
-1.000000000000000000e+01
-1.100000000000000000e+01
9.000000000000000000e+00
-1.100000000000000000e+01
-1.600000000000000000e+01
-1.400000000000000000e+01
-4.000000000000000000e+00
-2.400000000000000000e+01
6.000000000000000000e+00
-1.000000000000000000e+01
1.400000000000000000e+01
-1.100000000000000000e+01
5.000000000000000000e+00
-2.100000000000000000e+01
6.000000000000000000e+00
-2.500000000000000000e+01
-7.000000000000000000e+00
-1.400000000000000000e+01
-1.100000000000000000e+01
1.000000000000000000e+01
1.000000000000000000e+01
-1.000000000000000000e+00
0.000000000000000000e+00
-5.000000000000000000e+00
-2.000000000000000000e+00
0.000000000000000000e+00
-2.200000000000000000e+01
2.300000000000000000e+01
-4.000000000000000000e+00
-3.500000000000000000e+01
-1.100000000000000000e+01
-1.300000000000000000e+01
-8.000000000000000000e+00
5.000000000000000000e+00
1.400000000000000000e+01
2.400000000000000000e+01
1.000000000000000000e+01
2.300000000000000000e+01
-4.000000000000000000e+00
-1.000000000000000000e+01
0.000000000000000000e+00
-1.000000000000000000e+00
2.500000000000000000e+01
-5.000000000000000000e+00
2.400000000000000000e+01
-2.200000000000000000e+01
-6.000000000000000000e+00
-1.400000000000000000e+01
1.800000000000000000e+01
5.000000000000000000e+00
-8.000000000000000000e+00
0.000000000000000000e+00
-1.400000000000000000e+01
-5.000000000000000000e+00
6.000000000000000000e+00
-1.300000000000000000e+01
-1.000000000000000000e+00
-4.000000000000000000e+00
4.000000000000000000e+00
6.000000000000000000e+00
1.100000000000000000e+01
4.000000000000000000e+00
-1.000000000000000000e+01
6.000000000000000000e+00
-1.500000000000000000e+01
1.500000000000000000e+01
4.100000000000000000e+01
-1.200000000000000000e+01
-3.400000000000000000e+01
-1.500000000000000000e+01
-1.000000000000000000e+01
1.300000000000000000e+01
-4.100000000000000000e+01
-3.000000000000000000e+01
-4.000000000000000000e+00
-3.100000000000000000e+01
4.000000000000000000e+00
-8.000000000000000000e+00
-2.600000000000000000e+01
1.200000000000000000e+01
2.100000000000000000e+01
-8.000000000000000000e+00
-3.000000000000000000e+00
-1.600000000000000000e+01
-6.000000000000000000e+00
-3.000000000000000000e+00
-7.000000000000000000e+00
-1.000000000000000000e+00
0.000000000000000000e+00
-1.600000000000000000e+01
-1.000000000000000000e+01
0.000000000000000000e+00
2.600000000000000000e+01
-1.000000000000000000e+00
1.300000000000000000e+01
5.000000000000000000e+00
-4.000000000000000000e+00
-2.000000000000000000e+00
1.000000000000000000e+00
-2.700000000000000000e+01
-3.000000000000000000e+00
1.400000000000000000e+01
-2.000000000000000000e+00
0.000000000000000000e+00
-3.000000000000000000e+00
-5.000000000000000000e+00
-3.000000000000000000e+00
1.200000000000000000e+01
2.900000000000000000e+01
-1.400000000000000000e+01
-1.800000000000000000e+01
-3.000000000000000000e+01
1.000000000000000000e+01
-1.900000000000000000e+01
-4.000000000000000000e+00
-5.000000000000000000e+00
-3.000000000000000000e+00
-1.000000000000000000e+01
-4.000000000000000000e+00
1.000000000000000000e+00
-9.000000000000000000e+00
-3.000000000000000000e+00
-4.000000000000000000e+00
-1.400000000000000000e+01
-1.000000000000000000e+00
-1.700000000000000000e+01
1.000000000000000000e+00
-2.000000000000000000e+01
1.400000000000000000e+01
-1.800000000000000000e+01
-2.000000000000000000e+01
2.000000000000000000e+01
-7.000000000000000000e+00
-2.000000000000000000e+01
2.600000000000000000e+01
-2.000000000000000000e+00
2.600000000000000000e+01
-1.000000000000000000e+01
5.000000000000000000e+00
4.000000000000000000e+00
2.000000000000000000e+00
-1.000000000000000000e+01
0.000000000000000000e+00
-2.900000000000000000e+01
-1.800000000000000000e+01
4.000000000000000000e+00
-1.600000000000000000e+01
-1.400000000000000000e+01
-3.000000000000000000e+00
3.000000000000000000e+00
2.000000000000000000e+00
1.700000000000000000e+01
-9.000000000000000000e+00
1.100000000000000000e+01
-6.000000000000000000e+00
-7.000000000000000000e+00
2.000000000000000000e+00
2.000000000000000000e+00
1.000000000000000000e+00
1.000000000000000000e+01
-1.000000000000000000e+00
1.400000000000000000e+01
-2.000000000000000000e+00
6.000000000000000000e+00
-2.300000000000000000e+01
1.000000000000000000e+00
-4.200000000000000000e+01
1.000000000000000000e+00
-2.300000000000000000e+01
-2.100000000000000000e+01
4.000000000000000000e+00
3.200000000000000000e+01
1.600000000000000000e+01
2.000000000000000000e+00
4.000000000000000000e+00
0.000000000000000000e+00
-4.000000000000000000e+00
1.600000000000000000e+01
3.000000000000000000e+01
4.000000000000000000e+00
2.100000000000000000e+01
1.600000000000000000e+01
6.000000000000000000e+00
6.000000000000000000e+00
1.400000000000000000e+01
1.100000000000000000e+01
-7.000000000000000000e+00
7.000000000000000000e+00
1.400000000000000000e+01
-2.200000000000000000e+01
5.000000000000000000e+00
-4.000000000000000000e+00
-1.100000000000000000e+01
2.200000000000000000e+01
-5.000000000000000000e+00
2.600000000000000000e+01
2.900000000000000000e+01
-1.000000000000000000e+00
0.000000000000000000e+00
-4.000000000000000000e+00
-5.000000000000000000e+00
6.000000000000000000e+00
-4.000000000000000000e+00
4.000000000000000000e+00
9.000000000000000000e+00
-2.100000000000000000e+01
-8.000000000000000000e+00
2.600000000000000000e+01
-5.000000000000000000e+00
4.200000000000000000e+01
2.800000000000000000e+01
3.100000000000000000e+01
-1.000000000000000000e+00
-3.000000000000000000e+00
2.100000000000000000e+01
3.500000000000000000e+01
-2.000000000000000000e+00
1.600000000000000000e+01
-2.000000000000000000e+00
-1.000000000000000000e+00
7.000000000000000000e+00
5.000000000000000000e+00
-4.000000000000000000e+00
1.000000000000000000e+01
9.000000000000000000e+00
-9.000000000000000000e+00
3.400000000000000000e+01
1.300000000000000000e+01
1.200000000000000000e+01
3.500000000000000000e+01
-1.000000000000000000e+00
-1.500000000000000000e+01
2.000000000000000000e+00
6.000000000000000000e+00
2.100000000000000000e+01
-5.000000000000000000e+00
1.600000000000000000e+01
4.200000000000000000e+01
0.000000000000000000e+00
3.400000000000000000e+01
3.200000000000000000e+01
9.000000000000000000e+00
3.400000000000000000e+01
3.500000000000000000e+01
1.000000000000000000e+01
5.300000000000000000e+01
5.000000000000000000e+01
4.800000000000000000e+01
2.700000000000000000e+01
3.000000000000000000e+01
7.100000000000000000e+01
6.500000000000000000e+01
4.800000000000000000e+01
6.700000000000000000e+01
7.300000000000000000e+01
5.500000000000000000e+01
7.200000000000000000e+01
8.800000000000000000e+01
7.300000000000000000e+01
9.000000000000000000e+01
7.700000000000000000e+01
6.700000000000000000e+01
8.100000000000000000e+01
1.170000000000000000e+02
9.900000000000000000e+01
1.380000000000000000e+02
1.130000000000000000e+02
1.330000000000000000e+02
1.270000000000000000e+02
1.580000000000000000e+02
1.240000000000000000e+02
1.640000000000000000e+02
1.880000000000000000e+02
1.460000000000000000e+02
1.730000000000000000e+02
1.830000000000000000e+02
1.870000000000000000e+02
2.410000000000000000e+02
2.300000000000000000e+02
2.510000000000000000e+02
2.500000000000000000e+02
2.960000000000000000e+02
3.050000000000000000e+02
3.180000000000000000e+02
3.310000000000000000e+02
3.720000000000000000e+02
3.760000000000000000e+02
4.020000000000000000e+02
4.090000000000000000e+02
4.120000000000000000e+02
4.710000000000000000e+02
4.090000000000000000e+02
4.510000000000000000e+02
4.800000000000000000e+02
4.710000000000000000e+02
4.770000000000000000e+02
5.300000000000000000e+02
5.630000000000000000e+02
5.910000000000000000e+02
6.120000000000000000e+02
6.710000000000000000e+02
6.930000000000000000e+02
6.870000000000000000e+02
7.390000000000000000e+02
7.540000000000000000e+02
8.140000000000000000e+02
8.190000000000000000e+02
8.430000000000000000e+02
8.560000000000000000e+02
8.780000000000000000e+02
9.230000000000000000e+02
9.410000000000000000e+02
9.720000000000000000e+02
1.014000000000000000e+03
1.018000000000000000e+03
1.079000000000000000e+03
1.067000000000000000e+03
1.121000000000000000e+03
1.080000000000000000e+03
1.150000000000000000e+03
1.170000000000000000e+03
1.197000000000000000e+03
1.217000000000000000e+03
1.281000000000000000e+03
1.264000000000000000e+03
1.294000000000000000e+03
1.327000000000000000e+03
1.350000000000000000e+03
1.354000000000000000e+03
1.377000000000000000e+03
1.372000000000000000e+03
1.349000000000000000e+03
1.465000000000000000e+03
1.403000000000000000e+03
1.481000000000000000e+03
1.462000000000000000e+03
1.479000000000000000e+03
1.512000000000000000e+03
1.550000000000000000e+03
1.560000000000000000e+03
1.620000000000000000e+03
1.571000000000000000e+03
1.610000000000000000e+03
1.593000000000000000e+03
1.633000000000000000e+03
1.644000000000000000e+03
1.611000000000000000e+03
1.604000000000000000e+03
1.616000000000000000e+03
1.606000000000000000e+03
1.633000000000000000e+03
1.587000000000000000e+03
1.615000000000000000e+03
1.562000000000000000e+03
1.530000000000000000e+03
1.540000000000000000e+03
1.508000000000000000e+03
1.506000000000000000e+03
1.472000000000000000e+03
1.441000000000000000e+03
1.396000000000000000e+03
1.435000000000000000e+03
1.411000000000000000e+03
1.406000000000000000e+03
1.419000000000000000e+03
1.340000000000000000e+03
1.330000000000000000e+03
1.346000000000000000e+03
1.349000000000000000e+03
1.310000000000000000e+03
1.325000000000000000e+03
1.318000000000000000e+03
1.301000000000000000e+03
1.301000000000000000e+03
1.264000000000000000e+03
1.254000000000000000e+03
1.238000000000000000e+03
1.228000000000000000e+03
1.222000000000000000e+03
1.146000000000000000e+03
1.147000000000000000e+03
1.121000000000000000e+03
1.117000000000000000e+03
1.058000000000000000e+03
1.058000000000000000e+03
1.023000000000000000e+03
1.004000000000000000e+03
9.530000000000000000e+02
9.680000000000000000e+02
9.250000000000000000e+02
8.900000000000000000e+02
9.160000000000000000e+02
8.090000000000000000e+02
7.950000000000000000e+02
8.160000000000000000e+02
7.750000000000000000e+02
7.070000000000000000e+02
7.670000000000000000e+02
6.600000000000000000e+02
7.040000000000000000e+02
6.400000000000000000e+02
6.620000000000000000e+02
6.150000000000000000e+02
5.550000000000000000e+02
6.120000000000000000e+02
5.960000000000000000e+02
5.490000000000000000e+02
5.070000000000000000e+02
5.200000000000000000e+02
4.940000000000000000e+02
4.800000000000000000e+02
4.450000000000000000e+02
4.690000000000000000e+02
4.390000000000000000e+02
3.870000000000000000e+02
3.800000000000000000e+02
3.580000000000000000e+02
3.290000000000000000e+02
3.560000000000000000e+02
3.030000000000000000e+02
2.700000000000000000e+02
3.140000000000000000e+02
3.020000000000000000e+02
2.600000000000000000e+02
2.520000000000000000e+02
2.220000000000000000e+02
2.270000000000000000e+02
2.550000000000000000e+02
2.530000000000000000e+02
2.210000000000000000e+02
2.060000000000000000e+02
2.210000000000000000e+02
1.880000000000000000e+02
1.810000000000000000e+02
1.590000000000000000e+02
1.480000000000000000e+02
1.500000000000000000e+02
1.530000000000000000e+02
1.480000000000000000e+02
1.330000000000000000e+02
1.160000000000000000e+02
1.500000000000000000e+02
1.060000000000000000e+02
8.400000000000000000e+01
1.130000000000000000e+02
9.400000000000000000e+01
9.500000000000000000e+01
9.000000000000000000e+01
8.400000000000000000e+01
7.000000000000000000e+01
8.200000000000000000e+01
6.000000000000000000e+01
8.500000000000000000e+01
4.700000000000000000e+01
9.400000000000000000e+01
2.600000000000000000e+01
3.700000000000000000e+01
3.300000000000000000e+01
2.300000000000000000e+01
2.600000000000000000e+01
6.500000000000000000e+01
6.200000000000000000e+01
4.100000000000000000e+01
4.300000000000000000e+01
4.300000000000000000e+01
2.800000000000000000e+01
-3.000000000000000000e+00
3.700000000000000000e+01
4.700000000000000000e+01
-1.600000000000000000e+01
1.100000000000000000e+01
9.000000000000000000e+00
3.400000000000000000e+01
4.700000000000000000e+01
1.800000000000000000e+01
2.600000000000000000e+01
1.400000000000000000e+01
-2.000000000000000000e+00
8.000000000000000000e+00
4.000000000000000000e+00
3.100000000000000000e+01
4.000000000000000000e+00
-1.600000000000000000e+01
1.300000000000000000e+01
4.400000000000000000e+01
1.700000000000000000e+01
3.600000000000000000e+01
-3.500000000000000000e+01
3.700000000000000000e+01
1.500000000000000000e+01
1.500000000000000000e+01
-1.700000000000000000e+01
1.000000000000000000e+01
-6.000000000000000000e+00
2.600000000000000000e+01
-6.000000000000000000e+00
0.000000000000000000e+00
4.100000000000000000e+01
-2.000000000000000000e+01
3.800000000000000000e+01
3.200000000000000000e+01
2.000000000000000000e+01
3.800000000000000000e+01
-3.000000000000000000e+00
2.000000000000000000e+00
1.600000000000000000e+01
7.000000000000000000e+00
-8.000000000000000000e+00
6.000000000000000000e+00
-2.000000000000000000e+01
2.000000000000000000e+00
-2.200000000000000000e+01
-1.500000000000000000e+01
2.500000000000000000e+01
-2.300000000000000000e+01
-2.800000000000000000e+01
6.000000000000000000e+00
2.100000000000000000e+01
1.600000000000000000e+01
3.000000000000000000e+00
-1.400000000000000000e+01
2.000000000000000000e+00
-5.000000000000000000e+00
8.000000000000000000e+00
4.000000000000000000e+00
2.200000000000000000e+01
1.100000000000000000e+01
1.500000000000000000e+01
2.100000000000000000e+01
0.000000000000000000e+00
1.500000000000000000e+01
3.000000000000000000e+00
1.000000000000000000e+00
9.000000000000000000e+00
-5.400000000000000000e+01
5.000000000000000000e+00
8.000000000000000000e+00
-2.300000000000000000e+01
9.000000000000000000e+00
1.200000000000000000e+01
3.000000000000000000e+00
2.700000000000000000e+01
4.000000000000000000e+00
-3.300000000000000000e+01
1.100000000000000000e+01
-1.500000000000000000e+01
7.000000000000000000e+00
0.000000000000000000e+00
3.000000000000000000e+00
1.000000000000000000e+00
2.000000000000000000e+00
-1.000000000000000000e+00
-4.000000000000000000e+00
