4.000000000000000000e+00
-6.000000000000000000e+00
6.000000000000000000e+00
0.000000000000000000e+00
-6.000000000000000000e+00
-2.400000000000000000e+01
-2.100000000000000000e+01
1.200000000000000000e+01
1.000000000000000000e+00
-1.100000000000000000e+01
2.000000000000000000e+00
1.600000000000000000e+01
2.000000000000000000e+00
-1.600000000000000000e+01
1.500000000000000000e+01
1.500000000000000000e+01
1.000000000000000000e+01
-5.000000000000000000e+00
1.400000000000000000e+01
-1.000000000000000000e+01
5.000000000000000000e+00
1.800000000000000000e+01
4.000000000000000000e+00
1.700000000000000000e+01
-1.600000000000000000e+01
-1.000000000000000000e+01
3.000000000000000000e+00
0.000000000000000000e+00
3.000000000000000000e+00
4.000000000000000000e+00
-2.500000000000000000e+01
1.400000000000000000e+01
3.500000000000000000e+01
-2.700000000000000000e+01
0.000000000000000000e+00
4.000000000000000000e+00
2.000000000000000000e+00
1.600000000000000000e+01
-1.900000000000000000e+01
1.200000000000000000e+01
-5.000000000000000000e+00
2.100000000000000000e+01
-8.000000000000000000e+00
0.000000000000000000e+00
1.700000000000000000e+01
-2.300000000000000000e+01
6.000000000000000000e+00
-2.800000000000000000e+01
-1.400000000000000000e+01
-9.000000000000000000e+00
1.000000000000000000e+00
6.000000000000000000e+00
-1.700000000000000000e+01
-6.000000000000000000e+00
-2.100000000000000000e+01
-3.000000000000000000e+00
-3.100000000000000000e+01
-9.000000000000000000e+00
2.000000000000000000e+00
2.000000000000000000e+00
2.000000000000000000e+00
-2.000000000000000000e+00
-9.000000000000000000e+00
-2.000000000000000000e+00
-8.000000000000000000e+00
6.000000000000000000e+00
1.500000000000000000e+01
1.800000000000000000e+01
-4.000000000000000000e+00
-2.100000000000000000e+01
-9.000000000000000000e+00
9.000000000000000000e+00
1.000000000000000000e+00
5.000000000000000000e+00
-1.800000000000000000e+01
4.000000000000000000e+00
2.900000000000000000e+01
-1.600000000000000000e+01
9.000000000000000000e+00
-6.000000000000000000e+00
1.300000000000000000e+01
-1.300000000000000000e+01
2.000000000000000000e+00
-1.500000000000000000e+01
6.000000000000000000e+00
-1.300000000000000000e+01
-2.100000000000000000e+01
1.200000000000000000e+01
1.100000000000000000e+01
2.000000000000000000e+00
-1.100000000000000000e+01
1.300000000000000000e+01
-1.600000000000000000e+01
-2.000000000000000000e+01
0.000000000000000000e+00
8.000000000000000000e+00
2.700000000000000000e+01
1.100000000000000000e+01
0.000000000000000000e+00
0.000000000000000000e+00
4.000000000000000000e+00
-2.400000000000000000e+01
-9.000000000000000000e+00
-1.600000000000000000e+01
8.000000000000000000e+00
1.800000000000000000e+01
-2.200000000000000000e+01
1.000000000000000000e+01
-7.000000000000000000e+00
1.700000000000000000e+01
9.000000000000000000e+00
1.600000000000000000e+01
3.000000000000000000e+00
-1.300000000000000000e+01
4.000000000000000000e+00
6.000000000000000000e+00
-6.000000000000000000e+00
1.800000000000000000e+01
5.000000000000000000e+00
-8.000000000000000000e+00
1.100000000000000000e+01
2.000000000000000000e+00
2.500000000000000000e+01
2.000000000000000000e+00
-2.600000000000000000e+01
1.300000000000000000e+01
-2.000000000000000000e+00
9.000000000000000000e+00
-2.700000000000000000e+01
1.900000000000000000e+01
1.000000000000000000e+00
-5.000000000000000000e+00
-1.400000000000000000e+01
5.600000000000000000e+01
-3.300000000000000000e+01
8.000000000000000000e+00
-1.700000000000000000e+01
2.600000000000000000e+01
0.000000000000000000e+00
6.000000000000000000e+00
3.000000000000000000e+00
4.000000000000000000e+00
-1.100000000000000000e+01
-1.600000000000000000e+01
1.000000000000000000e+00
-6.000000000000000000e+00
-1.900000000000000000e+01
0.000000000000000000e+00
1.300000000000000000e+01
-8.000000000000000000e+00
-2.200000000000000000e+01
-1.000000000000000000e+00
0.000000000000000000e+00
1.600000000000000000e+01
-1.500000000000000000e+01
-4.200000000000000000e+01
2.200000000000000000e+01
3.300000000000000000e+01
-4.000000000000000000e+00
1.500000000000000000e+01
-1.000000000000000000e+01
8.000000000000000000e+00
-2.400000000000000000e+01
2.300000000000000000e+01
-1.200000000000000000e+01
-9.000000000000000000e+00
-2.100000000000000000e+01
1.000000000000000000e+00
-1.500000000000000000e+01
-1.000000000000000000e+00
1.700000000000000000e+01
8.000000000000000000e+00
1.500000000000000000e+01
-8.000000000000000000e+00
-2.200000000000000000e+01
-1.100000000000000000e+01
-4.700000000000000000e+01
1.200000000000000000e+01
2.000000000000000000e+01
-4.000000000000000000e+00
5.000000000000000000e+00
-7.000000000000000000e+00
-1.200000000000000000e+01
1.400000000000000000e+01
0.000000000000000000e+00
-1.800000000000000000e+01
-2.600000000000000000e+01
1.200000000000000000e+01
-9.000000000000000000e+00
5.000000000000000000e+00
-2.300000000000000000e+01
-1.900000000000000000e+01
2.100000000000000000e+01
-3.700000000000000000e+01
-1.900000000000000000e+01
-4.000000000000000000e+00
2.700000000000000000e+01
3.400000000000000000e+01
1.500000000000000000e+01
1.500000000000000000e+01
-9.000000000000000000e+00
-1.300000000000000000e+01
-2.300000000000000000e+01
-3.000000000000000000e+01
-4.600000000000000000e+01
-8.000000000000000000e+00
-1.800000000000000000e+01
-8.000000000000000000e+00
1.100000000000000000e+01
-9.000000000000000000e+00
-9.000000000000000000e+00
1.000000000000000000e+00
-8.000000000000000000e+00
2.300000000000000000e+01
-9.000000000000000000e+00
2.000000000000000000e+00
-2.600000000000000000e+01
-5.000000000000000000e+00
-2.000000000000000000e+00
-2.400000000000000000e+01
-3.600000000000000000e+01
5.000000000000000000e+00
-1.000000000000000000e+00
-1.000000000000000000e+00
-6.000000000000000000e+00
-3.700000000000000000e+01
-4.000000000000000000e+00
2.000000000000000000e+00
-6.000000000000000000e+00
-1.800000000000000000e+01
-3.300000000000000000e+01
-1.700000000000000000e+01
1.500000000000000000e+01
-1.400000000000000000e+01
-3.100000000000000000e+01
-1.700000000000000000e+01
1.100000000000000000e+01
0.000000000000000000e+00
-2.800000000000000000e+01
-2.000000000000000000e+01
-1.800000000000000000e+01
-3.400000000000000000e+01
1.600000000000000000e+01
-3.000000000000000000e+00
-1.700000000000000000e+01
2.100000000000000000e+01
-1.600000000000000000e+01
-4.000000000000000000e+00
1.500000000000000000e+01
-7.000000000000000000e+00
-6.000000000000000000e+00
-9.000000000000000000e+00
-1.800000000000000000e+01
-1.000000000000000000e+01
-7.000000000000000000e+00
-1.400000000000000000e+01
-2.400000000000000000e+01
-3.300000000000000000e+01
-4.100000000000000000e+01
-1.100000000000000000e+01
-4.000000000000000000e+00
-2.400000000000000000e+01
-5.000000000000000000e+00
2.000000000000000000e+00
-1.000000000000000000e+00
4.000000000000000000e+00
-5.000000000000000000e+00
1.600000000000000000e+01
1.200000000000000000e+01
-1.600000000000000000e+01
2.400000000000000000e+01
-1.100000000000000000e+01
-2.200000000000000000e+01
-2.400000000000000000e+01
-1.500000000000000000e+01
1.900000000000000000e+01
-1.600000000000000000e+01
1.900000000000000000e+01
-2.800000000000000000e+01
1.000000000000000000e+00
6.000000000000000000e+00
3.000000000000000000e+00
-9.000000000000000000e+00
-1.000000000000000000e+01
2.000000000000000000e+00
3.500000000000000000e+01
2.000000000000000000e+01
2.500000000000000000e+01
1.500000000000000000e+01
-2.000000000000000000e+00
1.000000000000000000e+00
-2.900000000000000000e+01
-2.500000000000000000e+01
-1.700000000000000000e+01
-2.700000000000000000e+01
-1.300000000000000000e+01
1.100000000000000000e+01
6.000000000000000000e+00
1.500000000000000000e+01
-2.100000000000000000e+01
1.400000000000000000e+01
9.000000000000000000e+00
-2.000000000000000000e+01
-2.000000000000000000e+00
1.800000000000000000e+01
1.400000000000000000e+01
-1.200000000000000000e+01
7.000000000000000000e+00
-1.400000000000000000e+01
1.500000000000000000e+01
-4.000000000000000000e+00
-1.700000000000000000e+01
-1.600000000000000000e+01
7.000000000000000000e+00
-2.700000000000000000e+01
7.000000000000000000e+00
-1.000000000000000000e+00
1.200000000000000000e+01
1.200000000000000000e+01
4.000000000000000000e+00
-1.400000000000000000e+01
-1.500000000000000000e+01
-2.000000000000000000e+00
0.000000000000000000e+00
1.400000000000000000e+01
2.200000000000000000e+01
4.000000000000000000e+00
1.000000000000000000e+00
1.000000000000000000e+00
6.000000000000000000e+00
-3.000000000000000000e+00
-2.000000000000000000e+01
-2.100000000000000000e+01
-2.000000000000000000e+00
-2.100000000000000000e+01
3.300000000000000000e+01
-1.000000000000000000e+01
2.900000000000000000e+01
1.300000000000000000e+01
1.000000000000000000e+00
2.300000000000000000e+01
1.000000000000000000e+00
-8.000000000000000000e+00
-3.000000000000000000e+00
-4.600000000000000000e+01
-2.000000000000000000e+00
3.000000000000000000e+00
-1.500000000000000000e+01
1.400000000000000000e+01
-9.000000000000000000e+00
1.000000000000000000e+00
-1.700000000000000000e+01
-1.500000000000000000e+01
2.600000000000000000e+01
1.700000000000000000e+01
4.000000000000000000e+00
-9.000000000000000000e+00
1.100000000000000000e+01
2.200000000000000000e+01
-1.400000000000000000e+01
1.800000000000000000e+01
1.300000000000000000e+01
-2.300000000000000000e+01
-1.600000000000000000e+01
-3.800000000000000000e+01
-5.000000000000000000e+00
-1.300000000000000000e+01
1.200000000000000000e+01
-8.000000000000000000e+00
-2.000000000000000000e+00
-1.400000000000000000e+01
1.200000000000000000e+01
-5.000000000000000000e+00
-1.600000000000000000e+01
-1.000000000000000000e+00
1.500000000000000000e+01
-5.300000000000000000e+01
6.000000000000000000e+00
2.800000000000000000e+01
-1.000000000000000000e+01
-5.000000000000000000e+00
-1.000000000000000000e+00
5.000000000000000000e+00
-1.800000000000000000e+01
2.000000000000000000e+00
-1.500000000000000000e+01
-7.000000000000000000e+00
2.000000000000000000e+01
2.700000000000000000e+01
-3.500000000000000000e+01
-3.000000000000000000e+00
-4.000000000000000000e+00
7.000000000000000000e+00
2.500000000000000000e+01
2.500000000000000000e+01
-2.800000000000000000e+01
-2.400000000000000000e+01
1.300000000000000000e+01
9.000000000000000000e+00
1.400000000000000000e+01
-1.400000000000000000e+01
1.800000000000000000e+01
1.400000000000000000e+01
1.700000000000000000e+01
1.000000000000000000e+01
-8.000000000000000000e+00
4.000000000000000000e+00
-2.000000000000000000e+00
-1.200000000000000000e+01
8.000000000000000000e+00
-6.000000000000000000e+00
-2.300000000000000000e+01
-5.000000000000000000e+00
-5.000000000000000000e+01
2.900000000000000000e+01
4.000000000000000000e+00
9.000000000000000000e+00
-3.500000000000000000e+01
1.000000000000000000e+00
-1.600000000000000000e+01
-9.000000000000000000e+00
-1.800000000000000000e+01
1.000000000000000000e+01
-6.000000000000000000e+00
-9.000000000000000000e+00
-6.000000000000000000e+00
1.300000000000000000e+01
-2.000000000000000000e+00
1.200000000000000000e+01
1.000000000000000000e+01
4.000000000000000000e+00
-5.000000000000000000e+00
-1.000000000000000000e+00
-2.600000000000000000e+01
7.000000000000000000e+00
-2.400000000000000000e+01
-6.000000000000000000e+00
-1.100000000000000000e+01
-2.100000000000000000e+01
-1.000000000000000000e+00
-1.000000000000000000e+01
-1.800000000000000000e+01
2.100000000000000000e+01
-6.000000000000000000e+00
1.500000000000000000e+01
-8.000000000000000000e+00
1.300000000000000000e+01
8.000000000000000000e+00
9.000000000000000000e+00
-2.200000000000000000e+01
-2.000000000000000000e+00
-1.500000000000000000e+01
-1.800000000000000000e+01
2.900000000000000000e+01
6.000000000000000000e+00
6.000000000000000000e+00
1.800000000000000000e+01
5.000000000000000000e+00
2.900000000000000000e+01
1.000000000000000000e+00
5.000000000000000000e+00
2.400000000000000000e+01
2.300000000000000000e+01
-1.000000000000000000e+00
4.000000000000000000e+00
5.000000000000000000e+00
2.100000000000000000e+01
2.000000000000000000e+01
-1.000000000000000000e+00
-1.200000000000000000e+01
-1.400000000000000000e+01
-8.000000000000000000e+00
0.000000000000000000e+00
-2.000000000000000000e+00
-3.300000000000000000e+01
-4.000000000000000000e+00
-1.000000000000000000e+01
2.700000000000000000e+01
0.000000000000000000e+00
1.100000000000000000e+01
0.000000000000000000e+00
-1.000000000000000000e+01
0.000000000000000000e+00
-7.000000000000000000e+00
1.100000000000000000e+01
5.000000000000000000e+00
1.500000000000000000e+01
-3.000000000000000000e+01
9.000000000000000000e+00
0.000000000000000000e+00
-1.200000000000000000e+01
1.000000000000000000e+00
4.000000000000000000e+00
0.000000000000000000e+00
-6.000000000000000000e+00
-2.000000000000000000e+00
-4.000000000000000000e+00
2.900000000000000000e+01
1.600000000000000000e+01
-4.000000000000000000e+01
-1.400000000000000000e+01
-1.800000000000000000e+01
-7.000000000000000000e+00
-1.300000000000000000e+01
1.000000000000000000e+01
1.400000000000000000e+01
5.000000000000000000e+00
-2.300000000000000000e+01
2.700000000000000000e+01
1.400000000000000000e+01
-2.000000000000000000e+00
2.100000000000000000e+01
-1.100000000000000000e+01
5.000000000000000000e+00
9.000000000000000000e+00
-1.000000000000000000e+00
2.000000000000000000e+00
-1.000000000000000000e+00
-1.000000000000000000e+00
-1.000000000000000000e+00
7.000000000000000000e+00
4.000000000000000000e+00
-5.000000000000000000e+00
-5.000000000000000000e+01
2.000000000000000000e+00
8.000000000000000000e+00
-8.000000000000000000e+00
2.600000000000000000e+01
1.900000000000000000e+01
-7.000000000000000000e+00
-2.200000000000000000e+01
2.600000000000000000e+01
6.000000000000000000e+00
6.000000000000000000e+00
-5.000000000000000000e+00
1.800000000000000000e+01
1.900000000000000000e+01
4.200000000000000000e+01
2.100000000000000000e+01
1.800000000000000000e+01
1.200000000000000000e+01
-8.000000000000000000e+00
2.000000000000000000e+00
7.000000000000000000e+00
1.100000000000000000e+01
2.800000000000000000e+01
-3.000000000000000000e+01
-1.000000000000000000e+00
-1.000000000000000000e+00
3.100000000000000000e+01
-2.200000000000000000e+01
1.600000000000000000e+01
-2.900000000000000000e+01
-1.600000000000000000e+01
2.100000000000000000e+01
1.600000000000000000e+01
-5.000000000000000000e+00
-2.000000000000000000e+00
4.000000000000000000e+00
-5.000000000000000000e+00
-1.400000000000000000e+01
-1.300000000000000000e+01
-8.000000000000000000e+00
4.000000000000000000e+00
9.000000000000000000e+00
0.000000000000000000e+00
9.000000000000000000e+00
7.000000000000000000e+00
-1.700000000000000000e+01
2.500000000000000000e+01
4.000000000000000000e+00
-1.300000000000000000e+01
-1.300000000000000000e+01
2.200000000000000000e+01
8.000000000000000000e+00
1.200000000000000000e+01
2.100000000000000000e+01
3.600000000000000000e+01
6.000000000000000000e+00
-1.600000000000000000e+01
-1.000000000000000000e+00
1.200000000000000000e+01
-2.000000000000000000e+00
-1.900000000000000000e+01
-1.000000000000000000e+01
-1.000000000000000000e+00
1.100000000000000000e+01
-9.000000000000000000e+00
-8.000000000000000000e+00
-3.000000000000000000e+00
5.000000000000000000e+00
-1.500000000000000000e+01
1.300000000000000000e+01
1.300000000000000000e+01
-2.700000000000000000e+01
1.500000000000000000e+01
-1.100000000000000000e+01
-1.700000000000000000e+01
1.000000000000000000e+01
-2.000000000000000000e+00
1.000000000000000000e+00
-1.600000000000000000e+01
3.800000000000000000e+01
-6.000000000000000000e+00
-1.400000000000000000e+01
-1.600000000000000000e+01
5.100000000000000000e+01
2.000000000000000000e+00
-2.600000000000000000e+01
1.200000000000000000e+01
-2.300000000000000000e+01
-3.300000000000000000e+01
2.000000000000000000e+01
4.000000000000000000e+00
3.000000000000000000e+01
3.500000000000000000e+01
-1.000000000000000000e+00
1.800000000000000000e+01
1.600000000000000000e+01
1.000000000000000000e+00
6.000000000000000000e+00
2.000000000000000000e+00
1.200000000000000000e+01
1.100000000000000000e+01
6.000000000000000000e+00
5.000000000000000000e+00
4.700000000000000000e+01
1.500000000000000000e+01
6.000000000000000000e+00
2.200000000000000000e+01
-1.200000000000000000e+01
-3.800000000000000000e+01
2.000000000000000000e+00
-8.000000000000000000e+00
-5.000000000000000000e+00
3.300000000000000000e+01
1.300000000000000000e+01
2.000000000000000000e+00
-3.900000000000000000e+01
3.300000000000000000e+01
1.000000000000000000e+01
-1.600000000000000000e+01
2.600000000000000000e+01
-1.000000000000000000e+00
4.300000000000000000e+01
-8.000000000000000000e+00
-2.200000000000000000e+01
3.900000000000000000e+01
-1.500000000000000000e+01
3.500000000000000000e+01
2.500000000000000000e+01
-1.100000000000000000e+01
4.400000000000000000e+01
1.200000000000000000e+01
-7.000000000000000000e+00
8.000000000000000000e+00
8.000000000000000000e+00
3.100000000000000000e+01
3.800000000000000000e+01
3.000000000000000000e+00
1.200000000000000000e+01
2.200000000000000000e+01
1.500000000000000000e+01
2.900000000000000000e+01
-1.800000000000000000e+01
7.100000000000000000e+01
1.700000000000000000e+01
-4.000000000000000000e+00
2.000000000000000000e+01
-9.000000000000000000e+00
3.000000000000000000e+00
-8.000000000000000000e+00
1.300000000000000000e+01
2.000000000000000000e+00
-1.400000000000000000e+01
4.000000000000000000e+00
2.500000000000000000e+01
-6.000000000000000000e+00
7.000000000000000000e+00
1.500000000000000000e+01
2.300000000000000000e+01
1.600000000000000000e+01
1.000000000000000000e+01
2.000000000000000000e+00
7.000000000000000000e+00
-1.000000000000000000e+01
1.100000000000000000e+01
-4.000000000000000000e+00
2.100000000000000000e+01
2.000000000000000000e+01
1.600000000000000000e+01
-1.200000000000000000e+01
3.600000000000000000e+01
2.200000000000000000e+01
1.200000000000000000e+01
2.700000000000000000e+01
-8.000000000000000000e+00
-8.000000000000000000e+00
2.400000000000000000e+01
-8.000000000000000000e+00
9.000000000000000000e+00
1.400000000000000000e+01
2.000000000000000000e+00
8.000000000000000000e+00
9.000000000000000000e+00
2.000000000000000000e+01
1.400000000000000000e+01
1.600000000000000000e+01
6.000000000000000000e+00
1.800000000000000000e+01
-3.500000000000000000e+01
1.400000000000000000e+01
2.500000000000000000e+01
2.900000000000000000e+01
7.000000000000000000e+00
1.500000000000000000e+01
6.000000000000000000e+00
1.800000000000000000e+01
4.100000000000000000e+01
3.100000000000000000e+01
-1.300000000000000000e+01
2.900000000000000000e+01
2.000000000000000000e+01
-1.000000000000000000e+01
1.000000000000000000e+01
1.700000000000000000e+01
-1.000000000000000000e+00
-4.100000000000000000e+01
1.900000000000000000e+01
-3.000000000000000000e+00
1.200000000000000000e+01
1.500000000000000000e+01
-5.000000000000000000e+00
1.000000000000000000e+00
1.100000000000000000e+01
-1.600000000000000000e+01
5.200000000000000000e+01
1.500000000000000000e+01
-3.100000000000000000e+01
5.000000000000000000e+00
8.000000000000000000e+00
4.400000000000000000e+01
3.500000000000000000e+01
2.500000000000000000e+01
1.100000000000000000e+01
4.500000000000000000e+01
6.000000000000000000e+00
4.400000000000000000e+01
3.200000000000000000e+01
7.000000000000000000e+00
1.300000000000000000e+01
1.400000000000000000e+01
2.000000000000000000e+01
1.100000000000000000e+01
4.000000000000000000e+01
1.100000000000000000e+01
3.600000000000000000e+01
-5.000000000000000000e+00
3.300000000000000000e+01
1.500000000000000000e+01
1.200000000000000000e+01
-1.300000000000000000e+01
4.000000000000000000e+01
8.000000000000000000e+00
1.800000000000000000e+01
2.100000000000000000e+01
2.400000000000000000e+01
1.100000000000000000e+01
3.500000000000000000e+01
2.000000000000000000e+01
-1.400000000000000000e+01
4.400000000000000000e+01
1.000000000000000000e+01
5.400000000000000000e+01
1.400000000000000000e+01
-1.400000000000000000e+01
3.800000000000000000e+01
1.300000000000000000e+01
1.000000000000000000e+01
8.000000000000000000e+00
1.100000000000000000e+01
2.700000000000000000e+01
2.200000000000000000e+01
3.000000000000000000e+01
4.500000000000000000e+01
1.400000000000000000e+01
1.400000000000000000e+01
3.100000000000000000e+01
2.600000000000000000e+01
3.100000000000000000e+01
-1.300000000000000000e+01
3.000000000000000000e+01
5.100000000000000000e+01
2.900000000000000000e+01
3.400000000000000000e+01
-2.000000000000000000e+00
3.000000000000000000e+01
3.400000000000000000e+01
6.000000000000000000e+00
-3.000000000000000000e+00
1.600000000000000000e+01
3.000000000000000000e+01
1.000000000000000000e+01
1.100000000000000000e+01
9.000000000000000000e+00
3.600000000000000000e+01
-3.000000000000000000e+00
2.600000000000000000e+01
1.600000000000000000e+01
2.300000000000000000e+01
8.000000000000000000e+00
2.800000000000000000e+01
1.600000000000000000e+01
1.100000000000000000e+01
3.600000000000000000e+01
8.000000000000000000e+00
4.500000000000000000e+01
-1.500000000000000000e+01
2.200000000000000000e+01
3.100000000000000000e+01
2.100000000000000000e+01
4.300000000000000000e+01
-6.000000000000000000e+00
1.300000000000000000e+01
1.800000000000000000e+01
-1.300000000000000000e+01
5.000000000000000000e+00
3.200000000000000000e+01
5.300000000000000000e+01
2.100000000000000000e+01
7.000000000000000000e+00
1.200000000000000000e+01
2.500000000000000000e+01
4.000000000000000000e+01
1.400000000000000000e+01
3.400000000000000000e+01
2.200000000000000000e+01
2.100000000000000000e+01
-5.000000000000000000e+00
2.200000000000000000e+01
3.600000000000000000e+01
3.100000000000000000e+01
2.700000000000000000e+01
3.100000000000000000e+01
1.300000000000000000e+01
2.900000000000000000e+01
7.000000000000000000e+00
4.700000000000000000e+01
3.000000000000000000e+01
1.800000000000000000e+01
3.000000000000000000e+00
3.400000000000000000e+01
2.900000000000000000e+01
5.000000000000000000e+00
3.600000000000000000e+01
3.000000000000000000e+01
6.000000000000000000e+00
7.000000000000000000e+00
7.000000000000000000e+00
3.200000000000000000e+01
3.700000000000000000e+01
4.500000000000000000e+01
2.400000000000000000e+01
5.800000000000000000e+01
1.400000000000000000e+01
3.500000000000000000e+01
-9.000000000000000000e+00
-4.000000000000000000e+00
5.500000000000000000e+01
3.100000000000000000e+01
4.000000000000000000e+00
4.500000000000000000e+01
3.800000000000000000e+01
4.300000000000000000e+01
5.700000000000000000e+01
5.300000000000000000e+01
4.500000000000000000e+01
3.800000000000000000e+01
4.100000000000000000e+01
6.300000000000000000e+01
4.000000000000000000e+01
6.700000000000000000e+01
9.500000000000000000e+01
6.000000000000000000e+01
1.000000000000000000e+02
8.900000000000000000e+01
7.500000000000000000e+01
1.180000000000000000e+02
1.390000000000000000e+02
1.410000000000000000e+02
1.660000000000000000e+02
2.020000000000000000e+02
2.070000000000000000e+02
2.290000000000000000e+02
2.870000000000000000e+02
3.410000000000000000e+02
3.370000000000000000e+02
4.110000000000000000e+02
4.820000000000000000e+02
5.500000000000000000e+02
6.100000000000000000e+02
6.900000000000000000e+02
7.510000000000000000e+02
8.960000000000000000e+02
9.620000000000000000e+02
1.055000000000000000e+03
1.225000000000000000e+03
1.326000000000000000e+03
1.519000000000000000e+03
1.554000000000000000e+03
1.827000000000000000e+03
1.892000000000000000e+03
2.113000000000000000e+03
2.299000000000000000e+03
2.440000000000000000e+03
2.601000000000000000e+03
2.889000000000000000e+03
3.094000000000000000e+03
3.290000000000000000e+03
3.443000000000000000e+03
3.650000000000000000e+03
3.794000000000000000e+03
3.968000000000000000e+03
4.147000000000000000e+03
4.298000000000000000e+03
4.519000000000000000e+03
4.552000000000000000e+03
4.753000000000000000e+03
4.845000000000000000e+03
4.969000000000000000e+03
4.974000000000000000e+03
5.050000000000000000e+03
5.086000000000000000e+03
5.198000000000000000e+03
5.139000000000000000e+03
5.085000000000000000e+03
5.172000000000000000e+03
5.082000000000000000e+03
4.987000000000000000e+03
4.876000000000000000e+03
4.835000000000000000e+03
4.693000000000000000e+03
4.550000000000000000e+03
4.495000000000000000e+03
4.269000000000000000e+03
4.101000000000000000e+03
3.975000000000000000e+03
3.776000000000000000e+03
3.628000000000000000e+03
3.441000000000000000e+03
3.198000000000000000e+03
3.052000000000000000e+03
2.841000000000000000e+03
2.669000000000000000e+03
2.482000000000000000e+03
2.324000000000000000e+03
2.151000000000000000e+03
1.982000000000000000e+03
1.828000000000000000e+03
1.650000000000000000e+03
1.507000000000000000e+03
1.392000000000000000e+03
1.187000000000000000e+03
1.131000000000000000e+03
1.031000000000000000e+03
8.590000000000000000e+02
7.570000000000000000e+02
6.980000000000000000e+02
6.180000000000000000e+02
5.580000000000000000e+02
4.710000000000000000e+02
4.260000000000000000e+02
3.790000000000000000e+02
2.820000000000000000e+02
2.840000000000000000e+02
2.380000000000000000e+02
2.070000000000000000e+02
1.600000000000000000e+02
1.600000000000000000e+02
1.130000000000000000e+02
1.090000000000000000e+02
6.500000000000000000e+01
8.800000000000000000e+01
6.000000000000000000e+01
8.900000000000000000e+01
5.700000000000000000e+01
3.300000000000000000e+01
1.400000000000000000e+01
3.600000000000000000e+01
2.300000000000000000e+01
2.000000000000000000e+01
1.400000000000000000e+01
6.500000000000000000e+01
2.900000000000000000e+01
3.800000000000000000e+01
-1.000000000000000000e+00
2.500000000000000000e+01
5.500000000000000000e+01
2.300000000000000000e+01
4.100000000000000000e+01
1.000000000000000000e+01
3.400000000000000000e+01
1.000000000000000000e+01
5.200000000000000000e+01
-2.000000000000000000e+00
1.900000000000000000e+01
1.400000000000000000e+01
2.600000000000000000e+01
-1.900000000000000000e+01
2.400000000000000000e+01
3.200000000000000000e+01
1.200000000000000000e+01
2.600000000000000000e+01
2.300000000000000000e+01
2.800000000000000000e+01
-7.000000000000000000e+00
3.200000000000000000e+01
-9.000000000000000000e+00
-1.400000000000000000e+01
-4.000000000000000000e+00
2.000000000000000000e+01
1.300000000000000000e+01
1.800000000000000000e+01
5.000000000000000000e+00
7.000000000000000000e+00
-8.000000000000000000e+00
4.000000000000000000e+01
1.000000000000000000e+01
0.000000000000000000e+00
-6.000000000000000000e+00
8.000000000000000000e+00
2.400000000000000000e+01
2.400000000000000000e+01
-6.000000000000000000e+00
4.100000000000000000e+01
1.000000000000000000e+01
3.100000000000000000e+01
1.900000000000000000e+01
3.100000000000000000e+01
2.300000000000000000e+01
1.600000000000000000e+01
3.100000000000000000e+01
-1.200000000000000000e+01
2.100000000000000000e+01
3.300000000000000000e+01
1.500000000000000000e+01
4.000000000000000000e+01
1.200000000000000000e+01
-5.000000000000000000e+00
2.600000000000000000e+01
2.900000000000000000e+01
3.500000000000000000e+01
3.800000000000000000e+01
2.100000000000000000e+01
2.600000000000000000e+01
2.500000000000000000e+01
4.500000000000000000e+01
1.400000000000000000e+01
8.000000000000000000e+00
1.000000000000000000e+00
-3.000000000000000000e+00
8.000000000000000000e+00
1.100000000000000000e+01
1.300000000000000000e+01
1.500000000000000000e+01
2.000000000000000000e+01
-8.000000000000000000e+00
2.100000000000000000e+01
1.500000000000000000e+01
3.100000000000000000e+01
4.200000000000000000e+01
9.000000000000000000e+00
-3.000000000000000000e+00
1.100000000000000000e+01
-1.200000000000000000e+01
-1.000000000000000000e+00
3.000000000000000000e+00
-2.000000000000000000e+00
3.900000000000000000e+01
1.300000000000000000e+01
6.000000000000000000e+00
2.600000000000000000e+01
1.000000000000000000e+00
-2.800000000000000000e+01
2.100000000000000000e+01
2.000000000000000000e+00
-1.600000000000000000e+01
1.700000000000000000e+01
-1.300000000000000000e+01
6.000000000000000000e+00
-1.300000000000000000e+01
1.600000000000000000e+01
2.400000000000000000e+01
-5.000000000000000000e+00
1.200000000000000000e+01
2.200000000000000000e+01
1.400000000000000000e+01
5.000000000000000000e+00
1.300000000000000000e+01
2.300000000000000000e+01
-8.000000000000000000e+00
1.000000000000000000e+00
2.400000000000000000e+01
3.400000000000000000e+01
-4.000000000000000000e+00
1.000000000000000000e+01
2.200000000000000000e+01
1.900000000000000000e+01
2.800000000000000000e+01
-1.300000000000000000e+01
1.500000000000000000e+01
1.700000000000000000e+01
2.400000000000000000e+01
1.900000000000000000e+01
1.800000000000000000e+01
2.300000000000000000e+01
2.000000000000000000e+01
1.800000000000000000e+01
1.700000000000000000e+01
-2.100000000000000000e+01
2.200000000000000000e+01
-1.700000000000000000e+01
2.800000000000000000e+01
0.000000000000000000e+00
2.500000000000000000e+01
2.600000000000000000e+01
1.900000000000000000e+01
1.200000000000000000e+01
4.000000000000000000e+00
-1.000000000000000000e+00
3.000000000000000000e+00
-5.000000000000000000e+00
2.300000000000000000e+01
4.000000000000000000e+00
1.200000000000000000e+01
3.300000000000000000e+01
8.000000000000000000e+00
1.000000000000000000e+01
1.100000000000000000e+01
-1.700000000000000000e+01
2.800000000000000000e+01
6.000000000000000000e+00
2.800000000000000000e+01
8.000000000000000000e+00
6.000000000000000000e+00
-7.000000000000000000e+00
2.100000000000000000e+01
1.700000000000000000e+01
6.000000000000000000e+00
-1.100000000000000000e+01
8.000000000000000000e+00
2.600000000000000000e+01
6.000000000000000000e+00
1.100000000000000000e+01
6.000000000000000000e+00
-4.000000000000000000e+00
2.000000000000000000e+01
3.000000000000000000e+01
4.000000000000000000e+00
-1.000000000000000000e+01
1.900000000000000000e+01
2.900000000000000000e+01
7.000000000000000000e+00
9.000000000000000000e+00
1.700000000000000000e+01
1.400000000000000000e+01
2.000000000000000000e+00
3.400000000000000000e+01
2.400000000000000000e+01
4.000000000000000000e+00
1.400000000000000000e+01
-1.100000000000000000e+01
9.000000000000000000e+00
9.000000000000000000e+00
-8.000000000000000000e+00
-1.500000000000000000e+01
-1.100000000000000000e+01
0.000000000000000000e+00
2.800000000000000000e+01
-4.000000000000000000e+00
1.000000000000000000e+01
9.000000000000000000e+00
-8.000000000000000000e+00
1.800000000000000000e+01
-2.500000000000000000e+01
4.000000000000000000e+00
-8.000000000000000000e+00
-5.400000000000000000e+01
1.900000000000000000e+01
2.100000000000000000e+01
-8.000000000000000000e+00
-9.000000000000000000e+00
-2.600000000000000000e+01
-9.000000000000000000e+00
1.400000000000000000e+01
3.000000000000000000e+00
-3.000000000000000000e+00
1.000000000000000000e+01
1.000000000000000000e+00
3.000000000000000000e+00
-1.400000000000000000e+01
1.800000000000000000e+01
1.400000000000000000e+01
9.000000000000000000e+00
-3.000000000000000000e+00
-2.200000000000000000e+01
-7.000000000000000000e+00
-4.000000000000000000e+00
-2.000000000000000000e+00
2.500000000000000000e+01
-2.000000000000000000e+01
-1.100000000000000000e+01
-1.300000000000000000e+01
5.700000000000000000e+01
2.700000000000000000e+01
1.600000000000000000e+01
-1.300000000000000000e+01
9.000000000000000000e+00
-2.000000000000000000e+01
8.000000000000000000e+00
1.000000000000000000e+00
7.000000000000000000e+00
0.000000000000000000e+00
9.000000000000000000e+00
-4.000000000000000000e+00
3.100000000000000000e+01
-2.000000000000000000e+01
-2.800000000000000000e+01
-3.100000000000000000e+01
-1.000000000000000000e+01
-3.400000000000000000e+01
-5.000000000000000000e+00
1.400000000000000000e+01
2.300000000000000000e+01
4.100000000000000000e+01
-1.700000000000000000e+01
7.000000000000000000e+00
4.000000000000000000e+00
-3.300000000000000000e+01
3.000000000000000000e+00
-1.000000000000000000e+00
-1.600000000000000000e+01
-6.000000000000000000e+00
7.300000000000000000e+01
-2.300000000000000000e+01
1.700000000000000000e+01
9.000000000000000000e+00
-1.500000000000000000e+01
6.000000000000000000e+00
-1.900000000000000000e+01
3.200000000000000000e+01
8.000000000000000000e+00
0.000000000000000000e+00
2.600000000000000000e+01
-1.300000000000000000e+01
9.000000000000000000e+00
5.000000000000000000e+00
-2.200000000000000000e+01
5.000000000000000000e+00
7.000000000000000000e+00
6.000000000000000000e+00
6.000000000000000000e+00
6.000000000000000000e+00
1.700000000000000000e+01
-1.000000000000000000e+00
7.000000000000000000e+00
5.000000000000000000e+00
2.600000000000000000e+01
2.700000000000000000e+01
-9.000000000000000000e+00
2.500000000000000000e+01
3.000000000000000000e+00
5.000000000000000000e+00
6.000000000000000000e+00
2.500000000000000000e+01
3.000000000000000000e+00
1.300000000000000000e+01
-5.000000000000000000e+00
-7.000000000000000000e+00
1.000000000000000000e+01
2.200000000000000000e+01
-9.000000000000000000e+00
-3.000000000000000000e+01
1.500000000000000000e+01
-1.300000000000000000e+01
6.000000000000000000e+00
2.000000000000000000e+00
1.100000000000000000e+01
1.500000000000000000e+01
0.000000000000000000e+00
-1.500000000000000000e+01
-5.000000000000000000e+00
0.000000000000000000e+00
2.000000000000000000e+01
3.400000000000000000e+01
1.400000000000000000e+01
6.000000000000000000e+00
-1.300000000000000000e+01
8.000000000000000000e+00
-1.000000000000000000e+01
7.000000000000000000e+00
-1.000000000000000000e+00
-9.000000000000000000e+00
1.300000000000000000e+01
2.800000000000000000e+01
-1.400000000000000000e+01
-3.200000000000000000e+01
-6.000000000000000000e+00
-1.400000000000000000e+01
1.100000000000000000e+01
-5.000000000000000000e+00
6.000000000000000000e+00
2.400000000000000000e+01
2.000000000000000000e+01
7.000000000000000000e+00
-2.300000000000000000e+01
1.000000000000000000e+01
-3.000000000000000000e+00
-2.000000000000000000e+00
7.000000000000000000e+00
-9.000000000000000000e+00
-1.100000000000000000e+01
-8.000000000000000000e+00
2.000000000000000000e+00
-5.000000000000000000e+00
-7.000000000000000000e+00
-4.000000000000000000e+00
-1.700000000000000000e+01
3.100000000000000000e+01
-2.200000000000000000e+01
3.000000000000000000e+00
-1.900000000000000000e+01
-7.000000000000000000e+00
1.800000000000000000e+01
1.300000000000000000e+01
-2.200000000000000000e+01
-3.000000000000000000e+00
-4.000000000000000000e+00
8.000000000000000000e+00
-2.000000000000000000e+01
1.600000000000000000e+01
-2.000000000000000000e+00
-1.500000000000000000e+01
-2.000000000000000000e+00
-2.000000000000000000e+00
2.100000000000000000e+01
1.400000000000000000e+01
3.000000000000000000e+00
-1.200000000000000000e+01
-1.700000000000000000e+01
-1.900000000000000000e+01
-1.800000000000000000e+01
-2.900000000000000000e+01
-1.200000000000000000e+01
1.700000000000000000e+01
-2.400000000000000000e+01
-7.000000000000000000e+00
2.300000000000000000e+01
-7.000000000000000000e+00
-1.100000000000000000e+01
2.400000000000000000e+01
2.000000000000000000e+00
-4.000000000000000000e+00
-1.100000000000000000e+01
-1.000000000000000000e+00
-1.100000000000000000e+01
2.500000000000000000e+01
1.400000000000000000e+01
-2.800000000000000000e+01
1.500000000000000000e+01
-2.200000000000000000e+01
9.000000000000000000e+00
-3.000000000000000000e+01
8.000000000000000000e+00
1.200000000000000000e+01
-4.000000000000000000e+00
9.000000000000000000e+00
-1.500000000000000000e+01
1.100000000000000000e+01
-1.400000000000000000e+01
-2.000000000000000000e+00
-5.000000000000000000e+00
-1.300000000000000000e+01
-1.100000000000000000e+01
-1.100000000000000000e+01
1.100000000000000000e+01
-2.000000000000000000e+00
1.000000000000000000e+01
-1.600000000000000000e+01
1.000000000000000000e+01
6.000000000000000000e+00
5.000000000000000000e+00
5.000000000000000000e+00
-3.000000000000000000e+00
2.300000000000000000e+01
8.000000000000000000e+00
-1.100000000000000000e+01
-1.200000000000000000e+01
-9.000000000000000000e+00
-3.900000000000000000e+01
1.400000000000000000e+01
-3.300000000000000000e+01
4.000000000000000000e+00
1.400000000000000000e+01
-2.200000000000000000e+01
8.000000000000000000e+00
-5.000000000000000000e+00
8.000000000000000000e+00
5.000000000000000000e+00
3.000000000000000000e+01
2.500000000000000000e+01
1.000000000000000000e+00
2.200000000000000000e+01
3.300000000000000000e+01
-3.000000000000000000e+00
1.400000000000000000e+01
2.600000000000000000e+01
8.000000000000000000e+00
4.000000000000000000e+00
-1.300000000000000000e+01
-1.300000000000000000e+01
-3.000000000000000000e+00
-1.000000000000000000e+00
0.000000000000000000e+00
0.000000000000000000e+00
-1.900000000000000000e+01
-2.000000000000000000e+00
-1.200000000000000000e+01
-1.000000000000000000e+01
-1.600000000000000000e+01
6.000000000000000000e+00
4.000000000000000000e+00
2.600000000000000000e+01
-1.100000000000000000e+01
1.200000000000000000e+01
-2.300000000000000000e+01
8.000000000000000000e+00
-2.200000000000000000e+01
-3.000000000000000000e+01
9.000000000000000000e+00
-3.100000000000000000e+01
-6.000000000000000000e+00
1.500000000000000000e+01
-1.200000000000000000e+01
-1.300000000000000000e+01
-1.300000000000000000e+01
3.100000000000000000e+01
-5.000000000000000000e+00
7.000000000000000000e+00
4.800000000000000000e+01
-1.500000000000000000e+01
9.000000000000000000e+00
-6.000000000000000000e+00
-2.600000000000000000e+01
-3.300000000000000000e+01
-3.000000000000000000e+00
-3.000000000000000000e+00
0.000000000000000000e+00
-1.100000000000000000e+01
1.200000000000000000e+01
3.000000000000000000e+00
1.300000000000000000e+01
-2.000000000000000000e+00
1.700000000000000000e+01
4.000000000000000000e+00
-1.700000000000000000e+01
1.400000000000000000e+01
-2.000000000000000000e+00
9.000000000000000000e+00
6.000000000000000000e+00
2.400000000000000000e+01
1.900000000000000000e+01
9.000000000000000000e+00
1.600000000000000000e+01
7.000000000000000000e+00
-1.200000000000000000e+01
1.000000000000000000e+01
2.600000000000000000e+01
-7.000000000000000000e+00
-1.400000000000000000e+01
-2.500000000000000000e+01
-1.600000000000000000e+01
-1.100000000000000000e+01
-1.500000000000000000e+01
1.900000000000000000e+01
4.000000000000000000e+00
-7.000000000000000000e+00
-1.000000000000000000e+01
-2.000000000000000000e+01
-3.000000000000000000e+00
1.700000000000000000e+01
4.000000000000000000e+00
2.000000000000000000e+00
-1.000000000000000000e+00
-1.000000000000000000e+01
2.000000000000000000e+00
3.800000000000000000e+01
-3.000000000000000000e+00
9.000000000000000000e+00
-6.000000000000000000e+00
2.300000000000000000e+01
2.000000000000000000e+00
-5.000000000000000000e+00
-8.000000000000000000e+00
-6.000000000000000000e+00
1.500000000000000000e+01
2.600000000000000000e+01
1.000000000000000000e+00
-1.000000000000000000e+00
-2.500000000000000000e+01
-1.300000000000000000e+01
-2.200000000000000000e+01
-2.000000000000000000e+01
1.400000000000000000e+01
-1.100000000000000000e+01
7.000000000000000000e+00
-8.000000000000000000e+00
-1.000000000000000000e+01
-4.100000000000000000e+01
7.000000000000000000e+00
-2.400000000000000000e+01
3.000000000000000000e+00
1.000000000000000000e+01
1.900000000000000000e+01
-1.400000000000000000e+01
4.000000000000000000e+00
-1.000000000000000000e+00
-1.600000000000000000e+01
-1.700000000000000000e+01
-8.000000000000000000e+00
0.000000000000000000e+00
0.000000000000000000e+00
-2.000000000000000000e+00
-3.000000000000000000e+00
-1.100000000000000000e+01
-1.600000000000000000e+01
7.000000000000000000e+00
-4.000000000000000000e+00
-1.900000000000000000e+01
7.000000000000000000e+00
-1.800000000000000000e+01
7.000000000000000000e+00
2.800000000000000000e+01
-4.000000000000000000e+00
-1.400000000000000000e+01
-1.300000000000000000e+01
-6.000000000000000000e+00
-5.000000000000000000e+00
3.500000000000000000e+01
1.000000000000000000e+00
-1.100000000000000000e+01
-8.000000000000000000e+00
9.000000000000000000e+00
1.600000000000000000e+01
-3.000000000000000000e+00
9.000000000000000000e+00
-7.000000000000000000e+00
6.000000000000000000e+00
2.500000000000000000e+01
1.000000000000000000e+01
5.000000000000000000e+00
1.100000000000000000e+01
-2.500000000000000000e+01
-7.000000000000000000e+00
-1.800000000000000000e+01
-5.000000000000000000e+00
0.000000000000000000e+00
3.000000000000000000e+00
2.000000000000000000e+00
9.000000000000000000e+00
-1.100000000000000000e+01
1.900000000000000000e+01
-3.000000000000000000e+00
6.000000000000000000e+00
2.100000000000000000e+01
-2.200000000000000000e+01
-5.000000000000000000e+00
-9.000000000000000000e+00
-4.000000000000000000e+00
7.000000000000000000e+00
-2.000000000000000000e+00
1.000000000000000000e+00
1.600000000000000000e+01
-1.000000000000000000e+01
1.100000000000000000e+01
9.000000000000000000e+00
-1.300000000000000000e+01
8.000000000000000000e+00
1.100000000000000000e+01
1.100000000000000000e+01
-3.900000000000000000e+01
2.000000000000000000e+00
2.000000000000000000e+00
-3.400000000000000000e+01
-4.000000000000000000e+00
-1.800000000000000000e+01
-1.400000000000000000e+01
-1.000000000000000000e+00
-2.800000000000000000e+01
0.000000000000000000e+00
-1.700000000000000000e+01
2.100000000000000000e+01
-9.000000000000000000e+00
-2.100000000000000000e+01
-2.000000000000000000e+00
2.800000000000000000e+01
5.000000000000000000e+00
-1.700000000000000000e+01
-1.000000000000000000e+00
1.200000000000000000e+01
-4.000000000000000000e+00
1.400000000000000000e+01
-7.000000000000000000e+00
1.700000000000000000e+01
1.600000000000000000e+01
7.000000000000000000e+00
-3.000000000000000000e+01
-9.000000000000000000e+00
6.000000000000000000e+00
-3.000000000000000000e+00
4.000000000000000000e+00
-2.200000000000000000e+01
-7.000000000000000000e+00
2.500000000000000000e+01
-5.000000000000000000e+00
9.000000000000000000e+00
-2.200000000000000000e+01
-6.000000000000000000e+00
-1.700000000000000000e+01
1.300000000000000000e+01
-5.000000000000000000e+00
1.900000000000000000e+01
-1.000000000000000000e+01
-5.000000000000000000e+00
-1.000000000000000000e+01
3.500000000000000000e+01
6.000000000000000000e+00
1.000000000000000000e+01
-1.200000000000000000e+01
-5.000000000000000000e+00
1.600000000000000000e+01
0.000000000000000000e+00
1.300000000000000000e+01
3.000000000000000000e+00
1.000000000000000000e+01
2.000000000000000000e+01
5.000000000000000000e+00
-5.000000000000000000e+00
6.000000000000000000e+00
4.000000000000000000e+00
-1.500000000000000000e+01
-2.300000000000000000e+01
-1.500000000000000000e+01
-2.600000000000000000e+01
1.500000000000000000e+01
-8.000000000000000000e+00
-3.100000000000000000e+01
-4.000000000000000000e+00
6.000000000000000000e+00
1.400000000000000000e+01
-6.000000000000000000e+00
0.000000000000000000e+00
-1.500000000000000000e+01
-1.200000000000000000e+01
-1.600000000000000000e+01
-6.000000000000000000e+00
1.900000000000000000e+01
-2.200000000000000000e+01
4.000000000000000000e+00
-1.900000000000000000e+01
5.000000000000000000e+00
-3.200000000000000000e+01
-1.500000000000000000e+01
-2.200000000000000000e+01
-8.000000000000000000e+00
1.200000000000000000e+01
-7.000000000000000000e+00
3.000000000000000000e+01
1.700000000000000000e+01
4.000000000000000000e+00
-1.300000000000000000e+01
5.000000000000000000e+00
1.700000000000000000e+01
1.000000000000000000e+00
-2.100000000000000000e+01
2.100000000000000000e+01
-8.000000000000000000e+00
1.000000000000000000e+00
2.800000000000000000e+01
4.000000000000000000e+00
-6.000000000000000000e+00
0.000000000000000000e+00
1.000000000000000000e+01
1.300000000000000000e+01
6.000000000000000000e+00
0.000000000000000000e+00
2.900000000000000000e+01
-1.100000000000000000e+01
-3.000000000000000000e+00
-4.000000000000000000e+00
-2.700000000000000000e+01
-3.100000000000000000e+01
5.000000000000000000e+00
8.000000000000000000e+00
-2.000000000000000000e+00
8.000000000000000000e+00
-2.000000000000000000e+00
1.400000000000000000e+01
-3.000000000000000000e+00
7.000000000000000000e+00
-3.000000000000000000e+00
2.000000000000000000e+00
-1.000000000000000000e+01
-5.000000000000000000e+00
-9.000000000000000000e+00
-2.000000000000000000e+00
0.000000000000000000e+00
2.100000000000000000e+01
2.300000000000000000e+01
3.100000000000000000e+01
2.900000000000000000e+01
7.000000000000000000e+00
0.000000000000000000e+00
-1.200000000000000000e+01
4.000000000000000000e+00
1.600000000000000000e+01
1.500000000000000000e+01
8.000000000000000000e+00
1.000000000000000000e+01
5.000000000000000000e+00
-6.000000000000000000e+00
2.700000000000000000e+01
-2.000000000000000000e+01
-1.000000000000000000e+00
0.000000000000000000e+00
1.700000000000000000e+01
-1.000000000000000000e+00
1.700000000000000000e+01
-2.000000000000000000e+00
-4.000000000000000000e+00
1.700000000000000000e+01
-2.400000000000000000e+01
-9.000000000000000000e+00
3.000000000000000000e+01
7.000000000000000000e+00
4.000000000000000000e+00
-1.700000000000000000e+01
3.800000000000000000e+01
1.700000000000000000e+01
1.400000000000000000e+01
-2.000000000000000000e+00
-7.000000000000000000e+00
1.900000000000000000e+01
2.100000000000000000e+01
0.000000000000000000e+00
1.300000000000000000e+01
1.600000000000000000e+01
4.500000000000000000e+01
9.000000000000000000e+00
5.600000000000000000e+01
4.200000000000000000e+01
3.100000000000000000e+01
-1.200000000000000000e+01
3.900000000000000000e+01
2.800000000000000000e+01
3.700000000000000000e+01
3.900000000000000000e+01
4.200000000000000000e+01
4.900000000000000000e+01
1.300000000000000000e+01
5.400000000000000000e+01
5.600000000000000000e+01
8.400000000000000000e+01
6.000000000000000000e+01
5.700000000000000000e+01
1.010000000000000000e+02
6.600000000000000000e+01
9.500000000000000000e+01
7.900000000000000000e+01
7.200000000000000000e+01
9.100000000000000000e+01
8.800000000000000000e+01
9.600000000000000000e+01
1.120000000000000000e+02
1.050000000000000000e+02
1.130000000000000000e+02
1.350000000000000000e+02
1.690000000000000000e+02
1.690000000000000000e+02
1.700000000000000000e+02
1.890000000000000000e+02
1.790000000000000000e+02
1.880000000000000000e+02
2.250000000000000000e+02
2.300000000000000000e+02
2.450000000000000000e+02
2.450000000000000000e+02
2.360000000000000000e+02
2.480000000000000000e+02
2.870000000000000000e+02
3.150000000000000000e+02
3.410000000000000000e+02
3.440000000000000000e+02
3.720000000000000000e+02
3.750000000000000000e+02
3.830000000000000000e+02
3.600000000000000000e+02
4.570000000000000000e+02
4.110000000000000000e+02
4.450000000000000000e+02
4.500000000000000000e+02
4.690000000000000000e+02
5.100000000000000000e+02
5.300000000000000000e+02
5.960000000000000000e+02
6.040000000000000000e+02
6.080000000000000000e+02
6.560000000000000000e+02
7.020000000000000000e+02
7.150000000000000000e+02
7.660000000000000000e+02
7.790000000000000000e+02
7.770000000000000000e+02
8.270000000000000000e+02
8.300000000000000000e+02
8.800000000000000000e+02
9.540000000000000000e+02
8.910000000000000000e+02
9.170000000000000000e+02
9.650000000000000000e+02
1.005000000000000000e+03
9.870000000000000000e+02
1.050000000000000000e+03
1.100000000000000000e+03
1.077000000000000000e+03
1.079000000000000000e+03
1.150000000000000000e+03
1.138000000000000000e+03
1.184000000000000000e+03
1.189000000000000000e+03
1.243000000000000000e+03
1.257000000000000000e+03
1.255000000000000000e+03
1.317000000000000000e+03
1.334000000000000000e+03
1.286000000000000000e+03
1.315000000000000000e+03
1.296000000000000000e+03
1.393000000000000000e+03
1.342000000000000000e+03
1.380000000000000000e+03
1.427000000000000000e+03
1.411000000000000000e+03
1.464000000000000000e+03
1.459000000000000000e+03
1.508000000000000000e+03
1.469000000000000000e+03
1.501000000000000000e+03
1.478000000000000000e+03
1.549000000000000000e+03
1.491000000000000000e+03
1.552000000000000000e+03
1.533000000000000000e+03
1.596000000000000000e+03
1.518000000000000000e+03
1.551000000000000000e+03
1.545000000000000000e+03
1.483000000000000000e+03
1.491000000000000000e+03
1.533000000000000000e+03
1.478000000000000000e+03
1.469000000000000000e+03
1.387000000000000000e+03
1.413000000000000000e+03
1.411000000000000000e+03
1.344000000000000000e+03
1.329000000000000000e+03
1.361000000000000000e+03
1.328000000000000000e+03
1.347000000000000000e+03
1.326000000000000000e+03
1.274000000000000000e+03
1.326000000000000000e+03
1.286000000000000000e+03
1.267000000000000000e+03
1.269000000000000000e+03
1.245000000000000000e+03
1.270000000000000000e+03
1.236000000000000000e+03
1.216000000000000000e+03
1.235000000000000000e+03
1.212000000000000000e+03
1.210000000000000000e+03
1.180000000000000000e+03
1.104000000000000000e+03
1.110000000000000000e+03
1.072000000000000000e+03
1.097000000000000000e+03
1.062000000000000000e+03
1.002000000000000000e+03
1.017000000000000000e+03
9.730000000000000000e+02
9.210000000000000000e+02
9.690000000000000000e+02
9.000000000000000000e+02
8.610000000000000000e+02
8.230000000000000000e+02
8.160000000000000000e+02
7.750000000000000000e+02
7.820000000000000000e+02
7.270000000000000000e+02
7.260000000000000000e+02
7.170000000000000000e+02
6.890000000000000000e+02
6.680000000000000000e+02
6.570000000000000000e+02
6.060000000000000000e+02
5.800000000000000000e+02
6.220000000000000000e+02
5.910000000000000000e+02
5.690000000000000000e+02
5.130000000000000000e+02
5.020000000000000000e+02
5.270000000000000000e+02
4.930000000000000000e+02
4.570000000000000000e+02
4.690000000000000000e+02
4.090000000000000000e+02
4.430000000000000000e+02
4.100000000000000000e+02
3.640000000000000000e+02
3.570000000000000000e+02
3.400000000000000000e+02
3.180000000000000000e+02
2.990000000000000000e+02
3.220000000000000000e+02
3.170000000000000000e+02
2.970000000000000000e+02
2.580000000000000000e+02
2.670000000000000000e+02
2.480000000000000000e+02
2.530000000000000000e+02
2.430000000000000000e+02
2.070000000000000000e+02
2.040000000000000000e+02
2.150000000000000000e+02
2.100000000000000000e+02
1.810000000000000000e+02
1.880000000000000000e+02
1.630000000000000000e+02
1.220000000000000000e+02
1.370000000000000000e+02
1.560000000000000000e+02
1.390000000000000000e+02
9.900000000000000000e+01
1.210000000000000000e+02
1.280000000000000000e+02
1.180000000000000000e+02
1.250000000000000000e+02
8.700000000000000000e+01
5.900000000000000000e+01
1.120000000000000000e+02
1.050000000000000000e+02
9.100000000000000000e+01
8.200000000000000000e+01
6.000000000000000000e+01
5.700000000000000000e+01
6.300000000000000000e+01
3.900000000000000000e+01
5.300000000000000000e+01
3.400000000000000000e+01
6.200000000000000000e+01
3.800000000000000000e+01
5.600000000000000000e+01
3.800000000000000000e+01
4.100000000000000000e+01
1.500000000000000000e+01
5.700000000000000000e+01
7.300000000000000000e+01
3.800000000000000000e+01
1.900000000000000000e+01
8.000000000000000000e+00
3.300000000000000000e+01
5.000000000000000000e+00
2.500000000000000000e+01
3.000000000000000000e+01
2.900000000000000000e+01
7.000000000000000000e+00
5.000000000000000000e+00
2.800000000000000000e+01
0.000000000000000000e+00
1.700000000000000000e+01
1.400000000000000000e+01
1.000000000000000000e+00
9.000000000000000000e+00
0.000000000000000000e+00
1.200000000000000000e+01
2.700000000000000000e+01
4.500000000000000000e+01
1.200000000000000000e+01
2.500000000000000000e+01
1.100000000000000000e+01
-1.000000000000000000e+01
1.400000000000000000e+01
7.000000000000000000e+00
-3.700000000000000000e+01
1.000000000000000000e+01
1.600000000000000000e+01
3.000000000000000000e+00
-5.000000000000000000e+00
2.300000000000000000e+01
0.000000000000000000e+00
7.000000000000000000e+00
1.200000000000000000e+01
1.100000000000000000e+01
-1.200000000000000000e+01
1.900000000000000000e+01
-1.600000000000000000e+01
1.600000000000000000e+01
-7.000000000000000000e+00
-1.200000000000000000e+01
1.600000000000000000e+01
8.000000000000000000e+00
9.000000000000000000e+00
-2.000000000000000000e+00
3.900000000000000000e+01
7.000000000000000000e+00
-6.000000000000000000e+00
-5.000000000000000000e+00
-1.000000000000000000e+00
-2.800000000000000000e+01
1.700000000000000000e+01
-8.000000000000000000e+00
-1.400000000000000000e+01
1.000000000000000000e+01
0.000000000000000000e+00
-1.400000000000000000e+01
1.000000000000000000e+00
1.700000000000000000e+01
1.800000000000000000e+01
-4.000000000000000000e+00
-2.200000000000000000e+01
1.500000000000000000e+01
-1.700000000000000000e+01
-1.100000000000000000e+01
-1.800000000000000000e+01
3.400000000000000000e+01
-1.000000000000000000e+00
2.000000000000000000e+01
-3.400000000000000000e+01
-7.000000000000000000e+00
2.000000000000000000e+00
-8.000000000000000000e+00
-1.300000000000000000e+01
2.000000000000000000e+00
-7.000000000000000000e+00
-5.000000000000000000e+00
-7.000000000000000000e+00
1.600000000000000000e+01
-6.000000000000000000e+00
-1.000000000000000000e+01
-2.800000000000000000e+01
1.000000000000000000e+01
3.000000000000000000e+01
-6.000000000000000000e+00
-1.000000000000000000e+00
-3.000000000000000000e+00
-1.000000000000000000e+00
