0.000000000000000000e+00
0.000000000000000000e+00
0.000000000000000000e+00
2.000000000000000000e+00
-2.400000000000000000e+01
-3.000000000000000000e+00
-9.000000000000000000e+00
2.100000000000000000e+01
7.000000000000000000e+00
5.000000000000000000e+00
-4.000000000000000000e+00
6.000000000000000000e+00
-2.000000000000000000e+00
1.000000000000000000e+00
-2.000000000000000000e+00
-4.000000000000000000e+00
0.000000000000000000e+00
2.000000000000000000e+00
9.000000000000000000e+00
-2.000000000000000000e+00
-1.700000000000000000e+01
-4.000000000000000000e+00
6.000000000000000000e+00
1.000000000000000000e+01
-1.100000000000000000e+01
-1.000000000000000000e+00
2.000000000000000000e+00
-3.000000000000000000e+00
0.000000000000000000e+00
-1.400000000000000000e+01
-2.800000000000000000e+01
5.000000000000000000e+00
1.600000000000000000e+01
-2.000000000000000000e+00
-1.100000000000000000e+01
-1.000000000000000000e+00
5.000000000000000000e+00
-2.000000000000000000e+00
-3.000000000000000000e+00
3.000000000000000000e+00
0.000000000000000000e+00
7.000000000000000000e+00
-2.600000000000000000e+01
-2.000000000000000000e+00
1.600000000000000000e+01
-1.700000000000000000e+01
-4.000000000000000000e+00
-4.000000000000000000e+00
1.000000000000000000e+01
8.000000000000000000e+00
7.000000000000000000e+00
1.000000000000000000e+01
-2.600000000000000000e+01
-1.600000000000000000e+01
-3.700000000000000000e+01
3.000000000000000000e+01
-5.000000000000000000e+00
1.000000000000000000e+00
6.000000000000000000e+00
2.000000000000000000e+00
0.000000000000000000e+00
-1.000000000000000000e+01
-1.200000000000000000e+01
1.000000000000000000e+00
4.000000000000000000e+00
3.000000000000000000e+00
7.000000000000000000e+00
0.000000000000000000e+00
-1.500000000000000000e+01
1.000000000000000000e+01
-1.800000000000000000e+01
-1.800000000000000000e+01
-1.000000000000000000e+00
-2.100000000000000000e+01
-1.500000000000000000e+01
-2.700000000000000000e+01
-1.000000000000000000e+00
-9.000000000000000000e+00
1.700000000000000000e+01
1.100000000000000000e+01
-2.300000000000000000e+01
-1.800000000000000000e+01
-1.700000000000000000e+01
1.400000000000000000e+01
-4.000000000000000000e+00
-2.400000000000000000e+01
-2.000000000000000000e+01
-1.500000000000000000e+01
1.000000000000000000e+00
-2.800000000000000000e+01
-1.000000000000000000e+00
1.000000000000000000e+01
5.000000000000000000e+00
-1.600000000000000000e+01
-6.000000000000000000e+00
8.000000000000000000e+00
2.000000000000000000e+00
-1.000000000000000000e+00
1.100000000000000000e+01
-1.700000000000000000e+01
-2.400000000000000000e+01
1.000000000000000000e+00
-1.700000000000000000e+01
-3.900000000000000000e+01
-2.100000000000000000e+01
-2.000000000000000000e+00
-3.400000000000000000e+01
1.600000000000000000e+01
4.000000000000000000e+00
1.000000000000000000e+00
-1.000000000000000000e+01
1.100000000000000000e+01
-4.000000000000000000e+00
-1.800000000000000000e+01
-1.700000000000000000e+01
2.100000000000000000e+01
-2.000000000000000000e+01
2.000000000000000000e+01
1.700000000000000000e+01
-1.000000000000000000e+01
-9.000000000000000000e+00
1.100000000000000000e+01
2.400000000000000000e+01
1.200000000000000000e+01
-3.700000000000000000e+01
-1.600000000000000000e+01
-1.200000000000000000e+01
-8.000000000000000000e+00
-3.000000000000000000e+01
2.100000000000000000e+01
-1.100000000000000000e+01
5.000000000000000000e+00
-7.000000000000000000e+00
4.400000000000000000e+01
-8.000000000000000000e+00
-1.000000000000000000e+00
-1.200000000000000000e+01
1.000000000000000000e+00
-1.700000000000000000e+01
7.000000000000000000e+00
2.000000000000000000e+00
4.000000000000000000e+00
-1.900000000000000000e+01
-1.400000000000000000e+01
-2.000000000000000000e+00
-8.000000000000000000e+00
1.100000000000000000e+01
2.500000000000000000e+01
1.900000000000000000e+01
5.000000000000000000e+00
-4.000000000000000000e+00
4.000000000000000000e+00
-1.100000000000000000e+01
1.300000000000000000e+01
-1.800000000000000000e+01
-4.000000000000000000e+00
2.200000000000000000e+01
-4.000000000000000000e+00
-1.500000000000000000e+01
9.000000000000000000e+00
-3.000000000000000000e+00
-5.000000000000000000e+00
-7.000000000000000000e+00
7.000000000000000000e+00
-1.000000000000000000e+01
-1.000000000000000000e+01
9.000000000000000000e+00
3.000000000000000000e+00
-2.600000000000000000e+01
-3.300000000000000000e+01
2.700000000000000000e+01
2.400000000000000000e+01
-1.300000000000000000e+01
1.300000000000000000e+01
-1.400000000000000000e+01
-3.500000000000000000e+01
-1.000000000000000000e+01
-4.000000000000000000e+00
-2.000000000000000000e+00
2.200000000000000000e+01
4.000000000000000000e+00
1.000000000000000000e+01
-1.400000000000000000e+01
-8.000000000000000000e+00
-8.000000000000000000e+00
-3.200000000000000000e+01
-2.100000000000000000e+01
1.000000000000000000e+00
5.000000000000000000e+00
1.200000000000000000e+01
-2.400000000000000000e+01
0.000000000000000000e+00
1.400000000000000000e+01
-2.000000000000000000e+01
-4.000000000000000000e+00
-6.000000000000000000e+00
8.000000000000000000e+00
3.000000000000000000e+01
2.200000000000000000e+01
5.000000000000000000e+00
-9.000000000000000000e+00
-3.300000000000000000e+01
-1.000000000000000000e+01
4.000000000000000000e+00
-2.300000000000000000e+01
1.000000000000000000e+01
1.600000000000000000e+01
-2.300000000000000000e+01
1.200000000000000000e+01
-2.500000000000000000e+01
7.000000000000000000e+00
-1.500000000000000000e+01
-1.100000000000000000e+01
1.900000000000000000e+01
-3.000000000000000000e+00
-2.100000000000000000e+01
-6.000000000000000000e+00
1.400000000000000000e+01
-1.000000000000000000e+01
-2.100000000000000000e+01
-2.000000000000000000e+01
-1.600000000000000000e+01
1.000000000000000000e+00
1.100000000000000000e+01
1.800000000000000000e+01
4.000000000000000000e+00
-2.000000000000000000e+00
1.100000000000000000e+01
-2.000000000000000000e+01
-2.600000000000000000e+01
-3.700000000000000000e+01
-2.100000000000000000e+01
-2.000000000000000000e+00
-2.300000000000000000e+01
6.000000000000000000e+00
1.400000000000000000e+01
1.000000000000000000e+00
-1.300000000000000000e+01
-1.900000000000000000e+01
-6.000000000000000000e+00
1.000000000000000000e+00
-2.700000000000000000e+01
-2.000000000000000000e+01
1.000000000000000000e+00
-8.000000000000000000e+00
5.000000000000000000e+00
-2.000000000000000000e+00
-1.800000000000000000e+01
6.000000000000000000e+00
-2.400000000000000000e+01
-6.000000000000000000e+00
-4.000000000000000000e+00
-2.200000000000000000e+01
-1.900000000000000000e+01
-3.000000000000000000e+00
-1.200000000000000000e+01
-2.800000000000000000e+01
1.000000000000000000e+01
-6.000000000000000000e+00
2.000000000000000000e+00
-3.200000000000000000e+01
-3.200000000000000000e+01
2.000000000000000000e+00
1.100000000000000000e+01
-4.000000000000000000e+00
2.000000000000000000e+00
2.000000000000000000e+01
2.200000000000000000e+01
8.000000000000000000e+00
-9.000000000000000000e+00
1.400000000000000000e+01
-8.000000000000000000e+00
-1.000000000000000000e+00
-1.800000000000000000e+01
-1.400000000000000000e+01
9.000000000000000000e+00
-1.900000000000000000e+01
3.000000000000000000e+00
-1.700000000000000000e+01
-1.200000000000000000e+01
8.000000000000000000e+00
2.000000000000000000e+00
-1.000000000000000000e+01
8.000000000000000000e+00
2.000000000000000000e+01
9.000000000000000000e+00
2.700000000000000000e+01
4.000000000000000000e+00
3.000000000000000000e+00
-1.100000000000000000e+01
2.100000000000000000e+01
2.800000000000000000e+01
-1.500000000000000000e+01
-9.000000000000000000e+00
-1.800000000000000000e+01
-3.400000000000000000e+01
1.300000000000000000e+01
2.000000000000000000e+01
-1.600000000000000000e+01
6.000000000000000000e+00
3.000000000000000000e+00
2.100000000000000000e+01
-4.500000000000000000e+01
3.000000000000000000e+00
2.600000000000000000e+01
1.900000000000000000e+01
-7.000000000000000000e+00
9.000000000000000000e+00
-2.000000000000000000e+01
5.000000000000000000e+00
-3.000000000000000000e+00
1.000000000000000000e+01
-2.500000000000000000e+01
1.500000000000000000e+01
-3.500000000000000000e+01
-1.600000000000000000e+01
9.000000000000000000e+00
4.100000000000000000e+01
6.000000000000000000e+00
-1.200000000000000000e+01
-9.000000000000000000e+00
-1.100000000000000000e+01
6.000000000000000000e+00
-8.000000000000000000e+00
3.300000000000000000e+01
1.900000000000000000e+01
-3.000000000000000000e+01
-4.000000000000000000e+00
9.000000000000000000e+00
6.000000000000000000e+00
-4.000000000000000000e+00
-7.000000000000000000e+00
-3.200000000000000000e+01
-1.400000000000000000e+01
1.000000000000000000e+00
2.400000000000000000e+01
-2.300000000000000000e+01
5.000000000000000000e+00
-1.900000000000000000e+01
2.500000000000000000e+01
-3.000000000000000000e+00
2.700000000000000000e+01
-2.000000000000000000e+00
-3.200000000000000000e+01
-2.800000000000000000e+01
5.000000000000000000e+00
3.100000000000000000e+01
-9.000000000000000000e+00
3.000000000000000000e+00
1.000000000000000000e+01
-1.300000000000000000e+01
-1.000000000000000000e+00
-3.300000000000000000e+01
-9.000000000000000000e+00
2.000000000000000000e+00
-2.100000000000000000e+01
-7.000000000000000000e+00
2.900000000000000000e+01
2.400000000000000000e+01
-9.000000000000000000e+00
4.700000000000000000e+01
-4.000000000000000000e+00
-2.300000000000000000e+01
2.000000000000000000e+00
2.000000000000000000e+00
-1.500000000000000000e+01
-2.400000000000000000e+01
7.000000000000000000e+00
2.200000000000000000e+01
-1.000000000000000000e+01
-2.000000000000000000e+00
1.500000000000000000e+01
-2.000000000000000000e+00
-1.000000000000000000e+01
-1.200000000000000000e+01
1.000000000000000000e+00
-1.100000000000000000e+01
1.500000000000000000e+01
6.000000000000000000e+00
-3.000000000000000000e+00
1.000000000000000000e+01
-1.200000000000000000e+01
3.100000000000000000e+01
-4.100000000000000000e+01
-2.000000000000000000e+00
4.000000000000000000e+00
2.100000000000000000e+01
3.400000000000000000e+01
9.000000000000000000e+00
-2.600000000000000000e+01
2.000000000000000000e+00
1.200000000000000000e+01
2.900000000000000000e+01
1.200000000000000000e+01
6.000000000000000000e+00
-2.100000000000000000e+01
-9.000000000000000000e+00
2.400000000000000000e+01
1.900000000000000000e+01
1.700000000000000000e+01
1.000000000000000000e+01
-5.000000000000000000e+00
-2.000000000000000000e+00
9.000000000000000000e+00
-1.600000000000000000e+01
-2.000000000000000000e+00
1.100000000000000000e+01
1.000000000000000000e+00
1.000000000000000000e+00
7.000000000000000000e+00
-6.000000000000000000e+00
-9.000000000000000000e+00
-9.000000000000000000e+00
-4.200000000000000000e+01
7.000000000000000000e+00
5.000000000000000000e+00
1.700000000000000000e+01
-2.500000000000000000e+01
-7.000000000000000000e+00
-1.100000000000000000e+01
-7.000000000000000000e+00
-6.000000000000000000e+00
1.700000000000000000e+01
-1.300000000000000000e+01
2.400000000000000000e+01
-7.000000000000000000e+00
0.000000000000000000e+00
-2.000000000000000000e+01
2.400000000000000000e+01
1.500000000000000000e+01
9.000000000000000000e+00
7.000000000000000000e+00
6.000000000000000000e+00
-1.700000000000000000e+01
-7.000000000000000000e+00
-8.000000000000000000e+00
3.000000000000000000e+00
-6.000000000000000000e+00
-2.800000000000000000e+01
-7.000000000000000000e+00
-3.000000000000000000e+00
-1.200000000000000000e+01
2.800000000000000000e+01
5.000000000000000000e+00
1.000000000000000000e+00
-2.700000000000000000e+01
1.000000000000000000e+00
0.000000000000000000e+00
1.600000000000000000e+01
7.000000000000000000e+00
-1.600000000000000000e+01
0.000000000000000000e+00
-8.000000000000000000e+00
1.000000000000000000e+00
-2.800000000000000000e+01
-1.000000000000000000e+00
2.600000000000000000e+01
-3.000000000000000000e+01
2.100000000000000000e+01
-5.000000000000000000e+00
-3.000000000000000000e+00
3.600000000000000000e+01
-1.000000000000000000e+00
1.000000000000000000e+00
-1.500000000000000000e+01
3.000000000000000000e+00
-2.600000000000000000e+01
2.600000000000000000e+01
-2.300000000000000000e+01
-1.800000000000000000e+01
-5.000000000000000000e+00
4.000000000000000000e+00
-1.140000000000000000e+02
8.000000000000000000e+00
-3.700000000000000000e+01
-2.900000000000000000e+01
1.000000000000000000e+00
1.000000000000000000e+00
1.800000000000000000e+01
2.200000000000000000e+01
-2.100000000000000000e+01
-1.600000000000000000e+01
-7.000000000000000000e+00
1.300000000000000000e+01
-7.000000000000000000e+00
-9.000000000000000000e+00
6.000000000000000000e+00
-2.900000000000000000e+01
1.800000000000000000e+01
2.700000000000000000e+01
-1.800000000000000000e+01
-2.300000000000000000e+01
1.200000000000000000e+01
-3.000000000000000000e+00
1.000000000000000000e+01
-1.400000000000000000e+01
0.000000000000000000e+00
-7.000000000000000000e+00
3.200000000000000000e+01
-7.000000000000000000e+00
-1.000000000000000000e+00
-4.000000000000000000e+01
2.100000000000000000e+01
1.100000000000000000e+01
1.000000000000000000e+01
-1.700000000000000000e+01
-2.400000000000000000e+01
-2.200000000000000000e+01
8.000000000000000000e+00
4.000000000000000000e+00
-1.200000000000000000e+01
1.400000000000000000e+01
-5.000000000000000000e+00
3.000000000000000000e+00
3.500000000000000000e+01
2.300000000000000000e+01
5.000000000000000000e+00
-8.000000000000000000e+00
2.500000000000000000e+01
-1.200000000000000000e+01
-6.000000000000000000e+00
-1.000000000000000000e+00
1.900000000000000000e+01
-6.000000000000000000e+00
7.000000000000000000e+00
6.000000000000000000e+00
-1.000000000000000000e+00
9.000000000000000000e+00
1.200000000000000000e+01
1.800000000000000000e+01
-1.400000000000000000e+01
1.500000000000000000e+01
1.300000000000000000e+01
1.600000000000000000e+01
4.000000000000000000e+00
2.400000000000000000e+01
-2.000000000000000000e+00
8.000000000000000000e+00
2.100000000000000000e+01
1.000000000000000000e+00
8.000000000000000000e+00
-1.800000000000000000e+01
-1.000000000000000000e+00
7.000000000000000000e+00
-3.000000000000000000e+00
2.300000000000000000e+01
-8.000000000000000000e+00
-1.800000000000000000e+01
1.100000000000000000e+01
-3.000000000000000000e+00
-2.900000000000000000e+01
-1.100000000000000000e+01
6.000000000000000000e+00
-2.000000000000000000e+00
2.800000000000000000e+01
1.000000000000000000e+01
-4.000000000000000000e+01
-1.300000000000000000e+01
-1.200000000000000000e+01
-6.000000000000000000e+00
-1.100000000000000000e+01
-1.200000000000000000e+01
-5.000000000000000000e+00
-5.000000000000000000e+00
1.700000000000000000e+01
-6.000000000000000000e+00
1.500000000000000000e+01
-2.000000000000000000e+01
-4.100000000000000000e+01
1.200000000000000000e+01
-2.000000000000000000e+01
-2.700000000000000000e+01
-4.000000000000000000e+00
-3.000000000000000000e+00
-6.000000000000000000e+00
1.400000000000000000e+01
1.500000000000000000e+01
1.400000000000000000e+01
-1.400000000000000000e+01
-2.000000000000000000e+00
-6.000000000000000000e+00
6.000000000000000000e+00
1.000000000000000000e+01
-9.000000000000000000e+00
2.000000000000000000e+01
-1.500000000000000000e+01
-1.800000000000000000e+01
1.500000000000000000e+01
-1.000000000000000000e+00
-1.600000000000000000e+01
-1.000000000000000000e+00
-1.000000000000000000e+00
8.000000000000000000e+00
-1.900000000000000000e+01
-1.200000000000000000e+01
-3.400000000000000000e+01
-3.000000000000000000e+00
-2.100000000000000000e+01
9.000000000000000000e+00
3.000000000000000000e+00
-1.100000000000000000e+01
-3.900000000000000000e+01
3.200000000000000000e+01
2.000000000000000000e+00
-8.000000000000000000e+00
-1.000000000000000000e+00
2.100000000000000000e+01
9.000000000000000000e+00
-1.500000000000000000e+01
-1.000000000000000000e+00
1.000000000000000000e+01
-2.900000000000000000e+01
8.000000000000000000e+00
1.400000000000000000e+01
3.400000000000000000e+01
1.200000000000000000e+01
1.200000000000000000e+01
1.700000000000000000e+01
2.800000000000000000e+01
9.000000000000000000e+00
0.000000000000000000e+00
-6.000000000000000000e+00
2.000000000000000000e+00
1.100000000000000000e+01
-1.000000000000000000e+00
2.000000000000000000e+00
1.900000000000000000e+01
-1.200000000000000000e+01
-4.000000000000000000e+00
7.000000000000000000e+00
-1.400000000000000000e+01
-2.300000000000000000e+01
1.000000000000000000e+01
5.000000000000000000e+00
1.000000000000000000e+01
1.200000000000000000e+01
-1.200000000000000000e+01
-2.000000000000000000e+01
-1.500000000000000000e+01
4.400000000000000000e+01
6.000000000000000000e+00
1.400000000000000000e+01
4.400000000000000000e+01
2.300000000000000000e+01
1.000000000000000000e+00
1.000000000000000000e+00
-2.300000000000000000e+01
1.500000000000000000e+01
-3.800000000000000000e+01
2.500000000000000000e+01
-2.000000000000000000e+00
-1.000000000000000000e+00
4.700000000000000000e+01
-9.000000000000000000e+00
9.000000000000000000e+00
1.000000000000000000e+01
6.000000000000000000e+00
3.100000000000000000e+01
2.200000000000000000e+01
-1.400000000000000000e+01
3.000000000000000000e+00
9.000000000000000000e+00
2.900000000000000000e+01
-5.000000000000000000e+00
-2.300000000000000000e+01
4.300000000000000000e+01
6.000000000000000000e+00
-8.000000000000000000e+00
8.000000000000000000e+00
-1.700000000000000000e+01
2.100000000000000000e+01
-1.700000000000000000e+01
-6.000000000000000000e+00
-4.000000000000000000e+00
-1.500000000000000000e+01
1.400000000000000000e+01
-9.000000000000000000e+00
6.000000000000000000e+00
6.000000000000000000e+00
-8.000000000000000000e+00
0.000000000000000000e+00
-4.000000000000000000e+00
7.000000000000000000e+00
1.200000000000000000e+01
-1.100000000000000000e+01
-2.000000000000000000e+01
3.200000000000000000e+01
1.500000000000000000e+01
-1.400000000000000000e+01
2.300000000000000000e+01
-9.000000000000000000e+00
7.000000000000000000e+00
2.600000000000000000e+01
7.000000000000000000e+00
0.000000000000000000e+00
1.900000000000000000e+01
2.100000000000000000e+01
-3.000000000000000000e+00
4.000000000000000000e+00
6.000000000000000000e+00
-6.000000000000000000e+00
3.100000000000000000e+01
-1.700000000000000000e+01
-8.000000000000000000e+00
1.000000000000000000e+00
7.000000000000000000e+00
3.000000000000000000e+00
4.300000000000000000e+01
-9.000000000000000000e+00
1.600000000000000000e+01
-1.300000000000000000e+01
1.400000000000000000e+01
3.800000000000000000e+01
2.400000000000000000e+01
1.500000000000000000e+01
4.000000000000000000e+01
-1.300000000000000000e+01
-1.200000000000000000e+01
3.300000000000000000e+01
1.800000000000000000e+01
-1.700000000000000000e+01
-1.800000000000000000e+01
7.000000000000000000e+00
1.500000000000000000e+01
-1.800000000000000000e+01
3.200000000000000000e+01
1.400000000000000000e+01
1.200000000000000000e+01
-5.000000000000000000e+00
7.000000000000000000e+00
-7.000000000000000000e+00
1.700000000000000000e+01
-4.000000000000000000e+00
3.200000000000000000e+01
1.900000000000000000e+01
-5.000000000000000000e+00
3.400000000000000000e+01
4.000000000000000000e+00
-2.600000000000000000e+01
8.000000000000000000e+00
3.000000000000000000e+00
3.100000000000000000e+01
-4.000000000000000000e+00
-1.800000000000000000e+01
4.000000000000000000e+00
4.000000000000000000e+00
-8.000000000000000000e+00
1.300000000000000000e+01
2.900000000000000000e+01
1.500000000000000000e+01
3.000000000000000000e+00
1.400000000000000000e+01
4.000000000000000000e+00
1.700000000000000000e+01
5.000000000000000000e+01
-8.000000000000000000e+00
1.900000000000000000e+01
2.000000000000000000e+01
1.400000000000000000e+01
2.300000000000000000e+01
1.300000000000000000e+01
7.000000000000000000e+00
3.800000000000000000e+01
1.100000000000000000e+01
2.700000000000000000e+01
1.100000000000000000e+01
1.500000000000000000e+01
5.000000000000000000e+00
0.000000000000000000e+00
1.900000000000000000e+01
2.200000000000000000e+01
2.000000000000000000e+01
-2.000000000000000000e+00
2.400000000000000000e+01
1.100000000000000000e+01
4.000000000000000000e+00
2.600000000000000000e+01
2.000000000000000000e+00
-3.000000000000000000e+00
8.000000000000000000e+00
-1.000000000000000000e+00
2.800000000000000000e+01
3.000000000000000000e+00
2.100000000000000000e+01
4.300000000000000000e+01
-2.000000000000000000e+00
-1.300000000000000000e+01
2.000000000000000000e+00
1.000000000000000000e+01
-1.300000000000000000e+01
-4.000000000000000000e+00
4.600000000000000000e+01
2.500000000000000000e+01
2.100000000000000000e+01
1.500000000000000000e+01
-7.000000000000000000e+00
2.700000000000000000e+01
3.300000000000000000e+01
2.000000000000000000e+00
-1.300000000000000000e+01
1.200000000000000000e+01
5.100000000000000000e+01
2.000000000000000000e+00
2.100000000000000000e+01
6.000000000000000000e+00
2.200000000000000000e+01
-9.000000000000000000e+00
2.800000000000000000e+01
-3.000000000000000000e+00
2.600000000000000000e+01
3.000000000000000000e+00
2.900000000000000000e+01
-5.000000000000000000e+00
2.300000000000000000e+01
1.300000000000000000e+01
1.300000000000000000e+01
3.500000000000000000e+01
-3.000000000000000000e+00
4.200000000000000000e+01
1.500000000000000000e+01
2.800000000000000000e+01
2.000000000000000000e+01
2.100000000000000000e+01
1.700000000000000000e+01
5.100000000000000000e+01
-2.000000000000000000e+01
9.000000000000000000e+00
2.800000000000000000e+01
2.600000000000000000e+01
1.200000000000000000e+01
1.800000000000000000e+01
1.400000000000000000e+01
1.600000000000000000e+01
1.600000000000000000e+01
2.400000000000000000e+01
1.800000000000000000e+01
2.900000000000000000e+01
-4.000000000000000000e+00
3.000000000000000000e+00
8.000000000000000000e+00
2.500000000000000000e+01
3.500000000000000000e+01
1.200000000000000000e+01
3.400000000000000000e+01
-8.000000000000000000e+00
4.500000000000000000e+01
1.100000000000000000e+01
4.900000000000000000e+01
4.000000000000000000e+00
3.200000000000000000e+01
1.300000000000000000e+01
4.000000000000000000e+00
1.500000000000000000e+01
1.900000000000000000e+01
3.500000000000000000e+01
-1.100000000000000000e+01
1.500000000000000000e+01
5.000000000000000000e+00
-6.000000000000000000e+00
4.400000000000000000e+01
3.900000000000000000e+01
1.400000000000000000e+01
2.000000000000000000e+01
4.800000000000000000e+01
1.200000000000000000e+01
2.300000000000000000e+01
-1.100000000000000000e+01
-8.000000000000000000e+00
2.000000000000000000e+01
2.100000000000000000e+01
2.700000000000000000e+01
2.400000000000000000e+01
2.500000000000000000e+01
4.300000000000000000e+01
4.600000000000000000e+01
1.600000000000000000e+01
3.100000000000000000e+01
7.000000000000000000e+00
2.000000000000000000e+01
3.400000000000000000e+01
1.800000000000000000e+01
3.600000000000000000e+01
6.300000000000000000e+01
7.100000000000000000e+01
8.700000000000000000e+01
3.500000000000000000e+01
1.090000000000000000e+02
1.270000000000000000e+02
9.000000000000000000e+01
1.260000000000000000e+02
1.170000000000000000e+02
1.670000000000000000e+02
1.880000000000000000e+02
2.010000000000000000e+02
2.610000000000000000e+02
2.720000000000000000e+02
3.280000000000000000e+02
4.030000000000000000e+02
4.210000000000000000e+02
4.990000000000000000e+02
5.800000000000000000e+02
6.250000000000000000e+02
7.140000000000000000e+02
8.160000000000000000e+02
8.960000000000000000e+02
1.046000000000000000e+03
1.118000000000000000e+03
1.219000000000000000e+03
1.367000000000000000e+03
1.502000000000000000e+03
1.650000000000000000e+03
1.763000000000000000e+03
1.986000000000000000e+03
2.106000000000000000e+03
2.269000000000000000e+03
2.548000000000000000e+03
2.611000000000000000e+03
2.847000000000000000e+03
2.950000000000000000e+03
3.127000000000000000e+03
3.276000000000000000e+03
3.420000000000000000e+03
3.560000000000000000e+03
3.716000000000000000e+03
3.798000000000000000e+03
3.952000000000000000e+03
4.026000000000000000e+03
4.127000000000000000e+03
4.147000000000000000e+03
4.312000000000000000e+03
4.311000000000000000e+03
4.312000000000000000e+03
4.313000000000000000e+03
4.302000000000000000e+03
4.219000000000000000e+03
4.263000000000000000e+03
4.119000000000000000e+03
4.079000000000000000e+03
4.024000000000000000e+03
3.889000000000000000e+03
3.783000000000000000e+03
3.677000000000000000e+03
3.538000000000000000e+03
3.437000000000000000e+03
3.286000000000000000e+03
3.173000000000000000e+03
2.889000000000000000e+03
2.771000000000000000e+03
2.661000000000000000e+03
2.488000000000000000e+03
2.335000000000000000e+03
2.225000000000000000e+03
2.027000000000000000e+03
1.822000000000000000e+03
1.734000000000000000e+03
1.525000000000000000e+03
1.436000000000000000e+03
1.355000000000000000e+03
1.222000000000000000e+03
1.090000000000000000e+03
9.960000000000000000e+02
8.940000000000000000e+02
8.150000000000000000e+02
7.400000000000000000e+02
6.450000000000000000e+02
5.500000000000000000e+02
4.850000000000000000e+02
4.380000000000000000e+02
3.820000000000000000e+02
3.610000000000000000e+02
2.880000000000000000e+02
2.780000000000000000e+02
2.100000000000000000e+02
1.810000000000000000e+02
1.890000000000000000e+02
1.390000000000000000e+02
1.530000000000000000e+02
1.030000000000000000e+02
1.010000000000000000e+02
4.800000000000000000e+01
5.300000000000000000e+01
5.300000000000000000e+01
2.000000000000000000e+01
2.500000000000000000e+01
5.500000000000000000e+01
4.500000000000000000e+01
1.000000000000000000e+01
5.000000000000000000e+00
5.500000000000000000e+01
3.000000000000000000e+00
2.200000000000000000e+01
2.400000000000000000e+01
4.700000000000000000e+01
4.000000000000000000e+00
-6.000000000000000000e+00
-1.700000000000000000e+01
4.400000000000000000e+01
4.300000000000000000e+01
-1.200000000000000000e+01
3.100000000000000000e+01
1.300000000000000000e+01
1.900000000000000000e+01
1.600000000000000000e+01
5.200000000000000000e+01
8.000000000000000000e+00
9.000000000000000000e+00
6.000000000000000000e+00
2.700000000000000000e+01
-4.000000000000000000e+00
2.700000000000000000e+01
1.200000000000000000e+01
1.600000000000000000e+01
-3.000000000000000000e+00
2.500000000000000000e+01
-1.400000000000000000e+01
-4.000000000000000000e+00
2.400000000000000000e+01
3.000000000000000000e+00
-9.000000000000000000e+00
8.000000000000000000e+00
4.300000000000000000e+01
3.600000000000000000e+01
-2.000000000000000000e+00
-2.000000000000000000e+00
3.700000000000000000e+01
-3.000000000000000000e+00
3.100000000000000000e+01
2.500000000000000000e+01
0.000000000000000000e+00
-3.000000000000000000e+00
4.000000000000000000e+00
2.400000000000000000e+01
2.100000000000000000e+01
1.000000000000000000e+01
7.000000000000000000e+00
-1.000000000000000000e+00
2.200000000000000000e+01
3.200000000000000000e+01
1.400000000000000000e+01
3.600000000000000000e+01
5.000000000000000000e+00
2.600000000000000000e+01
9.000000000000000000e+00
1.000000000000000000e+01
3.600000000000000000e+01
-1.500000000000000000e+01
2.700000000000000000e+01
-4.000000000000000000e+00
-1.000000000000000000e+01
1.800000000000000000e+01
1.700000000000000000e+01
3.000000000000000000e+01
4.300000000000000000e+01
3.400000000000000000e+01
2.000000000000000000e+00
3.800000000000000000e+01
2.400000000000000000e+01
1.000000000000000000e+01
-1.000000000000000000e+01
9.000000000000000000e+00
7.000000000000000000e+00
1.700000000000000000e+01
5.000000000000000000e+00
1.000000000000000000e+01
1.100000000000000000e+01
1.000000000000000000e+00
2.400000000000000000e+01
1.300000000000000000e+01
-9.000000000000000000e+00
2.200000000000000000e+01
1.200000000000000000e+01
-7.000000000000000000e+00
-1.600000000000000000e+01
-1.600000000000000000e+01
-5.000000000000000000e+00
6.000000000000000000e+00
-2.400000000000000000e+01
-1.700000000000000000e+01
1.000000000000000000e+01
-1.800000000000000000e+01
4.000000000000000000e+00
1.600000000000000000e+01
-4.000000000000000000e+00
-1.600000000000000000e+01
1.700000000000000000e+01
2.000000000000000000e+00
-5.000000000000000000e+00
2.400000000000000000e+01
-4.000000000000000000e+00
1.000000000000000000e+01
9.000000000000000000e+00
7.000000000000000000e+00
1.100000000000000000e+01
0.000000000000000000e+00
2.900000000000000000e+01
2.300000000000000000e+01
3.100000000000000000e+01
-6.000000000000000000e+00
1.000000000000000000e+01
2.000000000000000000e+01
3.000000000000000000e+00
1.000000000000000000e+00
4.000000000000000000e+00
1.200000000000000000e+01
2.000000000000000000e+00
8.000000000000000000e+00
3.000000000000000000e+00
6.000000000000000000e+00
2.400000000000000000e+01
-5.000000000000000000e+00
-1.300000000000000000e+01
1.000000000000000000e+00
1.300000000000000000e+01
1.700000000000000000e+01
2.000000000000000000e+00
3.000000000000000000e+01
-8.000000000000000000e+00
1.600000000000000000e+01
-1.000000000000000000e+00
1.000000000000000000e+00
3.100000000000000000e+01
3.500000000000000000e+01
-8.000000000000000000e+00
1.000000000000000000e+01
1.900000000000000000e+01
1.400000000000000000e+01
1.500000000000000000e+01
9.000000000000000000e+00
-1.600000000000000000e+01
1.200000000000000000e+01
-4.000000000000000000e+00
5.000000000000000000e+00
8.000000000000000000e+00
1.700000000000000000e+01
3.400000000000000000e+01
2.000000000000000000e+00
-2.000000000000000000e+00
-2.300000000000000000e+01
2.700000000000000000e+01
9.000000000000000000e+00
2.800000000000000000e+01
-6.000000000000000000e+00
1.700000000000000000e+01
2.400000000000000000e+01
2.400000000000000000e+01
1.400000000000000000e+01
-2.000000000000000000e+00
-1.000000000000000000e+01
2.000000000000000000e+01
-1.700000000000000000e+01
4.000000000000000000e+00
1.100000000000000000e+01
1.300000000000000000e+01
9.000000000000000000e+00
-1.400000000000000000e+01
-1.200000000000000000e+01
-9.000000000000000000e+00
3.900000000000000000e+01
5.000000000000000000e+00
-1.200000000000000000e+01
1.700000000000000000e+01
2.500000000000000000e+01
2.500000000000000000e+01
-5.000000000000000000e+00
-2.000000000000000000e+00
2.300000000000000000e+01
5.000000000000000000e+00
3.000000000000000000e+00
1.100000000000000000e+01
1.900000000000000000e+01
1.300000000000000000e+01
4.000000000000000000e+00
-1.500000000000000000e+01
4.000000000000000000e+00
-6.000000000000000000e+00
-3.600000000000000000e+01
-1.000000000000000000e+01
9.000000000000000000e+00
2.000000000000000000e+01
1.800000000000000000e+01
1.500000000000000000e+01
-1.300000000000000000e+01
3.000000000000000000e+00
1.200000000000000000e+01
-2.400000000000000000e+01
-1.600000000000000000e+01
-1.300000000000000000e+01
-2.200000000000000000e+01
0.000000000000000000e+00
-2.000000000000000000e+00
-5.000000000000000000e+00
-2.100000000000000000e+01
-1.000000000000000000e+00
-2.300000000000000000e+01
6.000000000000000000e+00
-8.000000000000000000e+00
1.900000000000000000e+01
1.700000000000000000e+01
1.000000000000000000e+00
3.000000000000000000e+00
4.000000000000000000e+00
2.200000000000000000e+01
1.000000000000000000e+00
1.000000000000000000e+00
-8.000000000000000000e+00
2.000000000000000000e+00
1.100000000000000000e+01
6.000000000000000000e+00
1.200000000000000000e+01
-1.000000000000000000e+00
-2.000000000000000000e+01
-9.000000000000000000e+00
8.000000000000000000e+00
1.500000000000000000e+01
0.000000000000000000e+00
1.100000000000000000e+01
-2.100000000000000000e+01
1.600000000000000000e+01
-1.400000000000000000e+01
1.500000000000000000e+01
9.000000000000000000e+00
-4.000000000000000000e+00
4.000000000000000000e+00
-1.900000000000000000e+01
2.100000000000000000e+01
9.000000000000000000e+00
1.000000000000000000e+01
-4.600000000000000000e+01
-2.700000000000000000e+01
4.000000000000000000e+00
-1.700000000000000000e+01
2.000000000000000000e+01
7.000000000000000000e+00
-1.700000000000000000e+01
4.000000000000000000e+00
-3.200000000000000000e+01
-1.000000000000000000e+00
-2.600000000000000000e+01
-1.200000000000000000e+01
1.400000000000000000e+01
3.100000000000000000e+01
-7.000000000000000000e+00
2.000000000000000000e+00
4.900000000000000000e+01
-4.000000000000000000e+00
7.000000000000000000e+00
1.200000000000000000e+01
7.000000000000000000e+00
8.000000000000000000e+00
1.000000000000000000e+00
2.100000000000000000e+01
1.300000000000000000e+01
-1.000000000000000000e+01
3.000000000000000000e+00
-2.000000000000000000e+00
-6.000000000000000000e+00
3.000000000000000000e+00
-3.000000000000000000e+00
3.000000000000000000e+00
1.800000000000000000e+01
2.200000000000000000e+01
-2.000000000000000000e+00
5.000000000000000000e+00
2.700000000000000000e+01
-1.800000000000000000e+01
-3.000000000000000000e+00
1.300000000000000000e+01
-9.000000000000000000e+00
2.300000000000000000e+01
9.000000000000000000e+00
2.100000000000000000e+01
-1.300000000000000000e+01
-3.000000000000000000e+00
-1.200000000000000000e+01
-2.000000000000000000e+00
-2.000000000000000000e+00
-1.000000000000000000e+00
-7.000000000000000000e+00
2.000000000000000000e+00
1.000000000000000000e+00
1.100000000000000000e+01
-2.100000000000000000e+01
4.000000000000000000e+00
3.000000000000000000e+00
2.600000000000000000e+01
1.000000000000000000e+01
6.000000000000000000e+00
1.000000000000000000e+01
6.000000000000000000e+00
-5.000000000000000000e+00
-1.000000000000000000e+00
5.000000000000000000e+00
1.300000000000000000e+01
7.000000000000000000e+00
4.600000000000000000e+01
-2.100000000000000000e+01
2.000000000000000000e+01
-2.400000000000000000e+01
1.400000000000000000e+01
-2.100000000000000000e+01
1.000000000000000000e+01
-2.300000000000000000e+01
4.000000000000000000e+00
-2.000000000000000000e+00
1.100000000000000000e+01
4.000000000000000000e+00
-9.000000000000000000e+00
-7.000000000000000000e+00
-6.000000000000000000e+00
1.600000000000000000e+01
1.000000000000000000e+01
8.000000000000000000e+00
8.000000000000000000e+00
1.900000000000000000e+01
-1.400000000000000000e+01
1.000000000000000000e+01
-7.000000000000000000e+00
-3.000000000000000000e+00
-1.100000000000000000e+01
-7.000000000000000000e+00
-1.900000000000000000e+01
-1.400000000000000000e+01
-8.000000000000000000e+00
0.000000000000000000e+00
0.000000000000000000e+00
1.500000000000000000e+01
-6.000000000000000000e+00
1.800000000000000000e+01
-2.000000000000000000e+00
-6.000000000000000000e+00
-1.100000000000000000e+01
0.000000000000000000e+00
1.000000000000000000e+01
-1.000000000000000000e+00
-3.000000000000000000e+00
-3.000000000000000000e+01
-2.000000000000000000e+00
-1.600000000000000000e+01
-6.000000000000000000e+00
-1.200000000000000000e+01
1.600000000000000000e+01
-7.000000000000000000e+00
3.000000000000000000e+00
6.000000000000000000e+00
9.000000000000000000e+00
-2.030000000000000000e+02
2.000000000000000000e+00
5.000000000000000000e+00
-1.400000000000000000e+01
1.500000000000000000e+01
-2.000000000000000000e+01
-2.900000000000000000e+01
-1.400000000000000000e+01
-2.000000000000000000e+01
-1.100000000000000000e+01
6.000000000000000000e+00
-2.100000000000000000e+01
2.800000000000000000e+01
-2.700000000000000000e+01
-4.000000000000000000e+00
1.600000000000000000e+01
7.000000000000000000e+00
-9.000000000000000000e+00
-2.900000000000000000e+01
-7.000000000000000000e+00
-1.300000000000000000e+01
7.000000000000000000e+00
-4.000000000000000000e+00
-2.000000000000000000e+00
5.000000000000000000e+00
0.000000000000000000e+00
8.000000000000000000e+00
-5.200000000000000000e+01
-5.000000000000000000e+00
4.000000000000000000e+00
-4.000000000000000000e+00
2.000000000000000000e+00
-1.000000000000000000e+01
-2.000000000000000000e+00
-5.000000000000000000e+00
8.000000000000000000e+00
-1.400000000000000000e+01
-3.100000000000000000e+01
2.500000000000000000e+01
9.000000000000000000e+00
-4.000000000000000000e+00
-1.500000000000000000e+01
1.500000000000000000e+01
-9.000000000000000000e+00
5.000000000000000000e+00
-2.000000000000000000e+00
1.900000000000000000e+01
-2.000000000000000000e+00
-1.100000000000000000e+01
0.000000000000000000e+00
-2.000000000000000000e+00
-1.700000000000000000e+01
7.000000000000000000e+00
-1.000000000000000000e+00
-1.700000000000000000e+01
4.000000000000000000e+00
-3.100000000000000000e+01
5.000000000000000000e+00
1.000000000000000000e+00
-3.000000000000000000e+00
1.400000000000000000e+01
2.200000000000000000e+01
3.000000000000000000e+00
2.000000000000000000e+00
2.100000000000000000e+01
1.300000000000000000e+01
-7.000000000000000000e+00
1.100000000000000000e+01
1.500000000000000000e+01
-4.000000000000000000e+00
-1.500000000000000000e+01
1.200000000000000000e+01
1.000000000000000000e+00
3.000000000000000000e+00
-3.900000000000000000e+01
-1.200000000000000000e+01
2.900000000000000000e+01
-1.900000000000000000e+01
-1.600000000000000000e+01
-1.200000000000000000e+01
5.000000000000000000e+00
-3.000000000000000000e+00
-1.200000000000000000e+01
-1.900000000000000000e+01
6.000000000000000000e+00
1.100000000000000000e+01
0.000000000000000000e+00
-1.000000000000000000e+00
1.400000000000000000e+01
1.400000000000000000e+01
-1.100000000000000000e+01
2.300000000000000000e+01
-2.000000000000000000e+00
-2.200000000000000000e+01
9.000000000000000000e+00
-2.600000000000000000e+01
-4.000000000000000000e+00
1.200000000000000000e+01
-1.000000000000000000e+00
-1.800000000000000000e+01
-2.400000000000000000e+01
-2.000000000000000000e+00
-1.000000000000000000e+01
1.000000000000000000e+01
2.700000000000000000e+01
7.000000000000000000e+00
1.600000000000000000e+01
1.100000000000000000e+01
-2.900000000000000000e+01
-1.000000000000000000e+00
9.000000000000000000e+00
-1.000000000000000000e+00
-1.600000000000000000e+01
-2.000000000000000000e+00
8.000000000000000000e+00
-3.000000000000000000e+00
3.000000000000000000e+00
1.000000000000000000e+00
2.500000000000000000e+01
-1.600000000000000000e+01
-4.000000000000000000e+00
-1.100000000000000000e+01
5.000000000000000000e+00
3.400000000000000000e+01
-5.000000000000000000e+00
5.000000000000000000e+00
-8.000000000000000000e+00
1.200000000000000000e+01
1.700000000000000000e+01
1.200000000000000000e+01
-7.000000000000000000e+00
1.100000000000000000e+01
2.000000000000000000e+00
-5.000000000000000000e+00
1.000000000000000000e+00
-2.300000000000000000e+01
1.700000000000000000e+01
6.000000000000000000e+00
-1.800000000000000000e+01
1.000000000000000000e+00
1.000000000000000000e+00
1.500000000000000000e+01
1.400000000000000000e+01
-1.400000000000000000e+01
1.700000000000000000e+01
1.000000000000000000e+00
7.000000000000000000e+00
-2.000000000000000000e+00
-5.000000000000000000e+00
8.000000000000000000e+00
7.000000000000000000e+00
3.000000000000000000e+00
-3.000000000000000000e+00
-5.000000000000000000e+00
1.000000000000000000e+00
-1.900000000000000000e+01
7.000000000000000000e+00
1.700000000000000000e+01
7.000000000000000000e+00
-2.100000000000000000e+01
1.000000000000000000e+01
2.000000000000000000e+01
-3.000000000000000000e+00
0.000000000000000000e+00
-1.300000000000000000e+01
-2.100000000000000000e+01
0.000000000000000000e+00
-1.100000000000000000e+01
2.500000000000000000e+01
9.000000000000000000e+00
2.000000000000000000e+00
-1.000000000000000000e+01
-1.700000000000000000e+01
-2.600000000000000000e+01
3.000000000000000000e+00
-4.000000000000000000e+01
6.000000000000000000e+00
1.700000000000000000e+01
2.900000000000000000e+01
-1.600000000000000000e+01
-1.100000000000000000e+01
-2.100000000000000000e+01
-7.000000000000000000e+00
-1.900000000000000000e+01
-8.000000000000000000e+00
1.800000000000000000e+01
1.300000000000000000e+01
2.000000000000000000e+00
3.000000000000000000e+00
-1.100000000000000000e+01
-6.000000000000000000e+00
8.000000000000000000e+00
1.000000000000000000e+01
-4.600000000000000000e+01
3.400000000000000000e+01
-1.300000000000000000e+01
-6.000000000000000000e+00
1.300000000000000000e+01
-1.800000000000000000e+01
-6.000000000000000000e+00
-9.000000000000000000e+00
-2.000000000000000000e+01
1.000000000000000000e+00
2.900000000000000000e+01
-2.500000000000000000e+01
-2.000000000000000000e+00
-1.600000000000000000e+01
2.000000000000000000e+00
3.100000000000000000e+01
0.000000000000000000e+00
1.600000000000000000e+01
1.600000000000000000e+01
1.000000000000000000e+01
8.000000000000000000e+00
-6.000000000000000000e+00
1.400000000000000000e+01
0.000000000000000000e+00
-4.000000000000000000e+00
-1.200000000000000000e+01
3.000000000000000000e+00
-8.000000000000000000e+00
-4.000000000000000000e+00
-8.000000000000000000e+00
-2.000000000000000000e+00
-5.000000000000000000e+00
-8.000000000000000000e+00
-2.000000000000000000e+01
-9.000000000000000000e+00
1.000000000000000000e+00
1.500000000000000000e+01
-1.700000000000000000e+01
-7.000000000000000000e+00
-1.000000000000000000e+01
-1.200000000000000000e+01
-2.400000000000000000e+01
-3.300000000000000000e+01
0.000000000000000000e+00
0.000000000000000000e+00
-1.700000000000000000e+01
7.000000000000000000e+00
-1.400000000000000000e+01
-2.200000000000000000e+01
-1.900000000000000000e+01
1.000000000000000000e+00
-5.000000000000000000e+00
-3.800000000000000000e+01
2.300000000000000000e+01
-1.900000000000000000e+01
-3.800000000000000000e+01
2.000000000000000000e+00
-8.000000000000000000e+00
-3.000000000000000000e+00
-2.500000000000000000e+01
-4.300000000000000000e+01
5.000000000000000000e+00
-8.000000000000000000e+00
-1.200000000000000000e+01
-3.300000000000000000e+01
1.000000000000000000e+00
-2.000000000000000000e+01
2.600000000000000000e+01
-7.000000000000000000e+00
1.000000000000000000e+00
-1.600000000000000000e+01
1.100000000000000000e+01
-8.000000000000000000e+00
-2.000000000000000000e+00
-4.000000000000000000e+00
-1.800000000000000000e+01
-1.500000000000000000e+01
2.000000000000000000e+01
-6.000000000000000000e+00
-1.100000000000000000e+01
1.800000000000000000e+01
9.000000000000000000e+00
-9.000000000000000000e+00
-1.400000000000000000e+01
-3.100000000000000000e+01
2.300000000000000000e+01
-1.400000000000000000e+01
1.200000000000000000e+01
-5.000000000000000000e+00
-8.000000000000000000e+00
-1.200000000000000000e+01
6.000000000000000000e+00
-2.000000000000000000e+01
3.100000000000000000e+01
-2.000000000000000000e+00
-1.700000000000000000e+01
-1.600000000000000000e+01
6.000000000000000000e+00
-1.900000000000000000e+01
2.500000000000000000e+01
-2.600000000000000000e+01
-1.000000000000000000e+00
5.000000000000000000e+00
-7.000000000000000000e+00
-2.000000000000000000e+00
1.100000000000000000e+01
-1.000000000000000000e+01
3.900000000000000000e+01
2.000000000000000000e+00
8.000000000000000000e+00
5.000000000000000000e+00
2.400000000000000000e+01
-4.000000000000000000e+00
-2.100000000000000000e+01
-6.000000000000000000e+00
-1.900000000000000000e+01
1.600000000000000000e+01
-1.000000000000000000e+01
-9.000000000000000000e+00
-1.500000000000000000e+01
1.400000000000000000e+01
1.300000000000000000e+01
-9.000000000000000000e+00
-1.400000000000000000e+01
-3.300000000000000000e+01
8.000000000000000000e+00
6.000000000000000000e+00
-1.700000000000000000e+01
3.700000000000000000e+01
-2.100000000000000000e+01
3.000000000000000000e+00
-2.800000000000000000e+01
1.000000000000000000e+01
-4.700000000000000000e+01
-2.000000000000000000e+01
-1.200000000000000000e+01
8.000000000000000000e+00
-2.600000000000000000e+01
-2.800000000000000000e+01
0.000000000000000000e+00
8.000000000000000000e+00
9.000000000000000000e+00
-2.800000000000000000e+01
-9.000000000000000000e+00
8.000000000000000000e+00
6.000000000000000000e+00
-1.100000000000000000e+01
2.000000000000000000e+00
7.000000000000000000e+00
1.600000000000000000e+01
4.400000000000000000e+01
8.000000000000000000e+00
-1.100000000000000000e+01
-2.000000000000000000e+01
-9.000000000000000000e+00
9.000000000000000000e+00
-3.000000000000000000e+00
4.000000000000000000e+00
2.300000000000000000e+01
9.000000000000000000e+00
1.400000000000000000e+01
1.800000000000000000e+01
-2.200000000000000000e+01
-3.300000000000000000e+01
4.000000000000000000e+00
9.000000000000000000e+00
-3.600000000000000000e+01
2.200000000000000000e+01
-3.000000000000000000e+00
2.000000000000000000e+01
-2.000000000000000000e+01
-2.000000000000000000e+00
-7.000000000000000000e+00
-1.100000000000000000e+01
-1.400000000000000000e+01
-8.000000000000000000e+00
-9.000000000000000000e+00
1.000000000000000000e+01
5.000000000000000000e+00
1.200000000000000000e+01
2.100000000000000000e+01
-1.000000000000000000e+01
-5.000000000000000000e+00
2.000000000000000000e+00
8.000000000000000000e+00
-2.100000000000000000e+01
1.100000000000000000e+01
1.400000000000000000e+01
7.000000000000000000e+00
2.600000000000000000e+01
-9.000000000000000000e+00
-1.600000000000000000e+01
2.100000000000000000e+01
1.300000000000000000e+01
6.000000000000000000e+00
-7.000000000000000000e+00
-1.400000000000000000e+01
1.600000000000000000e+01
-1.100000000000000000e+01
1.000000000000000000e+01
1.700000000000000000e+01
-2.100000000000000000e+01
2.000000000000000000e+01
-1.900000000000000000e+01
-3.000000000000000000e+00
1.700000000000000000e+01
3.000000000000000000e+00
-3.000000000000000000e+00
0.000000000000000000e+00
1.300000000000000000e+01
2.900000000000000000e+01
2.000000000000000000e+00
6.000000000000000000e+00
-8.000000000000000000e+00
-7.000000000000000000e+00
2.100000000000000000e+01
2.700000000000000000e+01
1.400000000000000000e+01
1.300000000000000000e+01
4.000000000000000000e+01
8.000000000000000000e+00
3.000000000000000000e+01
2.000000000000000000e+01
2.900000000000000000e+01
0.000000000000000000e+00
4.000000000000000000e+01
2.100000000000000000e+01
2.000000000000000000e+01
1.300000000000000000e+01
5.400000000000000000e+01
3.300000000000000000e+01
3.900000000000000000e+01
6.000000000000000000e+01
3.500000000000000000e+01
6.800000000000000000e+01
4.300000000000000000e+01
6.800000000000000000e+01
7.400000000000000000e+01
4.300000000000000000e+01
6.300000000000000000e+01
7.500000000000000000e+01
5.400000000000000000e+01
6.500000000000000000e+01
8.100000000000000000e+01
9.400000000000000000e+01
8.700000000000000000e+01
9.000000000000000000e+01
1.040000000000000000e+02
1.260000000000000000e+02
1.490000000000000000e+02
1.190000000000000000e+02
1.650000000000000000e+02
1.870000000000000000e+02
1.600000000000000000e+02
1.890000000000000000e+02
1.540000000000000000e+02
1.620000000000000000e+02
2.210000000000000000e+02
1.920000000000000000e+02
2.060000000000000000e+02
2.230000000000000000e+02
2.280000000000000000e+02
2.830000000000000000e+02
2.990000000000000000e+02
2.930000000000000000e+02
3.050000000000000000e+02
3.160000000000000000e+02
2.930000000000000000e+02
2.980000000000000000e+02
3.500000000000000000e+02
3.480000000000000000e+02
4.020000000000000000e+02
4.220000000000000000e+02
4.270000000000000000e+02
4.550000000000000000e+02
4.920000000000000000e+02
4.930000000000000000e+02
5.050000000000000000e+02
5.190000000000000000e+02
5.630000000000000000e+02
6.030000000000000000e+02
5.880000000000000000e+02
6.260000000000000000e+02
6.460000000000000000e+02
6.920000000000000000e+02
6.840000000000000000e+02
7.280000000000000000e+02
7.040000000000000000e+02
7.850000000000000000e+02
7.930000000000000000e+02
8.160000000000000000e+02
8.550000000000000000e+02
8.960000000000000000e+02
8.550000000000000000e+02
9.010000000000000000e+02
9.140000000000000000e+02
9.600000000000000000e+02
9.900000000000000000e+02
1.001000000000000000e+03
1.016000000000000000e+03
1.024000000000000000e+03
1.023000000000000000e+03
1.092000000000000000e+03
1.089000000000000000e+03
1.136000000000000000e+03
1.118000000000000000e+03
1.144000000000000000e+03
1.174000000000000000e+03
1.165000000000000000e+03
1.134000000000000000e+03
1.188000000000000000e+03
1.228000000000000000e+03
1.214000000000000000e+03
1.272000000000000000e+03
1.258000000000000000e+03
1.294000000000000000e+03
1.328000000000000000e+03
1.327000000000000000e+03
1.300000000000000000e+03
1.353000000000000000e+03
1.286000000000000000e+03
1.386000000000000000e+03
1.347000000000000000e+03
1.335000000000000000e+03
1.389000000000000000e+03
1.370000000000000000e+03
1.388000000000000000e+03
1.352000000000000000e+03
1.387000000000000000e+03
1.373000000000000000e+03
1.280000000000000000e+03
1.326000000000000000e+03
1.260000000000000000e+03
1.293000000000000000e+03
1.227000000000000000e+03
1.273000000000000000e+03
1.225000000000000000e+03
1.172000000000000000e+03
1.193000000000000000e+03
1.186000000000000000e+03
1.162000000000000000e+03
1.184000000000000000e+03
1.166000000000000000e+03
1.134000000000000000e+03
1.099000000000000000e+03
1.083000000000000000e+03
1.113000000000000000e+03
1.066000000000000000e+03
1.084000000000000000e+03
1.104000000000000000e+03
1.100000000000000000e+03
1.016000000000000000e+03
1.037000000000000000e+03
1.010000000000000000e+03
9.900000000000000000e+02
1.015000000000000000e+03
9.950000000000000000e+02
9.500000000000000000e+02
9.060000000000000000e+02
9.290000000000000000e+02
8.730000000000000000e+02
8.540000000000000000e+02
8.590000000000000000e+02
8.400000000000000000e+02
8.160000000000000000e+02
7.400000000000000000e+02
7.280000000000000000e+02
7.550000000000000000e+02
6.880000000000000000e+02
6.650000000000000000e+02
6.640000000000000000e+02
6.490000000000000000e+02
6.280000000000000000e+02
5.810000000000000000e+02
6.110000000000000000e+02
5.610000000000000000e+02
5.870000000000000000e+02
5.780000000000000000e+02
5.360000000000000000e+02
5.080000000000000000e+02
4.890000000000000000e+02
4.890000000000000000e+02
4.500000000000000000e+02
4.010000000000000000e+02
3.900000000000000000e+02
4.180000000000000000e+02
3.870000000000000000e+02
3.920000000000000000e+02
3.720000000000000000e+02
3.550000000000000000e+02
3.330000000000000000e+02
3.690000000000000000e+02
2.880000000000000000e+02
3.040000000000000000e+02
2.730000000000000000e+02
2.370000000000000000e+02
2.280000000000000000e+02
2.520000000000000000e+02
2.150000000000000000e+02
2.620000000000000000e+02
2.360000000000000000e+02
2.280000000000000000e+02
1.860000000000000000e+02
2.010000000000000000e+02
1.950000000000000000e+02
1.780000000000000000e+02
1.650000000000000000e+02
1.780000000000000000e+02
1.540000000000000000e+02
1.800000000000000000e+02
1.390000000000000000e+02
1.370000000000000000e+02
1.110000000000000000e+02
9.800000000000000000e+01
8.600000000000000000e+01
1.180000000000000000e+02
7.700000000000000000e+01
1.120000000000000000e+02
1.030000000000000000e+02
1.020000000000000000e+02
9.500000000000000000e+01
4.800000000000000000e+01
5.900000000000000000e+01
7.100000000000000000e+01
7.700000000000000000e+01
4.500000000000000000e+01
7.300000000000000000e+01
5.200000000000000000e+01
6.000000000000000000e+01
4.400000000000000000e+01
2.700000000000000000e+01
5.200000000000000000e+01
4.200000000000000000e+01
5.700000000000000000e+01
4.800000000000000000e+01
4.200000000000000000e+01
2.700000000000000000e+01
2.600000000000000000e+01
1.300000000000000000e+01
1.000000000000000000e+01
3.500000000000000000e+01
3.300000000000000000e+01
2.400000000000000000e+01
-5.000000000000000000e+00
3.300000000000000000e+01
1.500000000000000000e+01
2.600000000000000000e+01
-5.000000000000000000e+00
3.300000000000000000e+01
-1.900000000000000000e+01
3.200000000000000000e+01
2.000000000000000000e+01
1.800000000000000000e+01
3.100000000000000000e+01
1.200000000000000000e+01
1.000000000000000000e+01
1.100000000000000000e+01
0.000000000000000000e+00
-4.000000000000000000e+00
3.100000000000000000e+01
4.000000000000000000e+01
3.900000000000000000e+01
-8.000000000000000000e+00
3.700000000000000000e+01
-3.000000000000000000e+00
-1.000000000000000000e+00
1.300000000000000000e+01
7.000000000000000000e+00
1.300000000000000000e+01
3.200000000000000000e+01
-1.800000000000000000e+01
-7.000000000000000000e+00
9.000000000000000000e+00
-4.000000000000000000e+00
-1.500000000000000000e+01
2.100000000000000000e+01
1.400000000000000000e+01
7.000000000000000000e+00
1.500000000000000000e+01
2.300000000000000000e+01
1.700000000000000000e+01
-2.000000000000000000e+01
-1.600000000000000000e+01
3.200000000000000000e+01
-5.000000000000000000e+00
1.500000000000000000e+01
-2.000000000000000000e+00
1.000000000000000000e+00
6.000000000000000000e+00
-1.500000000000000000e+01
-1.200000000000000000e+01
1.000000000000000000e+01
-5.000000000000000000e+00
4.000000000000000000e+00
2.000000000000000000e+01
-1.000000000000000000e+00
0.000000000000000000e+00
1.600000000000000000e+01
-2.000000000000000000e+00
1.700000000000000000e+01
-3.000000000000000000e+00
9.000000000000000000e+00
-7.000000000000000000e+00
1.000000000000000000e+00
6.000000000000000000e+00
8.000000000000000000e+00
-1.300000000000000000e+01
-1.400000000000000000e+01
-2.000000000000000000e+00
-1.000000000000000000e+01
-2.000000000000000000e+00
9.900000000000000000e+01
-1.100000000000000000e+01
5.000000000000000000e+00
-6.000000000000000000e+00
1.000000000000000000e+01
1.000000000000000000e+00
-7.000000000000000000e+00
-1.600000000000000000e+01
-1.500000000000000000e+01
4.000000000000000000e+00
1.600000000000000000e+01
1.000000000000000000e+00
-2.800000000000000000e+01
1.600000000000000000e+01
3.000000000000000000e+00
-5.000000000000000000e+00
0.000000000000000000e+00
2.000000000000000000e+00
-4.000000000000000000e+00
