-4.000000000000000000e+00
1.000000000000000000e+00
-1.000000000000000000e+00
2.000000000000000000e+00
-6.000000000000000000e+00
-2.000000000000000000e+01
-6.000000000000000000e+00
7.000000000000000000e+00
-7.000000000000000000e+00
-2.200000000000000000e+01
-1.400000000000000000e+01
-1.100000000000000000e+01
-1.000000000000000000e+00
-6.000000000000000000e+00
-9.000000000000000000e+00
3.000000000000000000e+00
1.300000000000000000e+01
9.000000000000000000e+00
2.000000000000000000e+00
0.000000000000000000e+00
3.800000000000000000e+01
-1.100000000000000000e+01
1.000000000000000000e+00
6.000000000000000000e+00
-8.000000000000000000e+00
-2.400000000000000000e+01
-1.100000000000000000e+01
-7.000000000000000000e+00
3.200000000000000000e+01
-1.200000000000000000e+01
-3.000000000000000000e+00
-5.000000000000000000e+00
3.100000000000000000e+01
-1.500000000000000000e+01
-9.000000000000000000e+00
-2.300000000000000000e+01
4.000000000000000000e+00
8.000000000000000000e+00
-3.000000000000000000e+00
1.500000000000000000e+01
-2.000000000000000000e+01
1.600000000000000000e+01
-1.900000000000000000e+01
-4.000000000000000000e+00
9.000000000000000000e+00
5.000000000000000000e+00
5.000000000000000000e+00
5.000000000000000000e+00
8.000000000000000000e+00
-1.200000000000000000e+01
-9.000000000000000000e+00
-1.500000000000000000e+01
9.000000000000000000e+00
2.300000000000000000e+01
4.000000000000000000e+00
1.200000000000000000e+01
8.000000000000000000e+00
-3.600000000000000000e+01
-2.000000000000000000e+00
-1.700000000000000000e+01
-1.000000000000000000e+01
7.000000000000000000e+00
-4.200000000000000000e+01
1.400000000000000000e+01
-2.500000000000000000e+01
2.300000000000000000e+01
-3.000000000000000000e+01
1.000000000000000000e+01
-1.400000000000000000e+01
-1.200000000000000000e+01
-2.000000000000000000e+00
4.000000000000000000e+00
0.000000000000000000e+00
-3.200000000000000000e+01
3.000000000000000000e+00
-2.100000000000000000e+01
-4.000000000000000000e+00
2.000000000000000000e+01
1.200000000000000000e+01
1.000000000000000000e+01
-1.900000000000000000e+01
3.200000000000000000e+01
-3.500000000000000000e+01
2.100000000000000000e+01
-3.200000000000000000e+01
-3.600000000000000000e+01
-2.000000000000000000e+00
-1.800000000000000000e+01
3.100000000000000000e+01
-2.500000000000000000e+01
-1.600000000000000000e+01
-3.000000000000000000e+00
1.800000000000000000e+01
-3.200000000000000000e+01
3.100000000000000000e+01
9.000000000000000000e+00
-1.200000000000000000e+01
-2.000000000000000000e+00
-2.900000000000000000e+01
5.000000000000000000e+00
1.000000000000000000e+00
2.000000000000000000e+01
-4.000000000000000000e+00
-2.000000000000000000e+01
0.000000000000000000e+00
-1.200000000000000000e+01
-1.600000000000000000e+01
-6.000000000000000000e+00
9.000000000000000000e+00
-2.000000000000000000e+00
2.000000000000000000e+00
1.000000000000000000e+01
9.000000000000000000e+00
-1.700000000000000000e+01
-1.700000000000000000e+01
1.000000000000000000e+00
-4.000000000000000000e+00
8.000000000000000000e+00
-2.700000000000000000e+01
1.400000000000000000e+01
1.000000000000000000e+00
4.000000000000000000e+00
-1.800000000000000000e+01
1.000000000000000000e+00
2.000000000000000000e+01
-1.300000000000000000e+01
5.000000000000000000e+00
1.300000000000000000e+01
2.800000000000000000e+01
-9.000000000000000000e+00
2.700000000000000000e+01
2.200000000000000000e+01
0.000000000000000000e+00
2.200000000000000000e+01
-1.100000000000000000e+01
1.100000000000000000e+01
1.600000000000000000e+01
-1.600000000000000000e+01
2.000000000000000000e+00
-2.000000000000000000e+00
-1.400000000000000000e+01
8.000000000000000000e+00
-1.100000000000000000e+01
1.500000000000000000e+01
5.000000000000000000e+00
3.100000000000000000e+01
4.000000000000000000e+00
-2.000000000000000000e+01
-1.300000000000000000e+01
-1.900000000000000000e+01
8.000000000000000000e+00
2.400000000000000000e+01
1.500000000000000000e+01
0.000000000000000000e+00
6.000000000000000000e+00
-9.000000000000000000e+00
-1.000000000000000000e+00
2.000000000000000000e+01
-1.000000000000000000e+01
9.000000000000000000e+00
3.000000000000000000e+00
-1.500000000000000000e+01
-1.300000000000000000e+01
-8.000000000000000000e+00
-1.200000000000000000e+01
-2.300000000000000000e+01
-1.400000000000000000e+01
-2.200000000000000000e+01
3.000000000000000000e+00
-2.000000000000000000e+00
2.200000000000000000e+01
4.000000000000000000e+00
-6.000000000000000000e+00
2.700000000000000000e+01
9.000000000000000000e+00
-1.100000000000000000e+01
-9.000000000000000000e+00
4.000000000000000000e+00
4.000000000000000000e+00
-1.300000000000000000e+01
-1.000000000000000000e+00
9.000000000000000000e+00
-3.000000000000000000e+00
-3.000000000000000000e+01
-9.000000000000000000e+00
-3.400000000000000000e+01
-4.000000000000000000e+00
-7.000000000000000000e+00
1.100000000000000000e+01
2.600000000000000000e+01
-1.300000000000000000e+01
-3.200000000000000000e+01
-1.700000000000000000e+01
2.500000000000000000e+01
-1.000000000000000000e+00
-1.700000000000000000e+01
3.000000000000000000e+00
2.000000000000000000e+00
-1.000000000000000000e+00
-2.000000000000000000e+00
1.100000000000000000e+01
1.000000000000000000e+01
9.000000000000000000e+00
-1.000000000000000000e+00
-7.000000000000000000e+00
-1.900000000000000000e+01
1.100000000000000000e+01
-9.000000000000000000e+00
8.000000000000000000e+00
-1.200000000000000000e+01
2.500000000000000000e+01
-5.000000000000000000e+00
1.500000000000000000e+01
-6.000000000000000000e+00
-8.000000000000000000e+00
-6.000000000000000000e+00
2.600000000000000000e+01
2.300000000000000000e+01
1.400000000000000000e+01
-1.100000000000000000e+01
5.000000000000000000e+00
-2.400000000000000000e+01
-2.300000000000000000e+01
-7.000000000000000000e+00
-2.000000000000000000e+01
7.000000000000000000e+00
3.000000000000000000e+00
-1.900000000000000000e+01
3.000000000000000000e+00
-1.000000000000000000e+00
7.000000000000000000e+00
4.000000000000000000e+00
-1.800000000000000000e+01
-2.000000000000000000e+00
-1.400000000000000000e+01
0.000000000000000000e+00
-2.000000000000000000e+00
-9.000000000000000000e+00
-1.100000000000000000e+01
-1.500000000000000000e+01
1.300000000000000000e+01
-1.900000000000000000e+01
1.700000000000000000e+01
4.000000000000000000e+00
7.000000000000000000e+00
1.600000000000000000e+01
1.600000000000000000e+01
-1.000000000000000000e+00
-2.900000000000000000e+01
6.000000000000000000e+00
-1.000000000000000000e+00
-2.000000000000000000e+00
-2.700000000000000000e+01
-4.000000000000000000e+00
-9.000000000000000000e+00
-1.600000000000000000e+01
8.000000000000000000e+00
-1.000000000000000000e+00
-3.100000000000000000e+01
-1.500000000000000000e+01
1.000000000000000000e+00
8.000000000000000000e+00
4.300000000000000000e+01
8.000000000000000000e+00
9.000000000000000000e+00
1.500000000000000000e+01
6.000000000000000000e+00
1.700000000000000000e+01
-3.000000000000000000e+00
1.200000000000000000e+01
1.400000000000000000e+01
2.000000000000000000e+00
-2.700000000000000000e+01
-6.000000000000000000e+00
3.600000000000000000e+01
-3.000000000000000000e+00
-1.200000000000000000e+01
-3.000000000000000000e+01
-3.000000000000000000e+01
3.300000000000000000e+01
1.300000000000000000e+01
-9.000000000000000000e+00
-1.000000000000000000e+01
-1.000000000000000000e+00
3.000000000000000000e+00
-3.000000000000000000e+00
-4.400000000000000000e+01
-1.200000000000000000e+01
-3.300000000000000000e+01
-1.000000000000000000e+00
-6.000000000000000000e+00
1.000000000000000000e+00
-1.900000000000000000e+01
1.900000000000000000e+01
1.700000000000000000e+01
2.700000000000000000e+01
2.500000000000000000e+01
-2.000000000000000000e+00
-1.500000000000000000e+01
2.300000000000000000e+01
4.000000000000000000e+00
-2.000000000000000000e+01
-1.300000000000000000e+01
0.000000000000000000e+00
-2.200000000000000000e+01
-1.000000000000000000e+01
3.000000000000000000e+00
1.200000000000000000e+01
-2.100000000000000000e+01
-2.000000000000000000e+00
-3.100000000000000000e+01
8.000000000000000000e+00
1.000000000000000000e+01
1.800000000000000000e+01
2.300000000000000000e+01
3.000000000000000000e+01
7.000000000000000000e+00
4.000000000000000000e+00
4.000000000000000000e+00
-1.500000000000000000e+01
-4.000000000000000000e+01
-6.000000000000000000e+00
-2.500000000000000000e+01
2.000000000000000000e+00
1.800000000000000000e+01
-2.000000000000000000e+00
1.100000000000000000e+01
-1.300000000000000000e+01
5.000000000000000000e+00
2.100000000000000000e+01
4.000000000000000000e+00
2.400000000000000000e+01
-2.400000000000000000e+01
1.000000000000000000e+01
-1.900000000000000000e+01
-1.900000000000000000e+01
1.900000000000000000e+01
1.400000000000000000e+01
-3.000000000000000000e+00
2.800000000000000000e+01
2.000000000000000000e+00
-3.500000000000000000e+01
3.000000000000000000e+00
1.300000000000000000e+01
2.300000000000000000e+01
-1.600000000000000000e+01
-2.000000000000000000e+00
-2.700000000000000000e+01
-1.800000000000000000e+01
-1.900000000000000000e+01
9.000000000000000000e+00
1.300000000000000000e+01
2.100000000000000000e+01
-1.900000000000000000e+01
1.600000000000000000e+01
1.500000000000000000e+01
-8.000000000000000000e+00
2.800000000000000000e+01
1.400000000000000000e+01
-1.000000000000000000e+00
1.100000000000000000e+01
1.400000000000000000e+01
-9.000000000000000000e+00
1.500000000000000000e+01
0.000000000000000000e+00
7.000000000000000000e+00
8.000000000000000000e+00
-1.400000000000000000e+01
1.100000000000000000e+01
-1.000000000000000000e+00
0.000000000000000000e+00
1.500000000000000000e+01
-3.000000000000000000e+00
-2.200000000000000000e+01
3.000000000000000000e+00
-1.300000000000000000e+01
4.000000000000000000e+00
-1.700000000000000000e+01
0.000000000000000000e+00
6.000000000000000000e+00
8.000000000000000000e+00
6.000000000000000000e+00
-3.400000000000000000e+01
2.100000000000000000e+01
-2.300000000000000000e+01
-1.200000000000000000e+01
1.000000000000000000e+00
-1.600000000000000000e+01
1.200000000000000000e+01
2.100000000000000000e+01
-6.000000000000000000e+00
2.000000000000000000e+00
2.000000000000000000e+00
-1.000000000000000000e+01
-1.000000000000000000e+01
3.100000000000000000e+01
2.200000000000000000e+01
2.300000000000000000e+01
-2.000000000000000000e+00
3.500000000000000000e+01
-6.000000000000000000e+00
2.900000000000000000e+01
4.200000000000000000e+01
-5.000000000000000000e+00
-2.400000000000000000e+01
2.000000000000000000e+00
1.300000000000000000e+01
-1.900000000000000000e+01
-1.500000000000000000e+01
3.000000000000000000e+00
-6.000000000000000000e+00
-1.400000000000000000e+01
-9.000000000000000000e+00
-1.600000000000000000e+01
2.700000000000000000e+01
4.000000000000000000e+00
-5.000000000000000000e+00
-1.100000000000000000e+01
-3.000000000000000000e+01
8.000000000000000000e+00
2.400000000000000000e+01
-2.600000000000000000e+01
-2.300000000000000000e+01
-1.800000000000000000e+01
1.000000000000000000e+00
1.200000000000000000e+01
-1.400000000000000000e+01
-1.000000000000000000e+00
-1.600000000000000000e+01
-1.100000000000000000e+01
-5.000000000000000000e+00
8.000000000000000000e+00
-1.700000000000000000e+01
1.200000000000000000e+01
-1.700000000000000000e+01
-6.000000000000000000e+00
-2.200000000000000000e+01
6.000000000000000000e+00
2.500000000000000000e+01
6.000000000000000000e+00
1.000000000000000000e+01
-1.800000000000000000e+01
-1.600000000000000000e+01
3.800000000000000000e+01
1.700000000000000000e+01
2.600000000000000000e+01
1.100000000000000000e+01
-3.000000000000000000e+00
-1.400000000000000000e+01
4.000000000000000000e+00
2.000000000000000000e+01
3.700000000000000000e+01
-1.400000000000000000e+01
1.000000000000000000e+01
-9.000000000000000000e+00
2.300000000000000000e+01
1.900000000000000000e+01
1.700000000000000000e+01
-6.000000000000000000e+00
2.700000000000000000e+01
3.000000000000000000e+00
-5.000000000000000000e+00
-9.000000000000000000e+00
-2.400000000000000000e+01
1.700000000000000000e+01
-1.700000000000000000e+01
1.900000000000000000e+01
-1.400000000000000000e+01
-2.400000000000000000e+01
8.000000000000000000e+00
1.200000000000000000e+01
0.000000000000000000e+00
9.600000000000000000e+01
-7.000000000000000000e+00
-1.000000000000000000e+00
1.000000000000000000e+01
8.000000000000000000e+00
-2.900000000000000000e+01
4.000000000000000000e+00
1.900000000000000000e+01
-2.300000000000000000e+01
3.000000000000000000e+00
0.000000000000000000e+00
-8.000000000000000000e+00
1.400000000000000000e+01
1.900000000000000000e+01
-3.000000000000000000e+00
2.500000000000000000e+01
3.000000000000000000e+00
1.500000000000000000e+01
1.900000000000000000e+01
1.200000000000000000e+01
1.300000000000000000e+01
-5.000000000000000000e+00
2.000000000000000000e+00
-9.000000000000000000e+00
1.100000000000000000e+01
-5.000000000000000000e+00
-1.300000000000000000e+01
-1.900000000000000000e+01
2.000000000000000000e+01
3.100000000000000000e+01
1.000000000000000000e+00
1.900000000000000000e+01
3.000000000000000000e+00
9.000000000000000000e+00
1.200000000000000000e+01
1.800000000000000000e+01
-1.500000000000000000e+01
-1.000000000000000000e+01
-2.400000000000000000e+01
-8.000000000000000000e+00
-1.100000000000000000e+01
-4.000000000000000000e+00
1.000000000000000000e+00
-5.000000000000000000e+00
1.100000000000000000e+01
1.100000000000000000e+01
1.100000000000000000e+01
8.000000000000000000e+00
-5.000000000000000000e+00
1.400000000000000000e+01
-4.400000000000000000e+01
1.300000000000000000e+01
-7.000000000000000000e+00
-1.300000000000000000e+01
8.000000000000000000e+00
-9.000000000000000000e+00
9.000000000000000000e+00
-2.400000000000000000e+01
7.000000000000000000e+00
2.700000000000000000e+01
2.000000000000000000e+01
2.000000000000000000e+01
1.200000000000000000e+01
-8.000000000000000000e+00
2.000000000000000000e+00
-3.000000000000000000e+00
-2.800000000000000000e+01
-3.000000000000000000e+00
4.400000000000000000e+01
2.600000000000000000e+01
2.200000000000000000e+01
3.000000000000000000e+00
1.000000000000000000e+01
-1.300000000000000000e+01
4.100000000000000000e+01
-2.600000000000000000e+01
0.000000000000000000e+00
-4.000000000000000000e+00
7.000000000000000000e+00
-2.100000000000000000e+01
1.400000000000000000e+01
-1.300000000000000000e+01
2.400000000000000000e+01
-3.300000000000000000e+01
1.000000000000000000e+00
-1.400000000000000000e+01
-4.000000000000000000e+00
-7.000000000000000000e+00
8.000000000000000000e+00
-3.000000000000000000e+00
1.500000000000000000e+01
6.000000000000000000e+00
3.000000000000000000e+00
1.000000000000000000e+00
2.800000000000000000e+01
-2.500000000000000000e+01
-2.100000000000000000e+01
-7.000000000000000000e+00
-1.400000000000000000e+01
8.000000000000000000e+00
1.200000000000000000e+01
-1.100000000000000000e+01
7.000000000000000000e+00
3.600000000000000000e+01
-2.900000000000000000e+01
-2.000000000000000000e+00
2.300000000000000000e+01
-1.400000000000000000e+01
-9.000000000000000000e+00
1.700000000000000000e+01
1.000000000000000000e+01
-7.000000000000000000e+00
2.000000000000000000e+00
4.000000000000000000e+01
2.800000000000000000e+01
2.700000000000000000e+01
1.000000000000000000e+01
2.400000000000000000e+01
-1.900000000000000000e+01
2.700000000000000000e+01
-5.000000000000000000e+00
1.000000000000000000e+00
8.000000000000000000e+00
6.000000000000000000e+00
-9.000000000000000000e+00
-1.100000000000000000e+01
1.100000000000000000e+01
-9.000000000000000000e+00
-2.900000000000000000e+01
-1.000000000000000000e+00
1.000000000000000000e+00
2.600000000000000000e+01
3.500000000000000000e+01
7.000000000000000000e+00
1.100000000000000000e+01
1.400000000000000000e+01
-2.100000000000000000e+01
6.000000000000000000e+00
4.000000000000000000e+00
2.100000000000000000e+01
-1.900000000000000000e+01
1.400000000000000000e+01
-2.500000000000000000e+01
-3.100000000000000000e+01
1.500000000000000000e+01
-2.000000000000000000e+00
-8.000000000000000000e+00
5.000000000000000000e+00
2.700000000000000000e+01
-1.100000000000000000e+01
1.500000000000000000e+01
-1.900000000000000000e+01
-1.000000000000000000e+00
-4.300000000000000000e+01
1.000000000000000000e+00
3.000000000000000000e+00
-3.000000000000000000e+00
1.000000000000000000e+00
1.400000000000000000e+01
4.000000000000000000e+00
1.200000000000000000e+01
-1.200000000000000000e+01
-7.000000000000000000e+00
3.000000000000000000e+00
0.000000000000000000e+00
2.200000000000000000e+01
1.300000000000000000e+01
1.400000000000000000e+01
1.000000000000000000e+00
-1.200000000000000000e+01
-4.300000000000000000e+01
0.000000000000000000e+00
1.000000000000000000e+00
1.100000000000000000e+01
-6.000000000000000000e+00
-2.000000000000000000e+00
2.000000000000000000e+00
1.700000000000000000e+01
-8.000000000000000000e+00
-3.100000000000000000e+01
2.600000000000000000e+01
1.300000000000000000e+01
2.000000000000000000e+01
-3.900000000000000000e+01
2.900000000000000000e+01
-1.000000000000000000e+00
1.500000000000000000e+01
0.000000000000000000e+00
2.700000000000000000e+01
2.500000000000000000e+01
-1.100000000000000000e+01
-1.000000000000000000e+00
-3.500000000000000000e+01
-2.000000000000000000e+01
-3.000000000000000000e+00
1.000000000000000000e+01
3.500000000000000000e+01
2.100000000000000000e+01
-6.000000000000000000e+00
-1.300000000000000000e+01
2.500000000000000000e+01
-3.000000000000000000e+00
2.000000000000000000e+00
-1.800000000000000000e+01
0.000000000000000000e+00
3.300000000000000000e+01
-6.000000000000000000e+00
-1.200000000000000000e+01
1.200000000000000000e+01
1.900000000000000000e+01
-1.000000000000000000e+01
-8.000000000000000000e+00
-1.500000000000000000e+01
2.000000000000000000e+00
2.100000000000000000e+01
-4.000000000000000000e+00
1.500000000000000000e+01
5.000000000000000000e+00
1.300000000000000000e+01
1.000000000000000000e+01
8.000000000000000000e+00
-1.900000000000000000e+01
-2.000000000000000000e+00
0.000000000000000000e+00
-1.100000000000000000e+01
4.100000000000000000e+01
-4.000000000000000000e+00
1.400000000000000000e+01
8.000000000000000000e+00
2.400000000000000000e+01
1.100000000000000000e+01
0.000000000000000000e+00
1.600000000000000000e+01
2.500000000000000000e+01
0.000000000000000000e+00
1.700000000000000000e+01
5.000000000000000000e+00
1.900000000000000000e+01
-5.000000000000000000e+00
-6.000000000000000000e+00
2.700000000000000000e+01
1.100000000000000000e+01
2.700000000000000000e+01
-1.600000000000000000e+01
1.100000000000000000e+01
-1.900000000000000000e+01
-2.000000000000000000e+00
1.600000000000000000e+01
3.000000000000000000e+00
1.900000000000000000e+01
3.600000000000000000e+01
-4.000000000000000000e+00
8.000000000000000000e+00
-2.100000000000000000e+01
2.000000000000000000e+01
7.000000000000000000e+00
2.600000000000000000e+01
1.700000000000000000e+01
7.000000000000000000e+00
2.000000000000000000e+01
1.700000000000000000e+01
2.300000000000000000e+01
1.100000000000000000e+01
3.100000000000000000e+01
1.000000000000000000e+01
3.000000000000000000e+01
1.100000000000000000e+01
6.200000000000000000e+01
1.500000000000000000e+01
1.200000000000000000e+01
1.800000000000000000e+01
0.000000000000000000e+00
-3.200000000000000000e+01
-1.100000000000000000e+01
1.300000000000000000e+01
1.500000000000000000e+01
0.000000000000000000e+00
-1.000000000000000000e+00
4.100000000000000000e+01
4.200000000000000000e+01
3.000000000000000000e+00
3.600000000000000000e+01
2.200000000000000000e+01
-1.500000000000000000e+01
1.900000000000000000e+01
-9.000000000000000000e+00
-1.000000000000000000e+00
3.900000000000000000e+01
2.700000000000000000e+01
8.000000000000000000e+00
-7.000000000000000000e+00
-1.500000000000000000e+01
2.600000000000000000e+01
3.300000000000000000e+01
-1.100000000000000000e+01
3.200000000000000000e+01
3.400000000000000000e+01
2.100000000000000000e+01
1.200000000000000000e+01
1.900000000000000000e+01
5.000000000000000000e+00
2.400000000000000000e+01
-2.100000000000000000e+01
2.000000000000000000e+00
9.000000000000000000e+00
3.600000000000000000e+01
1.400000000000000000e+01
-1.300000000000000000e+01
2.400000000000000000e+01
3.400000000000000000e+01
2.800000000000000000e+01
2.100000000000000000e+01
3.300000000000000000e+01
2.800000000000000000e+01
-1.700000000000000000e+01
2.100000000000000000e+01
0.000000000000000000e+00
2.200000000000000000e+01
2.000000000000000000e+01
-8.000000000000000000e+00
0.000000000000000000e+00
-2.400000000000000000e+01
2.500000000000000000e+01
0.000000000000000000e+00
1.700000000000000000e+01
-6.000000000000000000e+00
-1.500000000000000000e+01
-3.000000000000000000e+00
1.200000000000000000e+01
3.400000000000000000e+01
2.100000000000000000e+01
-4.000000000000000000e+00
1.400000000000000000e+01
7.000000000000000000e+00
3.400000000000000000e+01
2.000000000000000000e+00
0.000000000000000000e+00
3.200000000000000000e+01
4.000000000000000000e+00
3.400000000000000000e+01
8.000000000000000000e+00
0.000000000000000000e+00
-1.700000000000000000e+01
-6.000000000000000000e+00
1.200000000000000000e+01
2.000000000000000000e+00
4.300000000000000000e+01
1.400000000000000000e+01
2.000000000000000000e+00
1.600000000000000000e+01
6.000000000000000000e+00
2.200000000000000000e+01
3.900000000000000000e+01
2.800000000000000000e+01
2.700000000000000000e+01
2.100000000000000000e+01
1.200000000000000000e+01
1.600000000000000000e+01
6.000000000000000000e+00
3.300000000000000000e+01
-1.100000000000000000e+01
-3.000000000000000000e+00
1.700000000000000000e+01
8.000000000000000000e+00
4.000000000000000000e+00
5.000000000000000000e+00
1.400000000000000000e+01
2.400000000000000000e+01
3.800000000000000000e+01
1.900000000000000000e+01
-1.600000000000000000e+01
3.400000000000000000e+01
2.600000000000000000e+01
3.900000000000000000e+01
4.400000000000000000e+01
3.400000000000000000e+01
-1.000000000000000000e+00
2.200000000000000000e+01
3.800000000000000000e+01
0.000000000000000000e+00
-4.000000000000000000e+00
1.400000000000000000e+01
1.800000000000000000e+01
9.000000000000000000e+00
2.000000000000000000e+01
4.400000000000000000e+01
9.000000000000000000e+00
-1.200000000000000000e+01
5.400000000000000000e+01
6.000000000000000000e+00
2.400000000000000000e+01
3.100000000000000000e+01
3.800000000000000000e+01
6.000000000000000000e+00
6.000000000000000000e+00
3.400000000000000000e+01
2.100000000000000000e+01
3.800000000000000000e+01
4.100000000000000000e+01
5.100000000000000000e+01
1.100000000000000000e+01
5.000000000000000000e+00
7.000000000000000000e+01
3.100000000000000000e+01
4.600000000000000000e+01
2.300000000000000000e+01
6.500000000000000000e+01
3.400000000000000000e+01
6.700000000000000000e+01
1.800000000000000000e+01
5.800000000000000000e+01
8.800000000000000000e+01
9.000000000000000000e+01
4.000000000000000000e+01
7.000000000000000000e+01
8.000000000000000000e+01
1.010000000000000000e+02
1.270000000000000000e+02
1.170000000000000000e+02
1.260000000000000000e+02
2.040000000000000000e+02
1.920000000000000000e+02
2.290000000000000000e+02
2.850000000000000000e+02
2.790000000000000000e+02
3.370000000000000000e+02
4.260000000000000000e+02
4.840000000000000000e+02
5.220000000000000000e+02
6.100000000000000000e+02
6.890000000000000000e+02
7.770000000000000000e+02
8.590000000000000000e+02
9.550000000000000000e+02
1.094000000000000000e+03
1.170000000000000000e+03
1.334000000000000000e+03
1.447000000000000000e+03
1.581000000000000000e+03
1.739000000000000000e+03
1.847000000000000000e+03
2.029000000000000000e+03
2.160000000000000000e+03
2.282000000000000000e+03
2.416000000000000000e+03
2.522000000000000000e+03
2.739000000000000000e+03
2.832000000000000000e+03
3.017000000000000000e+03
3.106000000000000000e+03
3.289000000000000000e+03
3.342000000000000000e+03
3.418000000000000000e+03
3.579000000000000000e+03
3.593000000000000000e+03
3.660000000000000000e+03
3.732000000000000000e+03
3.737000000000000000e+03
3.735000000000000000e+03
3.804000000000000000e+03
3.749000000000000000e+03
3.704000000000000000e+03
3.723000000000000000e+03
3.602000000000000000e+03
3.678000000000000000e+03
3.474000000000000000e+03
3.443000000000000000e+03
3.346000000000000000e+03
3.147000000000000000e+03
3.067000000000000000e+03
2.955000000000000000e+03
2.816000000000000000e+03
2.663000000000000000e+03
2.503000000000000000e+03
2.432000000000000000e+03
2.290000000000000000e+03
2.178000000000000000e+03
2.051000000000000000e+03
1.969000000000000000e+03
1.770000000000000000e+03
1.584000000000000000e+03
1.527000000000000000e+03
1.395000000000000000e+03
1.268000000000000000e+03
1.176000000000000000e+03
1.045000000000000000e+03
9.580000000000000000e+02
8.890000000000000000e+02
8.480000000000000000e+02
7.020000000000000000e+02
6.570000000000000000e+02
5.650000000000000000e+02
5.110000000000000000e+02
4.360000000000000000e+02
3.760000000000000000e+02
3.070000000000000000e+02
2.970000000000000000e+02
2.790000000000000000e+02
2.610000000000000000e+02
2.120000000000000000e+02
1.520000000000000000e+02
1.640000000000000000e+02
1.310000000000000000e+02
9.800000000000000000e+01
1.070000000000000000e+02
8.300000000000000000e+01
5.500000000000000000e+01
3.900000000000000000e+01
7.100000000000000000e+01
5.200000000000000000e+01
3.100000000000000000e+01
3.500000000000000000e+01
4.600000000000000000e+01
2.400000000000000000e+01
3.400000000000000000e+01
5.600000000000000000e+01
-1.500000000000000000e+01
6.000000000000000000e+00
2.200000000000000000e+01
1.300000000000000000e+01
1.000000000000000000e+01
9.000000000000000000e+00
2.900000000000000000e+01
7.000000000000000000e+00
1.700000000000000000e+01
4.000000000000000000e+00
2.200000000000000000e+01
2.600000000000000000e+01
3.000000000000000000e+01
-8.000000000000000000e+00
1.800000000000000000e+01
-2.200000000000000000e+01
5.000000000000000000e+00
7.000000000000000000e+00
-1.200000000000000000e+01
-1.000000000000000000e+00
1.100000000000000000e+01
3.900000000000000000e+01
1.400000000000000000e+01
3.300000000000000000e+01
-8.000000000000000000e+00
-3.000000000000000000e+00
3.300000000000000000e+01
2.300000000000000000e+01
2.300000000000000000e+01
6.000000000000000000e+00
1.200000000000000000e+01
1.600000000000000000e+01
-3.000000000000000000e+00
2.300000000000000000e+01
4.100000000000000000e+01
1.400000000000000000e+01
4.200000000000000000e+01
2.200000000000000000e+01
5.100000000000000000e+01
0.000000000000000000e+00
1.700000000000000000e+01
2.400000000000000000e+01
-1.800000000000000000e+01
5.000000000000000000e+00
-2.500000000000000000e+01
1.600000000000000000e+01
2.000000000000000000e+00
2.900000000000000000e+01
2.100000000000000000e+01
1.500000000000000000e+01
1.200000000000000000e+01
1.000000000000000000e+01
-1.100000000000000000e+01
3.700000000000000000e+01
1.300000000000000000e+01
-1.000000000000000000e+00
2.200000000000000000e+01
-1.100000000000000000e+01
1.800000000000000000e+01
7.000000000000000000e+00
3.300000000000000000e+01
2.200000000000000000e+01
1.800000000000000000e+01
1.100000000000000000e+01
2.300000000000000000e+01
3.000000000000000000e+00
1.500000000000000000e+01
4.000000000000000000e+00
3.200000000000000000e+01
1.000000000000000000e+00
1.500000000000000000e+01
4.300000000000000000e+01
-1.000000000000000000e+01
-2.000000000000000000e+00
1.100000000000000000e+01
1.000000000000000000e+01
8.000000000000000000e+00
2.200000000000000000e+01
8.000000000000000000e+00
1.800000000000000000e+01
1.500000000000000000e+01
-8.000000000000000000e+00
-3.000000000000000000e+00
8.000000000000000000e+00
3.600000000000000000e+01
2.800000000000000000e+01
1.900000000000000000e+01
-6.000000000000000000e+00
-3.000000000000000000e+00
3.000000000000000000e+00
4.100000000000000000e+01
3.500000000000000000e+01
1.000000000000000000e+00
2.500000000000000000e+01
-2.000000000000000000e+00
-6.000000000000000000e+00
-8.000000000000000000e+00
2.200000000000000000e+01
2.000000000000000000e+01
-7.000000000000000000e+00
4.600000000000000000e+01
2.200000000000000000e+01
1.000000000000000000e+01
2.400000000000000000e+01
-1.600000000000000000e+01
7.000000000000000000e+00
1.700000000000000000e+01
9.000000000000000000e+00
9.000000000000000000e+00
5.000000000000000000e+00
2.200000000000000000e+01
-4.000000000000000000e+00
-1.400000000000000000e+01
2.000000000000000000e+01
7.000000000000000000e+00
1.200000000000000000e+01
2.100000000000000000e+01
-3.000000000000000000e+00
5.900000000000000000e+01
-7.000000000000000000e+00
1.300000000000000000e+01
2.500000000000000000e+01
3.100000000000000000e+01
1.800000000000000000e+01
1.500000000000000000e+01
1.800000000000000000e+01
-4.000000000000000000e+00
3.100000000000000000e+01
4.000000000000000000e+00
8.000000000000000000e+00
1.600000000000000000e+01
2.400000000000000000e+01
3.600000000000000000e+01
9.000000000000000000e+00
-5.300000000000000000e+01
-1.000000000000000000e+00
2.100000000000000000e+01
5.000000000000000000e+00
1.000000000000000000e+01
-1.000000000000000000e+00
3.600000000000000000e+01
8.000000000000000000e+00
9.000000000000000000e+00
7.000000000000000000e+00
-1.000000000000000000e+00
-4.000000000000000000e+00
-6.000000000000000000e+00
-5.000000000000000000e+00
-7.000000000000000000e+00
4.200000000000000000e+01
2.000000000000000000e+00
8.000000000000000000e+00
-1.500000000000000000e+01
1.800000000000000000e+01
1.600000000000000000e+01
-5.000000000000000000e+00
4.700000000000000000e+01
-1.300000000000000000e+01
-4.000000000000000000e+00
3.000000000000000000e+01
-1.600000000000000000e+01
1.300000000000000000e+01
1.500000000000000000e+01
2.300000000000000000e+01
1.000000000000000000e+01
4.200000000000000000e+01
-5.000000000000000000e+00
-1.300000000000000000e+01
2.800000000000000000e+01
3.100000000000000000e+01
-1.000000000000000000e+01
-1.000000000000000000e+01
2.400000000000000000e+01
1.000000000000000000e+01
-1.000000000000000000e+01
1.800000000000000000e+01
1.500000000000000000e+01
2.000000000000000000e+01
3.000000000000000000e+01
-3.000000000000000000e+00
2.900000000000000000e+01
-4.000000000000000000e+00
-1.500000000000000000e+01
3.000000000000000000e+00
0.000000000000000000e+00
-8.000000000000000000e+00
1.000000000000000000e+01
1.400000000000000000e+01
1.500000000000000000e+01
2.000000000000000000e+00
1.500000000000000000e+01
2.000000000000000000e+00
1.700000000000000000e+01
-1.500000000000000000e+01
1.300000000000000000e+01
3.200000000000000000e+01
2.100000000000000000e+01
0.000000000000000000e+00
1.100000000000000000e+01
2.400000000000000000e+01
2.300000000000000000e+01
-3.800000000000000000e+01
2.000000000000000000e+00
0.000000000000000000e+00
-7.000000000000000000e+00
-1.400000000000000000e+01
1.100000000000000000e+01
3.200000000000000000e+01
-2.000000000000000000e+00
1.500000000000000000e+01
7.000000000000000000e+00
-4.000000000000000000e+00
3.000000000000000000e+01
5.000000000000000000e+00
0.000000000000000000e+00
-1.300000000000000000e+01
1.200000000000000000e+01
1.600000000000000000e+01
2.000000000000000000e+00
2.300000000000000000e+01
-3.000000000000000000e+00
8.000000000000000000e+00
-8.000000000000000000e+00
5.000000000000000000e+00
2.100000000000000000e+01
3.500000000000000000e+01
-1.600000000000000000e+01
-1.900000000000000000e+01
-2.500000000000000000e+01
1.800000000000000000e+01
1.000000000000000000e+00
-7.000000000000000000e+00
-1.000000000000000000e+00
-6.000000000000000000e+00
1.300000000000000000e+01
-1.000000000000000000e+00
-4.000000000000000000e+00
1.400000000000000000e+01
-8.000000000000000000e+00
1.000000000000000000e+00
2.700000000000000000e+01
0.000000000000000000e+00
6.000000000000000000e+00
1.900000000000000000e+01
4.000000000000000000e+00
2.400000000000000000e+01
-7.000000000000000000e+00
3.000000000000000000e+00
0.000000000000000000e+00
1.200000000000000000e+01
8.000000000000000000e+00
3.200000000000000000e+01
-5.000000000000000000e+00
6.000000000000000000e+00
3.900000000000000000e+01
1.000000000000000000e+00
1.500000000000000000e+01
-3.000000000000000000e+00
1.200000000000000000e+01
1.300000000000000000e+01
4.000000000000000000e+00
1.400000000000000000e+01
-1.100000000000000000e+01
1.600000000000000000e+01
3.000000000000000000e+00
-5.000000000000000000e+00
1.000000000000000000e+00
-1.300000000000000000e+01
-2.000000000000000000e+00
2.700000000000000000e+01
-2.100000000000000000e+01
-1.100000000000000000e+01
-1.400000000000000000e+01
3.400000000000000000e+01
2.000000000000000000e+01
1.200000000000000000e+01
6.000000000000000000e+00
-4.000000000000000000e+00
0.000000000000000000e+00
0.000000000000000000e+00
2.500000000000000000e+01
6.000000000000000000e+00
2.700000000000000000e+01
-5.000000000000000000e+00
1.000000000000000000e+00
8.000000000000000000e+00
6.000000000000000000e+00
7.000000000000000000e+00
2.200000000000000000e+01
1.000000000000000000e+00
-1.200000000000000000e+01
8.000000000000000000e+00
1.300000000000000000e+01
3.000000000000000000e+00
-7.000000000000000000e+00
1.400000000000000000e+01
-2.000000000000000000e+01
2.000000000000000000e+00
1.000000000000000000e+00
2.600000000000000000e+01
-1.100000000000000000e+01
-4.000000000000000000e+00
-3.000000000000000000e+00
1.700000000000000000e+01
2.500000000000000000e+01
2.000000000000000000e+01
-2.900000000000000000e+01
-9.000000000000000000e+00
-1.500000000000000000e+01
0.000000000000000000e+00
-4.000000000000000000e+00
9.000000000000000000e+00
-8.000000000000000000e+00
-2.300000000000000000e+01
8.000000000000000000e+00
-2.400000000000000000e+01
-6.000000000000000000e+00
-1.700000000000000000e+01
-2.000000000000000000e+01
-2.300000000000000000e+01
1.600000000000000000e+01
2.000000000000000000e+00
-3.000000000000000000e+00
-2.000000000000000000e+00
1.500000000000000000e+01
4.100000000000000000e+01
-1.100000000000000000e+01
1.400000000000000000e+01
-6.000000000000000000e+00
-8.000000000000000000e+00
3.300000000000000000e+01
-1.400000000000000000e+01
1.000000000000000000e+00
-1.000000000000000000e+01
-3.000000000000000000e+00
4.000000000000000000e+00
1.000000000000000000e+01
-5.000000000000000000e+00
2.000000000000000000e+00
-2.400000000000000000e+01
6.000000000000000000e+00
-1.200000000000000000e+01
3.400000000000000000e+01
1.600000000000000000e+01
1.700000000000000000e+01
1.500000000000000000e+01
1.300000000000000000e+01
-5.000000000000000000e+00
-7.000000000000000000e+00
9.000000000000000000e+00
1.400000000000000000e+01
1.300000000000000000e+01
-2.700000000000000000e+01
-2.200000000000000000e+01
1.800000000000000000e+01
-3.000000000000000000e+00
-1.200000000000000000e+01
-5.000000000000000000e+00
3.000000000000000000e+00
-9.000000000000000000e+00
1.100000000000000000e+01
1.300000000000000000e+01
-8.000000000000000000e+00
3.000000000000000000e+00
-8.000000000000000000e+00
-4.000000000000000000e+00
3.000000000000000000e+00
2.000000000000000000e+01
7.000000000000000000e+00
5.000000000000000000e+00
-2.700000000000000000e+01
8.000000000000000000e+00
4.000000000000000000e+00
1.300000000000000000e+01
3.700000000000000000e+01
1.300000000000000000e+01
1.300000000000000000e+01
-8.000000000000000000e+00
6.000000000000000000e+00
-1.700000000000000000e+01
-1.600000000000000000e+01
4.000000000000000000e+00
-3.000000000000000000e+00
-5.000000000000000000e+00
3.500000000000000000e+01
3.000000000000000000e+00
5.000000000000000000e+00
-1.800000000000000000e+01
1.000000000000000000e+01
-1.000000000000000000e+00
1.200000000000000000e+01
8.000000000000000000e+00
-3.000000000000000000e+00
-1.600000000000000000e+01
1.700000000000000000e+01
3.000000000000000000e+00
1.300000000000000000e+01
1.000000000000000000e+00
1.200000000000000000e+01
-7.000000000000000000e+00
4.000000000000000000e+00
1.000000000000000000e+00
-7.000000000000000000e+00
-2.000000000000000000e+00
5.000000000000000000e+00
1.000000000000000000e+00
3.300000000000000000e+01
1.800000000000000000e+01
7.000000000000000000e+00
9.000000000000000000e+00
-9.000000000000000000e+00
2.800000000000000000e+01
2.000000000000000000e+01
1.700000000000000000e+01
-1.000000000000000000e+01
-2.000000000000000000e+00
-6.000000000000000000e+00
-4.000000000000000000e+00
-2.000000000000000000e+00
1.600000000000000000e+01
1.000000000000000000e+00
4.000000000000000000e+00
-2.700000000000000000e+01
2.000000000000000000e+00
6.000000000000000000e+00
4.100000000000000000e+01
-1.500000000000000000e+01
1.700000000000000000e+01
-5.000000000000000000e+00
3.000000000000000000e+00
1.000000000000000000e+00
1.400000000000000000e+01
-1.800000000000000000e+01
2.900000000000000000e+01
2.000000000000000000e+00
-1.800000000000000000e+01
9.000000000000000000e+00
2.000000000000000000e+00
8.000000000000000000e+00
2.700000000000000000e+01
-2.800000000000000000e+01
7.000000000000000000e+00
2.000000000000000000e+00
1.900000000000000000e+01
4.000000000000000000e+00
7.000000000000000000e+00
1.100000000000000000e+01
1.700000000000000000e+01
1.500000000000000000e+01
-4.000000000000000000e+00
1.000000000000000000e+00
-2.100000000000000000e+01
6.000000000000000000e+00
-3.400000000000000000e+01
3.700000000000000000e+01
-3.100000000000000000e+01
-1.800000000000000000e+01
8.000000000000000000e+00
9.000000000000000000e+00
2.600000000000000000e+01
1.600000000000000000e+01
-1.500000000000000000e+01
2.200000000000000000e+01
-3.000000000000000000e+00
2.400000000000000000e+01
-7.000000000000000000e+00
-6.000000000000000000e+00
-5.000000000000000000e+00
-2.800000000000000000e+01
3.400000000000000000e+01
-1.000000000000000000e+00
-3.200000000000000000e+01
-1.500000000000000000e+01
8.000000000000000000e+00
-1.200000000000000000e+01
1.400000000000000000e+01
-1.100000000000000000e+01
1.100000000000000000e+01
1.800000000000000000e+01
-2.000000000000000000e+00
-4.000000000000000000e+00
-5.000000000000000000e+00
1.000000000000000000e+00
4.000000000000000000e+00
1.000000000000000000e+01
-4.000000000000000000e+00
-1.600000000000000000e+01
-3.000000000000000000e+00
-1.000000000000000000e+01
-3.000000000000000000e+00
1.000000000000000000e+00
0.000000000000000000e+00
-1.000000000000000000e+00
-8.000000000000000000e+00
0.000000000000000000e+00
-1.200000000000000000e+01
1.500000000000000000e+01
2.000000000000000000e+00
-2.000000000000000000e+00
-3.400000000000000000e+01
-1.300000000000000000e+01
-3.000000000000000000e+00
-1.200000000000000000e+01
1.800000000000000000e+01
-5.000000000000000000e+00
0.000000000000000000e+00
-1.800000000000000000e+01
-2.000000000000000000e+00
-1.300000000000000000e+01
-1.500000000000000000e+01
1.700000000000000000e+01
-1.500000000000000000e+01
1.300000000000000000e+01
1.100000000000000000e+01
1.000000000000000000e+00
1.900000000000000000e+01
1.000000000000000000e+01
-1.200000000000000000e+01
4.000000000000000000e+00
6.000000000000000000e+00
3.000000000000000000e+00
3.000000000000000000e+00
2.200000000000000000e+01
1.800000000000000000e+01
1.500000000000000000e+01
2.000000000000000000e+01
9.000000000000000000e+00
-1.600000000000000000e+01
-7.000000000000000000e+00
7.000000000000000000e+00
-2.600000000000000000e+01
-1.600000000000000000e+01
-1.400000000000000000e+01
-1.200000000000000000e+01
4.000000000000000000e+00
-1.100000000000000000e+01
-1.300000000000000000e+01
7.000000000000000000e+00
-4.000000000000000000e+00
5.000000000000000000e+00
-3.600000000000000000e+01
-6.000000000000000000e+00
3.700000000000000000e+01
-9.000000000000000000e+00
-6.000000000000000000e+00
-5.000000000000000000e+00
2.100000000000000000e+01
2.000000000000000000e+01
-1.800000000000000000e+01
-8.000000000000000000e+00
-1.000000000000000000e+01
1.000000000000000000e+00
8.000000000000000000e+00
-1.500000000000000000e+01
4.000000000000000000e+00
-3.000000000000000000e+00
-1.100000000000000000e+01
-1.700000000000000000e+01
-4.000000000000000000e+00
9.000000000000000000e+00
1.700000000000000000e+01
1.700000000000000000e+01
2.900000000000000000e+01
-2.100000000000000000e+01
2.000000000000000000e+00
8.000000000000000000e+00
-3.200000000000000000e+01
7.000000000000000000e+00
3.000000000000000000e+00
-1.000000000000000000e+01
2.300000000000000000e+01
1.400000000000000000e+01
7.000000000000000000e+00
1.600000000000000000e+01
1.200000000000000000e+01
1.300000000000000000e+01
-8.000000000000000000e+00
-1.400000000000000000e+01
-3.600000000000000000e+01
1.000000000000000000e+00
-1.000000000000000000e+01
-9.000000000000000000e+00
0.000000000000000000e+00
1.900000000000000000e+01
-4.000000000000000000e+00
6.000000000000000000e+00
-9.000000000000000000e+00
6.000000000000000000e+00
1.500000000000000000e+01
1.300000000000000000e+01
1.300000000000000000e+01
1.000000000000000000e+01
4.000000000000000000e+00
2.800000000000000000e+01
-8.000000000000000000e+00
-8.000000000000000000e+00
7.000000000000000000e+00
8.000000000000000000e+00
9.000000000000000000e+00
-3.400000000000000000e+01
-1.400000000000000000e+01
-1.000000000000000000e+01
-1.200000000000000000e+01
1.100000000000000000e+01
5.000000000000000000e+00
-3.100000000000000000e+01
2.000000000000000000e+00
0.000000000000000000e+00
4.000000000000000000e+00
-5.000000000000000000e+00
-1.000000000000000000e+01
-1.100000000000000000e+01
-5.000000000000000000e+00
2.100000000000000000e+01
2.200000000000000000e+01
-7.000000000000000000e+00
-1.300000000000000000e+01
3.400000000000000000e+01
7.000000000000000000e+00
1.800000000000000000e+01
8.000000000000000000e+00
-1.500000000000000000e+01
-1.000000000000000000e+00
-2.700000000000000000e+01
1.000000000000000000e+01
8.000000000000000000e+00
-1.400000000000000000e+01
7.000000000000000000e+00
1.300000000000000000e+01
-1.200000000000000000e+01
1.000000000000000000e+00
6.000000000000000000e+00
-1.700000000000000000e+01
-2.000000000000000000e+00
2.000000000000000000e+00
2.100000000000000000e+01
-2.300000000000000000e+01
-9.000000000000000000e+00
-1.200000000000000000e+01
8.000000000000000000e+00
-1.000000000000000000e+00
8.000000000000000000e+00
1.000000000000000000e+00
-2.000000000000000000e+00
-1.400000000000000000e+01
-2.000000000000000000e+00
-6.000000000000000000e+00
-1.500000000000000000e+01
-5.000000000000000000e+00
1.000000000000000000e+01
-4.000000000000000000e+00
1.600000000000000000e+01
-2.200000000000000000e+01
-1.700000000000000000e+01
-8.000000000000000000e+00
5.000000000000000000e+00
-3.000000000000000000e+00
-7.000000000000000000e+00
2.400000000000000000e+01
-8.000000000000000000e+00
-2.000000000000000000e+01
2.700000000000000000e+01
-5.000000000000000000e+00
2.300000000000000000e+01
-5.000000000000000000e+00
6.000000000000000000e+00
-1.000000000000000000e+00
2.000000000000000000e+00
1.000000000000000000e+01
2.300000000000000000e+01
-1.700000000000000000e+01
-1.000000000000000000e+01
3.200000000000000000e+01
-1.300000000000000000e+01
2.000000000000000000e+00
1.400000000000000000e+01
1.000000000000000000e+00
1.000000000000000000e+01
1.700000000000000000e+01
-6.000000000000000000e+00
6.000000000000000000e+00
1.900000000000000000e+01
2.000000000000000000e+00
-6.000000000000000000e+00
-1.000000000000000000e+01
-1.800000000000000000e+01
1.500000000000000000e+01
1.000000000000000000e+00
1.600000000000000000e+01
-2.900000000000000000e+01
1.200000000000000000e+01
-2.000000000000000000e+00
1.200000000000000000e+01
-2.100000000000000000e+01
-3.000000000000000000e+00
-1.200000000000000000e+01
3.000000000000000000e+01
-2.000000000000000000e+00
1.800000000000000000e+01
-1.900000000000000000e+01
-2.000000000000000000e+00
5.000000000000000000e+00
9.000000000000000000e+00
0.000000000000000000e+00
1.100000000000000000e+01
4.000000000000000000e+00
-4.000000000000000000e+00
-1.200000000000000000e+01
5.000000000000000000e+00
1.300000000000000000e+01
-9.000000000000000000e+00
7.000000000000000000e+00
6.000000000000000000e+00
-2.600000000000000000e+01
-1.300000000000000000e+01
2.000000000000000000e+00
-1.700000000000000000e+01
1.000000000000000000e+01
9.000000000000000000e+00
-1.900000000000000000e+01
-2.000000000000000000e+01
1.600000000000000000e+01
8.000000000000000000e+00
2.000000000000000000e+01
1.600000000000000000e+01
1.300000000000000000e+01
-1.300000000000000000e+01
1.000000000000000000e+01
-5.000000000000000000e+00
-2.100000000000000000e+01
1.000000000000000000e+01
-7.000000000000000000e+00
0.000000000000000000e+00
-2.700000000000000000e+01
2.500000000000000000e+01
-1.000000000000000000e+00
2.400000000000000000e+01
1.700000000000000000e+01
3.000000000000000000e+01
-5.000000000000000000e+00
-1.600000000000000000e+01
3.500000000000000000e+01
1.100000000000000000e+01
-2.000000000000000000e+00
1.000000000000000000e+00
1.200000000000000000e+01
1.000000000000000000e+01
-2.100000000000000000e+01
1.000000000000000000e+01
0.000000000000000000e+00
7.000000000000000000e+00
1.600000000000000000e+01
-4.000000000000000000e+00
1.700000000000000000e+01
2.400000000000000000e+01
1.500000000000000000e+01
-9.000000000000000000e+00
1.000000000000000000e+00
-1.200000000000000000e+01
1.100000000000000000e+01
-1.600000000000000000e+01
-2.000000000000000000e+00
-5.000000000000000000e+00
2.000000000000000000e+01
2.000000000000000000e+00
1.200000000000000000e+01
2.700000000000000000e+01
2.800000000000000000e+01
3.300000000000000000e+01
2.200000000000000000e+01
3.500000000000000000e+01
1.400000000000000000e+01
4.900000000000000000e+01
2.400000000000000000e+01
4.200000000000000000e+01
1.800000000000000000e+01
3.300000000000000000e+01
6.300000000000000000e+01
3.600000000000000000e+01
5.000000000000000000e+01
3.300000000000000000e+01
5.400000000000000000e+01
3.500000000000000000e+01
5.900000000000000000e+01
6.200000000000000000e+01
3.800000000000000000e+01
6.300000000000000000e+01
4.800000000000000000e+01
7.200000000000000000e+01
5.200000000000000000e+01
5.400000000000000000e+01
7.800000000000000000e+01
9.800000000000000000e+01
8.000000000000000000e+01
8.400000000000000000e+01
7.700000000000000000e+01
1.230000000000000000e+02
8.400000000000000000e+01
1.010000000000000000e+02
1.330000000000000000e+02
1.130000000000000000e+02
1.150000000000000000e+02
1.330000000000000000e+02
1.300000000000000000e+02
1.640000000000000000e+02
2.210000000000000000e+02
1.590000000000000000e+02
1.770000000000000000e+02
2.030000000000000000e+02
2.240000000000000000e+02
2.530000000000000000e+02
2.460000000000000000e+02
2.550000000000000000e+02
2.660000000000000000e+02
2.880000000000000000e+02
2.910000000000000000e+02
3.100000000000000000e+02
3.430000000000000000e+02
3.340000000000000000e+02
3.280000000000000000e+02
3.660000000000000000e+02
3.250000000000000000e+02
3.510000000000000000e+02
3.870000000000000000e+02
4.040000000000000000e+02
4.130000000000000000e+02
4.340000000000000000e+02
4.650000000000000000e+02
5.200000000000000000e+02
5.560000000000000000e+02
5.460000000000000000e+02
5.640000000000000000e+02
5.800000000000000000e+02
6.580000000000000000e+02
6.250000000000000000e+02
6.260000000000000000e+02
6.620000000000000000e+02
7.040000000000000000e+02
7.650000000000000000e+02
7.610000000000000000e+02
7.330000000000000000e+02
8.100000000000000000e+02
8.280000000000000000e+02
8.540000000000000000e+02
8.960000000000000000e+02
8.790000000000000000e+02
8.850000000000000000e+02
9.150000000000000000e+02
9.540000000000000000e+02
9.390000000000000000e+02
1.006000000000000000e+03
9.730000000000000000e+02
9.970000000000000000e+02
9.990000000000000000e+02
1.008000000000000000e+03
1.048000000000000000e+03
1.038000000000000000e+03
1.085000000000000000e+03
1.094000000000000000e+03
1.076000000000000000e+03
1.101000000000000000e+03
1.170000000000000000e+03
1.158000000000000000e+03
1.156000000000000000e+03
1.184000000000000000e+03
1.166000000000000000e+03
1.221000000000000000e+03
1.275000000000000000e+03
1.237000000000000000e+03
1.184000000000000000e+03
1.230000000000000000e+03
1.246000000000000000e+03
1.277000000000000000e+03
1.309000000000000000e+03
1.306000000000000000e+03
1.284000000000000000e+03
1.300000000000000000e+03
1.293000000000000000e+03
1.255000000000000000e+03
1.244000000000000000e+03
1.273000000000000000e+03
1.201000000000000000e+03
1.233000000000000000e+03
1.143000000000000000e+03
1.165000000000000000e+03
1.118000000000000000e+03
1.081000000000000000e+03
1.117000000000000000e+03
1.044000000000000000e+03
1.080000000000000000e+03
1.045000000000000000e+03
1.051000000000000000e+03
1.061000000000000000e+03
1.032000000000000000e+03
9.890000000000000000e+02
1.037000000000000000e+03
1.021000000000000000e+03
1.016000000000000000e+03
9.740000000000000000e+02
9.600000000000000000e+02
9.480000000000000000e+02
9.700000000000000000e+02
9.340000000000000000e+02
9.080000000000000000e+02
8.860000000000000000e+02
9.150000000000000000e+02
8.790000000000000000e+02
8.740000000000000000e+02
8.450000000000000000e+02
7.980000000000000000e+02
7.510000000000000000e+02
7.750000000000000000e+02
7.650000000000000000e+02
7.320000000000000000e+02
6.810000000000000000e+02
7.110000000000000000e+02
6.480000000000000000e+02
6.370000000000000000e+02
6.250000000000000000e+02
6.130000000000000000e+02
5.770000000000000000e+02
5.740000000000000000e+02
5.200000000000000000e+02
4.920000000000000000e+02
5.400000000000000000e+02
4.980000000000000000e+02
5.070000000000000000e+02
4.500000000000000000e+02
4.880000000000000000e+02
4.250000000000000000e+02
4.370000000000000000e+02
4.060000000000000000e+02
4.090000000000000000e+02
4.340000000000000000e+02
3.670000000000000000e+02
3.390000000000000000e+02
3.310000000000000000e+02
3.390000000000000000e+02
3.280000000000000000e+02
3.440000000000000000e+02
3.080000000000000000e+02
2.640000000000000000e+02
2.680000000000000000e+02
2.650000000000000000e+02
2.110000000000000000e+02
2.370000000000000000e+02
2.250000000000000000e+02
2.100000000000000000e+02
2.050000000000000000e+02
1.860000000000000000e+02
1.780000000000000000e+02
1.870000000000000000e+02
1.890000000000000000e+02
1.660000000000000000e+02
1.880000000000000000e+02
1.730000000000000000e+02
1.450000000000000000e+02
1.610000000000000000e+02
1.370000000000000000e+02
1.320000000000000000e+02
1.200000000000000000e+02
1.220000000000000000e+02
1.070000000000000000e+02
1.080000000000000000e+02
1.080000000000000000e+02
8.800000000000000000e+01
9.600000000000000000e+01
8.100000000000000000e+01
8.500000000000000000e+01
9.100000000000000000e+01
4.100000000000000000e+01
7.000000000000000000e+01
6.800000000000000000e+01
7.500000000000000000e+01
6.100000000000000000e+01
7.300000000000000000e+01
6.100000000000000000e+01
6.400000000000000000e+01
4.100000000000000000e+01
5.600000000000000000e+01
3.000000000000000000e+01
4.900000000000000000e+01
1.300000000000000000e+01
5.000000000000000000e+01
2.000000000000000000e+00
9.000000000000000000e+00
2.700000000000000000e+01
3.500000000000000000e+01
1.700000000000000000e+01
4.000000000000000000e+00
5.300000000000000000e+01
3.300000000000000000e+01
1.500000000000000000e+01
-3.500000000000000000e+01
2.600000000000000000e+01
4.000000000000000000e+01
-3.000000000000000000e+00
5.000000000000000000e+00
2.100000000000000000e+01
8.000000000000000000e+00
2.800000000000000000e+01
2.500000000000000000e+01
-3.000000000000000000e+00
1.400000000000000000e+01
2.100000000000000000e+01
2.000000000000000000e+01
2.100000000000000000e+01
1.000000000000000000e+01
1.900000000000000000e+01
-6.000000000000000000e+00
7.000000000000000000e+00
2.800000000000000000e+01
3.000000000000000000e+00
2.000000000000000000e+01
2.000000000000000000e+00
1.300000000000000000e+01
6.000000000000000000e+00
2.500000000000000000e+01
-1.000000000000000000e+00
3.000000000000000000e+00
3.000000000000000000e+00
2.800000000000000000e+01
8.000000000000000000e+00
8.000000000000000000e+00
4.000000000000000000e+00
1.500000000000000000e+01
1.700000000000000000e+01
1.700000000000000000e+01
1.900000000000000000e+01
1.900000000000000000e+01
7.000000000000000000e+00
1.100000000000000000e+01
3.000000000000000000e+00
-1.000000000000000000e+00
1.400000000000000000e+01
3.000000000000000000e+00
-1.000000000000000000e+01
4.000000000000000000e+00
-1.200000000000000000e+01
-7.000000000000000000e+00
-4.000000000000000000e+00
-3.900000000000000000e+01
-1.400000000000000000e+01
1.600000000000000000e+01
4.900000000000000000e+01
0.000000000000000000e+00
5.000000000000000000e+00
-9.000000000000000000e+00
8.000000000000000000e+00
-2.300000000000000000e+01
8.000000000000000000e+00
9.000000000000000000e+00
-6.000000000000000000e+00
-1.200000000000000000e+01
1.500000000000000000e+01
-2.000000000000000000e+00
-1.800000000000000000e+01
1.900000000000000000e+01
-1.200000000000000000e+01
-1.100000000000000000e+01
-1.600000000000000000e+01
-3.900000000000000000e+01
1.700000000000000000e+01
-3.000000000000000000e+00
-2.400000000000000000e+01
1.200000000000000000e+01
1.500000000000000000e+01
1.000000000000000000e+00
1.600000000000000000e+01
1.000000000000000000e+01
-1.900000000000000000e+01
1.000000000000000000e+01
9.000000000000000000e+00
2.000000000000000000e+01
1.400000000000000000e+01
2.000000000000000000e+01
-2.000000000000000000e+00
-1.000000000000000000e+00
-1.000000000000000000e+00
-3.000000000000000000e+00
