-1.000000000000000000e+00
5.000000000000000000e+00
-8.000000000000000000e+00
-1.000000000000000000e+00
0.000000000000000000e+00
-2.300000000000000000e+01
-1.600000000000000000e+01
-2.500000000000000000e+01
1.000000000000000000e+01
-2.000000000000000000e+00
3.000000000000000000e+00
1.400000000000000000e+01
-4.000000000000000000e+00
-4.000000000000000000e+00
-1.600000000000000000e+01
-1.700000000000000000e+01
-2.200000000000000000e+01
-2.000000000000000000e+00
6.000000000000000000e+00
-2.500000000000000000e+01
-2.200000000000000000e+01
1.100000000000000000e+01
-1.100000000000000000e+01
3.000000000000000000e+00
1.000000000000000000e+01
1.900000000000000000e+01
-1.200000000000000000e+01
-8.000000000000000000e+00
-1.500000000000000000e+01
-3.000000000000000000e+01
-3.000000000000000000e+00
-3.700000000000000000e+01
1.500000000000000000e+01
-1.200000000000000000e+01
-1.300000000000000000e+01
-1.100000000000000000e+01
4.000000000000000000e+00
1.200000000000000000e+01
1.400000000000000000e+01
4.000000000000000000e+00
-1.600000000000000000e+01
4.300000000000000000e+01
-4.000000000000000000e+01
-1.200000000000000000e+01
-8.000000000000000000e+00
-2.100000000000000000e+01
8.000000000000000000e+00
-3.500000000000000000e+01
-2.100000000000000000e+01
1.200000000000000000e+01
-8.000000000000000000e+00
-1.600000000000000000e+01
4.000000000000000000e+00
0.000000000000000000e+00
-3.000000000000000000e+01
-3.600000000000000000e+01
-2.100000000000000000e+01
-1.100000000000000000e+01
-9.000000000000000000e+00
1.200000000000000000e+01
6.000000000000000000e+00
-2.500000000000000000e+01
-2.700000000000000000e+01
-1.000000000000000000e+00
-1.300000000000000000e+01
-8.000000000000000000e+00
-1.400000000000000000e+01
-2.300000000000000000e+01
-2.700000000000000000e+01
1.000000000000000000e+00
-8.000000000000000000e+00
-7.000000000000000000e+00
-6.000000000000000000e+00
-3.200000000000000000e+01
-6.000000000000000000e+00
-4.800000000000000000e+01
-5.000000000000000000e+00
-7.000000000000000000e+00
1.200000000000000000e+01
-2.300000000000000000e+01
-3.400000000000000000e+01
-2.300000000000000000e+01
-1.900000000000000000e+01
6.000000000000000000e+00
-1.000000000000000000e+01
1.000000000000000000e+00
-1.300000000000000000e+01
-1.000000000000000000e+01
7.000000000000000000e+00
5.000000000000000000e+00
-3.100000000000000000e+01
-3.100000000000000000e+01
1.000000000000000000e+00
-3.000000000000000000e+00
1.900000000000000000e+01
-1.800000000000000000e+01
-1.700000000000000000e+01
-3.800000000000000000e+01
-3.300000000000000000e+01
-1.000000000000000000e+00
3.000000000000000000e+00
0.000000000000000000e+00
-1.400000000000000000e+01
-9.000000000000000000e+00
-2.000000000000000000e+01
-1.500000000000000000e+01
-3.400000000000000000e+01
-1.900000000000000000e+01
-4.000000000000000000e+00
-1.700000000000000000e+01
1.000000000000000000e+00
-2.200000000000000000e+01
-2.700000000000000000e+01
1.300000000000000000e+01
-2.000000000000000000e+00
-2.300000000000000000e+01
-3.000000000000000000e+00
-2.100000000000000000e+01
2.200000000000000000e+01
-1.000000000000000000e+00
7.000000000000000000e+00
1.000000000000000000e+00
9.000000000000000000e+00
4.000000000000000000e+00
5.700000000000000000e+01
-1.400000000000000000e+01
5.000000000000000000e+00
-8.000000000000000000e+00
-1.700000000000000000e+01
1.000000000000000000e+00
1.400000000000000000e+01
-1.500000000000000000e+01
1.000000000000000000e+00
0.000000000000000000e+00
-3.000000000000000000e+00
-1.200000000000000000e+01
-1.600000000000000000e+01
-3.600000000000000000e+01
-1.000000000000000000e+00
-3.800000000000000000e+01
-3.700000000000000000e+01
-6.800000000000000000e+01
2.700000000000000000e+01
1.300000000000000000e+01
-3.000000000000000000e+00
4.000000000000000000e+00
-3.200000000000000000e+01
-2.800000000000000000e+01
-2.100000000000000000e+01
-9.000000000000000000e+00
-3.500000000000000000e+01
-1.300000000000000000e+01
-1.000000000000000000e+01
-8.000000000000000000e+00
-9.000000000000000000e+00
-5.000000000000000000e+01
-3.100000000000000000e+01
-1.900000000000000000e+01
-5.000000000000000000e+00
-9.000000000000000000e+00
-1.000000000000000000e+01
5.000000000000000000e+00
-4.000000000000000000e+00
-4.100000000000000000e+01
-1.300000000000000000e+01
6.000000000000000000e+00
-3.600000000000000000e+01
-2.200000000000000000e+01
3.000000000000000000e+00
-1.000000000000000000e+00
-6.100000000000000000e+01
-1.000000000000000000e+01
-2.200000000000000000e+01
-2.200000000000000000e+01
3.000000000000000000e+00
-2.400000000000000000e+01
-2.900000000000000000e+01
-2.500000000000000000e+01
2.000000000000000000e+01
-7.000000000000000000e+00
1.200000000000000000e+01
1.200000000000000000e+01
-1.600000000000000000e+01
9.000000000000000000e+00
1.100000000000000000e+01
-1.000000000000000000e+01
-2.900000000000000000e+01
-2.000000000000000000e+00
7.000000000000000000e+00
-4.000000000000000000e+00
-6.000000000000000000e+00
-1.600000000000000000e+01
-2.100000000000000000e+01
2.000000000000000000e+00
1.000000000000000000e+00
2.000000000000000000e+00
-1.300000000000000000e+01
-9.000000000000000000e+00
-2.800000000000000000e+01
-2.200000000000000000e+01
-5.000000000000000000e+00
-2.800000000000000000e+01
-1.200000000000000000e+01
7.000000000000000000e+00
-3.600000000000000000e+01
-6.000000000000000000e+00
-3.400000000000000000e+01
-8.000000000000000000e+00
-1.000000000000000000e+00
1.300000000000000000e+01
-7.000000000000000000e+00
-3.000000000000000000e+00
-5.900000000000000000e+01
-8.000000000000000000e+00
2.300000000000000000e+01
-9.000000000000000000e+00
2.200000000000000000e+01
8.000000000000000000e+00
0.000000000000000000e+00
-1.000000000000000000e+01
-3.100000000000000000e+01
4.000000000000000000e+00
-2.400000000000000000e+01
-2.700000000000000000e+01
-2.000000000000000000e+00
-3.000000000000000000e+01
-1.400000000000000000e+01
-7.000000000000000000e+00
-2.200000000000000000e+01
8.000000000000000000e+00
1.400000000000000000e+01
-3.500000000000000000e+01
1.800000000000000000e+01
-1.300000000000000000e+01
-2.000000000000000000e+01
1.900000000000000000e+01
-3.400000000000000000e+01
1.900000000000000000e+01
-3.000000000000000000e+00
-2.100000000000000000e+01
-1.700000000000000000e+01
-3.100000000000000000e+01
-1.700000000000000000e+01
1.900000000000000000e+01
-1.000000000000000000e+00
-1.400000000000000000e+01
-2.000000000000000000e+01
1.300000000000000000e+01
-1.600000000000000000e+01
-2.200000000000000000e+01
-2.900000000000000000e+01
-2.900000000000000000e+01
-6.000000000000000000e+00
-8.000000000000000000e+00
-7.000000000000000000e+00
-1.000000000000000000e+01
1.400000000000000000e+01
-1.100000000000000000e+01
-3.000000000000000000e+00
1.600000000000000000e+01
-3.100000000000000000e+01
-1.100000000000000000e+01
-2.300000000000000000e+01
-1.200000000000000000e+01
-2.900000000000000000e+01
0.000000000000000000e+00
8.000000000000000000e+00
-2.300000000000000000e+01
-2.400000000000000000e+01
8.000000000000000000e+00
0.000000000000000000e+00
-1.200000000000000000e+01
1.000000000000000000e+01
-1.500000000000000000e+01
6.000000000000000000e+00
-1.400000000000000000e+01
8.000000000000000000e+00
-1.300000000000000000e+01
-1.800000000000000000e+01
2.000000000000000000e+00
-3.400000000000000000e+01
-7.000000000000000000e+00
-3.000000000000000000e+01
-3.800000000000000000e+01
9.000000000000000000e+00
-3.600000000000000000e+01
-2.000000000000000000e+00
-1.500000000000000000e+01
6.000000000000000000e+00
-2.100000000000000000e+01
-2.900000000000000000e+01
-1.600000000000000000e+01
-2.900000000000000000e+01
-2.000000000000000000e+00
-2.600000000000000000e+01
-5.000000000000000000e+00
-1.000000000000000000e+00
4.700000000000000000e+01
4.000000000000000000e+00
-2.700000000000000000e+01
0.000000000000000000e+00
-1.600000000000000000e+01
-1.000000000000000000e+00
-1.400000000000000000e+01
-3.000000000000000000e+01
0.000000000000000000e+00
-1.000000000000000000e+01
-1.400000000000000000e+01
-1.800000000000000000e+01
-2.200000000000000000e+01
-3.300000000000000000e+01
2.000000000000000000e+00
-2.700000000000000000e+01
-4.500000000000000000e+01
-1.500000000000000000e+01
5.000000000000000000e+00
-1.200000000000000000e+01
-8.000000000000000000e+00
0.000000000000000000e+00
-3.300000000000000000e+01
-2.800000000000000000e+01
-8.000000000000000000e+00
7.000000000000000000e+00
-8.000000000000000000e+00
-1.100000000000000000e+01
-2.100000000000000000e+01
-4.000000000000000000e+00
4.000000000000000000e+00
0.000000000000000000e+00
6.000000000000000000e+00
-4.000000000000000000e+00
5.000000000000000000e+00
-1.700000000000000000e+01
6.000000000000000000e+00
-1.000000000000000000e+00
5.000000000000000000e+00
-7.000000000000000000e+00
-2.100000000000000000e+01
4.000000000000000000e+00
-8.000000000000000000e+00
-1.000000000000000000e+00
-1.000000000000000000e+01
1.000000000000000000e+01
-2.900000000000000000e+01
-3.200000000000000000e+01
-2.200000000000000000e+01
-2.000000000000000000e+01
-1.200000000000000000e+01
3.000000000000000000e+00
-1.500000000000000000e+01
-1.700000000000000000e+01
1.200000000000000000e+01
-2.200000000000000000e+01
-4.100000000000000000e+01
9.000000000000000000e+00
-1.300000000000000000e+01
2.000000000000000000e+00
-1.300000000000000000e+01
-1.900000000000000000e+01
-8.000000000000000000e+00
-1.500000000000000000e+01
-8.000000000000000000e+00
1.400000000000000000e+01
-1.500000000000000000e+01
-1.100000000000000000e+01
9.000000000000000000e+00
-1.200000000000000000e+01
1.000000000000000000e+00
-8.000000000000000000e+00
-3.000000000000000000e+00
-9.000000000000000000e+00
-3.000000000000000000e+01
-6.000000000000000000e+00
-6.000000000000000000e+00
-1.900000000000000000e+01
7.000000000000000000e+00
-2.100000000000000000e+01
-2.000000000000000000e+01
-3.200000000000000000e+01
-8.000000000000000000e+00
-1.300000000000000000e+01
-6.500000000000000000e+01
8.000000000000000000e+00
-1.800000000000000000e+01
-1.600000000000000000e+01
-1.300000000000000000e+01
-4.300000000000000000e+01
1.500000000000000000e+01
-2.000000000000000000e+01
1.300000000000000000e+01
-2.000000000000000000e+00
1.300000000000000000e+01
-1.500000000000000000e+01
-2.200000000000000000e+01
-4.500000000000000000e+01
-9.000000000000000000e+00
1.100000000000000000e+01
-2.300000000000000000e+01
-2.100000000000000000e+01
1.000000000000000000e+00
-2.000000000000000000e+01
-2.600000000000000000e+01
-1.800000000000000000e+01
-3.000000000000000000e+00
-2.600000000000000000e+01
-1.600000000000000000e+01
-9.000000000000000000e+00
3.000000000000000000e+00
-1.700000000000000000e+01
-3.000000000000000000e+01
0.000000000000000000e+00
1.000000000000000000e+00
1.000000000000000000e+00
4.000000000000000000e+00
2.000000000000000000e+00
-4.900000000000000000e+01
-1.000000000000000000e+00
-2.600000000000000000e+01
7.000000000000000000e+00
-1.900000000000000000e+01
2.000000000000000000e+00
1.000000000000000000e+00
-1.800000000000000000e+01
1.000000000000000000e+00
1.000000000000000000e+01
-3.700000000000000000e+01
-5.000000000000000000e+00
2.000000000000000000e+00
-3.000000000000000000e+00
-2.400000000000000000e+01
-1.100000000000000000e+01
-4.400000000000000000e+01
-3.500000000000000000e+01
8.000000000000000000e+00
-1.800000000000000000e+01
-9.000000000000000000e+00
-1.700000000000000000e+01
-1.100000000000000000e+01
2.500000000000000000e+01
9.000000000000000000e+00
1.100000000000000000e+01
2.000000000000000000e+01
-5.000000000000000000e+00
-4.900000000000000000e+01
-1.400000000000000000e+01
-2.600000000000000000e+01
-9.000000000000000000e+00
-1.400000000000000000e+01
-1.000000000000000000e+01
-1.000000000000000000e+00
-1.600000000000000000e+01
-1.700000000000000000e+01
-3.900000000000000000e+01
-1.800000000000000000e+01
-1.000000000000000000e+01
-2.100000000000000000e+01
-1.100000000000000000e+01
1.000000000000000000e+00
1.500000000000000000e+01
-4.000000000000000000e+01
-1.300000000000000000e+01
-9.000000000000000000e+00
-1.400000000000000000e+01
-1.200000000000000000e+01
3.000000000000000000e+00
3.000000000000000000e+00
-8.000000000000000000e+00
-3.000000000000000000e+01
-1.000000000000000000e+00
-2.000000000000000000e+00
-2.400000000000000000e+01
5.000000000000000000e+00
7.800000000000000000e+01
-1.200000000000000000e+01
-9.000000000000000000e+00
-2.200000000000000000e+01
-1.200000000000000000e+01
4.000000000000000000e+00
2.300000000000000000e+01
-3.300000000000000000e+01
-2.900000000000000000e+01
-2.000000000000000000e+01
-4.000000000000000000e+00
-2.800000000000000000e+01
-3.000000000000000000e+00
4.000000000000000000e+00
5.000000000000000000e+00
-1.500000000000000000e+01
-4.000000000000000000e+00
-1.500000000000000000e+01
-2.900000000000000000e+01
1.500000000000000000e+01
5.000000000000000000e+00
-3.000000000000000000e+00
-1.100000000000000000e+01
-5.000000000000000000e+00
-2.500000000000000000e+01
-1.100000000000000000e+01
-2.800000000000000000e+01
-3.100000000000000000e+01
-6.000000000000000000e+00
-3.200000000000000000e+01
1.000000000000000000e+00
1.000000000000000000e+00
3.100000000000000000e+01
6.000000000000000000e+00
-2.100000000000000000e+01
3.000000000000000000e+00
3.000000000000000000e+00
-7.000000000000000000e+00
-4.000000000000000000e+01
-1.300000000000000000e+01
-1.900000000000000000e+01
-1.400000000000000000e+01
3.000000000000000000e+00
0.000000000000000000e+00
-1.800000000000000000e+01
-2.200000000000000000e+01
-1.100000000000000000e+01
-3.400000000000000000e+01
2.000000000000000000e+00
-4.000000000000000000e+00
1.300000000000000000e+01
-2.300000000000000000e+01
-2.000000000000000000e+00
7.000000000000000000e+00
7.000000000000000000e+00
1.300000000000000000e+01
-1.300000000000000000e+01
5.000000000000000000e+00
2.000000000000000000e+00
2.600000000000000000e+01
-1.700000000000000000e+01
2.000000000000000000e+01
1.200000000000000000e+01
-2.500000000000000000e+01
-6.000000000000000000e+00
1.300000000000000000e+01
1.900000000000000000e+01
-5.000000000000000000e+00
-2.000000000000000000e+01
8.000000000000000000e+00
-2.900000000000000000e+01
-3.000000000000000000e+00
2.600000000000000000e+01
-1.100000000000000000e+01
-9.000000000000000000e+00
-2.800000000000000000e+01
-5.000000000000000000e+00
1.000000000000000000e+00
2.000000000000000000e+00
-3.000000000000000000e+00
2.400000000000000000e+01
-1.400000000000000000e+01
5.000000000000000000e+00
-1.700000000000000000e+01
1.000000000000000000e+01
1.500000000000000000e+01
-5.400000000000000000e+01
-3.800000000000000000e+01
-3.500000000000000000e+01
-3.000000000000000000e+00
-3.800000000000000000e+01
9.000000000000000000e+00
-7.000000000000000000e+00
-1.800000000000000000e+01
0.000000000000000000e+00
5.000000000000000000e+00
-3.500000000000000000e+01
-2.100000000000000000e+01
-3.000000000000000000e+00
-7.000000000000000000e+00
-4.200000000000000000e+01
1.200000000000000000e+01
-5.000000000000000000e+00
-1.600000000000000000e+01
-7.000000000000000000e+00
6.000000000000000000e+00
-3.000000000000000000e+01
-1.200000000000000000e+01
-2.400000000000000000e+01
3.000000000000000000e+00
1.900000000000000000e+01
-2.000000000000000000e+00
-1.500000000000000000e+01
-4.000000000000000000e+00
-7.000000000000000000e+00
-1.900000000000000000e+01
0.000000000000000000e+00
2.300000000000000000e+01
-7.000000000000000000e+00
-1.300000000000000000e+01
0.000000000000000000e+00
-1.000000000000000000e+00
8.000000000000000000e+00
-1.200000000000000000e+01
-4.000000000000000000e+00
1.000000000000000000e+01
1.000000000000000000e+01
-2.000000000000000000e+00
-9.000000000000000000e+00
-1.400000000000000000e+01
-2.600000000000000000e+01
-1.500000000000000000e+01
-7.000000000000000000e+00
7.000000000000000000e+00
-1.600000000000000000e+01
-1.000000000000000000e+00
-4.000000000000000000e+00
2.000000000000000000e+00
8.000000000000000000e+00
-5.000000000000000000e+00
-6.000000000000000000e+00
-2.200000000000000000e+01
-6.000000000000000000e+00
-1.400000000000000000e+01
-1.000000000000000000e+00
1.900000000000000000e+01
-3.400000000000000000e+01
-4.000000000000000000e+00
6.000000000000000000e+00
-5.000000000000000000e+00
1.000000000000000000e+00
-6.000000000000000000e+00
2.200000000000000000e+01
1.200000000000000000e+01
-2.300000000000000000e+01
1.000000000000000000e+00
1.100000000000000000e+01
-2.500000000000000000e+01
-2.000000000000000000e+01
-6.000000000000000000e+00
-1.100000000000000000e+01
1.700000000000000000e+01
1.600000000000000000e+01
-2.500000000000000000e+01
0.000000000000000000e+00
1.300000000000000000e+01
8.000000000000000000e+00
-1.900000000000000000e+01
-2.000000000000000000e+00
2.300000000000000000e+01
-2.200000000000000000e+01
-5.000000000000000000e+00
-3.400000000000000000e+01
2.200000000000000000e+01
2.000000000000000000e+00
-5.100000000000000000e+01
1.100000000000000000e+01
7.000000000000000000e+00
-5.000000000000000000e+00
-2.500000000000000000e+01
-2.900000000000000000e+01
8.000000000000000000e+00
-2.900000000000000000e+01
-2.000000000000000000e+00
-3.000000000000000000e+00
-5.000000000000000000e+00
-1.800000000000000000e+01
-1.700000000000000000e+01
-7.000000000000000000e+00
-1.700000000000000000e+01
-2.100000000000000000e+01
-4.000000000000000000e+00
1.100000000000000000e+01
-1.600000000000000000e+01
2.000000000000000000e+00
6.000000000000000000e+00
9.000000000000000000e+00
6.000000000000000000e+00
1.200000000000000000e+01
1.000000000000000000e+01
-1.200000000000000000e+01
6.000000000000000000e+00
2.000000000000000000e+01
1.400000000000000000e+01
7.000000000000000000e+00
9.000000000000000000e+00
1.900000000000000000e+01
-5.000000000000000000e+00
1.300000000000000000e+01
-1.100000000000000000e+01
3.300000000000000000e+01
-2.900000000000000000e+01
-1.400000000000000000e+01
-9.000000000000000000e+00
7.000000000000000000e+00
-4.000000000000000000e+01
-5.000000000000000000e+00
1.200000000000000000e+01
-1.600000000000000000e+01
4.000000000000000000e+00
-9.000000000000000000e+00
-1.300000000000000000e+01
-1.300000000000000000e+01
2.000000000000000000e+01
2.000000000000000000e+01
8.000000000000000000e+00
-2.000000000000000000e+00
-1.200000000000000000e+01
7.000000000000000000e+00
-1.500000000000000000e+01
-3.700000000000000000e+01
-1.400000000000000000e+01
-1.200000000000000000e+01
1.400000000000000000e+01
-1.700000000000000000e+01
2.000000000000000000e+00
5.000000000000000000e+00
1.200000000000000000e+01
6.000000000000000000e+00
2.700000000000000000e+01
-4.000000000000000000e+00
-2.600000000000000000e+01
1.800000000000000000e+01
-2.000000000000000000e+00
-1.000000000000000000e+01
-1.500000000000000000e+01
8.000000000000000000e+00
-7.000000000000000000e+00
2.500000000000000000e+01
1.000000000000000000e+00
1.900000000000000000e+01
-3.000000000000000000e+00
6.000000000000000000e+00
-1.000000000000000000e+00
-8.000000000000000000e+00
-9.000000000000000000e+00
-7.000000000000000000e+00
2.300000000000000000e+01
1.700000000000000000e+01
-2.700000000000000000e+01
-2.100000000000000000e+01
-1.000000000000000000e+01
9.000000000000000000e+00
-2.700000000000000000e+01
3.000000000000000000e+00
-4.000000000000000000e+00
7.000000000000000000e+00
2.100000000000000000e+01
2.000000000000000000e+00
2.100000000000000000e+01
3.000000000000000000e+00
4.500000000000000000e+01
1.000000000000000000e+01
-9.000000000000000000e+00
3.900000000000000000e+01
-1.200000000000000000e+01
0.000000000000000000e+00
3.000000000000000000e+00
4.000000000000000000e+00
1.000000000000000000e+01
3.100000000000000000e+01
-6.000000000000000000e+00
7.000000000000000000e+00
7.000000000000000000e+00
1.100000000000000000e+01
-1.000000000000000000e+00
1.900000000000000000e+01
1.000000000000000000e+00
-1.200000000000000000e+01
7.000000000000000000e+00
-7.000000000000000000e+00
2.800000000000000000e+01
1.200000000000000000e+01
6.000000000000000000e+00
2.500000000000000000e+01
1.900000000000000000e+01
2.300000000000000000e+01
-2.000000000000000000e+00
-1.600000000000000000e+01
2.000000000000000000e+00
-2.600000000000000000e+01
-2.800000000000000000e+01
-1.200000000000000000e+01
1.000000000000000000e+01
-1.100000000000000000e+01
5.000000000000000000e+00
1.300000000000000000e+01
5.000000000000000000e+00
-1.000000000000000000e+00
-3.000000000000000000e+00
-1.000000000000000000e+01
2.700000000000000000e+01
-8.000000000000000000e+00
0.000000000000000000e+00
8.000000000000000000e+00
-7.000000000000000000e+00
-1.600000000000000000e+01
-1.000000000000000000e+00
-5.100000000000000000e+01
-8.000000000000000000e+00
-1.400000000000000000e+01
1.000000000000000000e+00
3.500000000000000000e+01
1.700000000000000000e+01
3.000000000000000000e+00
-1.300000000000000000e+01
6.000000000000000000e+00
-1.200000000000000000e+01
-7.000000000000000000e+00
9.000000000000000000e+00
7.000000000000000000e+00
6.000000000000000000e+00
2.200000000000000000e+01
-3.300000000000000000e+01
4.000000000000000000e+00
0.000000000000000000e+00
-1.400000000000000000e+01
3.300000000000000000e+01
1.000000000000000000e+01
4.000000000000000000e+00
2.900000000000000000e+01
-2.500000000000000000e+01
-5.000000000000000000e+00
1.100000000000000000e+01
4.000000000000000000e+01
8.000000000000000000e+00
1.800000000000000000e+01
5.000000000000000000e+00
-5.000000000000000000e+00
8.000000000000000000e+00
1.500000000000000000e+01
-1.600000000000000000e+01
2.300000000000000000e+01
2.100000000000000000e+01
1.700000000000000000e+01
2.200000000000000000e+01
1.400000000000000000e+01
1.900000000000000000e+01
1.900000000000000000e+01
2.600000000000000000e+01
2.000000000000000000e+00
2.600000000000000000e+01
2.800000000000000000e+01
-6.000000000000000000e+00
1.600000000000000000e+01
4.100000000000000000e+01
2.100000000000000000e+01
1.600000000000000000e+01
2.000000000000000000e+01
3.400000000000000000e+01
-1.300000000000000000e+01
3.100000000000000000e+01
7.000000000000000000e+00
2.800000000000000000e+01
-1.900000000000000000e+01
-1.000000000000000000e+01
3.400000000000000000e+01
1.900000000000000000e+01
1.400000000000000000e+01
-1.700000000000000000e+01
1.500000000000000000e+01
-2.500000000000000000e+01
4.800000000000000000e+01
-1.000000000000000000e+00
3.300000000000000000e+01
3.000000000000000000e+00
2.300000000000000000e+01
2.900000000000000000e+01
-1.000000000000000000e+01
2.300000000000000000e+01
3.000000000000000000e+00
1.200000000000000000e+01
3.300000000000000000e+01
-5.000000000000000000e+00
-2.600000000000000000e+01
2.900000000000000000e+01
2.000000000000000000e+00
2.100000000000000000e+01
3.000000000000000000e+01
1.000000000000000000e+01
3.800000000000000000e+01
5.000000000000000000e+00
-3.000000000000000000e+00
1.400000000000000000e+01
2.700000000000000000e+01
5.700000000000000000e+01
1.600000000000000000e+01
5.800000000000000000e+01
2.800000000000000000e+01
6.800000000000000000e+01
2.900000000000000000e+01
5.400000000000000000e+01
5.600000000000000000e+01
6.100000000000000000e+01
4.100000000000000000e+01
1.110000000000000000e+02
8.100000000000000000e+01
8.100000000000000000e+01
1.420000000000000000e+02
1.370000000000000000e+02
1.690000000000000000e+02
1.710000000000000000e+02
2.350000000000000000e+02
2.860000000000000000e+02
2.780000000000000000e+02
3.210000000000000000e+02
3.660000000000000000e+02
4.190000000000000000e+02
4.370000000000000000e+02
5.590000000000000000e+02
6.260000000000000000e+02
7.080000000000000000e+02
7.780000000000000000e+02
8.710000000000000000e+02
9.610000000000000000e+02
1.083000000000000000e+03
1.222000000000000000e+03
1.285000000000000000e+03
1.391000000000000000e+03
1.601000000000000000e+03
1.738000000000000000e+03
1.864000000000000000e+03
2.025000000000000000e+03
2.190000000000000000e+03
2.310000000000000000e+03
2.446000000000000000e+03
2.581000000000000000e+03
2.765000000000000000e+03
2.989000000000000000e+03
3.025000000000000000e+03
3.184000000000000000e+03
3.337000000000000000e+03
3.414000000000000000e+03
3.633000000000000000e+03
3.623000000000000000e+03
3.770000000000000000e+03
3.856000000000000000e+03
3.998000000000000000e+03
3.990000000000000000e+03
3.954000000000000000e+03
3.997000000000000000e+03
3.985000000000000000e+03
3.917000000000000000e+03
4.012000000000000000e+03
3.979000000000000000e+03
3.904000000000000000e+03
3.889000000000000000e+03
3.773000000000000000e+03
3.708000000000000000e+03
3.554000000000000000e+03
3.470000000000000000e+03
3.445000000000000000e+03
3.270000000000000000e+03
3.130000000000000000e+03
2.972000000000000000e+03
2.885000000000000000e+03
2.683000000000000000e+03
2.600000000000000000e+03
2.430000000000000000e+03
2.254000000000000000e+03
2.133000000000000000e+03
2.074000000000000000e+03
1.845000000000000000e+03
1.694000000000000000e+03
1.634000000000000000e+03
1.434000000000000000e+03
1.395000000000000000e+03
1.262000000000000000e+03
1.084000000000000000e+03
9.970000000000000000e+02
8.930000000000000000e+02
7.760000000000000000e+02
7.160000000000000000e+02
6.180000000000000000e+02
5.690000000000000000e+02
5.330000000000000000e+02
4.400000000000000000e+02
4.130000000000000000e+02
3.160000000000000000e+02
2.960000000000000000e+02
2.570000000000000000e+02
2.260000000000000000e+02
1.790000000000000000e+02
1.560000000000000000e+02
1.600000000000000000e+02
1.040000000000000000e+02
1.050000000000000000e+02
7.600000000000000000e+01
7.800000000000000000e+01
6.900000000000000000e+01
6.500000000000000000e+01
3.000000000000000000e+01
1.200000000000000000e+01
2.600000000000000000e+01
3.700000000000000000e+01
5.000000000000000000e+01
2.100000000000000000e+01
8.000000000000000000e+00
1.600000000000000000e+01
-3.300000000000000000e+01
-1.400000000000000000e+01
1.000000000000000000e+00
9.000000000000000000e+00
-3.000000000000000000e+00
-1.100000000000000000e+01
1.400000000000000000e+01
-1.800000000000000000e+01
-1.600000000000000000e+01
-1.800000000000000000e+01
9.000000000000000000e+00
6.000000000000000000e+00
-9.000000000000000000e+00
2.000000000000000000e+00
2.100000000000000000e+01
-1.100000000000000000e+01
6.000000000000000000e+00
1.200000000000000000e+01
-3.000000000000000000e+00
7.000000000000000000e+00
1.300000000000000000e+01
2.700000000000000000e+01
1.600000000000000000e+01
-1.200000000000000000e+01
1.200000000000000000e+01
-1.000000000000000000e+01
1.600000000000000000e+01
-1.000000000000000000e+00
-4.000000000000000000e+00
7.000000000000000000e+00
2.700000000000000000e+01
2.000000000000000000e+00
3.700000000000000000e+01
1.900000000000000000e+01
-1.000000000000000000e+00
1.400000000000000000e+01
-5.000000000000000000e+00
-4.000000000000000000e+00
3.000000000000000000e+00
3.300000000000000000e+01
1.300000000000000000e+01
-7.000000000000000000e+00
3.600000000000000000e+01
2.000000000000000000e+00
-1.600000000000000000e+01
-1.500000000000000000e+01
1.300000000000000000e+01
8.000000000000000000e+00
9.000000000000000000e+00
9.000000000000000000e+00
1.400000000000000000e+01
-5.000000000000000000e+00
-3.000000000000000000e+00
9.000000000000000000e+00
1.700000000000000000e+01
7.000000000000000000e+00
-5.000000000000000000e+00
8.000000000000000000e+00
6.000000000000000000e+00
0.000000000000000000e+00
1.800000000000000000e+01
2.600000000000000000e+01
6.000000000000000000e+01
1.000000000000000000e+00
-2.000000000000000000e+00
-9.000000000000000000e+00
9.000000000000000000e+00
1.900000000000000000e+01
3.200000000000000000e+01
-9.000000000000000000e+00
-3.000000000000000000e+00
1.900000000000000000e+01
1.000000000000000000e+00
3.300000000000000000e+01
-1.000000000000000000e+01
1.000000000000000000e+01
3.100000000000000000e+01
2.200000000000000000e+01
-4.000000000000000000e+00
-2.000000000000000000e+00
1.700000000000000000e+01
2.700000000000000000e+01
-7.000000000000000000e+00
1.500000000000000000e+01
1.000000000000000000e+01
2.200000000000000000e+01
-2.800000000000000000e+01
-2.000000000000000000e+00
-1.100000000000000000e+01
1.600000000000000000e+01
-4.000000000000000000e+00
-2.200000000000000000e+01
-5.000000000000000000e+00
2.000000000000000000e+01
6.000000000000000000e+00
-2.000000000000000000e+00
-1.700000000000000000e+01
-1.000000000000000000e+01
-3.000000000000000000e+00
-7.000000000000000000e+00
7.000000000000000000e+00
-1.000000000000000000e+00
-1.000000000000000000e+00
-2.000000000000000000e+00
-9.000000000000000000e+00
9.000000000000000000e+00
-1.000000000000000000e+00
-8.000000000000000000e+00
2.900000000000000000e+01
1.400000000000000000e+01
-2.400000000000000000e+01
-1.900000000000000000e+01
-1.200000000000000000e+01
8.000000000000000000e+00
-1.000000000000000000e+01
-5.000000000000000000e+00
2.000000000000000000e+01
-2.800000000000000000e+01
-2.700000000000000000e+01
5.000000000000000000e+00
-1.500000000000000000e+01
5.000000000000000000e+00
-1.800000000000000000e+01
2.800000000000000000e+01
-1.300000000000000000e+01
-8.000000000000000000e+00
6.000000000000000000e+00
1.000000000000000000e+00
-1.900000000000000000e+01
6.000000000000000000e+00
6.000000000000000000e+00
4.800000000000000000e+01
-1.200000000000000000e+01
1.800000000000000000e+01
2.400000000000000000e+01
1.500000000000000000e+01
2.200000000000000000e+01
1.000000000000000000e+01
9.000000000000000000e+00
-1.200000000000000000e+01
1.000000000000000000e+01
-1.700000000000000000e+01
2.000000000000000000e+00
2.300000000000000000e+01
-2.000000000000000000e+00
-1.400000000000000000e+01
-9.000000000000000000e+00
-2.000000000000000000e+01
1.900000000000000000e+01
5.000000000000000000e+00
1.500000000000000000e+01
-4.000000000000000000e+00
-2.000000000000000000e+00
1.200000000000000000e+01
1.700000000000000000e+01
1.000000000000000000e+00
-1.000000000000000000e+01
3.000000000000000000e+00
2.500000000000000000e+01
1.200000000000000000e+01
7.000000000000000000e+00
-7.000000000000000000e+00
2.500000000000000000e+01
-9.000000000000000000e+00
2.700000000000000000e+01
5.000000000000000000e+00
-6.000000000000000000e+00
-1.100000000000000000e+01
-4.100000000000000000e+01
-5.000000000000000000e+00
-1.000000000000000000e+00
-2.000000000000000000e+00
1.200000000000000000e+01
6.000000000000000000e+00
1.100000000000000000e+01
-2.400000000000000000e+01
-3.400000000000000000e+01
1.700000000000000000e+01
-7.000000000000000000e+00
3.400000000000000000e+01
1.400000000000000000e+01
-2.000000000000000000e+00
-1.500000000000000000e+01
-8.000000000000000000e+00
-1.100000000000000000e+01
-5.000000000000000000e+00
9.000000000000000000e+00
-1.100000000000000000e+01
-1.100000000000000000e+01
-2.600000000000000000e+01
-1.600000000000000000e+01
-2.000000000000000000e+00
-1.000000000000000000e+00
7.000000000000000000e+00
-7.000000000000000000e+00
-3.000000000000000000e+00
2.000000000000000000e+00
-3.000000000000000000e+00
1.400000000000000000e+01
-2.700000000000000000e+01
1.900000000000000000e+01
-3.800000000000000000e+01
-2.000000000000000000e+00
-9.000000000000000000e+00
3.200000000000000000e+01
-9.000000000000000000e+00
1.700000000000000000e+01
-2.200000000000000000e+01
-1.400000000000000000e+01
-1.100000000000000000e+01
-4.000000000000000000e+00
1.100000000000000000e+01
-4.000000000000000000e+00
-6.000000000000000000e+00
-3.800000000000000000e+01
-2.900000000000000000e+01
4.000000000000000000e+00
-1.300000000000000000e+01
-1.300000000000000000e+01
-3.600000000000000000e+01
-2.900000000000000000e+01
-5.000000000000000000e+00
5.000000000000000000e+00
-5.000000000000000000e+00
-2.400000000000000000e+01
-2.300000000000000000e+01
1.700000000000000000e+01
6.000000000000000000e+00
4.000000000000000000e+00
-1.200000000000000000e+01
1.500000000000000000e+01
-8.000000000000000000e+00
2.500000000000000000e+01
-7.000000000000000000e+00
-3.200000000000000000e+01
1.200000000000000000e+01
-2.900000000000000000e+01
6.000000000000000000e+00
-2.000000000000000000e+01
-1.500000000000000000e+01
-2.000000000000000000e+01
-2.100000000000000000e+01
-5.000000000000000000e+00
-1.600000000000000000e+01
2.000000000000000000e+00
-8.000000000000000000e+00
2.500000000000000000e+01
3.000000000000000000e+00
-7.000000000000000000e+00
1.400000000000000000e+01
6.000000000000000000e+00
9.000000000000000000e+00
-2.900000000000000000e+01
-2.000000000000000000e+01
3.000000000000000000e+00
-8.000000000000000000e+00
3.000000000000000000e+00
6.000000000000000000e+00
-7.000000000000000000e+00
7.000000000000000000e+00
-8.000000000000000000e+00
0.000000000000000000e+00
1.100000000000000000e+01
2.700000000000000000e+01
1.800000000000000000e+01
9.000000000000000000e+00
-3.700000000000000000e+01
-2.400000000000000000e+01
1.100000000000000000e+01
-7.000000000000000000e+00
2.000000000000000000e+00
1.000000000000000000e+01
-9.000000000000000000e+00
-2.000000000000000000e+01
-1.000000000000000000e+01
-3.600000000000000000e+01
-1.500000000000000000e+01
-3.400000000000000000e+01
2.000000000000000000e+00
-1.700000000000000000e+01
-6.000000000000000000e+00
0.000000000000000000e+00
-5.000000000000000000e+00
-2.900000000000000000e+01
2.000000000000000000e+00
-1.700000000000000000e+01
1.300000000000000000e+01
-1.000000000000000000e+01
-5.000000000000000000e+00
-1.100000000000000000e+01
-1.900000000000000000e+01
8.000000000000000000e+00
2.200000000000000000e+01
-2.300000000000000000e+01
3.100000000000000000e+01
-4.500000000000000000e+01
8.000000000000000000e+00
-3.800000000000000000e+01
1.500000000000000000e+01
-1.000000000000000000e+00
5.000000000000000000e+00
-8.000000000000000000e+00
0.000000000000000000e+00
1.000000000000000000e+00
1.100000000000000000e+01
-3.300000000000000000e+01
5.000000000000000000e+00
0.000000000000000000e+00
1.800000000000000000e+01
5.000000000000000000e+00
1.700000000000000000e+01
-4.000000000000000000e+01
1.300000000000000000e+01
-1.000000000000000000e+01
-1.200000000000000000e+01
-6.000000000000000000e+00
-1.200000000000000000e+01
7.000000000000000000e+00
-2.100000000000000000e+01
-6.000000000000000000e+00
1.600000000000000000e+01
-3.000000000000000000e+00
-8.000000000000000000e+00
1.400000000000000000e+01
-2.300000000000000000e+01
-1.000000000000000000e+00
-1.700000000000000000e+01
-5.000000000000000000e+00
1.100000000000000000e+01
7.000000000000000000e+00
-2.000000000000000000e+00
1.000000000000000000e+01
-2.000000000000000000e+01
2.200000000000000000e+01
-1.600000000000000000e+01
-2.000000000000000000e+01
-1.000000000000000000e+01
1.400000000000000000e+01
-1.100000000000000000e+01
-1.200000000000000000e+01
1.000000000000000000e+01
-1.400000000000000000e+01
-2.000000000000000000e+00
-1.700000000000000000e+01
1.000000000000000000e+00
-3.000000000000000000e+00
-3.000000000000000000e+00
6.000000000000000000e+00
-8.000000000000000000e+00
-1.700000000000000000e+01
-2.100000000000000000e+01
-8.000000000000000000e+00
6.000000000000000000e+00
-1.100000000000000000e+01
-1.320000000000000000e+02
9.000000000000000000e+00
-1.400000000000000000e+01
2.000000000000000000e+00
-9.000000000000000000e+00
-9.000000000000000000e+00
6.000000000000000000e+00
0.000000000000000000e+00
1.000000000000000000e+01
4.000000000000000000e+00
-1.300000000000000000e+01
-2.000000000000000000e+00
-1.000000000000000000e+01
-2.300000000000000000e+01
-2.900000000000000000e+01
-3.000000000000000000e+00
-1.000000000000000000e+01
-1.300000000000000000e+01
-1.000000000000000000e+01
-8.000000000000000000e+00
-1.300000000000000000e+01
3.000000000000000000e+00
-4.000000000000000000e+00
-1.100000000000000000e+01
-4.000000000000000000e+00
-1.700000000000000000e+01
-1.900000000000000000e+01
-2.400000000000000000e+01
-1.200000000000000000e+01
-3.500000000000000000e+01
-2.700000000000000000e+01
-1.200000000000000000e+01
-8.000000000000000000e+00
-9.000000000000000000e+00
-2.700000000000000000e+01
-1.500000000000000000e+01
-2.900000000000000000e+01
0.000000000000000000e+00
3.000000000000000000e+00
2.000000000000000000e+00
-8.000000000000000000e+00
0.000000000000000000e+00
-1.400000000000000000e+01
4.000000000000000000e+00
2.000000000000000000e+00
-1.600000000000000000e+01
0.000000000000000000e+00
2.000000000000000000e+00
4.000000000000000000e+00
-1.200000000000000000e+01
-2.000000000000000000e+01
1.000000000000000000e+01
-2.300000000000000000e+01
-1.000000000000000000e+00
-2.700000000000000000e+01
1.800000000000000000e+01
7.000000000000000000e+00
2.500000000000000000e+01
4.900000000000000000e+01
-4.400000000000000000e+01
1.300000000000000000e+01
-1.900000000000000000e+01
-1.000000000000000000e+01
-1.900000000000000000e+01
-1.700000000000000000e+01
-5.000000000000000000e+00
-1.100000000000000000e+01
9.000000000000000000e+00
-1.000000000000000000e+00
-7.000000000000000000e+00
-1.800000000000000000e+01
-1.000000000000000000e+01
-4.500000000000000000e+01
-2.200000000000000000e+01
-1.100000000000000000e+01
-2.300000000000000000e+01
-2.400000000000000000e+01
-1.000000000000000000e+01
2.000000000000000000e+00
2.000000000000000000e+00
-4.000000000000000000e+00
-2.700000000000000000e+01
8.000000000000000000e+00
-5.000000000000000000e+00
-1.100000000000000000e+01
-6.000000000000000000e+00
-9.000000000000000000e+00
-4.000000000000000000e+00
-4.000000000000000000e+00
-4.000000000000000000e+00
-1.900000000000000000e+01
-2.000000000000000000e+01
-9.000000000000000000e+00
7.000000000000000000e+00
-8.000000000000000000e+00
-1.200000000000000000e+01
-9.000000000000000000e+00
-1.400000000000000000e+01
7.000000000000000000e+00
2.000000000000000000e+00
1.100000000000000000e+01
-2.700000000000000000e+01
-2.000000000000000000e+00
-1.200000000000000000e+01
5.000000000000000000e+00
-1.500000000000000000e+01
-1.400000000000000000e+01
-4.000000000000000000e+00
-1.200000000000000000e+01
-1.000000000000000000e+00
-2.000000000000000000e+00
4.000000000000000000e+00
-2.100000000000000000e+01
-1.200000000000000000e+01
-7.000000000000000000e+00
1.500000000000000000e+01
-2.800000000000000000e+01
-5.000000000000000000e+00
-1.300000000000000000e+01
-3.000000000000000000e+00
5.000000000000000000e+00
8.000000000000000000e+00
3.500000000000000000e+01
-2.300000000000000000e+01
-2.800000000000000000e+01
-1.000000000000000000e+01
-1.100000000000000000e+01
-4.000000000000000000e+00
-2.800000000000000000e+01
1.300000000000000000e+01
2.000000000000000000e+00
-2.200000000000000000e+01
6.000000000000000000e+00
1.700000000000000000e+01
-1.600000000000000000e+01
-3.600000000000000000e+01
0.000000000000000000e+00
-2.400000000000000000e+01
-4.300000000000000000e+01
6.000000000000000000e+00
-3.400000000000000000e+01
6.000000000000000000e+00
-1.900000000000000000e+01
9.000000000000000000e+00
2.800000000000000000e+01
-9.000000000000000000e+00
-9.000000000000000000e+00
7.000000000000000000e+00
-1.000000000000000000e+00
-8.000000000000000000e+00
-1.000000000000000000e+01
6.000000000000000000e+00
0.000000000000000000e+00
-2.800000000000000000e+01
-4.000000000000000000e+00
1.000000000000000000e+00
-3.400000000000000000e+01
-1.400000000000000000e+01
2.000000000000000000e+00
1.000000000000000000e+00
-1.300000000000000000e+01
1.100000000000000000e+01
1.000000000000000000e+01
1.400000000000000000e+01
-1.800000000000000000e+01
-2.000000000000000000e+01
1.900000000000000000e+01
4.000000000000000000e+00
1.500000000000000000e+01
3.500000000000000000e+01
-7.000000000000000000e+00
-8.000000000000000000e+00
8.000000000000000000e+00
-3.000000000000000000e+00
-5.000000000000000000e+00
-1.000000000000000000e+01
-1.600000000000000000e+01
-7.000000000000000000e+00
-1.600000000000000000e+01
-2.000000000000000000e+00
2.000000000000000000e+01
1.100000000000000000e+01
-7.000000000000000000e+00
5.000000000000000000e+00
-1.700000000000000000e+01
-2.100000000000000000e+01
-1.700000000000000000e+01
2.100000000000000000e+01
-3.500000000000000000e+01
-6.000000000000000000e+00
1.000000000000000000e+01
-4.000000000000000000e+00
-3.000000000000000000e+00
-1.400000000000000000e+01
-3.000000000000000000e+00
-3.200000000000000000e+01
-1.000000000000000000e+00
1.600000000000000000e+01
3.000000000000000000e+00
-3.700000000000000000e+01
-1.100000000000000000e+01
9.000000000000000000e+00
-5.000000000000000000e+00
-6.000000000000000000e+00
-3.600000000000000000e+01
-2.600000000000000000e+01
1.000000000000000000e+00
-2.000000000000000000e+01
-7.000000000000000000e+00
-4.000000000000000000e+00
-1.600000000000000000e+01
-4.000000000000000000e+00
-1.600000000000000000e+01
-9.000000000000000000e+00
-5.000000000000000000e+00
2.500000000000000000e+01
-1.000000000000000000e+00
-4.200000000000000000e+01
-1.200000000000000000e+01
-8.000000000000000000e+00
-1.300000000000000000e+01
-1.800000000000000000e+01
-3.400000000000000000e+01
2.600000000000000000e+01
-3.000000000000000000e+00
-2.200000000000000000e+01
-4.000000000000000000e+00
-4.000000000000000000e+00
-1.300000000000000000e+01
0.000000000000000000e+00
6.000000000000000000e+00
1.100000000000000000e+01
8.000000000000000000e+00
-2.600000000000000000e+01
-1.700000000000000000e+01
-1.500000000000000000e+01
2.700000000000000000e+01
-1.000000000000000000e+01
1.000000000000000000e+00
-3.500000000000000000e+01
-1.300000000000000000e+01
3.000000000000000000e+01
-3.800000000000000000e+01
-4.000000000000000000e+00
-5.000000000000000000e+00
-1.500000000000000000e+01
-1.300000000000000000e+01
-4.000000000000000000e+01
-3.900000000000000000e+01
-7.000000000000000000e+00
1.100000000000000000e+01
-6.000000000000000000e+00
-1.600000000000000000e+01
-1.900000000000000000e+01
-1.000000000000000000e+00
-4.000000000000000000e+00
-9.000000000000000000e+00
-2.600000000000000000e+01
7.000000000000000000e+00
2.000000000000000000e+00
2.600000000000000000e+01
-2.000000000000000000e+00
-1.000000000000000000e+00
-1.400000000000000000e+01
-1.900000000000000000e+01
-3.400000000000000000e+01
1.600000000000000000e+01
-7.000000000000000000e+00
2.500000000000000000e+01
-1.500000000000000000e+01
2.000000000000000000e+00
-1.800000000000000000e+01
-3.400000000000000000e+01
-1.100000000000000000e+01
-3.000000000000000000e+01
-9.000000000000000000e+00
-1.500000000000000000e+01
-2.000000000000000000e+00
-3.900000000000000000e+01
-5.300000000000000000e+01
-3.000000000000000000e+00
-2.200000000000000000e+01
-6.000000000000000000e+00
-2.000000000000000000e+01
1.700000000000000000e+01
-1.200000000000000000e+01
1.200000000000000000e+01
-2.900000000000000000e+01
-1.200000000000000000e+01
-1.700000000000000000e+01
-3.200000000000000000e+01
5.000000000000000000e+00
-4.100000000000000000e+01
-2.600000000000000000e+01
-8.000000000000000000e+00
-2.000000000000000000e+00
9.000000000000000000e+00
1.000000000000000000e+00
-1.400000000000000000e+01
-1.000000000000000000e+01
2.000000000000000000e+00
1.000000000000000000e+01
1.300000000000000000e+01
-8.000000000000000000e+00
-1.100000000000000000e+01
7.000000000000000000e+00
-5.000000000000000000e+00
-1.000000000000000000e+00
-1.500000000000000000e+01
-8.000000000000000000e+00
7.000000000000000000e+00
-5.000000000000000000e+00
0.000000000000000000e+00
2.000000000000000000e+00
7.000000000000000000e+00
-1.800000000000000000e+01
-3.000000000000000000e+00
-1.500000000000000000e+01
0.000000000000000000e+00
-3.000000000000000000e+00
1.200000000000000000e+01
-3.000000000000000000e+00
-1.000000000000000000e+01
-1.000000000000000000e+00
-1.800000000000000000e+01
1.800000000000000000e+01
-1.700000000000000000e+01
-1.500000000000000000e+01
-1.100000000000000000e+01
-6.000000000000000000e+00
-1.200000000000000000e+01
3.000000000000000000e+00
-1.000000000000000000e+01
-3.600000000000000000e+01
-3.100000000000000000e+01
-2.100000000000000000e+01
1.000000000000000000e+00
-1.000000000000000000e+00
-2.500000000000000000e+01
2.800000000000000000e+01
1.100000000000000000e+01
2.000000000000000000e+00
-2.700000000000000000e+01
-2.100000000000000000e+01
-3.000000000000000000e+00
-4.000000000000000000e+00
6.000000000000000000e+00
-1.000000000000000000e+01
5.000000000000000000e+00
-1.000000000000000000e+00
-1.600000000000000000e+01
-6.000000000000000000e+00
-2.600000000000000000e+01
-1.200000000000000000e+01
3.800000000000000000e+01
-3.000000000000000000e+00
-1.000000000000000000e+00
-7.000000000000000000e+00
1.100000000000000000e+01
2.000000000000000000e+00
-7.000000000000000000e+00
-1.000000000000000000e+00
8.000000000000000000e+00
-1.000000000000000000e+00
1.800000000000000000e+01
-9.000000000000000000e+00
1.000000000000000000e+00
-1.000000000000000000e+01
1.700000000000000000e+01
-3.200000000000000000e+01
6.000000000000000000e+00
-1.400000000000000000e+01
1.900000000000000000e+01
-2.000000000000000000e+00
-1.500000000000000000e+01
-2.000000000000000000e+01
-1.900000000000000000e+01
1.300000000000000000e+01
-1.500000000000000000e+01
-4.000000000000000000e+00
-5.000000000000000000e+00
3.000000000000000000e+00
-1.200000000000000000e+01
-2.000000000000000000e+00
6.000000000000000000e+00
-5.000000000000000000e+00
-4.000000000000000000e+00
-1.000000000000000000e+01
2.000000000000000000e+00
-2.800000000000000000e+01
-2.000000000000000000e+01
2.000000000000000000e+01
-9.000000000000000000e+00
-5.000000000000000000e+00
-1.100000000000000000e+01
-4.000000000000000000e+00
-1.200000000000000000e+01
-1.300000000000000000e+01
1.300000000000000000e+01
-3.000000000000000000e+00
-9.000000000000000000e+00
5.000000000000000000e+00
1.500000000000000000e+01
8.000000000000000000e+00
1.100000000000000000e+01
8.000000000000000000e+00
-1.000000000000000000e+01
9.000000000000000000e+00
8.000000000000000000e+00
-2.900000000000000000e+01
2.000000000000000000e+01
1.700000000000000000e+01
0.000000000000000000e+00
1.300000000000000000e+01
1.400000000000000000e+01
5.000000000000000000e+00
3.000000000000000000e+01
2.500000000000000000e+01
5.300000000000000000e+01
8.000000000000000000e+00
1.600000000000000000e+01
9.000000000000000000e+00
1.300000000000000000e+01
5.000000000000000000e+01
7.000000000000000000e+00
1.600000000000000000e+01
2.400000000000000000e+01
1.400000000000000000e+01
5.000000000000000000e+01
2.600000000000000000e+01
5.400000000000000000e+01
7.200000000000000000e+01
6.300000000000000000e+01
4.900000000000000000e+01
7.200000000000000000e+01
8.700000000000000000e+01
7.900000000000000000e+01
7.000000000000000000e+01
6.200000000000000000e+01
6.700000000000000000e+01
1.020000000000000000e+02
1.030000000000000000e+02
1.060000000000000000e+02
9.900000000000000000e+01
1.190000000000000000e+02
1.440000000000000000e+02
1.240000000000000000e+02
1.410000000000000000e+02
1.430000000000000000e+02
1.730000000000000000e+02
1.650000000000000000e+02
2.110000000000000000e+02
1.850000000000000000e+02
2.190000000000000000e+02
2.060000000000000000e+02
2.360000000000000000e+02
2.470000000000000000e+02
2.540000000000000000e+02
2.780000000000000000e+02
2.910000000000000000e+02
2.940000000000000000e+02
3.000000000000000000e+02
3.210000000000000000e+02
3.120000000000000000e+02
3.370000000000000000e+02
3.720000000000000000e+02
3.910000000000000000e+02
3.930000000000000000e+02
4.290000000000000000e+02
4.160000000000000000e+02
4.600000000000000000e+02
4.990000000000000000e+02
4.900000000000000000e+02
5.430000000000000000e+02
5.280000000000000000e+02
5.760000000000000000e+02
5.780000000000000000e+02
6.190000000000000000e+02
6.080000000000000000e+02
6.540000000000000000e+02
7.070000000000000000e+02
6.870000000000000000e+02
7.430000000000000000e+02
7.180000000000000000e+02
7.380000000000000000e+02
7.800000000000000000e+02
8.000000000000000000e+02
8.090000000000000000e+02
8.770000000000000000e+02
8.360000000000000000e+02
8.750000000000000000e+02
9.130000000000000000e+02
9.410000000000000000e+02
9.430000000000000000e+02
9.750000000000000000e+02
9.840000000000000000e+02
9.520000000000000000e+02
1.005000000000000000e+03
9.880000000000000000e+02
1.052000000000000000e+03
1.050000000000000000e+03
1.046000000000000000e+03
1.077000000000000000e+03
1.059000000000000000e+03
1.085000000000000000e+03
1.091000000000000000e+03
1.151000000000000000e+03
1.127000000000000000e+03
1.128000000000000000e+03
1.133000000000000000e+03
1.114000000000000000e+03
1.162000000000000000e+03
1.249000000000000000e+03
1.229000000000000000e+03
1.186000000000000000e+03
1.203000000000000000e+03
1.189000000000000000e+03
1.199000000000000000e+03
1.227000000000000000e+03
1.236000000000000000e+03
1.262000000000000000e+03
1.265000000000000000e+03
1.230000000000000000e+03
1.217000000000000000e+03
1.186000000000000000e+03
1.163000000000000000e+03
1.174000000000000000e+03
1.148000000000000000e+03
1.149000000000000000e+03
1.088000000000000000e+03
1.110000000000000000e+03
1.104000000000000000e+03
1.117000000000000000e+03
1.024000000000000000e+03
1.113000000000000000e+03
1.080000000000000000e+03
1.052000000000000000e+03
1.029000000000000000e+03
1.036000000000000000e+03
1.036000000000000000e+03
9.780000000000000000e+02
1.003000000000000000e+03
1.002000000000000000e+03
9.780000000000000000e+02
9.580000000000000000e+02
9.570000000000000000e+02
9.460000000000000000e+02
9.340000000000000000e+02
9.100000000000000000e+02
9.290000000000000000e+02
9.010000000000000000e+02
8.610000000000000000e+02
8.600000000000000000e+02
8.140000000000000000e+02
8.380000000000000000e+02
7.930000000000000000e+02
7.810000000000000000e+02
7.620000000000000000e+02
7.500000000000000000e+02
6.980000000000000000e+02
6.590000000000000000e+02
6.820000000000000000e+02
6.840000000000000000e+02
6.380000000000000000e+02
6.320000000000000000e+02
6.020000000000000000e+02
5.810000000000000000e+02
5.510000000000000000e+02
5.300000000000000000e+02
4.800000000000000000e+02
5.560000000000000000e+02
4.700000000000000000e+02
4.860000000000000000e+02
4.730000000000000000e+02
4.330000000000000000e+02
4.420000000000000000e+02
4.520000000000000000e+02
4.200000000000000000e+02
4.000000000000000000e+02
4.360000000000000000e+02
3.960000000000000000e+02
3.830000000000000000e+02
3.560000000000000000e+02
3.290000000000000000e+02
3.240000000000000000e+02
3.170000000000000000e+02
2.980000000000000000e+02
3.270000000000000000e+02
2.630000000000000000e+02
2.390000000000000000e+02
2.650000000000000000e+02
2.360000000000000000e+02
2.320000000000000000e+02
2.170000000000000000e+02
2.270000000000000000e+02
2.040000000000000000e+02
1.590000000000000000e+02
1.750000000000000000e+02
1.880000000000000000e+02
1.590000000000000000e+02
1.500000000000000000e+02
1.430000000000000000e+02
1.410000000000000000e+02
1.140000000000000000e+02
1.320000000000000000e+02
1.350000000000000000e+02
1.330000000000000000e+02
1.090000000000000000e+02
1.040000000000000000e+02
7.500000000000000000e+01
8.800000000000000000e+01
8.500000000000000000e+01
8.500000000000000000e+01
9.600000000000000000e+01
5.600000000000000000e+01
5.500000000000000000e+01
9.900000000000000000e+01
5.000000000000000000e+01
8.700000000000000000e+01
6.000000000000000000e+01
6.100000000000000000e+01
6.200000000000000000e+01
7.100000000000000000e+01
5.500000000000000000e+01
2.600000000000000000e+01
5.100000000000000000e+01
2.300000000000000000e+01
1.600000000000000000e+01
3.600000000000000000e+01
4.800000000000000000e+01
3.300000000000000000e+01
4.400000000000000000e+01
3.700000000000000000e+01
1.800000000000000000e+01
1.800000000000000000e+01
3.400000000000000000e+01
-7.000000000000000000e+00
1.600000000000000000e+01
3.000000000000000000e+01
1.800000000000000000e+01
1.100000000000000000e+01
1.400000000000000000e+01
-3.000000000000000000e+00
9.000000000000000000e+00
5.000000000000000000e+00
-1.600000000000000000e+01
2.600000000000000000e+01
-1.000000000000000000e+00
1.500000000000000000e+01
-1.600000000000000000e+01
1.000000000000000000e+00
-1.500000000000000000e+01
3.200000000000000000e+01
-1.500000000000000000e+01
-2.000000000000000000e+00
7.000000000000000000e+00
-2.500000000000000000e+01
5.000000000000000000e+00
-1.600000000000000000e+01
-1.000000000000000000e+00
0.000000000000000000e+00
-1.600000000000000000e+01
2.200000000000000000e+01
1.600000000000000000e+01
-1.100000000000000000e+01
-2.000000000000000000e+01
-8.000000000000000000e+00
-1.600000000000000000e+01
-7.000000000000000000e+00
0.000000000000000000e+00
-1.600000000000000000e+01
2.200000000000000000e+01
-2.300000000000000000e+01
2.000000000000000000e+00
-6.000000000000000000e+00
-1.500000000000000000e+01
-2.600000000000000000e+01
-2.400000000000000000e+01
1.200000000000000000e+01
-3.000000000000000000e+00
-3.100000000000000000e+01
1.000000000000000000e+00
7.000000000000000000e+00
-2.300000000000000000e+01
-9.000000000000000000e+00
-2.000000000000000000e+00
-4.900000000000000000e+01
-2.100000000000000000e+01
-5.000000000000000000e+00
-4.000000000000000000e+00
9.000000000000000000e+00
5.000000000000000000e+00
8.000000000000000000e+00
-8.000000000000000000e+00
1.400000000000000000e+01
-1.100000000000000000e+01
-4.000000000000000000e+00
-2.000000000000000000e+00
-2.300000000000000000e+01
1.300000000000000000e+01
3.000000000000000000e+00
5.000000000000000000e+00
1.000000000000000000e+00
-2.600000000000000000e+01
2.000000000000000000e+00
-7.000000000000000000e+00
2.000000000000000000e+01
-2.500000000000000000e+01
-3.200000000000000000e+01
4.000000000000000000e+00
-6.000000000000000000e+00
8.000000000000000000e+00
-7.000000000000000000e+00
5.000000000000000000e+00
-2.000000000000000000e+00
1.100000000000000000e+01
3.000000000000000000e+00
-2.400000000000000000e+01
-2.600000000000000000e+01
3.000000000000000000e+00
2.000000000000000000e+00
-1.000000000000000000e+00
3.000000000000000000e+00
