8.000000000000000000e+00
-4.000000000000000000e+00
2.000000000000000000e+00
3.000000000000000000e+00
8.000000000000000000e+00
-6.000000000000000000e+00
-2.000000000000000000e+01
1.200000000000000000e+01
-9.000000000000000000e+00
-1.100000000000000000e+01
-3.000000000000000000e+00
1.600000000000000000e+01
-1.200000000000000000e+01
1.600000000000000000e+01
-4.000000000000000000e+00
-9.000000000000000000e+00
2.500000000000000000e+01
1.500000000000000000e+01
2.000000000000000000e+01
4.000000000000000000e+00
3.000000000000000000e+00
3.000000000000000000e+00
2.000000000000000000e+00
8.000000000000000000e+00
-2.000000000000000000e+01
-2.100000000000000000e+01
-3.000000000000000000e+00
-1.000000000000000000e+00
6.000000000000000000e+00
-1.800000000000000000e+01
-2.800000000000000000e+01
1.600000000000000000e+01
2.700000000000000000e+01
-1.800000000000000000e+01
-1.000000000000000000e+00
1.000000000000000000e+00
1.100000000000000000e+01
1.400000000000000000e+01
-1.800000000000000000e+01
2.000000000000000000e+00
1.500000000000000000e+01
-1.400000000000000000e+01
2.300000000000000000e+01
-8.000000000000000000e+00
4.700000000000000000e+01
-6.000000000000000000e+00
1.400000000000000000e+01
-2.700000000000000000e+01
-1.000000000000000000e+00
-8.000000000000000000e+00
-9.000000000000000000e+00
3.000000000000000000e+00
-3.100000000000000000e+01
-8.000000000000000000e+00
-4.200000000000000000e+01
-1.100000000000000000e+01
-1.800000000000000000e+01
-4.000000000000000000e+00
1.700000000000000000e+01
3.000000000000000000e+00
6.000000000000000000e+00
-1.700000000000000000e+01
-3.000000000000000000e+00
-5.000000000000000000e+00
3.000000000000000000e+00
1.000000000000000000e+01
2.900000000000000000e+01
-9.000000000000000000e+00
-8.000000000000000000e+00
-2.700000000000000000e+01
7.000000000000000000e+00
-7.000000000000000000e+00
6.000000000000000000e+00
2.000000000000000000e+00
1.000000000000000000e+01
2.000000000000000000e+00
1.200000000000000000e+01
1.700000000000000000e+01
-2.400000000000000000e+01
2.300000000000000000e+01
1.000000000000000000e+01
-7.000000000000000000e+00
8.000000000000000000e+00
-1.200000000000000000e+01
6.000000000000000000e+00
-1.200000000000000000e+01
-1.600000000000000000e+01
-3.000000000000000000e+00
6.000000000000000000e+00
-5.000000000000000000e+00
1.500000000000000000e+01
6.000000000000000000e+00
-8.000000000000000000e+00
1.600000000000000000e+01
-8.000000000000000000e+00
1.100000000000000000e+01
6.000000000000000000e+00
0.000000000000000000e+00
2.900000000000000000e+01
3.000000000000000000e+00
-7.000000000000000000e+00
-2.000000000000000000e+01
-1.000000000000000000e+00
-2.500000000000000000e+01
-3.200000000000000000e+01
1.200000000000000000e+01
-4.000000000000000000e+00
3.000000000000000000e+00
-1.600000000000000000e+01
5.000000000000000000e+00
-3.000000000000000000e+00
7.000000000000000000e+00
2.000000000000000000e+00
-5.000000000000000000e+00
1.600000000000000000e+01
-1.400000000000000000e+01
-1.400000000000000000e+01
-8.000000000000000000e+00
-6.000000000000000000e+00
-3.400000000000000000e+01
0.000000000000000000e+00
4.000000000000000000e+00
2.800000000000000000e+01
-2.000000000000000000e+00
-2.400000000000000000e+01
-8.000000000000000000e+00
2.400000000000000000e+01
-6.000000000000000000e+00
-2.100000000000000000e+01
3.500000000000000000e+01
-8.000000000000000000e+00
1.100000000000000000e+01
-3.000000000000000000e+00
4.200000000000000000e+01
-1.800000000000000000e+01
1.100000000000000000e+01
-1.500000000000000000e+01
2.800000000000000000e+01
-1.200000000000000000e+01
2.000000000000000000e+01
-7.000000000000000000e+00
2.200000000000000000e+01
-2.800000000000000000e+01
-1.100000000000000000e+01
-1.900000000000000000e+01
-6.000000000000000000e+00
-6.000000000000000000e+00
-3.000000000000000000e+00
2.400000000000000000e+01
1.700000000000000000e+01
1.400000000000000000e+01
1.300000000000000000e+01
-9.000000000000000000e+00
6.000000000000000000e+00
7.000000000000000000e+00
-2.000000000000000000e+01
-1.600000000000000000e+01
1.900000000000000000e+01
-1.000000000000000000e+01
1.500000000000000000e+01
2.000000000000000000e+00
1.200000000000000000e+01
0.000000000000000000e+00
-1.400000000000000000e+01
-1.000000000000000000e+01
-1.400000000000000000e+01
-2.100000000000000000e+01
3.000000000000000000e+00
-2.000000000000000000e+01
-1.100000000000000000e+01
3.000000000000000000e+01
6.000000000000000000e+00
1.800000000000000000e+01
-2.000000000000000000e+00
-9.000000000000000000e+00
-1.900000000000000000e+01
-1.000000000000000000e+01
0.000000000000000000e+00
-1.500000000000000000e+01
3.400000000000000000e+01
-5.000000000000000000e+00
1.500000000000000000e+01
2.000000000000000000e+00
1.100000000000000000e+01
2.000000000000000000e+00
-2.000000000000000000e+00
-2.400000000000000000e+01
-2.000000000000000000e+00
-1.300000000000000000e+01
-8.000000000000000000e+00
-2.800000000000000000e+01
-2.000000000000000000e+00
1.000000000000000000e+00
-2.800000000000000000e+01
-2.000000000000000000e+00
7.000000000000000000e+00
1.800000000000000000e+01
-3.000000000000000000e+00
2.400000000000000000e+01
3.000000000000000000e+01
5.000000000000000000e+00
-1.200000000000000000e+01
-3.900000000000000000e+01
-2.000000000000000000e+01
-3.200000000000000000e+01
-1.000000000000000000e+01
7.000000000000000000e+00
-2.600000000000000000e+01
1.400000000000000000e+01
-8.000000000000000000e+00
6.000000000000000000e+00
0.000000000000000000e+00
-2.000000000000000000e+01
-8.000000000000000000e+00
1.000000000000000000e+01
-2.000000000000000000e+00
-1.500000000000000000e+01
-7.000000000000000000e+00
-2.500000000000000000e+01
-3.100000000000000000e+01
-3.500000000000000000e+01
-4.800000000000000000e+01
-1.000000000000000000e+01
1.000000000000000000e+00
7.000000000000000000e+00
4.000000000000000000e+00
-2.200000000000000000e+01
1.800000000000000000e+01
1.700000000000000000e+01
5.000000000000000000e+00
-2.500000000000000000e+01
-2.300000000000000000e+01
3.000000000000000000e+00
5.000000000000000000e+00
-6.000000000000000000e+00
2.000000000000000000e+00
2.300000000000000000e+01
-2.000000000000000000e+01
-1.500000000000000000e+01
-1.300000000000000000e+01
-2.100000000000000000e+01
-1.100000000000000000e+01
-1.900000000000000000e+01
-1.200000000000000000e+01
-2.000000000000000000e+00
-1.100000000000000000e+01
-2.700000000000000000e+01
2.000000000000000000e+00
-1.000000000000000000e+00
-1.400000000000000000e+01
-2.000000000000000000e+00
-7.000000000000000000e+00
-2.300000000000000000e+01
-6.000000000000000000e+00
4.000000000000000000e+00
-3.000000000000000000e+00
-5.000000000000000000e+00
-3.400000000000000000e+01
-2.500000000000000000e+01
-6.000000000000000000e+00
-1.000000000000000000e+01
-2.200000000000000000e+01
5.000000000000000000e+00
3.000000000000000000e+00
-6.000000000000000000e+00
-2.400000000000000000e+01
2.600000000000000000e+01
1.600000000000000000e+01
-1.600000000000000000e+01
-1.800000000000000000e+01
2.500000000000000000e+01
-3.000000000000000000e+00
-2.600000000000000000e+01
-1.400000000000000000e+01
2.000000000000000000e+00
2.000000000000000000e+00
8.000000000000000000e+00
8.000000000000000000e+00
-1.600000000000000000e+01
1.000000000000000000e+00
-1.400000000000000000e+01
1.200000000000000000e+01
-2.100000000000000000e+01
-7.000000000000000000e+00
-4.000000000000000000e+00
1.900000000000000000e+01
2.000000000000000000e+00
9.000000000000000000e+00
-1.000000000000000000e+01
-1.200000000000000000e+01
1.600000000000000000e+01
-1.200000000000000000e+01
-1.400000000000000000e+01
-2.200000000000000000e+01
-5.000000000000000000e+00
-2.000000000000000000e+00
-1.200000000000000000e+01
-1.600000000000000000e+01
1.300000000000000000e+01
1.200000000000000000e+01
1.300000000000000000e+01
2.300000000000000000e+01
-3.000000000000000000e+00
-1.000000000000000000e+00
-1.400000000000000000e+01
1.200000000000000000e+01
5.000000000000000000e+00
-1.100000000000000000e+01
-2.700000000000000000e+01
-8.000000000000000000e+00
2.000000000000000000e+00
1.300000000000000000e+01
-3.000000000000000000e+01
1.400000000000000000e+01
-2.400000000000000000e+01
-1.600000000000000000e+01
1.100000000000000000e+01
2.000000000000000000e+00
1.100000000000000000e+01
1.600000000000000000e+01
-3.100000000000000000e+01
-2.000000000000000000e+01
-3.000000000000000000e+00
2.000000000000000000e+01
8.000000000000000000e+00
4.400000000000000000e+01
9.000000000000000000e+00
-2.000000000000000000e+00
4.000000000000000000e+00
-7.000000000000000000e+00
-1.100000000000000000e+01
-3.600000000000000000e+01
-7.000000000000000000e+00
-2.400000000000000000e+01
-6.000000000000000000e+00
0.000000000000000000e+00
-1.300000000000000000e+01
2.800000000000000000e+01
2.000000000000000000e+00
-1.700000000000000000e+01
-3.000000000000000000e+00
0.000000000000000000e+00
1.900000000000000000e+01
-1.300000000000000000e+01
-1.100000000000000000e+01
1.300000000000000000e+01
8.000000000000000000e+00
2.200000000000000000e+01
1.700000000000000000e+01
0.000000000000000000e+00
-7.000000000000000000e+00
2.000000000000000000e+00
-3.000000000000000000e+01
4.000000000000000000e+00
-1.200000000000000000e+01
-6.000000000000000000e+00
-2.000000000000000000e+00
3.900000000000000000e+01
4.500000000000000000e+01
2.000000000000000000e+00
3.400000000000000000e+01
-2.100000000000000000e+01
-1.700000000000000000e+01
2.000000000000000000e+00
-1.100000000000000000e+01
0.000000000000000000e+00
-9.000000000000000000e+00
-9.000000000000000000e+00
-1.100000000000000000e+01
-1.100000000000000000e+01
6.000000000000000000e+00
2.800000000000000000e+01
-1.500000000000000000e+01
-2.100000000000000000e+01
-1.900000000000000000e+01
7.000000000000000000e+00
9.000000000000000000e+00
9.000000000000000000e+00
1.000000000000000000e+00
1.200000000000000000e+01
-1.000000000000000000e+01
1.700000000000000000e+01
1.000000000000000000e+00
-3.600000000000000000e+01
1.500000000000000000e+01
3.000000000000000000e+00
2.900000000000000000e+01
2.700000000000000000e+01
-1.000000000000000000e+00
-9.000000000000000000e+00
1.700000000000000000e+01
2.300000000000000000e+01
1.400000000000000000e+01
3.100000000000000000e+01
1.500000000000000000e+01
-2.300000000000000000e+01
1.000000000000000000e+01
1.100000000000000000e+01
3.100000000000000000e+01
-5.000000000000000000e+00
2.000000000000000000e+00
-5.000000000000000000e+00
-4.000000000000000000e+00
-4.000000000000000000e+00
-4.000000000000000000e+00
2.800000000000000000e+01
-4.000000000000000000e+00
9.000000000000000000e+00
-1.500000000000000000e+01
2.400000000000000000e+01
-6.000000000000000000e+00
-8.000000000000000000e+00
-2.200000000000000000e+01
-1.200000000000000000e+01
1.000000000000000000e+00
7.000000000000000000e+00
3.000000000000000000e+01
3.000000000000000000e+00
1.400000000000000000e+01
-7.000000000000000000e+00
0.000000000000000000e+00
6.000000000000000000e+00
2.100000000000000000e+01
6.000000000000000000e+00
-5.000000000000000000e+00
1.000000000000000000e+00
-1.500000000000000000e+01
2.400000000000000000e+01
1.100000000000000000e+01
1.000000000000000000e+00
-2.500000000000000000e+01
-1.400000000000000000e+01
1.300000000000000000e+01
-2.000000000000000000e+00
-2.200000000000000000e+01
-1.000000000000000000e+00
3.000000000000000000e+00
-1.000000000000000000e+01
-3.700000000000000000e+01
-3.000000000000000000e+00
-6.000000000000000000e+00
-8.000000000000000000e+00
-1.200000000000000000e+01
-1.000000000000000000e+00
-1.000000000000000000e+00
-2.200000000000000000e+01
-1.000000000000000000e+00
-6.000000000000000000e+00
-1.000000000000000000e+01
4.000000000000000000e+00
-2.600000000000000000e+01
-4.000000000000000000e+00
9.000000000000000000e+00
-2.500000000000000000e+01
-1.700000000000000000e+01
-2.000000000000000000e+00
1.000000000000000000e+00
-3.000000000000000000e+00
1.300000000000000000e+01
7.000000000000000000e+00
-1.100000000000000000e+01
5.000000000000000000e+00
7.000000000000000000e+00
2.000000000000000000e+00
1.300000000000000000e+01
-1.000000000000000000e+01
4.000000000000000000e+00
2.800000000000000000e+01
-3.000000000000000000e+00
-8.000000000000000000e+00
-5.000000000000000000e+00
-1.300000000000000000e+01
-1.300000000000000000e+01
1.700000000000000000e+01
-3.600000000000000000e+01
-3.000000000000000000e+00
1.000000000000000000e+00
-1.000000000000000000e+00
2.200000000000000000e+01
-1.000000000000000000e+00
5.000000000000000000e+00
0.000000000000000000e+00
-7.000000000000000000e+00
-1.700000000000000000e+01
-9.000000000000000000e+00
-1.800000000000000000e+01
9.000000000000000000e+00
-2.100000000000000000e+01
9.000000000000000000e+00
9.000000000000000000e+00
1.100000000000000000e+01
-9.000000000000000000e+00
-2.300000000000000000e+01
-2.000000000000000000e+01
-1.000000000000000000e+00
-6.000000000000000000e+00
1.500000000000000000e+01
2.300000000000000000e+01
2.700000000000000000e+01
4.000000000000000000e+00
-3.200000000000000000e+01
-2.000000000000000000e+00
8.000000000000000000e+00
-2.300000000000000000e+01
8.000000000000000000e+00
-2.000000000000000000e+01
-4.000000000000000000e+00
4.000000000000000000e+00
1.500000000000000000e+01
-9.000000000000000000e+00
0.000000000000000000e+00
2.400000000000000000e+01
-2.700000000000000000e+01
-8.000000000000000000e+00
9.000000000000000000e+00
4.000000000000000000e+00
8.000000000000000000e+00
-2.000000000000000000e+00
1.300000000000000000e+01
1.900000000000000000e+01
2.000000000000000000e+00
9.000000000000000000e+00
-1.100000000000000000e+01
-2.500000000000000000e+01
2.000000000000000000e+01
4.800000000000000000e+01
1.700000000000000000e+01
6.000000000000000000e+01
2.300000000000000000e+01
1.800000000000000000e+01
2.500000000000000000e+01
4.800000000000000000e+01
3.900000000000000000e+01
7.500000000000000000e+01
2.900000000000000000e+01
3.100000000000000000e+01
2.900000000000000000e+01
2.100000000000000000e+01
5.300000000000000000e+01
4.500000000000000000e+01
3.600000000000000000e+01
-5.000000000000000000e+00
3.100000000000000000e+01
3.700000000000000000e+01
1.300000000000000000e+01
5.200000000000000000e+01
6.000000000000000000e+00
1.400000000000000000e+01
-7.000000000000000000e+00
1.400000000000000000e+01
6.000000000000000000e+00
1.400000000000000000e+01
1.400000000000000000e+01
-1.800000000000000000e+01
3.700000000000000000e+01
9.000000000000000000e+00
1.000000000000000000e+00
1.000000000000000000e+00
-1.100000000000000000e+01
3.000000000000000000e+00
-4.000000000000000000e+00
-9.000000000000000000e+00
3.000000000000000000e+01
-3.000000000000000000e+00
3.000000000000000000e+01
-1.000000000000000000e+01
1.100000000000000000e+01
-2.700000000000000000e+01
-6.000000000000000000e+00
3.700000000000000000e+01
-3.000000000000000000e+00
-2.000000000000000000e+01
5.000000000000000000e+00
1.600000000000000000e+01
2.000000000000000000e+00
1.500000000000000000e+01
2.000000000000000000e+01
3.200000000000000000e+01
-2.500000000000000000e+01
4.000000000000000000e+00
-9.000000000000000000e+00
3.700000000000000000e+01
1.400000000000000000e+01
0.000000000000000000e+00
4.000000000000000000e+01
-2.000000000000000000e+00
-2.000000000000000000e+00
1.100000000000000000e+01
0.000000000000000000e+00
-4.000000000000000000e+00
2.000000000000000000e+01
-3.000000000000000000e+00
1.600000000000000000e+01
-3.000000000000000000e+00
-1.600000000000000000e+01
-1.400000000000000000e+01
-1.800000000000000000e+01
-1.800000000000000000e+01
0.000000000000000000e+00
-8.000000000000000000e+00
1.500000000000000000e+01
-2.200000000000000000e+01
7.000000000000000000e+00
-1.500000000000000000e+01
1.000000000000000000e+00
-8.000000000000000000e+00
4.000000000000000000e+00
-1.800000000000000000e+01
7.000000000000000000e+00
1.000000000000000000e+01
1.300000000000000000e+01
-1.400000000000000000e+01
2.200000000000000000e+01
1.700000000000000000e+01
2.700000000000000000e+01
1.700000000000000000e+01
2.000000000000000000e+00
-6.000000000000000000e+00
1.000000000000000000e+01
-3.000000000000000000e+00
4.200000000000000000e+01
1.900000000000000000e+01
2.800000000000000000e+01
1.000000000000000000e+00
-1.500000000000000000e+01
-1.700000000000000000e+01
3.100000000000000000e+01
1.200000000000000000e+01
1.500000000000000000e+01
3.000000000000000000e+00
9.000000000000000000e+00
-1.100000000000000000e+01
1.400000000000000000e+01
2.600000000000000000e+01
9.000000000000000000e+00
1.700000000000000000e+01
0.000000000000000000e+00
-1.400000000000000000e+01
-2.800000000000000000e+01
2.600000000000000000e+01
7.000000000000000000e+00
-1.500000000000000000e+01
2.300000000000000000e+01
2.800000000000000000e+01
2.500000000000000000e+01
-1.700000000000000000e+01
9.000000000000000000e+00
3.900000000000000000e+01
-2.600000000000000000e+01
2.300000000000000000e+01
4.000000000000000000e+00
6.000000000000000000e+00
1.000000000000000000e+01
1.100000000000000000e+01
1.600000000000000000e+01
2.500000000000000000e+01
-7.000000000000000000e+00
4.400000000000000000e+01
3.300000000000000000e+01
8.000000000000000000e+00
2.300000000000000000e+01
9.000000000000000000e+00
1.800000000000000000e+01
4.000000000000000000e+00
-1.000000000000000000e+01
4.700000000000000000e+01
2.000000000000000000e+01
-1.000000000000000000e+00
1.300000000000000000e+01
1.300000000000000000e+01
1.200000000000000000e+01
-2.000000000000000000e+00
-1.800000000000000000e+01
1.800000000000000000e+01
-1.200000000000000000e+01
6.000000000000000000e+00
9.000000000000000000e+00
3.000000000000000000e+00
2.100000000000000000e+01
6.000000000000000000e+00
1.600000000000000000e+01
9.000000000000000000e+00
2.600000000000000000e+01
1.000000000000000000e+01
1.000000000000000000e+01
-1.000000000000000000e+01
9.000000000000000000e+00
2.000000000000000000e+00
2.000000000000000000e+00
-4.000000000000000000e+00
1.900000000000000000e+01
-6.000000000000000000e+00
2.600000000000000000e+01
9.000000000000000000e+00
3.200000000000000000e+01
4.300000000000000000e+01
2.000000000000000000e+00
1.300000000000000000e+01
8.000000000000000000e+00
-8.000000000000000000e+00
1.500000000000000000e+01
3.300000000000000000e+01
2.000000000000000000e+00
7.000000000000000000e+00
2.000000000000000000e+01
1.800000000000000000e+01
1.800000000000000000e+01
1.700000000000000000e+01
1.700000000000000000e+01
8.000000000000000000e+00
1.200000000000000000e+01
2.400000000000000000e+01
3.400000000000000000e+01
3.200000000000000000e+01
3.400000000000000000e+01
1.800000000000000000e+01
-8.000000000000000000e+00
1.700000000000000000e+01
3.200000000000000000e+01
1.300000000000000000e+01
1.000000000000000000e+00
1.000000000000000000e+01
3.900000000000000000e+01
5.000000000000000000e+00
1.500000000000000000e+01
4.900000000000000000e+01
1.200000000000000000e+01
2.000000000000000000e+00
1.500000000000000000e+01
2.000000000000000000e+00
2.600000000000000000e+01
-1.900000000000000000e+01
3.800000000000000000e+01
3.100000000000000000e+01
1.400000000000000000e+01
-1.100000000000000000e+01
2.700000000000000000e+01
2.300000000000000000e+01
-8.000000000000000000e+00
4.000000000000000000e+00
5.800000000000000000e+01
5.100000000000000000e+01
1.200000000000000000e+01
0.000000000000000000e+00
4.000000000000000000e+00
1.000000000000000000e+00
2.800000000000000000e+01
2.900000000000000000e+01
4.800000000000000000e+01
8.000000000000000000e+00
2.000000000000000000e+01
2.000000000000000000e+01
3.200000000000000000e+01
2.200000000000000000e+01
4.000000000000000000e+01
-1.000000000000000000e+01
2.700000000000000000e+01
3.200000000000000000e+01
1.600000000000000000e+01
2.500000000000000000e+01
-6.000000000000000000e+00
-2.000000000000000000e+01
3.300000000000000000e+01
8.000000000000000000e+00
2.800000000000000000e+01
1.100000000000000000e+01
3.900000000000000000e+01
8.000000000000000000e+00
-7.000000000000000000e+00
2.300000000000000000e+01
5.000000000000000000e+00
5.200000000000000000e+01
-7.000000000000000000e+00
5.000000000000000000e+01
8.000000000000000000e+00
1.100000000000000000e+01
3.500000000000000000e+01
-4.000000000000000000e+00
1.600000000000000000e+01
3.300000000000000000e+01
1.700000000000000000e+01
4.600000000000000000e+01
1.100000000000000000e+01
1.400000000000000000e+01
4.200000000000000000e+01
-5.000000000000000000e+00
1.500000000000000000e+01
1.900000000000000000e+01
1.600000000000000000e+01
1.400000000000000000e+01
-3.200000000000000000e+01
1.900000000000000000e+01
3.900000000000000000e+01
4.800000000000000000e+01
1.000000000000000000e+01
3.600000000000000000e+01
3.800000000000000000e+01
2.800000000000000000e+01
2.900000000000000000e+01
-3.700000000000000000e+01
2.300000000000000000e+01
6.200000000000000000e+01
2.900000000000000000e+01
2.400000000000000000e+01
1.900000000000000000e+01
2.200000000000000000e+01
5.000000000000000000e+00
2.500000000000000000e+01
3.600000000000000000e+01
2.500000000000000000e+01
2.200000000000000000e+01
9.000000000000000000e+00
9.000000000000000000e+00
2.100000000000000000e+01
1.000000000000000000e+01
2.100000000000000000e+01
2.000000000000000000e+01
1.600000000000000000e+01
4.100000000000000000e+01
4.200000000000000000e+01
4.000000000000000000e+01
2.400000000000000000e+01
1.200000000000000000e+01
3.200000000000000000e+01
3.100000000000000000e+01
1.900000000000000000e+01
1.900000000000000000e+01
5.000000000000000000e+01
2.200000000000000000e+01
1.800000000000000000e+01
1.300000000000000000e+01
-3.000000000000000000e+00
3.200000000000000000e+01
2.900000000000000000e+01
3.600000000000000000e+01
1.800000000000000000e+01
4.500000000000000000e+01
1.000000000000000000e+01
3.000000000000000000e+00
2.200000000000000000e+01
2.700000000000000000e+01
1.400000000000000000e+01
3.100000000000000000e+01
2.200000000000000000e+01
3.300000000000000000e+01
4.400000000000000000e+01
7.000000000000000000e+00
3.200000000000000000e+01
6.000000000000000000e+00
1.200000000000000000e+01
2.400000000000000000e+01
1.500000000000000000e+01
1.900000000000000000e+01
1.000000000000000000e+01
3.000000000000000000e+01
4.200000000000000000e+01
3.600000000000000000e+01
1.000000000000000000e+00
3.400000000000000000e+01
3.600000000000000000e+01
4.500000000000000000e+01
4.700000000000000000e+01
5.500000000000000000e+01
5.100000000000000000e+01
2.200000000000000000e+01
3.700000000000000000e+01
4.000000000000000000e+00
1.900000000000000000e+01
6.400000000000000000e+01
2.800000000000000000e+01
3.800000000000000000e+01
3.900000000000000000e+01
7.900000000000000000e+01
6.800000000000000000e+01
5.200000000000000000e+01
9.400000000000000000e+01
5.300000000000000000e+01
7.200000000000000000e+01
8.000000000000000000e+01
1.050000000000000000e+02
7.800000000000000000e+01
1.050000000000000000e+02
1.200000000000000000e+02
1.350000000000000000e+02
1.150000000000000000e+02
1.190000000000000000e+02
1.680000000000000000e+02
1.890000000000000000e+02
1.950000000000000000e+02
1.970000000000000000e+02
2.140000000000000000e+02
2.290000000000000000e+02
2.810000000000000000e+02
2.710000000000000000e+02
2.980000000000000000e+02
3.400000000000000000e+02
3.470000000000000000e+02
4.320000000000000000e+02
4.470000000000000000e+02
5.540000000000000000e+02
6.090000000000000000e+02
6.190000000000000000e+02
6.760000000000000000e+02
7.640000000000000000e+02
8.550000000000000000e+02
9.040000000000000000e+02
9.980000000000000000e+02
1.121000000000000000e+03
1.192000000000000000e+03
1.300000000000000000e+03
1.486000000000000000e+03
1.565000000000000000e+03
1.719000000000000000e+03
1.831000000000000000e+03
1.935000000000000000e+03
2.132000000000000000e+03
2.234000000000000000e+03
2.398000000000000000e+03
2.584000000000000000e+03
2.683000000000000000e+03
2.829000000000000000e+03
2.900000000000000000e+03
3.113000000000000000e+03
3.208000000000000000e+03
3.363000000000000000e+03
3.492000000000000000e+03
3.671000000000000000e+03
3.680000000000000000e+03
3.745000000000000000e+03
3.885000000000000000e+03
3.960000000000000000e+03
4.087000000000000000e+03
4.015000000000000000e+03
4.230000000000000000e+03
4.157000000000000000e+03
4.219000000000000000e+03
4.148000000000000000e+03
4.174000000000000000e+03
4.069000000000000000e+03
4.081000000000000000e+03
4.047000000000000000e+03
4.000000000000000000e+03
3.885000000000000000e+03
3.807000000000000000e+03
3.686000000000000000e+03
3.599000000000000000e+03
3.503000000000000000e+03
3.350000000000000000e+03
3.213000000000000000e+03
3.071000000000000000e+03
2.961000000000000000e+03
2.814000000000000000e+03
2.657000000000000000e+03
2.521000000000000000e+03
2.358000000000000000e+03
2.246000000000000000e+03
2.082000000000000000e+03
1.921000000000000000e+03
1.811000000000000000e+03
1.692000000000000000e+03
1.493000000000000000e+03
1.405000000000000000e+03
1.278000000000000000e+03
1.216000000000000000e+03
1.111000000000000000e+03
9.800000000000000000e+02
8.740000000000000000e+02
7.890000000000000000e+02
7.050000000000000000e+02
6.620000000000000000e+02
5.760000000000000000e+02
5.300000000000000000e+02
4.530000000000000000e+02
3.760000000000000000e+02
3.430000000000000000e+02
3.090000000000000000e+02
2.930000000000000000e+02
2.280000000000000000e+02
2.340000000000000000e+02
1.500000000000000000e+02
1.490000000000000000e+02
1.120000000000000000e+02
1.390000000000000000e+02
8.400000000000000000e+01
1.070000000000000000e+02
7.100000000000000000e+01
5.000000000000000000e+01
4.500000000000000000e+01
4.600000000000000000e+01
4.900000000000000000e+01
5.200000000000000000e+01
3.400000000000000000e+01
7.200000000000000000e+01
1.800000000000000000e+01
2.100000000000000000e+01
9.000000000000000000e+00
1.200000000000000000e+01
5.900000000000000000e+01
1.900000000000000000e+01
4.000000000000000000e+01
-4.000000000000000000e+00
3.600000000000000000e+01
1.800000000000000000e+01
4.800000000000000000e+01
9.000000000000000000e+00
-2.000000000000000000e+00
6.000000000000000000e+00
1.600000000000000000e+01
-2.200000000000000000e+01
2.100000000000000000e+01
4.200000000000000000e+01
3.600000000000000000e+01
2.000000000000000000e+01
4.200000000000000000e+01
-8.000000000000000000e+00
1.200000000000000000e+01
1.900000000000000000e+01
1.300000000000000000e+01
-5.000000000000000000e+00
1.400000000000000000e+01
3.100000000000000000e+01
4.000000000000000000e+00
1.500000000000000000e+01
-1.600000000000000000e+01
1.900000000000000000e+01
7.000000000000000000e+00
5.400000000000000000e+01
-7.000000000000000000e+00
-9.000000000000000000e+00
6.000000000000000000e+00
5.000000000000000000e+00
1.700000000000000000e+01
5.600000000000000000e+01
-7.000000000000000000e+00
2.200000000000000000e+01
1.000000000000000000e+01
3.700000000000000000e+01
3.500000000000000000e+01
3.700000000000000000e+01
2.900000000000000000e+01
1.700000000000000000e+01
4.200000000000000000e+01
2.900000000000000000e+01
2.000000000000000000e+01
1.500000000000000000e+01
1.300000000000000000e+01
1.900000000000000000e+01
6.000000000000000000e+00
1.900000000000000000e+01
2.600000000000000000e+01
-4.000000000000000000e+00
3.600000000000000000e+01
3.700000000000000000e+01
9.000000000000000000e+00
2.300000000000000000e+01
2.400000000000000000e+01
3.400000000000000000e+01
6.000000000000000000e+00
4.000000000000000000e+00
2.400000000000000000e+01
-4.000000000000000000e+00
1.000000000000000000e+01
2.100000000000000000e+01
2.600000000000000000e+01
2.000000000000000000e+01
7.000000000000000000e+00
1.000000000000000000e+01
1.700000000000000000e+01
-2.200000000000000000e+01
2.800000000000000000e+01
2.800000000000000000e+01
-4.000000000000000000e+00
3.000000000000000000e+00
7.000000000000000000e+00
1.000000000000000000e+01
3.000000000000000000e+00
-1.000000000000000000e+01
7.000000000000000000e+00
3.100000000000000000e+01
-9.000000000000000000e+00
3.100000000000000000e+01
1.300000000000000000e+01
-1.900000000000000000e+01
-2.100000000000000000e+01
2.500000000000000000e+01
2.000000000000000000e+00
-5.000000000000000000e+00
2.900000000000000000e+01
-9.000000000000000000e+00
5.000000000000000000e+00
3.000000000000000000e+00
-6.000000000000000000e+00
1.100000000000000000e+01
9.000000000000000000e+00
4.000000000000000000e+01
9.000000000000000000e+00
3.500000000000000000e+01
-8.000000000000000000e+00
6.000000000000000000e+00
2.900000000000000000e+01
-2.000000000000000000e+01
2.000000000000000000e+00
3.900000000000000000e+01
-2.000000000000000000e+00
1.000000000000000000e+00
1.800000000000000000e+01
2.000000000000000000e+00
2.600000000000000000e+01
1.200000000000000000e+01
1.600000000000000000e+01
3.500000000000000000e+01
7.000000000000000000e+00
8.000000000000000000e+00
-1.000000000000000000e+00
4.000000000000000000e+00
-8.000000000000000000e+00
3.500000000000000000e+01
5.100000000000000000e+01
-1.600000000000000000e+01
-1.000000000000000000e+00
3.000000000000000000e+01
1.900000000000000000e+01
2.100000000000000000e+01
8.000000000000000000e+00
1.600000000000000000e+01
3.800000000000000000e+01
6.000000000000000000e+00
1.600000000000000000e+01
4.300000000000000000e+01
1.800000000000000000e+01
5.000000000000000000e+00
8.000000000000000000e+00
2.700000000000000000e+01
1.800000000000000000e+01
3.000000000000000000e+01
0.000000000000000000e+00
-8.000000000000000000e+00
5.000000000000000000e+00
2.200000000000000000e+01
1.600000000000000000e+01
6.000000000000000000e+00
-1.000000000000000000e+00
1.600000000000000000e+01
3.100000000000000000e+01
6.000000000000000000e+00
1.200000000000000000e+01
2.100000000000000000e+01
2.300000000000000000e+01
1.900000000000000000e+01
-1.100000000000000000e+01
-5.000000000000000000e+00
1.100000000000000000e+01
1.700000000000000000e+01
3.800000000000000000e+01
-3.000000000000000000e+00
-1.500000000000000000e+01
1.000000000000000000e+01
2.700000000000000000e+01
-1.500000000000000000e+01
1.000000000000000000e+00
3.400000000000000000e+01
4.600000000000000000e+01
2.400000000000000000e+01
1.500000000000000000e+01
6.000000000000000000e+00
1.400000000000000000e+01
-1.000000000000000000e+00
1.600000000000000000e+01
2.500000000000000000e+01
4.000000000000000000e+00
2.500000000000000000e+01
-1.800000000000000000e+01
1.500000000000000000e+01
7.000000000000000000e+00
0.000000000000000000e+00
-2.400000000000000000e+01
-1.800000000000000000e+01
-1.000000000000000000e+00
3.700000000000000000e+01
1.000000000000000000e+01
1.600000000000000000e+01
-5.000000000000000000e+00
5.000000000000000000e+00
1.600000000000000000e+01
-2.500000000000000000e+01
1.600000000000000000e+01
-1.000000000000000000e+01
-1.100000000000000000e+01
2.900000000000000000e+01
-9.000000000000000000e+00
-1.800000000000000000e+01
3.000000000000000000e+00
-4.000000000000000000e+00
-1.600000000000000000e+01
2.600000000000000000e+01
3.000000000000000000e+00
2.400000000000000000e+01
1.900000000000000000e+01
9.000000000000000000e+00
2.000000000000000000e+00
1.900000000000000000e+01
3.200000000000000000e+01
2.300000000000000000e+01
1.300000000000000000e+01
2.200000000000000000e+01
0.000000000000000000e+00
8.000000000000000000e+00
7.000000000000000000e+00
1.000000000000000000e+00
1.500000000000000000e+01
-1.600000000000000000e+01
1.100000000000000000e+01
1.600000000000000000e+01
4.000000000000000000e+00
9.000000000000000000e+00
2.000000000000000000e+00
-1.400000000000000000e+01
1.600000000000000000e+01
-3.500000000000000000e+01
3.500000000000000000e+01
1.000000000000000000e+00
1.200000000000000000e+01
9.000000000000000000e+00
1.000000000000000000e+00
1.100000000000000000e+01
1.200000000000000000e+01
-2.000000000000000000e+00
-5.000000000000000000e+00
7.000000000000000000e+00
-1.900000000000000000e+01
-1.400000000000000000e+01
1.800000000000000000e+01
6.000000000000000000e+00
-3.000000000000000000e+00
4.100000000000000000e+01
-8.000000000000000000e+00
-1.300000000000000000e+01
6.000000000000000000e+00
-1.400000000000000000e+01
-8.000000000000000000e+00
1.400000000000000000e+01
2.800000000000000000e+01
1.800000000000000000e+01
4.500000000000000000e+01
-1.500000000000000000e+01
1.900000000000000000e+01
2.800000000000000000e+01
8.000000000000000000e+00
1.500000000000000000e+01
6.000000000000000000e+00
1.000000000000000000e+00
-6.000000000000000000e+00
-1.300000000000000000e+01
9.000000000000000000e+00
1.000000000000000000e+01
-2.000000000000000000e+00
1.000000000000000000e+01
1.900000000000000000e+01
1.100000000000000000e+01
2.900000000000000000e+01
2.200000000000000000e+01
-9.000000000000000000e+00
1.600000000000000000e+01
1.100000000000000000e+01
-8.000000000000000000e+00
2.100000000000000000e+01
6.000000000000000000e+00
1.200000000000000000e+01
2.600000000000000000e+01
2.600000000000000000e+01
-1.100000000000000000e+01
-5.000000000000000000e+00
-5.000000000000000000e+00
2.000000000000000000e+00
-6.000000000000000000e+00
-1.000000000000000000e+00
6.000000000000000000e+00
7.000000000000000000e+00
5.000000000000000000e+00
1.100000000000000000e+01
6.000000000000000000e+00
1.000000000000000000e+01
-1.500000000000000000e+01
4.000000000000000000e+00
2.000000000000000000e+00
-3.000000000000000000e+00
-1.500000000000000000e+01
2.200000000000000000e+01
3.100000000000000000e+01
-1.600000000000000000e+01
-5.000000000000000000e+00
-1.200000000000000000e+01
-1.000000000000000000e+00
4.000000000000000000e+00
3.600000000000000000e+01
-7.000000000000000000e+00
2.400000000000000000e+01
-4.000000000000000000e+00
3.000000000000000000e+00
-1.700000000000000000e+01
3.200000000000000000e+01
-2.500000000000000000e+01
-7.000000000000000000e+00
3.100000000000000000e+01
8.000000000000000000e+00
-5.000000000000000000e+00
-1.300000000000000000e+01
-1.500000000000000000e+01
-4.000000000000000000e+00
-1.000000000000000000e+00
5.000000000000000000e+00
5.000000000000000000e+00
1.600000000000000000e+01
1.200000000000000000e+01
1.900000000000000000e+01
-2.200000000000000000e+01
-1.900000000000000000e+01
-3.000000000000000000e+00
-2.100000000000000000e+01
-1.000000000000000000e+01
1.000000000000000000e+00
-2.600000000000000000e+01
-5.000000000000000000e+00
2.000000000000000000e+00
-1.000000000000000000e+00
1.700000000000000000e+01
-1.700000000000000000e+01
-6.000000000000000000e+00
1.100000000000000000e+01
-3.200000000000000000e+01
-1.000000000000000000e+00
3.000000000000000000e+00
1.200000000000000000e+01
-1.200000000000000000e+01
7.000000000000000000e+00
-7.000000000000000000e+00
-8.000000000000000000e+00
0.000000000000000000e+00
-7.000000000000000000e+00
-3.200000000000000000e+01
1.600000000000000000e+01
-8.000000000000000000e+00
-1.000000000000000000e+01
-5.000000000000000000e+00
1.400000000000000000e+01
-4.800000000000000000e+01
7.000000000000000000e+00
7.000000000000000000e+00
9.000000000000000000e+00
1.000000000000000000e+00
-6.000000000000000000e+00
-9.000000000000000000e+00
-2.000000000000000000e+01
-1.100000000000000000e+01
2.000000000000000000e+00
0.000000000000000000e+00
-1.700000000000000000e+01
-5.000000000000000000e+00
-1.400000000000000000e+01
0.000000000000000000e+00
2.000000000000000000e+00
-5.000000000000000000e+00
-1.000000000000000000e+00
-2.700000000000000000e+01
-1.100000000000000000e+01
-2.300000000000000000e+01
2.300000000000000000e+01
-1.600000000000000000e+01
-2.000000000000000000e+00
1.700000000000000000e+01
-1.000000000000000000e+00
-1.600000000000000000e+01
-9.000000000000000000e+00
1.200000000000000000e+01
1.800000000000000000e+01
-1.400000000000000000e+01
8.000000000000000000e+00
-2.200000000000000000e+01
9.000000000000000000e+00
-1.000000000000000000e+00
-4.000000000000000000e+00
-9.000000000000000000e+00
-1.800000000000000000e+01
2.200000000000000000e+01
-5.000000000000000000e+00
6.000000000000000000e+00
-1.300000000000000000e+01
2.800000000000000000e+01
1.000000000000000000e+00
5.000000000000000000e+00
-3.000000000000000000e+00
6.000000000000000000e+00
1.000000000000000000e+01
8.000000000000000000e+00
-1.000000000000000000e+00
2.500000000000000000e+01
-8.000000000000000000e+00
1.500000000000000000e+01
2.100000000000000000e+01
-3.500000000000000000e+01
8.000000000000000000e+00
-1.600000000000000000e+01
4.000000000000000000e+00
-1.700000000000000000e+01
-1.900000000000000000e+01
1.800000000000000000e+01
2.000000000000000000e+00
1.000000000000000000e+01
1.700000000000000000e+01
2.600000000000000000e+01
1.100000000000000000e+01
4.000000000000000000e+00
7.000000000000000000e+00
8.000000000000000000e+00
3.000000000000000000e+00
-7.000000000000000000e+00
1.600000000000000000e+01
-2.000000000000000000e+00
-1.100000000000000000e+01
-1.300000000000000000e+01
1.100000000000000000e+01
-1.700000000000000000e+01
-7.000000000000000000e+00
-7.000000000000000000e+00
-1.300000000000000000e+01
-1.600000000000000000e+01
-1.000000000000000000e+01
-2.800000000000000000e+01
-1.100000000000000000e+01
3.000000000000000000e+00
-8.000000000000000000e+00
-1.300000000000000000e+01
-1.000000000000000000e+00
-6.000000000000000000e+00
1.100000000000000000e+01
-7.000000000000000000e+00
2.000000000000000000e+01
1.500000000000000000e+01
-1.500000000000000000e+01
1.400000000000000000e+01
-5.000000000000000000e+00
-5.000000000000000000e+00
0.000000000000000000e+00
1.000000000000000000e+00
-2.300000000000000000e+01
9.000000000000000000e+00
1.100000000000000000e+01
7.000000000000000000e+00
-1.500000000000000000e+01
3.300000000000000000e+01
-1.800000000000000000e+01
-3.000000000000000000e+00
-3.000000000000000000e+00
1.000000000000000000e+00
-1.300000000000000000e+01
-1.500000000000000000e+01
2.000000000000000000e+00
-2.100000000000000000e+01
-8.000000000000000000e+00
1.200000000000000000e+01
7.000000000000000000e+00
1.200000000000000000e+01
-1.500000000000000000e+01
2.300000000000000000e+01
1.700000000000000000e+01
1.700000000000000000e+01
2.500000000000000000e+01
3.000000000000000000e+00
2.200000000000000000e+01
7.000000000000000000e+00
-1.000000000000000000e+00
-5.000000000000000000e+00
-9.000000000000000000e+00
1.600000000000000000e+01
1.300000000000000000e+01
4.000000000000000000e+00
-1.200000000000000000e+01
1.400000000000000000e+01
-1.000000000000000000e+01
1.100000000000000000e+01
-2.600000000000000000e+01
-1.000000000000000000e+00
-3.000000000000000000e+00
-3.000000000000000000e+00
1.400000000000000000e+01
-1.300000000000000000e+01
6.000000000000000000e+00
1.800000000000000000e+01
2.000000000000000000e+00
4.000000000000000000e+00
1.900000000000000000e+01
-2.000000000000000000e+01
-1.000000000000000000e+01
1.400000000000000000e+01
-7.000000000000000000e+00
1.700000000000000000e+01
-2.000000000000000000e+00
-1.300000000000000000e+01
1.600000000000000000e+01
1.500000000000000000e+01
-1.600000000000000000e+01
-6.000000000000000000e+00
2.100000000000000000e+01
6.000000000000000000e+00
-4.500000000000000000e+01
3.000000000000000000e+00
1.300000000000000000e+01
1.100000000000000000e+01
6.000000000000000000e+00
-1.500000000000000000e+01
1.000000000000000000e+00
-2.000000000000000000e+01
-1.000000000000000000e+01
5.000000000000000000e+00
8.000000000000000000e+00
8.000000000000000000e+00
1.700000000000000000e+01
0.000000000000000000e+00
-2.700000000000000000e+01
-8.000000000000000000e+00
-1.200000000000000000e+01
1.100000000000000000e+01
1.500000000000000000e+01
2.600000000000000000e+01
6.000000000000000000e+00
2.000000000000000000e+00
-1.700000000000000000e+01
1.000000000000000000e+00
-4.400000000000000000e+01
-1.300000000000000000e+01
4.000000000000000000e+00
2.000000000000000000e+01
-1.400000000000000000e+01
4.000000000000000000e+00
-1.000000000000000000e+01
4.000000000000000000e+00
1.400000000000000000e+01
6.000000000000000000e+00
-2.100000000000000000e+01
4.000000000000000000e+01
-8.000000000000000000e+00
-4.000000000000000000e+00
2.200000000000000000e+01
-3.400000000000000000e+01
1.400000000000000000e+01
-1.000000000000000000e+01
-2.700000000000000000e+01
1.000000000000000000e+01
6.000000000000000000e+00
-1.900000000000000000e+01
2.000000000000000000e+00
4.000000000000000000e+00
2.000000000000000000e+01
3.100000000000000000e+01
-2.000000000000000000e+00
5.000000000000000000e+00
6.000000000000000000e+00
3.100000000000000000e+01
-9.000000000000000000e+00
2.000000000000000000e+00
1.100000000000000000e+01
-6.000000000000000000e+00
-2.900000000000000000e+01
2.600000000000000000e+01
5.000000000000000000e+00
-1.600000000000000000e+01
1.000000000000000000e+00
4.000000000000000000e+00
2.100000000000000000e+01
2.000000000000000000e+00
1.400000000000000000e+01
-2.000000000000000000e+00
2.000000000000000000e+01
2.200000000000000000e+01
-1.700000000000000000e+01
1.300000000000000000e+01
-1.300000000000000000e+01
-1.100000000000000000e+01
-2.200000000000000000e+01
-1.900000000000000000e+01
1.100000000000000000e+01
-4.000000000000000000e+00
-2.400000000000000000e+01
-3.000000000000000000e+00
4.000000000000000000e+00
-6.000000000000000000e+00
7.000000000000000000e+00
-2.000000000000000000e+00
1.000000000000000000e+00
7.000000000000000000e+00
-4.800000000000000000e+01
2.600000000000000000e+01
3.600000000000000000e+01
-1.500000000000000000e+01
-4.000000000000000000e+00
-6.000000000000000000e+00
-1.600000000000000000e+01
-1.600000000000000000e+01
-8.000000000000000000e+00
-8.000000000000000000e+00
-2.200000000000000000e+01
7.000000000000000000e+00
1.000000000000000000e+00
9.000000000000000000e+00
7.000000000000000000e+00
1.500000000000000000e+01
-1.000000000000000000e+01
1.900000000000000000e+01
-6.000000000000000000e+00
0.000000000000000000e+00
-5.000000000000000000e+00
-5.000000000000000000e+00
7.000000000000000000e+00
-1.400000000000000000e+01
1.000000000000000000e+01
3.100000000000000000e+01
-1.000000000000000000e+01
9.000000000000000000e+00
-6.000000000000000000e+00
-1.600000000000000000e+01
7.000000000000000000e+00
-2.900000000000000000e+01
-8.000000000000000000e+00
1.600000000000000000e+01
-8.000000000000000000e+00
2.200000000000000000e+01
-2.400000000000000000e+01
-3.000000000000000000e+00
-4.000000000000000000e+00
1.100000000000000000e+01
-7.000000000000000000e+00
2.700000000000000000e+01
-6.000000000000000000e+00
1.000000000000000000e+00
-2.400000000000000000e+01
2.800000000000000000e+01
-8.000000000000000000e+00
1.100000000000000000e+01
-1.100000000000000000e+01
1.300000000000000000e+01
-4.000000000000000000e+00
0.000000000000000000e+00
3.300000000000000000e+01
2.000000000000000000e+00
8.000000000000000000e+00
3.800000000000000000e+01
-4.000000000000000000e+00
-9.000000000000000000e+00
-1.000000000000000000e+00
2.900000000000000000e+01
-2.300000000000000000e+01
1.000000000000000000e+00
-1.600000000000000000e+01
1.500000000000000000e+01
3.000000000000000000e+00
-2.800000000000000000e+01
-2.700000000000000000e+01
-1.400000000000000000e+01
3.000000000000000000e+00
-1.000000000000000000e+00
-7.000000000000000000e+00
-9.000000000000000000e+00
-2.100000000000000000e+01
2.000000000000000000e+00
5.000000000000000000e+00
-6.000000000000000000e+00
2.000000000000000000e+00
-2.400000000000000000e+01
-8.000000000000000000e+00
9.000000000000000000e+00
5.000000000000000000e+00
-5.200000000000000000e+01
1.000000000000000000e+00
1.000000000000000000e+01
-1.200000000000000000e+01
-6.000000000000000000e+00
-7.000000000000000000e+00
1.000000000000000000e+01
1.600000000000000000e+01
1.700000000000000000e+01
-9.000000000000000000e+00
-6.000000000000000000e+00
7.000000000000000000e+00
-1.000000000000000000e+01
4.000000000000000000e+00
7.000000000000000000e+00
2.000000000000000000e+00
6.000000000000000000e+00
6.000000000000000000e+00
-4.000000000000000000e+00
-4.000000000000000000e+00
-1.600000000000000000e+01
3.000000000000000000e+00
8.000000000000000000e+00
1.400000000000000000e+01
-1.400000000000000000e+01
1.800000000000000000e+01
9.000000000000000000e+00
4.400000000000000000e+01
2.000000000000000000e+00
-2.900000000000000000e+01
-1.700000000000000000e+01
1.100000000000000000e+01
2.200000000000000000e+01
-7.000000000000000000e+00
3.900000000000000000e+01
-1.000000000000000000e+00
2.600000000000000000e+01
2.000000000000000000e+00
5.000000000000000000e+00
-2.700000000000000000e+01
1.000000000000000000e+00
-2.000000000000000000e+00
1.100000000000000000e+01
-4.000000000000000000e+00
1.500000000000000000e+01
1.400000000000000000e+01
1.200000000000000000e+01
3.000000000000000000e+01
2.000000000000000000e+00
5.000000000000000000e+00
6.000000000000000000e+00
-7.000000000000000000e+00
-1.300000000000000000e+01
-2.200000000000000000e+01
6.000000000000000000e+00
1.100000000000000000e+01
4.900000000000000000e+01
-1.700000000000000000e+01
6.000000000000000000e+00
3.000000000000000000e+01
1.000000000000000000e+01
-2.000000000000000000e+00
8.000000000000000000e+00
3.000000000000000000e+00
2.400000000000000000e+01
2.500000000000000000e+01
1.500000000000000000e+01
-1.100000000000000000e+01
-1.800000000000000000e+01
5.000000000000000000e+00
-2.000000000000000000e+00
1.900000000000000000e+01
2.900000000000000000e+01
2.000000000000000000e+01
1.700000000000000000e+01
2.500000000000000000e+01
3.200000000000000000e+01
4.900000000000000000e+01
2.000000000000000000e+01
1.400000000000000000e+01
6.000000000000000000e+00
2.000000000000000000e+01
5.000000000000000000e+00
4.400000000000000000e+01
1.900000000000000000e+01
3.500000000000000000e+01
4.600000000000000000e+01
2.100000000000000000e+01
5.400000000000000000e+01
4.300000000000000000e+01
3.800000000000000000e+01
2.400000000000000000e+01
5.200000000000000000e+01
4.000000000000000000e+01
4.500000000000000000e+01
4.800000000000000000e+01
5.200000000000000000e+01
6.700000000000000000e+01
5.400000000000000000e+01
8.700000000000000000e+01
8.400000000000000000e+01
7.700000000000000000e+01
9.900000000000000000e+01
6.800000000000000000e+01
1.100000000000000000e+02
1.090000000000000000e+02
1.110000000000000000e+02
1.200000000000000000e+02
1.130000000000000000e+02
1.460000000000000000e+02
1.440000000000000000e+02
1.520000000000000000e+02
1.450000000000000000e+02
1.540000000000000000e+02
1.530000000000000000e+02
2.220000000000000000e+02
2.090000000000000000e+02
1.860000000000000000e+02
2.560000000000000000e+02
2.640000000000000000e+02
2.350000000000000000e+02
2.690000000000000000e+02
2.550000000000000000e+02
2.960000000000000000e+02
3.570000000000000000e+02
3.350000000000000000e+02
3.470000000000000000e+02
3.680000000000000000e+02
4.100000000000000000e+02
4.340000000000000000e+02
4.340000000000000000e+02
4.510000000000000000e+02
4.660000000000000000e+02
4.650000000000000000e+02
5.000000000000000000e+02
4.830000000000000000e+02
5.230000000000000000e+02
5.420000000000000000e+02
5.380000000000000000e+02
5.740000000000000000e+02
5.880000000000000000e+02
6.380000000000000000e+02
6.840000000000000000e+02
7.230000000000000000e+02
7.410000000000000000e+02
7.260000000000000000e+02
8.080000000000000000e+02
8.550000000000000000e+02
8.450000000000000000e+02
9.050000000000000000e+02
8.780000000000000000e+02
9.620000000000000000e+02
9.820000000000000000e+02
1.012000000000000000e+03
1.039000000000000000e+03
1.105000000000000000e+03
1.066000000000000000e+03
1.059000000000000000e+03
1.153000000000000000e+03
1.196000000000000000e+03
1.186000000000000000e+03
1.234000000000000000e+03
1.239000000000000000e+03
1.265000000000000000e+03
1.304000000000000000e+03
1.327000000000000000e+03
1.354000000000000000e+03
1.376000000000000000e+03
1.386000000000000000e+03
1.424000000000000000e+03
1.404000000000000000e+03
1.508000000000000000e+03
1.523000000000000000e+03
1.513000000000000000e+03
1.515000000000000000e+03
1.561000000000000000e+03
1.554000000000000000e+03
1.581000000000000000e+03
1.610000000000000000e+03
1.602000000000000000e+03
1.680000000000000000e+03
1.651000000000000000e+03
1.665000000000000000e+03
1.712000000000000000e+03
1.670000000000000000e+03
1.660000000000000000e+03
1.759000000000000000e+03
1.742000000000000000e+03
1.761000000000000000e+03
1.780000000000000000e+03
1.743000000000000000e+03
1.753000000000000000e+03
1.727000000000000000e+03
1.749000000000000000e+03
1.737000000000000000e+03
1.721000000000000000e+03
1.711000000000000000e+03
1.689000000000000000e+03
1.673000000000000000e+03
1.632000000000000000e+03
1.644000000000000000e+03
1.600000000000000000e+03
1.557000000000000000e+03
1.562000000000000000e+03
1.558000000000000000e+03
1.562000000000000000e+03
1.499000000000000000e+03
1.515000000000000000e+03
1.486000000000000000e+03
1.481000000000000000e+03
1.450000000000000000e+03
1.483000000000000000e+03
1.443000000000000000e+03
1.446000000000000000e+03
1.439000000000000000e+03
1.396000000000000000e+03
1.409000000000000000e+03
1.408000000000000000e+03
1.308000000000000000e+03
1.362000000000000000e+03
1.351000000000000000e+03
1.347000000000000000e+03
1.315000000000000000e+03
1.248000000000000000e+03
1.272000000000000000e+03
1.191000000000000000e+03
1.157000000000000000e+03
1.157000000000000000e+03
1.130000000000000000e+03
1.084000000000000000e+03
1.062000000000000000e+03
1.050000000000000000e+03
9.880000000000000000e+02
9.780000000000000000e+02
9.810000000000000000e+02
9.140000000000000000e+02
8.800000000000000000e+02
8.630000000000000000e+02
8.660000000000000000e+02
8.460000000000000000e+02
7.770000000000000000e+02
7.950000000000000000e+02
7.670000000000000000e+02
7.560000000000000000e+02
7.470000000000000000e+02
6.870000000000000000e+02
6.710000000000000000e+02
6.640000000000000000e+02
6.420000000000000000e+02
5.820000000000000000e+02
5.820000000000000000e+02
5.520000000000000000e+02
5.310000000000000000e+02
5.140000000000000000e+02
5.150000000000000000e+02
4.890000000000000000e+02
4.700000000000000000e+02
4.610000000000000000e+02
4.630000000000000000e+02
3.850000000000000000e+02
4.140000000000000000e+02
3.380000000000000000e+02
3.280000000000000000e+02
3.010000000000000000e+02
3.380000000000000000e+02
2.890000000000000000e+02
3.290000000000000000e+02
2.910000000000000000e+02
3.090000000000000000e+02
2.660000000000000000e+02
2.560000000000000000e+02
2.360000000000000000e+02
2.070000000000000000e+02
1.890000000000000000e+02
2.420000000000000000e+02
2.090000000000000000e+02
2.310000000000000000e+02
1.540000000000000000e+02
1.790000000000000000e+02
1.480000000000000000e+02
1.390000000000000000e+02
1.400000000000000000e+02
1.430000000000000000e+02
1.470000000000000000e+02
1.420000000000000000e+02
1.330000000000000000e+02
1.210000000000000000e+02
1.150000000000000000e+02
1.010000000000000000e+02
7.900000000000000000e+01
9.600000000000000000e+01
1.040000000000000000e+02
7.600000000000000000e+01
6.800000000000000000e+01
5.100000000000000000e+01
6.900000000000000000e+01
5.800000000000000000e+01
8.700000000000000000e+01
6.900000000000000000e+01
5.300000000000000000e+01
5.700000000000000000e+01
6.800000000000000000e+01
4.800000000000000000e+01
3.900000000000000000e+01
4.000000000000000000e+01
2.200000000000000000e+01
3.300000000000000000e+01
4.300000000000000000e+01
4.600000000000000000e+01
3.500000000000000000e+01
1.300000000000000000e+01
9.000000000000000000e+00
6.000000000000000000e+00
2.200000000000000000e+01
1.000000000000000000e+01
5.800000000000000000e+01
0.000000000000000000e+00
3.700000000000000000e+01
2.000000000000000000e+01
2.100000000000000000e+01
2.600000000000000000e+01
2.500000000000000000e+01
1.600000000000000000e+01
9.000000000000000000e+00
2.900000000000000000e+01
1.100000000000000000e+01
4.000000000000000000e+01
5.600000000000000000e+01
2.400000000000000000e+01
3.000000000000000000e+00
4.900000000000000000e+01
9.000000000000000000e+00
2.100000000000000000e+01
2.800000000000000000e+01
-1.300000000000000000e+01
1.400000000000000000e+01
2.800000000000000000e+01
-1.000000000000000000e+00
-3.000000000000000000e+00
1.400000000000000000e+01
2.700000000000000000e+01
1.100000000000000000e+01
2.200000000000000000e+01
1.000000000000000000e+01
1.100000000000000000e+01
2.200000000000000000e+01
8.000000000000000000e+00
9.000000000000000000e+00
-1.400000000000000000e+01
-1.000000000000000000e+01
2.400000000000000000e+01
-1.600000000000000000e+01
7.000000000000000000e+00
6.000000000000000000e+00
1.900000000000000000e+01
6.000000000000000000e+00
-1.800000000000000000e+01
-3.700000000000000000e+01
1.900000000000000000e+01
-1.700000000000000000e+01
2.900000000000000000e+01
-3.100000000000000000e+01
-1.600000000000000000e+01
4.000000000000000000e+00
1.100000000000000000e+01
7.000000000000000000e+00
4.000000000000000000e+00
1.300000000000000000e+01
1.400000000000000000e+01
2.500000000000000000e+01
5.000000000000000000e+00
1.100000000000000000e+01
1.100000000000000000e+01
-1.900000000000000000e+01
-2.100000000000000000e+01
1.600000000000000000e+01
6.000000000000000000e+00
1.700000000000000000e+01
7.100000000000000000e+01
-2.200000000000000000e+01
1.500000000000000000e+01
-3.700000000000000000e+01
6.000000000000000000e+00
1.600000000000000000e+01
-2.300000000000000000e+01
-1.500000000000000000e+01
1.200000000000000000e+01
9.000000000000000000e+00
6.000000000000000000e+00
1.000000000000000000e+00
-3.300000000000000000e+01
2.700000000000000000e+01
1.200000000000000000e+01
-3.000000000000000000e+00
-1.000000000000000000e+00
0.000000000000000000e+00
-5.000000000000000000e+00
