-1.000000000000000000e+00
-5.000000000000000000e+00
4.000000000000000000e+00
0.000000000000000000e+00
-1.600000000000000000e+01
-1.800000000000000000e+01
-1.600000000000000000e+01
9.000000000000000000e+00
5.000000000000000000e+00
-2.100000000000000000e+01
6.000000000000000000e+00
2.000000000000000000e+01
-1.700000000000000000e+01
-2.000000000000000000e+00
-1.500000000000000000e+01
-1.800000000000000000e+01
2.000000000000000000e+00
-2.600000000000000000e+01
2.000000000000000000e+01
-6.000000000000000000e+00
-9.000000000000000000e+00
7.000000000000000000e+00
3.000000000000000000e+00
-3.000000000000000000e+00
-1.500000000000000000e+01
-9.000000000000000000e+00
2.000000000000000000e+00
7.000000000000000000e+00
-1.700000000000000000e+01
-1.800000000000000000e+01
-2.000000000000000000e+01
1.400000000000000000e+01
2.600000000000000000e+01
-1.600000000000000000e+01
-1.000000000000000000e+01
7.000000000000000000e+00
7.000000000000000000e+00
1.600000000000000000e+01
-3.000000000000000000e+01
-1.000000000000000000e+00
2.100000000000000000e+01
6.000000000000000000e+00
-2.700000000000000000e+01
1.800000000000000000e+01
9.000000000000000000e+00
-3.800000000000000000e+01
6.000000000000000000e+00
-2.200000000000000000e+01
-6.000000000000000000e+00
-1.100000000000000000e+01
4.000000000000000000e+00
7.000000000000000000e+00
-3.200000000000000000e+01
2.000000000000000000e+01
-5.100000000000000000e+01
1.000000000000000000e+00
-2.200000000000000000e+01
-1.000000000000000000e+01
-3.000000000000000000e+00
-1.600000000000000000e+01
-1.200000000000000000e+01
-9.000000000000000000e+00
7.000000000000000000e+00
1.500000000000000000e+01
-8.000000000000000000e+00
-1.900000000000000000e+01
8.000000000000000000e+00
2.500000000000000000e+01
-1.900000000000000000e+01
-7.000000000000000000e+00
-1.000000000000000000e+00
6.000000000000000000e+00
4.000000000000000000e+00
-2.300000000000000000e+01
2.000000000000000000e+00
-7.000000000000000000e+00
3.000000000000000000e+00
-1.300000000000000000e+01
7.000000000000000000e+00
-1.700000000000000000e+01
1.000000000000000000e+01
5.000000000000000000e+00
-3.000000000000000000e+01
0.000000000000000000e+00
-1.300000000000000000e+01
-1.000000000000000000e+00
-2.900000000000000000e+01
1.600000000000000000e+01
1.000000000000000000e+00
1.600000000000000000e+01
3.000000000000000000e+00
1.600000000000000000e+01
1.300000000000000000e+01
6.000000000000000000e+00
-1.600000000000000000e+01
1.400000000000000000e+01
-1.200000000000000000e+01
5.000000000000000000e+00
2.000000000000000000e+01
7.000000000000000000e+00
-6.000000000000000000e+00
-2.900000000000000000e+01
0.000000000000000000e+00
-3.200000000000000000e+01
6.000000000000000000e+00
3.400000000000000000e+01
-5.000000000000000000e+00
1.100000000000000000e+01
1.000000000000000000e+00
2.600000000000000000e+01
-1.000000000000000000e+01
2.500000000000000000e+01
-1.300000000000000000e+01
4.000000000000000000e+00
-3.100000000000000000e+01
2.400000000000000000e+01
5.000000000000000000e+00
2.700000000000000000e+01
1.000000000000000000e+00
-2.000000000000000000e+00
7.000000000000000000e+00
-8.000000000000000000e+00
1.000000000000000000e+01
4.000000000000000000e+00
-4.500000000000000000e+01
-1.300000000000000000e+01
3.200000000000000000e+01
-1.100000000000000000e+01
-3.100000000000000000e+01
2.400000000000000000e+01
-3.000000000000000000e+00
1.700000000000000000e+01
0.000000000000000000e+00
1.900000000000000000e+01
-2.000000000000000000e+00
2.200000000000000000e+01
-4.800000000000000000e+01
2.300000000000000000e+01
-9.000000000000000000e+00
1.900000000000000000e+01
-1.000000000000000000e+01
-7.000000000000000000e+00
-9.000000000000000000e+00
-3.100000000000000000e+01
1.700000000000000000e+01
4.000000000000000000e+00
-1.000000000000000000e+00
-1.300000000000000000e+01
7.000000000000000000e+00
-1.100000000000000000e+01
-2.300000000000000000e+01
1.400000000000000000e+01
-1.100000000000000000e+01
9.000000000000000000e+00
-1.300000000000000000e+01
-1.200000000000000000e+01
1.400000000000000000e+01
2.300000000000000000e+01
-1.000000000000000000e+01
1.600000000000000000e+01
2.000000000000000000e+00
2.000000000000000000e+01
6.000000000000000000e+00
-2.000000000000000000e+01
-1.700000000000000000e+01
1.600000000000000000e+01
-3.000000000000000000e+01
2.100000000000000000e+01
-6.000000000000000000e+00
-3.000000000000000000e+00
2.200000000000000000e+01
-4.000000000000000000e+00
-2.000000000000000000e+00
8.000000000000000000e+00
0.000000000000000000e+00
-2.800000000000000000e+01
-2.800000000000000000e+01
1.000000000000000000e+01
7.000000000000000000e+00
7.000000000000000000e+00
-3.700000000000000000e+01
1.000000000000000000e+01
-1.200000000000000000e+01
5.000000000000000000e+00
-5.000000000000000000e+00
-1.600000000000000000e+01
-1.800000000000000000e+01
-2.100000000000000000e+01
-7.000000000000000000e+00
-3.000000000000000000e+00
-2.400000000000000000e+01
-1.100000000000000000e+01
8.000000000000000000e+00
-2.400000000000000000e+01
-2.000000000000000000e+01
-7.000000000000000000e+00
2.000000000000000000e+01
3.900000000000000000e+01
4.000000000000000000e+00
5.000000000000000000e+00
-2.100000000000000000e+01
-8.000000000000000000e+00
-1.600000000000000000e+01
-5.000000000000000000e+00
-2.800000000000000000e+01
-1.400000000000000000e+01
-1.400000000000000000e+01
-2.100000000000000000e+01
1.200000000000000000e+01
-2.000000000000000000e+01
-1.400000000000000000e+01
-1.600000000000000000e+01
-4.000000000000000000e+00
-1.800000000000000000e+01
1.500000000000000000e+01
0.000000000000000000e+00
-1.800000000000000000e+01
-2.000000000000000000e+00
-2.500000000000000000e+01
-1.800000000000000000e+01
-4.700000000000000000e+01
-4.000000000000000000e+00
0.000000000000000000e+00
-1.900000000000000000e+01
1.700000000000000000e+01
-7.000000000000000000e+00
5.000000000000000000e+00
0.000000000000000000e+00
-1.200000000000000000e+01
-1.300000000000000000e+01
-1.300000000000000000e+01
-1.000000000000000000e+01
2.200000000000000000e+01
-7.000000000000000000e+00
-6.000000000000000000e+00
-6.000000000000000000e+00
3.100000000000000000e+01
1.300000000000000000e+01
-4.000000000000000000e+00
-3.000000000000000000e+00
-2.900000000000000000e+01
2.000000000000000000e+01
-3.000000000000000000e+00
-1.000000000000000000e+01
-1.400000000000000000e+01
1.400000000000000000e+01
-1.100000000000000000e+01
-4.000000000000000000e+00
1.400000000000000000e+01
-7.000000000000000000e+00
1.000000000000000000e+00
-7.000000000000000000e+00
-2.200000000000000000e+01
-2.000000000000000000e+01
-1.200000000000000000e+01
2.000000000000000000e+00
3.000000000000000000e+00
-7.000000000000000000e+00
-1.400000000000000000e+01
-1.700000000000000000e+01
4.000000000000000000e+00
-4.300000000000000000e+01
3.000000000000000000e+00
-3.100000000000000000e+01
8.000000000000000000e+00
1.800000000000000000e+01
9.000000000000000000e+00
1.800000000000000000e+01
2.000000000000000000e+00
-6.000000000000000000e+00
1.600000000000000000e+01
-9.000000000000000000e+00
-3.000000000000000000e+00
-9.000000000000000000e+00
-3.100000000000000000e+01
1.200000000000000000e+01
-1.100000000000000000e+01
2.100000000000000000e+01
-2.800000000000000000e+01
-7.000000000000000000e+00
2.000000000000000000e+00
-1.700000000000000000e+01
8.000000000000000000e+00
-2.400000000000000000e+01
3.000000000000000000e+00
4.400000000000000000e+01
2.300000000000000000e+01
1.100000000000000000e+01
-1.500000000000000000e+01
-1.000000000000000000e+01
-8.000000000000000000e+00
1.200000000000000000e+01
-1.400000000000000000e+01
-1.300000000000000000e+01
-2.900000000000000000e+01
-6.000000000000000000e+00
1.200000000000000000e+01
1.100000000000000000e+01
1.800000000000000000e+01
5.000000000000000000e+00
-2.400000000000000000e+01
5.000000000000000000e+00
-1.900000000000000000e+01
-1.700000000000000000e+01
0.000000000000000000e+00
4.000000000000000000e+00
9.000000000000000000e+00
-7.000000000000000000e+00
-2.000000000000000000e+01
2.200000000000000000e+01
-2.000000000000000000e+00
-1.900000000000000000e+01
-4.000000000000000000e+00
1.600000000000000000e+01
-1.800000000000000000e+01
-2.200000000000000000e+01
-9.000000000000000000e+00
6.000000000000000000e+00
1.800000000000000000e+01
-1.300000000000000000e+01
-3.000000000000000000e+00
-1.500000000000000000e+01
-1.800000000000000000e+01
2.000000000000000000e+01
1.500000000000000000e+01
1.600000000000000000e+01
1.000000000000000000e+01
4.000000000000000000e+00
1.600000000000000000e+01
-1.400000000000000000e+01
-1.000000000000000000e+01
-1.800000000000000000e+01
-2.400000000000000000e+01
-1.000000000000000000e+01
-1.300000000000000000e+01
1.300000000000000000e+01
-1.600000000000000000e+01
1.900000000000000000e+01
-5.000000000000000000e+00
0.000000000000000000e+00
1.100000000000000000e+01
-5.000000000000000000e+00
-1.600000000000000000e+01
-1.500000000000000000e+01
-2.000000000000000000e+00
-2.400000000000000000e+01
4.000000000000000000e+00
-1.300000000000000000e+01
8.000000000000000000e+00
2.900000000000000000e+01
-1.700000000000000000e+01
-9.000000000000000000e+00
-2.100000000000000000e+01
1.500000000000000000e+01
1.000000000000000000e+01
-2.500000000000000000e+01
6.000000000000000000e+00
1.100000000000000000e+01
2.600000000000000000e+01
1.300000000000000000e+01
2.800000000000000000e+01
-6.000000000000000000e+00
0.000000000000000000e+00
5.000000000000000000e+00
-3.700000000000000000e+01
-1.000000000000000000e+01
-1.900000000000000000e+01
-4.000000000000000000e+00
1.500000000000000000e+01
-8.000000000000000000e+00
1.200000000000000000e+01
7.000000000000000000e+00
-9.000000000000000000e+00
-1.100000000000000000e+01
-1.000000000000000000e+00
-1.600000000000000000e+01
-3.200000000000000000e+01
-5.000000000000000000e+00
1.400000000000000000e+01
-5.000000000000000000e+00
1.300000000000000000e+01
-1.000000000000000000e+01
2.500000000000000000e+01
-2.400000000000000000e+01
2.900000000000000000e+01
-1.300000000000000000e+01
2.000000000000000000e+01
1.900000000000000000e+01
1.000000000000000000e+00
-2.000000000000000000e+00
1.000000000000000000e+00
5.000000000000000000e+00
1.500000000000000000e+01
9.000000000000000000e+00
3.100000000000000000e+01
-1.400000000000000000e+01
5.000000000000000000e+00
3.000000000000000000e+00
1.200000000000000000e+01
-3.000000000000000000e+00
-1.200000000000000000e+01
1.200000000000000000e+01
-5.000000000000000000e+00
2.100000000000000000e+01
-2.100000000000000000e+01
2.000000000000000000e+00
1.000000000000000000e+00
-1.100000000000000000e+01
-1.700000000000000000e+01
1.300000000000000000e+01
-1.800000000000000000e+01
-1.700000000000000000e+01
7.000000000000000000e+00
-2.800000000000000000e+01
2.400000000000000000e+01
-1.500000000000000000e+01
1.300000000000000000e+01
-1.200000000000000000e+01
1.600000000000000000e+01
-8.000000000000000000e+00
-1.000000000000000000e+01
-8.000000000000000000e+00
1.800000000000000000e+01
-2.800000000000000000e+01
2.100000000000000000e+01
-1.100000000000000000e+01
-2.200000000000000000e+01
1.500000000000000000e+01
1.200000000000000000e+01
1.000000000000000000e+01
1.000000000000000000e+01
-7.000000000000000000e+00
2.000000000000000000e+01
-1.800000000000000000e+01
-1.700000000000000000e+01
-3.000000000000000000e+00
-6.000000000000000000e+00
0.000000000000000000e+00
-1.700000000000000000e+01
-1.800000000000000000e+01
-5.000000000000000000e+00
-1.000000000000000000e+00
2.000000000000000000e+01
6.000000000000000000e+00
-1.800000000000000000e+01
-1.200000000000000000e+01
-4.000000000000000000e+00
-1.500000000000000000e+01
1.800000000000000000e+01
5.000000000000000000e+00
-3.000000000000000000e+00
-1.700000000000000000e+01
-6.000000000000000000e+00
9.000000000000000000e+00
-2.300000000000000000e+01
-2.700000000000000000e+01
2.000000000000000000e+00
4.000000000000000000e+00
7.000000000000000000e+00
2.000000000000000000e+00
-1.500000000000000000e+01
2.200000000000000000e+01
2.700000000000000000e+01
1.000000000000000000e+01
-2.100000000000000000e+01
1.000000000000000000e+01
7.000000000000000000e+00
1.900000000000000000e+01
-2.000000000000000000e+01
-1.400000000000000000e+01
-6.000000000000000000e+00
9.000000000000000000e+00
-2.000000000000000000e+00
2.600000000000000000e+01
-2.200000000000000000e+01
-5.000000000000000000e+00
-4.000000000000000000e+00
1.300000000000000000e+01
8.000000000000000000e+00
2.200000000000000000e+01
-4.000000000000000000e+00
2.000000000000000000e+01
-2.900000000000000000e+01
-2.000000000000000000e+00
1.000000000000000000e+00
7.000000000000000000e+00
-3.000000000000000000e+00
-1.500000000000000000e+01
1.600000000000000000e+01
7.000000000000000000e+00
5.000000000000000000e+00
-2.500000000000000000e+01
-1.100000000000000000e+01
1.500000000000000000e+01
3.000000000000000000e+00
1.000000000000000000e+00
-1.000000000000000000e+00
2.700000000000000000e+01
1.300000000000000000e+01
1.500000000000000000e+01
-1.400000000000000000e+01
-2.300000000000000000e+01
-7.000000000000000000e+00
-3.000000000000000000e+00
-4.000000000000000000e+00
-3.000000000000000000e+00
-8.000000000000000000e+00
-1.800000000000000000e+01
-1.100000000000000000e+01
0.000000000000000000e+00
-9.000000000000000000e+00
1.800000000000000000e+01
-2.300000000000000000e+01
-1.200000000000000000e+01
1.500000000000000000e+01
7.000000000000000000e+00
-1.800000000000000000e+01
-3.000000000000000000e+00
1.400000000000000000e+01
2.000000000000000000e+01
1.300000000000000000e+01
-1.500000000000000000e+01
1.300000000000000000e+01
-9.000000000000000000e+00
2.000000000000000000e+00
1.700000000000000000e+01
5.000000000000000000e+00
4.400000000000000000e+01
8.000000000000000000e+00
-9.000000000000000000e+00
2.000000000000000000e+00
1.000000000000000000e+01
1.500000000000000000e+01
3.800000000000000000e+01
8.000000000000000000e+00
3.000000000000000000e+01
-6.000000000000000000e+00
2.000000000000000000e+00
2.800000000000000000e+01
1.300000000000000000e+01
1.500000000000000000e+01
2.500000000000000000e+01
-3.000000000000000000e+00
2.500000000000000000e+01
-9.000000000000000000e+00
3.000000000000000000e+01
-3.200000000000000000e+01
-1.100000000000000000e+01
1.000000000000000000e+01
2.000000000000000000e+00
-2.100000000000000000e+01
-1.700000000000000000e+01
-1.400000000000000000e+01
-2.700000000000000000e+01
2.600000000000000000e+01
6.000000000000000000e+00
-2.900000000000000000e+01
2.000000000000000000e+00
-1.000000000000000000e+00
-1.000000000000000000e+00
-8.000000000000000000e+00
4.000000000000000000e+00
1.600000000000000000e+01
-1.800000000000000000e+01
0.000000000000000000e+00
7.000000000000000000e+00
2.400000000000000000e+01
-1.100000000000000000e+01
-7.000000000000000000e+00
1.700000000000000000e+01
-7.000000000000000000e+00
-9.000000000000000000e+00
1.700000000000000000e+01
-1.100000000000000000e+01
-2.000000000000000000e+00
0.000000000000000000e+00
1.000000000000000000e+01
2.100000000000000000e+01
-8.000000000000000000e+00
2.900000000000000000e+01
6.000000000000000000e+00
-4.000000000000000000e+00
7.000000000000000000e+00
3.000000000000000000e+00
1.000000000000000000e+01
-1.000000000000000000e+00
8.000000000000000000e+00
7.000000000000000000e+00
-1.800000000000000000e+01
-2.000000000000000000e+00
1.600000000000000000e+01
-1.600000000000000000e+01
2.400000000000000000e+01
9.000000000000000000e+00
-1.100000000000000000e+01
-1.800000000000000000e+01
-8.000000000000000000e+00
-1.800000000000000000e+01
4.000000000000000000e+00
-8.000000000000000000e+00
1.000000000000000000e+01
-4.100000000000000000e+01
-3.000000000000000000e+00
-2.100000000000000000e+01
1.600000000000000000e+01
-3.000000000000000000e+00
1.400000000000000000e+01
-1.400000000000000000e+01
1.000000000000000000e+00
3.300000000000000000e+01
-1.700000000000000000e+01
-3.100000000000000000e+01
7.000000000000000000e+00
1.200000000000000000e+01
1.500000000000000000e+01
1.800000000000000000e+01
1.000000000000000000e+00
-2.200000000000000000e+01
1.200000000000000000e+01
1.100000000000000000e+01
1.500000000000000000e+01
2.500000000000000000e+01
1.000000000000000000e+01
-1.400000000000000000e+01
-2.000000000000000000e+00
1.100000000000000000e+01
2.400000000000000000e+01
2.900000000000000000e+01
-1.300000000000000000e+01
2.400000000000000000e+01
2.100000000000000000e+01
-2.600000000000000000e+01
-8.000000000000000000e+00
-5.000000000000000000e+00
5.000000000000000000e+00
2.000000000000000000e+00
3.700000000000000000e+01
1.400000000000000000e+01
-3.100000000000000000e+01
2.000000000000000000e+01
-1.900000000000000000e+01
-2.000000000000000000e+01
3.300000000000000000e+01
3.100000000000000000e+01
1.200000000000000000e+01
4.000000000000000000e+00
-2.000000000000000000e+00
1.000000000000000000e+01
-9.000000000000000000e+00
2.300000000000000000e+01
1.200000000000000000e+01
-1.200000000000000000e+01
2.600000000000000000e+01
2.700000000000000000e+01
9.000000000000000000e+00
1.500000000000000000e+01
-9.000000000000000000e+00
3.500000000000000000e+01
2.500000000000000000e+01
-3.000000000000000000e+00
2.600000000000000000e+01
9.000000000000000000e+00
9.000000000000000000e+00
1.700000000000000000e+01
4.000000000000000000e+00
1.700000000000000000e+01
1.000000000000000000e+01
3.100000000000000000e+01
1.600000000000000000e+01
8.000000000000000000e+00
2.800000000000000000e+01
-6.000000000000000000e+00
4.000000000000000000e+01
-1.200000000000000000e+01
1.100000000000000000e+01
4.000000000000000000e+00
2.000000000000000000e+00
-1.200000000000000000e+01
-1.500000000000000000e+01
1.300000000000000000e+01
5.000000000000000000e+00
4.000000000000000000e+00
1.600000000000000000e+01
7.000000000000000000e+00
-2.300000000000000000e+01
6.000000000000000000e+00
1.600000000000000000e+01
-7.000000000000000000e+00
1.500000000000000000e+01
2.600000000000000000e+01
2.000000000000000000e+00
-5.000000000000000000e+00
3.000000000000000000e+00
1.900000000000000000e+01
1.200000000000000000e+01
2.900000000000000000e+01
1.100000000000000000e+01
-2.000000000000000000e+00
3.400000000000000000e+01
7.000000000000000000e+00
6.000000000000000000e+00
1.700000000000000000e+01
-5.000000000000000000e+00
-1.900000000000000000e+01
1.000000000000000000e+01
4.000000000000000000e+00
5.000000000000000000e+00
2.500000000000000000e+01
4.000000000000000000e+00
3.000000000000000000e+00
1.700000000000000000e+01
2.400000000000000000e+01
2.700000000000000000e+01
3.700000000000000000e+01
2.700000000000000000e+01
1.200000000000000000e+01
-1.200000000000000000e+01
1.400000000000000000e+01
3.300000000000000000e+01
2.100000000000000000e+01
-1.100000000000000000e+01
4.000000000000000000e+00
1.700000000000000000e+01
-7.000000000000000000e+00
1.700000000000000000e+01
3.100000000000000000e+01
1.000000000000000000e+00
-2.000000000000000000e+01
2.900000000000000000e+01
-4.000000000000000000e+00
1.000000000000000000e+00
4.000000000000000000e+00
9.000000000000000000e+00
1.100000000000000000e+01
4.000000000000000000e+00
-2.300000000000000000e+01
1.400000000000000000e+01
1.800000000000000000e+01
7.000000000000000000e+00
2.500000000000000000e+01
3.800000000000000000e+01
4.300000000000000000e+01
2.500000000000000000e+01
1.000000000000000000e+00
9.000000000000000000e+00
1.500000000000000000e+01
4.000000000000000000e+00
3.100000000000000000e+01
2.600000000000000000e+01
1.500000000000000000e+01
1.000000000000000000e+01
5.000000000000000000e+00
2.100000000000000000e+01
2.800000000000000000e+01
3.100000000000000000e+01
-2.600000000000000000e+01
3.200000000000000000e+01
-4.000000000000000000e+00
4.200000000000000000e+01
3.300000000000000000e+01
-6.000000000000000000e+00
-4.000000000000000000e+00
3.600000000000000000e+01
1.400000000000000000e+01
1.700000000000000000e+01
2.000000000000000000e+00
1.400000000000000000e+01
-1.000000000000000000e+00
-5.000000000000000000e+00
0.000000000000000000e+00
2.700000000000000000e+01
2.700000000000000000e+01
4.000000000000000000e+00
4.200000000000000000e+01
1.900000000000000000e+01
-1.000000000000000000e+00
2.000000000000000000e+01
2.300000000000000000e+01
-1.500000000000000000e+01
-6.000000000000000000e+00
-2.000000000000000000e+00
3.500000000000000000e+01
2.700000000000000000e+01
6.000000000000000000e+00
1.500000000000000000e+01
6.000000000000000000e+00
-6.000000000000000000e+00
-2.400000000000000000e+01
2.900000000000000000e+01
2.600000000000000000e+01
2.000000000000000000e+00
1.600000000000000000e+01
3.400000000000000000e+01
3.700000000000000000e+01
1.400000000000000000e+01
1.600000000000000000e+01
2.800000000000000000e+01
2.500000000000000000e+01
-2.000000000000000000e+01
-1.900000000000000000e+01
9.000000000000000000e+00
3.500000000000000000e+01
3.200000000000000000e+01
3.200000000000000000e+01
1.700000000000000000e+01
1.700000000000000000e+01
-2.000000000000000000e+00
6.000000000000000000e+00
-6.000000000000000000e+00
3.400000000000000000e+01
-1.300000000000000000e+01
3.800000000000000000e+01
-1.800000000000000000e+01
2.500000000000000000e+01
2.000000000000000000e+01
1.400000000000000000e+01
2.700000000000000000e+01
-5.000000000000000000e+00
2.000000000000000000e+01
3.700000000000000000e+01
1.400000000000000000e+01
8.000000000000000000e+00
0.000000000000000000e+00
3.100000000000000000e+01
3.800000000000000000e+01
2.000000000000000000e+00
2.600000000000000000e+01
4.200000000000000000e+01
1.100000000000000000e+01
1.900000000000000000e+01
-2.000000000000000000e+00
7.000000000000000000e+00
-7.000000000000000000e+00
4.000000000000000000e+01
1.300000000000000000e+01
1.900000000000000000e+01
2.800000000000000000e+01
-1.000000000000000000e+00
4.000000000000000000e+00
1.600000000000000000e+01
3.000000000000000000e+01
3.000000000000000000e+01
2.200000000000000000e+01
2.200000000000000000e+01
-1.000000000000000000e+01
3.800000000000000000e+01
-1.400000000000000000e+01
5.100000000000000000e+01
1.900000000000000000e+01
3.000000000000000000e+00
0.000000000000000000e+00
1.000000000000000000e+00
2.900000000000000000e+01
1.300000000000000000e+01
3.200000000000000000e+01
2.100000000000000000e+01
1.900000000000000000e+01
1.400000000000000000e+01
5.000000000000000000e+00
2.900000000000000000e+01
5.200000000000000000e+01
3.200000000000000000e+01
2.700000000000000000e+01
3.200000000000000000e+01
1.200000000000000000e+01
5.500000000000000000e+01
-1.000000000000000000e+00
-1.100000000000000000e+01
4.100000000000000000e+01
2.000000000000000000e+01
1.800000000000000000e+01
-3.000000000000000000e+00
4.000000000000000000e+01
3.000000000000000000e+01
2.700000000000000000e+01
4.000000000000000000e+01
2.000000000000000000e+01
5.300000000000000000e+01
4.500000000000000000e+01
4.700000000000000000e+01
5.200000000000000000e+01
6.000000000000000000e+01
7.200000000000000000e+01
6.400000000000000000e+01
9.300000000000000000e+01
8.200000000000000000e+01
1.100000000000000000e+02
1.320000000000000000e+02
1.000000000000000000e+02
1.170000000000000000e+02
1.370000000000000000e+02
2.240000000000000000e+02
2.140000000000000000e+02
2.100000000000000000e+02
2.830000000000000000e+02
2.960000000000000000e+02
3.360000000000000000e+02
4.030000000000000000e+02
4.650000000000000000e+02
5.100000000000000000e+02
5.400000000000000000e+02
6.080000000000000000e+02
6.990000000000000000e+02
7.780000000000000000e+02
8.860000000000000000e+02
9.520000000000000000e+02
1.056000000000000000e+03
1.238000000000000000e+03
1.343000000000000000e+03
1.493000000000000000e+03
1.633000000000000000e+03
1.751000000000000000e+03
1.906000000000000000e+03
2.049000000000000000e+03
2.170000000000000000e+03
2.368000000000000000e+03
2.480000000000000000e+03
2.643000000000000000e+03
2.821000000000000000e+03
3.009000000000000000e+03
3.087000000000000000e+03
3.281000000000000000e+03
3.378000000000000000e+03
3.569000000000000000e+03
3.643000000000000000e+03
3.781000000000000000e+03
3.843000000000000000e+03
3.898000000000000000e+03
3.999000000000000000e+03
4.020000000000000000e+03
4.122000000000000000e+03
4.132000000000000000e+03
4.079000000000000000e+03
4.157000000000000000e+03
4.084000000000000000e+03
3.995000000000000000e+03
4.119000000000000000e+03
3.954000000000000000e+03
3.873000000000000000e+03
3.827000000000000000e+03
3.679000000000000000e+03
3.505000000000000000e+03
3.455000000000000000e+03
3.330000000000000000e+03
3.174000000000000000e+03
3.017000000000000000e+03
2.858000000000000000e+03
2.809000000000000000e+03
2.681000000000000000e+03
2.467000000000000000e+03
2.320000000000000000e+03
2.256000000000000000e+03
2.072000000000000000e+03
1.894000000000000000e+03
1.754000000000000000e+03
1.649000000000000000e+03
1.448000000000000000e+03
1.377000000000000000e+03
1.215000000000000000e+03
1.151000000000000000e+03
1.007000000000000000e+03
9.500000000000000000e+02
8.620000000000000000e+02
7.340000000000000000e+02
6.760000000000000000e+02
5.960000000000000000e+02
5.490000000000000000e+02
4.890000000000000000e+02
4.380000000000000000e+02
4.030000000000000000e+02
2.990000000000000000e+02
2.970000000000000000e+02
2.280000000000000000e+02
2.110000000000000000e+02
2.100000000000000000e+02
1.680000000000000000e+02
1.540000000000000000e+02
1.310000000000000000e+02
1.330000000000000000e+02
8.700000000000000000e+01
8.800000000000000000e+01
7.100000000000000000e+01
5.400000000000000000e+01
5.700000000000000000e+01
6.200000000000000000e+01
5.500000000000000000e+01
4.500000000000000000e+01
4.000000000000000000e+00
3.700000000000000000e+01
2.700000000000000000e+01
4.600000000000000000e+01
1.500000000000000000e+01
4.200000000000000000e+01
3.200000000000000000e+01
1.600000000000000000e+01
-1.800000000000000000e+01
1.600000000000000000e+01
5.400000000000000000e+01
-7.000000000000000000e+00
2.900000000000000000e+01
-7.000000000000000000e+00
1.300000000000000000e+01
2.500000000000000000e+01
2.500000000000000000e+01
-2.000000000000000000e+00
1.200000000000000000e+01
2.000000000000000000e+01
2.000000000000000000e+01
-1.100000000000000000e+01
2.000000000000000000e+01
1.000000000000000000e+01
2.400000000000000000e+01
7.000000000000000000e+00
2.400000000000000000e+01
1.800000000000000000e+01
9.000000000000000000e+00
4.200000000000000000e+01
-1.000000000000000000e+00
-2.300000000000000000e+01
7.000000000000000000e+00
4.300000000000000000e+01
7.000000000000000000e+00
3.900000000000000000e+01
-1.500000000000000000e+01
2.600000000000000000e+01
-1.600000000000000000e+01
4.000000000000000000e+01
4.000000000000000000e+00
-5.000000000000000000e+00
-3.000000000000000000e+00
9.000000000000000000e+00
1.200000000000000000e+01
2.300000000000000000e+01
-1.100000000000000000e+01
3.800000000000000000e+01
4.000000000000000000e+00
3.600000000000000000e+01
7.000000000000000000e+00
2.900000000000000000e+01
2.900000000000000000e+01
2.000000000000000000e+01
2.200000000000000000e+01
2.000000000000000000e+00
3.200000000000000000e+01
4.200000000000000000e+01
3.000000000000000000e+00
3.000000000000000000e+00
9.000000000000000000e+00
3.000000000000000000e+00
1.900000000000000000e+01
9.000000000000000000e+00
1.200000000000000000e+01
1.500000000000000000e+01
2.600000000000000000e+01
2.400000000000000000e+01
1.800000000000000000e+01
2.600000000000000000e+01
5.000000000000000000e+00
9.000000000000000000e+00
1.000000000000000000e+01
4.000000000000000000e+00
1.400000000000000000e+01
3.000000000000000000e+00
6.000000000000000000e+00
1.500000000000000000e+01
1.200000000000000000e+01
7.000000000000000000e+00
2.600000000000000000e+01
-1.600000000000000000e+01
3.800000000000000000e+01
2.300000000000000000e+01
5.000000000000000000e+00
-3.000000000000000000e+00
1.600000000000000000e+01
1.200000000000000000e+01
2.800000000000000000e+01
-1.400000000000000000e+01
-1.600000000000000000e+01
2.900000000000000000e+01
-1.100000000000000000e+01
7.000000000000000000e+00
3.900000000000000000e+01
8.000000000000000000e+00
-1.400000000000000000e+01
5.000000000000000000e+00
4.000000000000000000e+00
-2.000000000000000000e+00
2.000000000000000000e+00
1.400000000000000000e+01
1.700000000000000000e+01
1.100000000000000000e+01
-2.000000000000000000e+01
1.900000000000000000e+01
2.100000000000000000e+01
9.000000000000000000e+00
3.600000000000000000e+01
4.000000000000000000e+00
-5.000000000000000000e+00
1.200000000000000000e+01
1.100000000000000000e+01
-9.000000000000000000e+00
-4.000000000000000000e+00
2.100000000000000000e+01
1.700000000000000000e+01
1.000000000000000000e+00
3.000000000000000000e+00
0.000000000000000000e+00
2.900000000000000000e+01
-2.000000000000000000e+00
1.000000000000000000e+00
2.800000000000000000e+01
8.000000000000000000e+00
1.600000000000000000e+01
8.000000000000000000e+00
1.800000000000000000e+01
6.000000000000000000e+00
1.900000000000000000e+01
1.900000000000000000e+01
-1.100000000000000000e+01
-2.500000000000000000e+01
5.200000000000000000e+01
-1.000000000000000000e+00
8.000000000000000000e+00
8.000000000000000000e+00
3.400000000000000000e+01
1.900000000000000000e+01
1.100000000000000000e+01
-1.000000000000000000e+01
1.100000000000000000e+01
0.000000000000000000e+00
8.000000000000000000e+00
1.000000000000000000e+01
1.700000000000000000e+01
4.000000000000000000e+00
4.500000000000000000e+01
9.000000000000000000e+00
-1.000000000000000000e+00
-2.000000000000000000e+00
5.000000000000000000e+00
-4.000000000000000000e+00
1.300000000000000000e+01
0.000000000000000000e+00
2.000000000000000000e+00
3.000000000000000000e+00
1.200000000000000000e+01
7.000000000000000000e+00
0.000000000000000000e+00
1.400000000000000000e+01
1.600000000000000000e+01
1.700000000000000000e+01
1.100000000000000000e+01
2.700000000000000000e+01
1.800000000000000000e+01
2.000000000000000000e+01
3.800000000000000000e+01
-1.400000000000000000e+01
1.300000000000000000e+01
2.500000000000000000e+01
-1.900000000000000000e+01
8.000000000000000000e+00
6.000000000000000000e+00
1.900000000000000000e+01
1.800000000000000000e+01
-1.500000000000000000e+01
1.100000000000000000e+01
1.600000000000000000e+01
-1.000000000000000000e+00
1.700000000000000000e+01
2.600000000000000000e+01
3.700000000000000000e+01
9.000000000000000000e+00
-1.500000000000000000e+01
7.000000000000000000e+00
3.000000000000000000e+00
1.000000000000000000e+00
-2.000000000000000000e+01
-1.300000000000000000e+01
6.000000000000000000e+00
1.200000000000000000e+01
3.000000000000000000e+00
3.600000000000000000e+01
1.700000000000000000e+01
1.600000000000000000e+01
2.300000000000000000e+01
-6.000000000000000000e+00
2.400000000000000000e+01
-2.000000000000000000e+00
-2.300000000000000000e+01
-1.300000000000000000e+01
-2.000000000000000000e+00
-1.800000000000000000e+01
0.000000000000000000e+00
2.000000000000000000e+00
-1.600000000000000000e+01
2.300000000000000000e+01
-9.000000000000000000e+00
7.000000000000000000e+00
1.100000000000000000e+01
4.000000000000000000e+00
1.200000000000000000e+01
-2.000000000000000000e+00
1.900000000000000000e+01
1.000000000000000000e+00
0.000000000000000000e+00
-1.300000000000000000e+01
-9.000000000000000000e+00
6.000000000000000000e+00
1.400000000000000000e+01
9.000000000000000000e+00
1.700000000000000000e+01
-2.100000000000000000e+01
0.000000000000000000e+00
7.000000000000000000e+00
2.500000000000000000e+01
3.000000000000000000e+01
2.900000000000000000e+01
5.000000000000000000e+00
-7.000000000000000000e+00
-1.000000000000000000e+01
3.000000000000000000e+00
1.000000000000000000e+01
1.200000000000000000e+01
7.000000000000000000e+00
-8.000000000000000000e+00
1.500000000000000000e+01
1.200000000000000000e+01
-3.000000000000000000e+00
-2.200000000000000000e+01
-1.700000000000000000e+01
-1.900000000000000000e+01
-2.600000000000000000e+01
2.300000000000000000e+01
1.500000000000000000e+01
2.200000000000000000e+01
4.000000000000000000e+00
-9.000000000000000000e+00
1.200000000000000000e+01
-7.000000000000000000e+00
-3.000000000000000000e+01
1.000000000000000000e+01
-2.000000000000000000e+00
-9.000000000000000000e+00
-2.000000000000000000e+00
4.700000000000000000e+01
-7.000000000000000000e+00
4.000000000000000000e+00
9.000000000000000000e+00
1.000000000000000000e+00
1.000000000000000000e+00
-5.000000000000000000e+00
1.000000000000000000e+00
8.000000000000000000e+00
4.000000000000000000e+00
9.000000000000000000e+00
2.200000000000000000e+01
1.500000000000000000e+01
1.000000000000000000e+01
0.000000000000000000e+00
5.000000000000000000e+00
2.400000000000000000e+01
1.500000000000000000e+01
0.000000000000000000e+00
5.000000000000000000e+00
1.400000000000000000e+01
3.000000000000000000e+00
2.100000000000000000e+01
2.100000000000000000e+01
-5.000000000000000000e+00
-5.000000000000000000e+00
1.500000000000000000e+01
3.500000000000000000e+01
1.500000000000000000e+01
2.400000000000000000e+01
7.000000000000000000e+00
1.000000000000000000e+00
1.000000000000000000e+00
1.000000000000000000e+01
-2.000000000000000000e+01
1.500000000000000000e+01
9.000000000000000000e+00
1.700000000000000000e+01
1.200000000000000000e+01
-1.100000000000000000e+01
2.000000000000000000e+00
6.000000000000000000e+00
1.000000000000000000e+01
-3.000000000000000000e+00
2.400000000000000000e+01
5.000000000000000000e+00
-1.900000000000000000e+01
-1.200000000000000000e+01
1.800000000000000000e+01
-1.900000000000000000e+01
1.700000000000000000e+01
4.800000000000000000e+01
-7.000000000000000000e+00
1.700000000000000000e+01
-4.000000000000000000e+00
2.000000000000000000e+01
-4.000000000000000000e+00
3.100000000000000000e+01
-1.300000000000000000e+01
-2.300000000000000000e+01
2.300000000000000000e+01
4.100000000000000000e+01
-2.000000000000000000e+00
-1.400000000000000000e+01
-2.000000000000000000e+00
-4.400000000000000000e+01
8.000000000000000000e+00
-1.500000000000000000e+01
5.000000000000000000e+00
-6.000000000000000000e+00
-7.000000000000000000e+00
-6.000000000000000000e+00
-1.100000000000000000e+01
-7.000000000000000000e+00
-1.300000000000000000e+01
-1.900000000000000000e+01
0.000000000000000000e+00
-1.900000000000000000e+01
-2.200000000000000000e+01
-3.500000000000000000e+01
-1.000000000000000000e+00
2.000000000000000000e+01
1.900000000000000000e+01
-2.000000000000000000e+01
-1.100000000000000000e+01
1.100000000000000000e+01
1.100000000000000000e+01
-1.300000000000000000e+01
-3.000000000000000000e+00
-1.700000000000000000e+01
-8.000000000000000000e+00
1.300000000000000000e+01
-1.000000000000000000e+01
2.000000000000000000e+01
2.600000000000000000e+01
6.000000000000000000e+00
-1.500000000000000000e+01
1.200000000000000000e+01
-1.300000000000000000e+01
7.000000000000000000e+00
-2.400000000000000000e+01
1.800000000000000000e+01
1.280000000000000000e+02
3.000000000000000000e+00
-6.000000000000000000e+00
-2.200000000000000000e+01
0.000000000000000000e+00
-8.000000000000000000e+00
-2.000000000000000000e+00
-6.000000000000000000e+00
-2.500000000000000000e+01
6.000000000000000000e+00
9.000000000000000000e+00
-2.700000000000000000e+01
4.000000000000000000e+00
-2.400000000000000000e+01
9.000000000000000000e+00
1.400000000000000000e+01
-7.000000000000000000e+00
-5.000000000000000000e+00
-1.500000000000000000e+01
4.000000000000000000e+00
-7.000000000000000000e+00
1.400000000000000000e+01
-1.900000000000000000e+01
-2.500000000000000000e+01
3.000000000000000000e+00
-1.400000000000000000e+01
1.600000000000000000e+01
-2.200000000000000000e+01
1.300000000000000000e+01
1.900000000000000000e+01
-3.000000000000000000e+00
1.400000000000000000e+01
-1.600000000000000000e+01
-4.000000000000000000e+00
3.000000000000000000e+00
4.000000000000000000e+00
3.000000000000000000e+00
8.000000000000000000e+00
-8.000000000000000000e+00
0.000000000000000000e+00
-1.000000000000000000e+00
-1.000000000000000000e+00
1.000000000000000000e+01
-1.100000000000000000e+01
-1.200000000000000000e+01
-1.300000000000000000e+01
0.000000000000000000e+00
2.000000000000000000e+00
2.200000000000000000e+01
-5.000000000000000000e+00
1.000000000000000000e+00
7.000000000000000000e+00
-1.800000000000000000e+01
1.000000000000000000e+00
-5.000000000000000000e+01
9.000000000000000000e+00
-4.200000000000000000e+01
-4.000000000000000000e+00
-6.800000000000000000e+01
-6.000000000000000000e+00
2.400000000000000000e+01
2.100000000000000000e+01
1.800000000000000000e+01
-4.000000000000000000e+00
2.100000000000000000e+01
0.000000000000000000e+00
1.500000000000000000e+01
7.000000000000000000e+00
3.000000000000000000e+00
0.000000000000000000e+00
-3.200000000000000000e+01
4.100000000000000000e+01
4.000000000000000000e+00
-2.900000000000000000e+01
-2.800000000000000000e+01
-2.000000000000000000e+00
7.000000000000000000e+00
-1.900000000000000000e+01
2.500000000000000000e+01
-2.000000000000000000e+01
-1.800000000000000000e+01
2.400000000000000000e+01
-9.000000000000000000e+00
0.000000000000000000e+00
1.000000000000000000e+00
6.000000000000000000e+00
4.000000000000000000e+00
5.000000000000000000e+00
6.000000000000000000e+00
1.600000000000000000e+01
-9.000000000000000000e+00
1.300000000000000000e+01
-5.000000000000000000e+00
-1.800000000000000000e+01
-9.000000000000000000e+00
-4.000000000000000000e+01
-1.400000000000000000e+01
2.300000000000000000e+01
-3.000000000000000000e+00
-3.000000000000000000e+01
-3.300000000000000000e+01
2.200000000000000000e+01
9.000000000000000000e+00
1.000000000000000000e+01
3.100000000000000000e+01
-3.900000000000000000e+01
-1.600000000000000000e+01
-6.000000000000000000e+00
-1.400000000000000000e+01
-1.200000000000000000e+01
-6.000000000000000000e+00
-2.000000000000000000e+00
-1.500000000000000000e+01
1.100000000000000000e+01
8.000000000000000000e+00
-1.700000000000000000e+01
7.000000000000000000e+00
6.000000000000000000e+00
1.000000000000000000e+01
-6.000000000000000000e+00
2.000000000000000000e+01
-1.500000000000000000e+01
6.000000000000000000e+00
3.000000000000000000e+00
7.000000000000000000e+00
1.700000000000000000e+01
-8.000000000000000000e+00
2.000000000000000000e+00
1.500000000000000000e+01
-5.000000000000000000e+00
-1.600000000000000000e+01
-1.200000000000000000e+01
5.000000000000000000e+00
-6.000000000000000000e+00
8.000000000000000000e+00
-3.200000000000000000e+01
-7.000000000000000000e+00
-3.000000000000000000e+00
-4.000000000000000000e+00
1.300000000000000000e+01
1.200000000000000000e+01
1.700000000000000000e+01
-1.000000000000000000e+01
-2.400000000000000000e+01
1.200000000000000000e+01
2.300000000000000000e+01
-1.100000000000000000e+01
5.000000000000000000e+00
2.000000000000000000e+00
1.400000000000000000e+01
1.800000000000000000e+01
1.000000000000000000e+01
-1.500000000000000000e+01
1.200000000000000000e+01
-1.100000000000000000e+01
0.000000000000000000e+00
-3.000000000000000000e+00
2.000000000000000000e+01
1.600000000000000000e+01
-8.000000000000000000e+00
-5.000000000000000000e+00
1.500000000000000000e+01
1.200000000000000000e+01
-2.000000000000000000e+01
-9.000000000000000000e+00
2.000000000000000000e+01
-1.000000000000000000e+01
-2.300000000000000000e+01
3.000000000000000000e+00
1.100000000000000000e+01
1.800000000000000000e+01
-1.700000000000000000e+01
1.000000000000000000e+00
-2.400000000000000000e+01
1.600000000000000000e+01
-3.200000000000000000e+01
8.000000000000000000e+00
0.000000000000000000e+00
-3.000000000000000000e+00
1.100000000000000000e+01
-4.000000000000000000e+00
-2.200000000000000000e+01
2.000000000000000000e+00
-3.400000000000000000e+01
0.000000000000000000e+00
2.300000000000000000e+01
-1.400000000000000000e+01
-8.000000000000000000e+00
6.000000000000000000e+00
3.000000000000000000e+00
3.000000000000000000e+00
1.400000000000000000e+01
1.700000000000000000e+01
-4.500000000000000000e+01
3.900000000000000000e+01
-1.000000000000000000e+01
-1.700000000000000000e+01
1.400000000000000000e+01
-1.200000000000000000e+01
3.000000000000000000e+00
-4.000000000000000000e+00
-6.000000000000000000e+00
1.900000000000000000e+01
1.300000000000000000e+01
-1.000000000000000000e+01
6.000000000000000000e+00
1.400000000000000000e+01
-1.000000000000000000e+00
2.500000000000000000e+01
-1.400000000000000000e+01
7.000000000000000000e+00
1.700000000000000000e+01
8.000000000000000000e+00
2.800000000000000000e+01
-6.000000000000000000e+00
2.200000000000000000e+01
-1.200000000000000000e+01
-6.000000000000000000e+00
8.000000000000000000e+00
-5.000000000000000000e+00
8.000000000000000000e+00
5.000000000000000000e+00
-5.000000000000000000e+00
-1.400000000000000000e+01
2.000000000000000000e+00
-6.000000000000000000e+00
-1.400000000000000000e+01
-1.700000000000000000e+01
-1.300000000000000000e+01
-2.000000000000000000e+00
-1.700000000000000000e+01
1.100000000000000000e+01
-2.400000000000000000e+01
-1.000000000000000000e+00
-9.000000000000000000e+00
-3.000000000000000000e+00
1.100000000000000000e+01
1.400000000000000000e+01
-2.000000000000000000e+01
2.200000000000000000e+01
-2.000000000000000000e+01
-2.500000000000000000e+01
-4.000000000000000000e+00
5.000000000000000000e+00
2.500000000000000000e+01
-3.300000000000000000e+01
1.500000000000000000e+01
-1.000000000000000000e+00
-2.800000000000000000e+01
-1.900000000000000000e+01
-1.600000000000000000e+01
-2.300000000000000000e+01
-3.200000000000000000e+01
-3.000000000000000000e+01
-3.000000000000000000e+00
5.000000000000000000e+00
1.100000000000000000e+01
-1.700000000000000000e+01
0.000000000000000000e+00
1.700000000000000000e+01
-1.000000000000000000e+00
-2.200000000000000000e+01
7.000000000000000000e+00
-1.800000000000000000e+01
7.000000000000000000e+00
-4.000000000000000000e+00
-8.000000000000000000e+00
1.100000000000000000e+01
4.000000000000000000e+00
2.200000000000000000e+01
-2.000000000000000000e+00
-2.100000000000000000e+01
-2.000000000000000000e+00
1.500000000000000000e+01
-6.000000000000000000e+00
4.100000000000000000e+01
5.000000000000000000e+00
-5.000000000000000000e+00
3.100000000000000000e+01
-3.000000000000000000e+00
1.000000000000000000e+00
-2.400000000000000000e+01
4.000000000000000000e+00
-1.400000000000000000e+01
8.000000000000000000e+00
-3.000000000000000000e+01
2.600000000000000000e+01
-1.200000000000000000e+01
-7.000000000000000000e+00
-1.000000000000000000e+00
-8.000000000000000000e+00
0.000000000000000000e+00
-3.000000000000000000e+00
-4.000000000000000000e+00
-7.000000000000000000e+00
2.300000000000000000e+01
-5.000000000000000000e+00
3.000000000000000000e+00
2.000000000000000000e+00
-9.000000000000000000e+00
3.100000000000000000e+01
4.000000000000000000e+00
-1.000000000000000000e+00
-1.500000000000000000e+01
1.500000000000000000e+01
6.000000000000000000e+00
-1.000000000000000000e+00
-1.700000000000000000e+01
-1.800000000000000000e+01
1.700000000000000000e+01
-1.800000000000000000e+01
-1.900000000000000000e+01
-1.700000000000000000e+01
-5.000000000000000000e+00
2.000000000000000000e+01
-2.100000000000000000e+01
-2.900000000000000000e+01
-1.600000000000000000e+01
7.000000000000000000e+00
8.000000000000000000e+00
-1.500000000000000000e+01
1.300000000000000000e+01
-3.000000000000000000e+01
-7.000000000000000000e+00
-3.900000000000000000e+01
4.000000000000000000e+00
-4.500000000000000000e+01
-4.000000000000000000e+00
-1.000000000000000000e+00
0.000000000000000000e+00
1.800000000000000000e+01
6.000000000000000000e+00
1.200000000000000000e+01
9.000000000000000000e+00
2.800000000000000000e+01
-1.600000000000000000e+01
-2.800000000000000000e+01
5.000000000000000000e+00
-1.900000000000000000e+01
-1.400000000000000000e+01
1.000000000000000000e+00
5.000000000000000000e+00
1.500000000000000000e+01
1.900000000000000000e+01
-1.300000000000000000e+01
2.600000000000000000e+01
-2.200000000000000000e+01
-1.000000000000000000e+01
4.000000000000000000e+00
2.400000000000000000e+01
-2.000000000000000000e+00
1.800000000000000000e+01
-1.700000000000000000e+01
1.200000000000000000e+01
1.900000000000000000e+01
-2.800000000000000000e+01
-1.300000000000000000e+01
8.000000000000000000e+00
1.900000000000000000e+01
-1.800000000000000000e+01
2.700000000000000000e+01
-1.700000000000000000e+01
1.000000000000000000e+01
2.000000000000000000e+00
-7.000000000000000000e+00
-3.400000000000000000e+01
-1.000000000000000000e+01
-3.000000000000000000e+00
2.600000000000000000e+01
-3.000000000000000000e+00
-2.100000000000000000e+01
1.500000000000000000e+01
6.000000000000000000e+00
6.000000000000000000e+00
1.000000000000000000e+01
-1.000000000000000000e+01
7.000000000000000000e+00
2.000000000000000000e+00
-1.100000000000000000e+01
6.000000000000000000e+00
9.000000000000000000e+00
2.600000000000000000e+01
2.300000000000000000e+01
5.000000000000000000e+00
4.000000000000000000e+00
2.400000000000000000e+01
3.400000000000000000e+01
-1.700000000000000000e+01
2.000000000000000000e+00
-3.000000000000000000e+00
9.000000000000000000e+00
5.000000000000000000e+00
1.000000000000000000e+01
2.200000000000000000e+01
-1.200000000000000000e+01
-3.000000000000000000e+00
-4.000000000000000000e+00
7.000000000000000000e+00
4.200000000000000000e+01
1.100000000000000000e+01
-9.000000000000000000e+00
6.000000000000000000e+00
4.300000000000000000e+01
1.900000000000000000e+01
1.900000000000000000e+01
2.000000000000000000e+01
6.000000000000000000e+00
5.000000000000000000e+00
3.000000000000000000e+01
2.700000000000000000e+01
4.000000000000000000e+00
-1.400000000000000000e+01
4.000000000000000000e+01
3.600000000000000000e+01
4.900000000000000000e+01
1.600000000000000000e+01
1.500000000000000000e+01
9.000000000000000000e+00
4.000000000000000000e+01
1.000000000000000000e+01
5.100000000000000000e+01
2.800000000000000000e+01
4.900000000000000000e+01
2.400000000000000000e+01
3.300000000000000000e+01
6.800000000000000000e+01
5.800000000000000000e+01
5.700000000000000000e+01
5.000000000000000000e+01
8.500000000000000000e+01
1.010000000000000000e+02
7.600000000000000000e+01
9.100000000000000000e+01
9.000000000000000000e+01
7.900000000000000000e+01
1.020000000000000000e+02
8.800000000000000000e+01
8.700000000000000000e+01
1.380000000000000000e+02
1.640000000000000000e+02
1.220000000000000000e+02
1.590000000000000000e+02
1.530000000000000000e+02
1.580000000000000000e+02
1.830000000000000000e+02
2.020000000000000000e+02
1.730000000000000000e+02
1.950000000000000000e+02
1.960000000000000000e+02
2.070000000000000000e+02
2.610000000000000000e+02
2.260000000000000000e+02
2.280000000000000000e+02
3.000000000000000000e+02
2.680000000000000000e+02
3.160000000000000000e+02
3.140000000000000000e+02
3.490000000000000000e+02
3.160000000000000000e+02
3.770000000000000000e+02
3.600000000000000000e+02
3.750000000000000000e+02
4.080000000000000000e+02
4.270000000000000000e+02
4.390000000000000000e+02
4.460000000000000000e+02
4.830000000000000000e+02
4.820000000000000000e+02
5.190000000000000000e+02
5.410000000000000000e+02
5.640000000000000000e+02
5.750000000000000000e+02
6.030000000000000000e+02
6.250000000000000000e+02
6.830000000000000000e+02
7.160000000000000000e+02
7.250000000000000000e+02
7.710000000000000000e+02
7.650000000000000000e+02
7.880000000000000000e+02
8.350000000000000000e+02
8.850000000000000000e+02
8.850000000000000000e+02
8.490000000000000000e+02
8.760000000000000000e+02
9.570000000000000000e+02
9.730000000000000000e+02
1.003000000000000000e+03
1.011000000000000000e+03
1.048000000000000000e+03
1.053000000000000000e+03
1.090000000000000000e+03
1.070000000000000000e+03
1.071000000000000000e+03
1.120000000000000000e+03
1.139000000000000000e+03
1.169000000000000000e+03
1.201000000000000000e+03
1.179000000000000000e+03
1.228000000000000000e+03
1.211000000000000000e+03
1.245000000000000000e+03
1.215000000000000000e+03
1.240000000000000000e+03
1.316000000000000000e+03
1.241000000000000000e+03
1.312000000000000000e+03
1.330000000000000000e+03
1.303000000000000000e+03
1.340000000000000000e+03
1.375000000000000000e+03
1.359000000000000000e+03
1.360000000000000000e+03
1.359000000000000000e+03
1.404000000000000000e+03
1.360000000000000000e+03
1.405000000000000000e+03
1.431000000000000000e+03
1.381000000000000000e+03
1.442000000000000000e+03
1.351000000000000000e+03
1.439000000000000000e+03
1.415000000000000000e+03
1.350000000000000000e+03
1.410000000000000000e+03
1.299000000000000000e+03
1.333000000000000000e+03
1.257000000000000000e+03
1.281000000000000000e+03
1.279000000000000000e+03
1.192000000000000000e+03
1.237000000000000000e+03
1.201000000000000000e+03
1.224000000000000000e+03
1.204000000000000000e+03
1.193000000000000000e+03
1.196000000000000000e+03
1.143000000000000000e+03
1.180000000000000000e+03
1.151000000000000000e+03
1.096000000000000000e+03
1.139000000000000000e+03
1.073000000000000000e+03
1.080000000000000000e+03
1.079000000000000000e+03
1.017000000000000000e+03
1.067000000000000000e+03
1.028000000000000000e+03
1.012000000000000000e+03
1.010000000000000000e+03
9.590000000000000000e+02
9.460000000000000000e+02
9.430000000000000000e+02
9.190000000000000000e+02
8.750000000000000000e+02
8.500000000000000000e+02
8.220000000000000000e+02
7.980000000000000000e+02
8.070000000000000000e+02
7.810000000000000000e+02
7.350000000000000000e+02
6.910000000000000000e+02
7.030000000000000000e+02
6.480000000000000000e+02
6.610000000000000000e+02
5.990000000000000000e+02
5.930000000000000000e+02
6.000000000000000000e+02
5.720000000000000000e+02
5.460000000000000000e+02
5.570000000000000000e+02
5.100000000000000000e+02
5.050000000000000000e+02
5.110000000000000000e+02
4.780000000000000000e+02
4.390000000000000000e+02
4.500000000000000000e+02
3.980000000000000000e+02
4.190000000000000000e+02
4.100000000000000000e+02
4.020000000000000000e+02
3.830000000000000000e+02
3.590000000000000000e+02
3.550000000000000000e+02
3.470000000000000000e+02
3.160000000000000000e+02
2.990000000000000000e+02
2.710000000000000000e+02
2.850000000000000000e+02
2.290000000000000000e+02
2.380000000000000000e+02
2.020000000000000000e+02
2.480000000000000000e+02
2.200000000000000000e+02
2.010000000000000000e+02
1.880000000000000000e+02
1.650000000000000000e+02
1.860000000000000000e+02
1.840000000000000000e+02
1.920000000000000000e+02
1.630000000000000000e+02
1.690000000000000000e+02
1.510000000000000000e+02
1.400000000000000000e+02
1.230000000000000000e+02
1.120000000000000000e+02
9.700000000000000000e+01
1.080000000000000000e+02
1.120000000000000000e+02
8.900000000000000000e+01
1.070000000000000000e+02
1.060000000000000000e+02
8.900000000000000000e+01
8.100000000000000000e+01
6.600000000000000000e+01
3.800000000000000000e+01
6.400000000000000000e+01
8.500000000000000000e+01
4.700000000000000000e+01
6.400000000000000000e+01
4.100000000000000000e+01
5.800000000000000000e+01
3.100000000000000000e+01
6.900000000000000000e+01
7.800000000000000000e+01
1.900000000000000000e+01
3.200000000000000000e+01
4.200000000000000000e+01
2.900000000000000000e+01
1.300000000000000000e+01
2.700000000000000000e+01
1.200000000000000000e+01
3.100000000000000000e+01
2.000000000000000000e+01
3.200000000000000000e+01
1.100000000000000000e+01
-8.000000000000000000e+00
1.400000000000000000e+01
8.000000000000000000e+00
6.000000000000000000e+00
2.600000000000000000e+01
2.900000000000000000e+01
-2.900000000000000000e+01
9.000000000000000000e+00
1.000000000000000000e+01
1.100000000000000000e+01
2.100000000000000000e+01
1.900000000000000000e+01
1.500000000000000000e+01
2.000000000000000000e+01
1.700000000000000000e+01
3.000000000000000000e+00
1.700000000000000000e+01
2.900000000000000000e+01
3.600000000000000000e+01
5.000000000000000000e+00
2.500000000000000000e+01
1.100000000000000000e+01
3.300000000000000000e+01
1.200000000000000000e+01
2.000000000000000000e+01
-7.000000000000000000e+00
2.400000000000000000e+01
-5.000000000000000000e+00
-3.100000000000000000e+01
2.200000000000000000e+01
-6.000000000000000000e+00
9.000000000000000000e+00
7.000000000000000000e+00
1.000000000000000000e+00
-5.000000000000000000e+00
2.700000000000000000e+01
-6.000000000000000000e+00
3.000000000000000000e+00
-1.000000000000000000e+01
1.700000000000000000e+01
0.000000000000000000e+00
5.000000000000000000e+00
7.000000000000000000e+00
-4.000000000000000000e+00
7.000000000000000000e+00
2.600000000000000000e+01
6.000000000000000000e+00
-3.000000000000000000e+00
1.200000000000000000e+01
1.200000000000000000e+01
-4.000000000000000000e+00
1.000000000000000000e+01
-4.000000000000000000e+00
1.400000000000000000e+01
-1.000000000000000000e+01
-9.000000000000000000e+00
-1.000000000000000000e+00
7.000000000000000000e+00
-4.000000000000000000e+00
3.000000000000000000e+00
-2.000000000000000000e+00
1.900000000000000000e+01
1.500000000000000000e+01
-1.800000000000000000e+01
-1.800000000000000000e+01
7.000000000000000000e+00
-2.400000000000000000e+01
3.000000000000000000e+00
-2.900000000000000000e+01
-3.000000000000000000e+00
3.000000000000000000e+00
0.000000000000000000e+00
-9.000000000000000000e+00
-1.000000000000000000e+00
-2.100000000000000000e+01
-1.700000000000000000e+01
-6.000000000000000000e+00
1.100000000000000000e+01
5.000000000000000000e+00
-1.400000000000000000e+01
-1.100000000000000000e+01
2.300000000000000000e+01
1.000000000000000000e+01
-8.000000000000000000e+00
-4.000000000000000000e+00
4.000000000000000000e+00
-5.000000000000000000e+00
