-4.000000000000000000e+00
0.000000000000000000e+00
-3.000000000000000000e+00
-3.000000000000000000e+00
-2.400000000000000000e+01
-4.200000000000000000e+01
-1.400000000000000000e+01
-9.000000000000000000e+00
-2.100000000000000000e+01
-2.200000000000000000e+01
-3.000000000000000000e+00
-1.200000000000000000e+01
6.000000000000000000e+00
-2.600000000000000000e+01
-2.000000000000000000e+01
-8.000000000000000000e+00
-1.800000000000000000e+01
-2.000000000000000000e+01
-2.300000000000000000e+01
-2.600000000000000000e+01
-3.700000000000000000e+01
-1.500000000000000000e+01
-8.000000000000000000e+00
-4.000000000000000000e+00
4.000000000000000000e+00
-1.800000000000000000e+01
-2.200000000000000000e+01
-1.000000000000000000e+01
-4.200000000000000000e+01
-1.300000000000000000e+01
-3.400000000000000000e+01
-2.600000000000000000e+01
-1.400000000000000000e+01
-2.100000000000000000e+01
-7.000000000000000000e+00
-1.900000000000000000e+01
-1.100000000000000000e+01
-1.500000000000000000e+01
8.000000000000000000e+00
-2.300000000000000000e+01
-6.000000000000000000e+00
2.000000000000000000e+00
-3.800000000000000000e+01
0.000000000000000000e+00
-5.000000000000000000e+00
-4.000000000000000000e+01
-1.300000000000000000e+01
-3.800000000000000000e+01
-1.900000000000000000e+01
-2.000000000000000000e+01
-1.000000000000000000e+01
-3.700000000000000000e+01
-1.800000000000000000e+01
-2.600000000000000000e+01
-1.800000000000000000e+01
-3.300000000000000000e+01
-2.500000000000000000e+01
-2.200000000000000000e+01
-1.800000000000000000e+01
-5.000000000000000000e+00
-2.900000000000000000e+01
-3.200000000000000000e+01
-2.600000000000000000e+01
-2.400000000000000000e+01
-5.000000000000000000e+00
1.100000000000000000e+01
-1.400000000000000000e+01
1.400000000000000000e+01
-3.400000000000000000e+01
-3.000000000000000000e+00
-6.000000000000000000e+00
-4.300000000000000000e+01
-1.300000000000000000e+01
-2.700000000000000000e+01
-3.900000000000000000e+01
-3.500000000000000000e+01
-3.000000000000000000e+00
-2.100000000000000000e+01
1.000000000000000000e+00
-4.400000000000000000e+01
-4.700000000000000000e+01
-2.100000000000000000e+01
-2.900000000000000000e+01
-6.000000000000000000e+00
-3.000000000000000000e+00
-3.900000000000000000e+01
-1.300000000000000000e+01
-2.300000000000000000e+01
-2.000000000000000000e+01
-1.900000000000000000e+01
-3.200000000000000000e+01
-3.000000000000000000e+01
-8.000000000000000000e+00
-2.200000000000000000e+01
-1.000000000000000000e+00
3.000000000000000000e+00
-1.400000000000000000e+01
-3.500000000000000000e+01
-5.000000000000000000e+01
1.000000000000000000e+00
-1.100000000000000000e+01
-1.700000000000000000e+01
-1.900000000000000000e+01
-6.000000000000000000e+00
3.000000000000000000e+00
-5.000000000000000000e+00
-1.400000000000000000e+01
-2.100000000000000000e+01
-2.900000000000000000e+01
-2.300000000000000000e+01
-1.100000000000000000e+01
-2.900000000000000000e+01
-3.800000000000000000e+01
-1.600000000000000000e+01
-2.300000000000000000e+01
-3.400000000000000000e+01
-1.500000000000000000e+01
-2.500000000000000000e+01
-1.200000000000000000e+01
-8.000000000000000000e+00
1.800000000000000000e+01
-8.000000000000000000e+00
-3.300000000000000000e+01
-2.500000000000000000e+01
3.000000000000000000e+01
4.000000000000000000e+00
-4.200000000000000000e+01
-1.300000000000000000e+01
-2.500000000000000000e+01
-6.000000000000000000e+00
-9.000000000000000000e+00
-2.600000000000000000e+01
-1.300000000000000000e+01
2.000000000000000000e+00
-1.600000000000000000e+01
-1.300000000000000000e+01
-2.400000000000000000e+01
-2.900000000000000000e+01
1.300000000000000000e+01
-3.200000000000000000e+01
-5.700000000000000000e+01
-5.400000000000000000e+01
-3.000000000000000000e+00
-3.800000000000000000e+01
-9.000000000000000000e+00
-1.400000000000000000e+01
-3.800000000000000000e+01
-3.000000000000000000e+00
-4.300000000000000000e+01
-1.200000000000000000e+01
-4.600000000000000000e+01
-2.000000000000000000e+01
-3.100000000000000000e+01
-1.300000000000000000e+01
-1.800000000000000000e+01
-3.800000000000000000e+01
-3.600000000000000000e+01
-3.100000000000000000e+01
-1.100000000000000000e+01
-1.900000000000000000e+01
-2.100000000000000000e+01
2.300000000000000000e+01
-1.200000000000000000e+01
-8.000000000000000000e+00
-3.500000000000000000e+01
1.000000000000000000e+00
-2.300000000000000000e+01
-2.800000000000000000e+01
-2.800000000000000000e+01
-9.000000000000000000e+00
-3.900000000000000000e+01
-5.000000000000000000e+00
-3.700000000000000000e+01
-1.600000000000000000e+01
-2.000000000000000000e+00
-2.000000000000000000e+00
-3.400000000000000000e+01
-1.700000000000000000e+01
3.000000000000000000e+00
-2.500000000000000000e+01
2.000000000000000000e+00
-2.000000000000000000e+01
-2.300000000000000000e+01
-6.000000000000000000e+00
-1.800000000000000000e+01
-6.200000000000000000e+01
-1.000000000000000000e+00
-3.100000000000000000e+01
-3.200000000000000000e+01
-1.200000000000000000e+01
7.000000000000000000e+00
-2.400000000000000000e+01
-3.000000000000000000e+00
-5.000000000000000000e+00
5.000000000000000000e+00
-1.100000000000000000e+01
-3.600000000000000000e+01
-3.200000000000000000e+01
-1.900000000000000000e+01
-9.000000000000000000e+00
-5.000000000000000000e+00
-2.600000000000000000e+01
-2.300000000000000000e+01
1.100000000000000000e+01
-2.500000000000000000e+01
-1.400000000000000000e+01
-2.700000000000000000e+01
-4.900000000000000000e+01
-1.800000000000000000e+01
-8.000000000000000000e+00
-8.000000000000000000e+00
-2.000000000000000000e+01
-2.300000000000000000e+01
-7.000000000000000000e+00
-1.900000000000000000e+01
-5.000000000000000000e+00
2.000000000000000000e+00
-3.000000000000000000e+00
-2.500000000000000000e+01
-1.200000000000000000e+01
-3.300000000000000000e+01
-8.000000000000000000e+00
-5.000000000000000000e+00
-3.400000000000000000e+01
-4.700000000000000000e+01
-3.400000000000000000e+01
-3.200000000000000000e+01
-2.500000000000000000e+01
-1.900000000000000000e+01
8.000000000000000000e+00
2.200000000000000000e+01
-3.600000000000000000e+01
4.000000000000000000e+00
-2.000000000000000000e+01
-1.200000000000000000e+01
-4.300000000000000000e+01
-1.700000000000000000e+01
9.000000000000000000e+00
-1.200000000000000000e+01
-3.200000000000000000e+01
-3.000000000000000000e+01
-5.500000000000000000e+01
-3.800000000000000000e+01
1.100000000000000000e+01
-4.500000000000000000e+01
-2.200000000000000000e+01
-2.600000000000000000e+01
-6.000000000000000000e+00
2.100000000000000000e+01
-2.500000000000000000e+01
-3.400000000000000000e+01
-5.000000000000000000e+00
7.000000000000000000e+00
-1.600000000000000000e+01
-2.000000000000000000e+01
-2.800000000000000000e+01
-7.000000000000000000e+00
-2.400000000000000000e+01
-4.200000000000000000e+01
1.000000000000000000e+01
-2.800000000000000000e+01
-2.900000000000000000e+01
-1.500000000000000000e+01
-3.000000000000000000e+01
-1.500000000000000000e+01
-1.300000000000000000e+01
-1.500000000000000000e+01
-2.900000000000000000e+01
-2.200000000000000000e+01
-2.600000000000000000e+01
0.000000000000000000e+00
-3.100000000000000000e+01
-1.000000000000000000e+00
1.100000000000000000e+01
-1.900000000000000000e+01
-1.700000000000000000e+01
-1.600000000000000000e+01
-2.100000000000000000e+01
-1.400000000000000000e+01
-2.600000000000000000e+01
-3.200000000000000000e+01
-1.000000000000000000e+00
-6.900000000000000000e+01
-1.600000000000000000e+01
-3.000000000000000000e+00
-3.500000000000000000e+01
-2.700000000000000000e+01
-2.500000000000000000e+01
-1.000000000000000000e+01
-2.400000000000000000e+01
3.000000000000000000e+00
-3.100000000000000000e+01
-2.300000000000000000e+01
-4.000000000000000000e+00
-1.600000000000000000e+01
1.500000000000000000e+01
-2.400000000000000000e+01
2.200000000000000000e+01
1.000000000000000000e+00
-3.100000000000000000e+01
-7.000000000000000000e+00
1.000000000000000000e+00
-1.400000000000000000e+01
-3.800000000000000000e+01
-2.200000000000000000e+01
-1.400000000000000000e+01
-4.200000000000000000e+01
-3.100000000000000000e+01
-2.500000000000000000e+01
-3.400000000000000000e+01
-2.400000000000000000e+01
-5.000000000000000000e+00
-4.000000000000000000e+00
-2.500000000000000000e+01
-2.800000000000000000e+01
-5.000000000000000000e+00
3.000000000000000000e+00
-3.400000000000000000e+01
-3.900000000000000000e+01
-2.600000000000000000e+01
-4.200000000000000000e+01
-2.400000000000000000e+01
-6.000000000000000000e+00
-9.000000000000000000e+00
-2.000000000000000000e+01
-3.400000000000000000e+01
-2.000000000000000000e+00
-1.900000000000000000e+01
-6.000000000000000000e+00
-2.800000000000000000e+01
-3.000000000000000000e+00
-2.700000000000000000e+01
-3.300000000000000000e+01
-2.000000000000000000e+01
-2.200000000000000000e+01
-1.400000000000000000e+01
-7.000000000000000000e+00
-3.300000000000000000e+01
-5.000000000000000000e+00
-1.100000000000000000e+01
-9.000000000000000000e+00
-1.600000000000000000e+01
-1.200000000000000000e+01
-3.600000000000000000e+01
-6.700000000000000000e+01
-1.800000000000000000e+01
-2.700000000000000000e+01
-1.300000000000000000e+01
-1.100000000000000000e+01
8.000000000000000000e+00
-1.000000000000000000e+01
-1.600000000000000000e+01
-1.900000000000000000e+01
-1.900000000000000000e+01
-2.700000000000000000e+01
-1.300000000000000000e+01
-2.800000000000000000e+01
-8.000000000000000000e+00
-2.800000000000000000e+01
-2.100000000000000000e+01
-4.300000000000000000e+01
-2.400000000000000000e+01
-1.000000000000000000e+00
-3.700000000000000000e+01
-1.500000000000000000e+01
-2.000000000000000000e+00
-1.400000000000000000e+01
8.000000000000000000e+00
-3.900000000000000000e+01
7.000000000000000000e+00
-1.300000000000000000e+01
-3.400000000000000000e+01
-1.100000000000000000e+01
-2.700000000000000000e+01
-2.700000000000000000e+01
-3.300000000000000000e+01
-4.900000000000000000e+01
-2.000000000000000000e+01
-2.500000000000000000e+01
-2.200000000000000000e+01
-5.300000000000000000e+01
-4.500000000000000000e+01
-2.400000000000000000e+01
-1.600000000000000000e+01
-1.800000000000000000e+01
-3.300000000000000000e+01
-3.700000000000000000e+01
0.000000000000000000e+00
-2.500000000000000000e+01
8.000000000000000000e+00
-1.500000000000000000e+01
-4.000000000000000000e+00
-2.500000000000000000e+01
-2.900000000000000000e+01
-6.300000000000000000e+01
-2.400000000000000000e+01
-1.000000000000000000e+00
-3.200000000000000000e+01
6.000000000000000000e+00
-1.500000000000000000e+01
-2.200000000000000000e+01
-3.000000000000000000e+01
0.000000000000000000e+00
1.100000000000000000e+01
-3.900000000000000000e+01
-4.200000000000000000e+01
-3.800000000000000000e+01
3.000000000000000000e+00
-3.600000000000000000e+01
-4.000000000000000000e+01
-7.000000000000000000e+00
-2.000000000000000000e+00
-1.500000000000000000e+01
-9.000000000000000000e+00
-1.200000000000000000e+01
-6.700000000000000000e+01
1.500000000000000000e+01
-3.600000000000000000e+01
-1.000000000000000000e+00
-4.300000000000000000e+01
-1.300000000000000000e+01
1.000000000000000000e+01
-8.000000000000000000e+00
1.600000000000000000e+01
-4.000000000000000000e+00
-2.900000000000000000e+01
-4.900000000000000000e+01
-4.000000000000000000e+00
6.000000000000000000e+00
-2.500000000000000000e+01
-2.500000000000000000e+01
-2.400000000000000000e+01
-3.200000000000000000e+01
-1.400000000000000000e+01
-8.000000000000000000e+00
-2.900000000000000000e+01
4.000000000000000000e+00
-7.000000000000000000e+00
1.400000000000000000e+01
-3.500000000000000000e+01
-1.000000000000000000e+01
-6.000000000000000000e+00
-1.400000000000000000e+01
-3.200000000000000000e+01
-3.800000000000000000e+01
-2.700000000000000000e+01
3.000000000000000000e+00
-3.300000000000000000e+01
-4.000000000000000000e+01
-3.300000000000000000e+01
-1.500000000000000000e+01
-4.000000000000000000e+01
-2.700000000000000000e+01
-1.500000000000000000e+01
-3.600000000000000000e+01
-4.300000000000000000e+01
-3.300000000000000000e+01
1.700000000000000000e+01
-3.600000000000000000e+01
-2.900000000000000000e+01
-1.300000000000000000e+01
-1.400000000000000000e+01
-1.300000000000000000e+01
-2.500000000000000000e+01
-7.000000000000000000e+00
-4.400000000000000000e+01
-2.100000000000000000e+01
-1.700000000000000000e+01
-2.000000000000000000e+01
0.000000000000000000e+00
-4.000000000000000000e+00
-3.400000000000000000e+01
7.700000000000000000e+01
-6.000000000000000000e+00
-1.300000000000000000e+01
-2.400000000000000000e+01
-2.800000000000000000e+01
-1.900000000000000000e+01
-1.300000000000000000e+01
-1.400000000000000000e+01
-3.600000000000000000e+01
-1.800000000000000000e+01
-8.000000000000000000e+00
-1.600000000000000000e+01
-1.800000000000000000e+01
-8.000000000000000000e+00
-3.000000000000000000e+00
-1.300000000000000000e+01
1.600000000000000000e+01
-9.000000000000000000e+00
-5.600000000000000000e+01
1.200000000000000000e+01
-4.200000000000000000e+01
-6.000000000000000000e+00
-9.000000000000000000e+00
-1.000000000000000000e+00
-4.100000000000000000e+01
-1.000000000000000000e+01
-1.500000000000000000e+01
-3.900000000000000000e+01
-1.000000000000000000e+01
-2.000000000000000000e+01
-1.400000000000000000e+01
1.400000000000000000e+01
1.500000000000000000e+01
-7.000000000000000000e+00
-7.000000000000000000e+00
-3.400000000000000000e+01
-1.700000000000000000e+01
-1.400000000000000000e+01
1.000000000000000000e+01
-1.100000000000000000e+01
-2.000000000000000000e+01
-2.100000000000000000e+01
-1.800000000000000000e+01
-1.000000000000000000e+01
-1.400000000000000000e+01
-8.000000000000000000e+00
-2.600000000000000000e+01
-2.400000000000000000e+01
-3.000000000000000000e+01
-9.000000000000000000e+00
1.100000000000000000e+01
-3.000000000000000000e+01
-1.600000000000000000e+01
-5.000000000000000000e+00
-2.400000000000000000e+01
2.400000000000000000e+01
-2.400000000000000000e+01
-1.000000000000000000e+01
-1.900000000000000000e+01
2.900000000000000000e+01
-1.100000000000000000e+01
8.000000000000000000e+00
2.200000000000000000e+01
-6.000000000000000000e+00
2.100000000000000000e+01
4.000000000000000000e+00
3.000000000000000000e+01
-1.900000000000000000e+01
-1.800000000000000000e+01
3.300000000000000000e+01
-3.000000000000000000e+00
1.000000000000000000e+00
1.000000000000000000e+01
-2.100000000000000000e+01
-1.600000000000000000e+01
-1.900000000000000000e+01
-1.300000000000000000e+01
-1.700000000000000000e+01
-1.000000000000000000e+00
-3.200000000000000000e+01
4.000000000000000000e+00
0.000000000000000000e+00
-1.100000000000000000e+01
-4.300000000000000000e+01
3.500000000000000000e+01
-1.400000000000000000e+01
-4.500000000000000000e+01
-1.700000000000000000e+01
-3.400000000000000000e+01
-3.200000000000000000e+01
-3.300000000000000000e+01
-1.500000000000000000e+01
-2.500000000000000000e+01
-2.000000000000000000e+01
1.400000000000000000e+01
-2.200000000000000000e+01
-1.300000000000000000e+01
-2.500000000000000000e+01
-2.000000000000000000e+00
0.000000000000000000e+00
1.000000000000000000e+00
-2.200000000000000000e+01
3.000000000000000000e+00
-3.900000000000000000e+01
-3.000000000000000000e+00
-1.000000000000000000e+01
0.000000000000000000e+00
-2.300000000000000000e+01
-2.000000000000000000e+01
-2.500000000000000000e+01
9.000000000000000000e+00
-4.800000000000000000e+01
-1.000000000000000000e+01
-3.600000000000000000e+01
-6.000000000000000000e+00
-4.800000000000000000e+01
-1.100000000000000000e+01
-6.000000000000000000e+00
-8.000000000000000000e+00
-1.700000000000000000e+01
-1.000000000000000000e+01
-2.800000000000000000e+01
1.000000000000000000e+00
2.000000000000000000e+00
-9.000000000000000000e+00
6.000000000000000000e+00
-2.300000000000000000e+01
-1.500000000000000000e+01
-1.800000000000000000e+01
-4.500000000000000000e+01
-5.000000000000000000e+00
-1.600000000000000000e+01
-1.500000000000000000e+01
-8.000000000000000000e+00
-3.500000000000000000e+01
-1.400000000000000000e+01
-4.000000000000000000e+00
-2.400000000000000000e+01
-1.400000000000000000e+01
0.000000000000000000e+00
5.000000000000000000e+00
-7.000000000000000000e+00
-1.200000000000000000e+01
-1.800000000000000000e+01
-6.000000000000000000e+00
1.200000000000000000e+01
-1.900000000000000000e+01
-2.000000000000000000e+00
9.000000000000000000e+00
1.200000000000000000e+01
-3.100000000000000000e+01
-8.000000000000000000e+00
-1.600000000000000000e+01
3.000000000000000000e+00
-1.700000000000000000e+01
-9.000000000000000000e+00
-9.000000000000000000e+00
-1.500000000000000000e+01
-5.000000000000000000e+01
-1.700000000000000000e+01
-3.400000000000000000e+01
1.000000000000000000e+00
-2.100000000000000000e+01
-5.900000000000000000e+01
-1.400000000000000000e+01
-9.000000000000000000e+00
-1.500000000000000000e+01
-3.300000000000000000e+01
-2.000000000000000000e+01
1.900000000000000000e+01
-3.700000000000000000e+01
-1.500000000000000000e+01
-2.800000000000000000e+01
1.100000000000000000e+01
9.000000000000000000e+00
-5.600000000000000000e+01
-4.000000000000000000e+00
-1.800000000000000000e+01
-2.600000000000000000e+01
1.000000000000000000e+00
-3.100000000000000000e+01
1.000000000000000000e+01
-4.600000000000000000e+01
-1.200000000000000000e+01
-2.200000000000000000e+01
-1.300000000000000000e+01
-4.000000000000000000e+01
-2.800000000000000000e+01
-2.300000000000000000e+01
-3.400000000000000000e+01
-1.300000000000000000e+01
6.000000000000000000e+00
-1.000000000000000000e+01
-3.900000000000000000e+01
-6.000000000000000000e+00
-2.400000000000000000e+01
-1.100000000000000000e+01
0.000000000000000000e+00
-1.500000000000000000e+01
-2.800000000000000000e+01
-1.400000000000000000e+01
9.000000000000000000e+00
0.000000000000000000e+00
5.000000000000000000e+00
-1.900000000000000000e+01
-7.000000000000000000e+00
-4.000000000000000000e+00
3.000000000000000000e+00
9.000000000000000000e+00
-3.000000000000000000e+01
1.700000000000000000e+01
9.000000000000000000e+00
0.000000000000000000e+00
-8.000000000000000000e+00
-7.000000000000000000e+00
-3.300000000000000000e+01
-2.400000000000000000e+01
-1.800000000000000000e+01
-1.900000000000000000e+01
-5.000000000000000000e+00
1.100000000000000000e+01
-3.400000000000000000e+01
-8.000000000000000000e+00
1.600000000000000000e+01
-1.300000000000000000e+01
-1.400000000000000000e+01
6.000000000000000000e+00
4.000000000000000000e+00
-1.400000000000000000e+01
-2.300000000000000000e+01
-2.200000000000000000e+01
-4.300000000000000000e+01
-2.200000000000000000e+01
-1.000000000000000000e+00
-3.800000000000000000e+01
7.000000000000000000e+00
-5.000000000000000000e+00
-1.000000000000000000e+00
-1.000000000000000000e+01
1.800000000000000000e+01
-3.000000000000000000e+01
-1.600000000000000000e+01
-1.200000000000000000e+01
-9.000000000000000000e+00
-1.400000000000000000e+01
-1.100000000000000000e+01
-3.000000000000000000e+01
-1.700000000000000000e+01
6.000000000000000000e+00
-1.200000000000000000e+01
-1.300000000000000000e+01
6.000000000000000000e+00
2.000000000000000000e+00
-4.000000000000000000e+00
6.000000000000000000e+00
-1.000000000000000000e+00
-9.000000000000000000e+00
1.100000000000000000e+01
1.800000000000000000e+01
-1.500000000000000000e+01
-7.000000000000000000e+00
-2.200000000000000000e+01
8.000000000000000000e+00
-3.700000000000000000e+01
2.000000000000000000e+01
-2.000000000000000000e+01
-1.200000000000000000e+01
4.000000000000000000e+00
-1.300000000000000000e+01
1.500000000000000000e+01
7.000000000000000000e+00
1.500000000000000000e+01
1.300000000000000000e+01
-1.900000000000000000e+01
1.300000000000000000e+01
2.000000000000000000e+00
-1.600000000000000000e+01
2.500000000000000000e+01
-1.200000000000000000e+01
-2.300000000000000000e+01
1.100000000000000000e+01
4.000000000000000000e+00
-3.000000000000000000e+00
-1.500000000000000000e+01
2.000000000000000000e+00
1.700000000000000000e+01
1.300000000000000000e+01
-1.700000000000000000e+01
-9.000000000000000000e+00
1.800000000000000000e+01
7.000000000000000000e+00
5.000000000000000000e+00
-2.800000000000000000e+01
-1.900000000000000000e+01
3.000000000000000000e+01
2.900000000000000000e+01
2.300000000000000000e+01
-1.800000000000000000e+01
-4.000000000000000000e+00
2.400000000000000000e+01
-1.000000000000000000e+01
-2.800000000000000000e+01
-4.400000000000000000e+01
-1.400000000000000000e+01
-2.100000000000000000e+01
-1.700000000000000000e+01
-2.000000000000000000e+00
1.000000000000000000e+01
3.100000000000000000e+01
1.300000000000000000e+01
1.000000000000000000e+01
1.900000000000000000e+01
-2.000000000000000000e+01
5.000000000000000000e+00
2.400000000000000000e+01
-2.600000000000000000e+01
2.600000000000000000e+01
-1.600000000000000000e+01
-3.200000000000000000e+01
-1.300000000000000000e+01
-6.000000000000000000e+00
-1.900000000000000000e+01
1.500000000000000000e+01
3.100000000000000000e+01
1.000000000000000000e+00
-2.600000000000000000e+01
1.200000000000000000e+01
8.000000000000000000e+00
-8.000000000000000000e+00
6.000000000000000000e+00
-1.400000000000000000e+01
1.000000000000000000e+01
1.300000000000000000e+01
-1.300000000000000000e+01
2.000000000000000000e+00
-3.000000000000000000e+00
-1.900000000000000000e+01
8.000000000000000000e+00
-1.300000000000000000e+01
-1.100000000000000000e+01
4.800000000000000000e+01
-3.000000000000000000e+00
3.100000000000000000e+01
-2.700000000000000000e+01
9.000000000000000000e+00
-1.600000000000000000e+01
9.000000000000000000e+00
3.000000000000000000e+01
-1.700000000000000000e+01
1.200000000000000000e+01
5.000000000000000000e+00
-1.900000000000000000e+01
2.400000000000000000e+01
1.400000000000000000e+01
-2.000000000000000000e+00
2.000000000000000000e+00
2.100000000000000000e+01
1.000000000000000000e+00
1.300000000000000000e+01
2.200000000000000000e+01
-9.000000000000000000e+00
2.000000000000000000e+01
2.200000000000000000e+01
-3.200000000000000000e+01
2.700000000000000000e+01
2.900000000000000000e+01
2.200000000000000000e+01
1.600000000000000000e+01
-2.000000000000000000e+00
-1.300000000000000000e+01
1.000000000000000000e+00
4.400000000000000000e+01
3.000000000000000000e+00
6.000000000000000000e+00
1.300000000000000000e+01
-1.000000000000000000e+01
4.000000000000000000e+01
8.000000000000000000e+00
-1.000000000000000000e+00
9.000000000000000000e+00
-7.000000000000000000e+00
-2.000000000000000000e+00
-1.000000000000000000e+00
-7.000000000000000000e+00
1.800000000000000000e+01
-3.000000000000000000e+00
2.000000000000000000e+00
9.000000000000000000e+00
1.900000000000000000e+01
3.000000000000000000e+00
2.500000000000000000e+01
-1.500000000000000000e+01
3.000000000000000000e+00
-6.000000000000000000e+00
-3.000000000000000000e+00
-1.600000000000000000e+01
7.000000000000000000e+00
-1.900000000000000000e+01
2.000000000000000000e+01
1.000000000000000000e+00
3.000000000000000000e+01
9.000000000000000000e+00
1.000000000000000000e+01
2.500000000000000000e+01
3.000000000000000000e+01
5.600000000000000000e+01
4.800000000000000000e+01
5.200000000000000000e+01
4.300000000000000000e+01
7.900000000000000000e+01
4.000000000000000000e+01
9.500000000000000000e+01
6.400000000000000000e+01
6.500000000000000000e+01
1.010000000000000000e+02
1.140000000000000000e+02
9.000000000000000000e+01
1.310000000000000000e+02
1.680000000000000000e+02
1.570000000000000000e+02
1.830000000000000000e+02
1.810000000000000000e+02
2.240000000000000000e+02
2.990000000000000000e+02
2.840000000000000000e+02
3.300000000000000000e+02
3.700000000000000000e+02
4.320000000000000000e+02
4.690000000000000000e+02
5.890000000000000000e+02
6.360000000000000000e+02
7.010000000000000000e+02
7.570000000000000000e+02
8.090000000000000000e+02
9.770000000000000000e+02
1.024000000000000000e+03
1.188000000000000000e+03
1.283000000000000000e+03
1.452000000000000000e+03
1.575000000000000000e+03
1.740000000000000000e+03
1.894000000000000000e+03
2.004000000000000000e+03
2.139000000000000000e+03
2.200000000000000000e+03
2.445000000000000000e+03
2.664000000000000000e+03
2.726000000000000000e+03
2.876000000000000000e+03
2.993000000000000000e+03
3.204000000000000000e+03
3.349000000000000000e+03
3.412000000000000000e+03
3.536000000000000000e+03
3.633000000000000000e+03
3.783000000000000000e+03
3.816000000000000000e+03
3.946000000000000000e+03
4.002000000000000000e+03
4.049000000000000000e+03
4.049000000000000000e+03
4.084000000000000000e+03
4.081000000000000000e+03
4.050000000000000000e+03
4.027000000000000000e+03
3.974000000000000000e+03
3.956000000000000000e+03
3.843000000000000000e+03
3.731000000000000000e+03
3.693000000000000000e+03
3.661000000000000000e+03
3.526000000000000000e+03
3.481000000000000000e+03
3.275000000000000000e+03
3.248000000000000000e+03
3.036000000000000000e+03
2.865000000000000000e+03
2.675000000000000000e+03
2.604000000000000000e+03
2.468000000000000000e+03
2.261000000000000000e+03
2.175000000000000000e+03
2.079000000000000000e+03
1.858000000000000000e+03
1.799000000000000000e+03
1.617000000000000000e+03
1.538000000000000000e+03
1.383000000000000000e+03
1.231000000000000000e+03
1.137000000000000000e+03
9.930000000000000000e+02
9.490000000000000000e+02
8.150000000000000000e+02
7.510000000000000000e+02
6.700000000000000000e+02
6.320000000000000000e+02
5.460000000000000000e+02
4.700000000000000000e+02
4.150000000000000000e+02
3.340000000000000000e+02
3.190000000000000000e+02
2.610000000000000000e+02
2.470000000000000000e+02
1.840000000000000000e+02
2.000000000000000000e+02
1.720000000000000000e+02
1.070000000000000000e+02
1.190000000000000000e+02
9.700000000000000000e+01
8.200000000000000000e+01
8.200000000000000000e+01
3.100000000000000000e+01
4.800000000000000000e+01
3.600000000000000000e+01
1.400000000000000000e+01
3.900000000000000000e+01
0.000000000000000000e+00
3.000000000000000000e+01
3.800000000000000000e+01
-3.400000000000000000e+01
-2.100000000000000000e+01
3.000000000000000000e+00
2.300000000000000000e+01
-3.000000000000000000e+00
-1.100000000000000000e+01
-1.300000000000000000e+01
-3.300000000000000000e+01
5.000000000000000000e+00
0.000000000000000000e+00
2.700000000000000000e+01
5.000000000000000000e+00
2.000000000000000000e+00
-3.000000000000000000e+00
2.200000000000000000e+01
-4.000000000000000000e+00
1.000000000000000000e+00
1.400000000000000000e+01
-3.000000000000000000e+00
6.000000000000000000e+00
7.000000000000000000e+00
1.800000000000000000e+01
7.000000000000000000e+00
1.000000000000000000e+01
-6.000000000000000000e+00
4.000000000000000000e+00
9.000000000000000000e+00
1.100000000000000000e+01
-1.600000000000000000e+01
-9.000000000000000000e+00
-3.000000000000000000e+00
-8.000000000000000000e+00
5.000000000000000000e+00
-2.000000000000000000e+01
-7.000000000000000000e+00
1.200000000000000000e+01
-1.800000000000000000e+01
5.000000000000000000e+00
-1.000000000000000000e+00
3.000000000000000000e+01
-1.200000000000000000e+01
-1.900000000000000000e+01
1.500000000000000000e+01
3.000000000000000000e+00
1.500000000000000000e+01
-1.000000000000000000e+01
-1.400000000000000000e+01
-8.000000000000000000e+00
-4.000000000000000000e+00
-1.000000000000000000e+01
-4.000000000000000000e+00
-2.000000000000000000e+00
1.300000000000000000e+01
-1.700000000000000000e+01
1.400000000000000000e+01
-2.500000000000000000e+01
-3.800000000000000000e+01
-2.200000000000000000e+01
7.000000000000000000e+00
-5.000000000000000000e+00
-4.000000000000000000e+00
1.800000000000000000e+01
7.000000000000000000e+00
2.100000000000000000e+01
-2.400000000000000000e+01
-2.700000000000000000e+01
-2.300000000000000000e+01
2.000000000000000000e+00
-8.000000000000000000e+00
-3.200000000000000000e+01
-1.000000000000000000e+01
1.000000000000000000e+00
-6.000000000000000000e+00
1.400000000000000000e+01
-2.000000000000000000e+01
8.000000000000000000e+00
1.600000000000000000e+01
7.000000000000000000e+00
-1.000000000000000000e+00
-2.000000000000000000e+01
-5.000000000000000000e+00
1.100000000000000000e+01
-6.000000000000000000e+00
-2.400000000000000000e+01
0.000000000000000000e+00
1.400000000000000000e+01
-2.100000000000000000e+01
-1.000000000000000000e+00
-2.200000000000000000e+01
-1.100000000000000000e+01
-8.000000000000000000e+00
-2.800000000000000000e+01
-1.200000000000000000e+01
2.900000000000000000e+01
1.000000000000000000e+01
-2.600000000000000000e+01
-7.000000000000000000e+00
-1.000000000000000000e+00
-1.000000000000000000e+01
-1.000000000000000000e+00
-1.300000000000000000e+01
3.000000000000000000e+00
-2.000000000000000000e+00
1.200000000000000000e+01
-2.000000000000000000e+00
-2.000000000000000000e+00
0.000000000000000000e+00
-7.000000000000000000e+00
1.500000000000000000e+01
1.500000000000000000e+01
-1.700000000000000000e+01
-3.900000000000000000e+01
-2.300000000000000000e+01
-4.000000000000000000e+00
-3.000000000000000000e+01
-4.000000000000000000e+00
7.000000000000000000e+00
-1.300000000000000000e+01
-1.500000000000000000e+01
1.600000000000000000e+01
-3.000000000000000000e+01
-1.000000000000000000e+00
-3.700000000000000000e+01
1.800000000000000000e+01
-8.000000000000000000e+00
-3.200000000000000000e+01
-3.100000000000000000e+01
-3.100000000000000000e+01
-2.200000000000000000e+01
-2.000000000000000000e+00
-1.600000000000000000e+01
-1.100000000000000000e+01
-2.700000000000000000e+01
1.200000000000000000e+01
1.200000000000000000e+01
2.400000000000000000e+01
1.700000000000000000e+01
1.600000000000000000e+01
4.000000000000000000e+00
-1.400000000000000000e+01
-2.100000000000000000e+01
-7.000000000000000000e+00
-1.400000000000000000e+01
1.100000000000000000e+01
2.800000000000000000e+01
-2.100000000000000000e+01
-5.000000000000000000e+00
-5.600000000000000000e+01
-2.500000000000000000e+01
-2.100000000000000000e+01
1.000000000000000000e+01
-1.200000000000000000e+01
-1.000000000000000000e+01
2.600000000000000000e+01
1.400000000000000000e+01
-1.100000000000000000e+01
-4.000000000000000000e+00
-5.000000000000000000e+00
8.000000000000000000e+00
-5.000000000000000000e+00
2.000000000000000000e+00
-6.000000000000000000e+00
6.000000000000000000e+00
-1.100000000000000000e+01
0.000000000000000000e+00
-8.000000000000000000e+00
-3.400000000000000000e+01
1.000000000000000000e+01
-3.900000000000000000e+01
3.000000000000000000e+00
-2.600000000000000000e+01
-1.000000000000000000e+00
-1.600000000000000000e+01
1.000000000000000000e+01
-8.000000000000000000e+00
-1.700000000000000000e+01
-1.100000000000000000e+01
-9.000000000000000000e+00
-1.000000000000000000e+00
-1.100000000000000000e+01
0.000000000000000000e+00
-3.700000000000000000e+01
-2.100000000000000000e+01
-1.500000000000000000e+01
-2.000000000000000000e+00
-3.000000000000000000e+00
-1.200000000000000000e+01
-4.000000000000000000e+01
-2.800000000000000000e+01
-1.400000000000000000e+01
-2.000000000000000000e+01
1.000000000000000000e+00
-2.800000000000000000e+01
2.400000000000000000e+01
-1.400000000000000000e+01
-1.000000000000000000e+01
-2.200000000000000000e+01
-2.900000000000000000e+01
1.000000000000000000e+00
-1.200000000000000000e+01
-1.700000000000000000e+01
-1.800000000000000000e+01
-1.300000000000000000e+01
-7.000000000000000000e+00
8.000000000000000000e+00
-1.400000000000000000e+01
2.200000000000000000e+01
-1.300000000000000000e+01
-1.200000000000000000e+01
-1.200000000000000000e+01
3.000000000000000000e+00
9.000000000000000000e+00
-9.000000000000000000e+00
5.000000000000000000e+00
-1.600000000000000000e+01
-2.900000000000000000e+01
9.000000000000000000e+00
-1.000000000000000000e+01
-3.700000000000000000e+01
-2.300000000000000000e+01
-3.000000000000000000e+01
-4.400000000000000000e+01
-7.000000000000000000e+00
-3.300000000000000000e+01
-2.100000000000000000e+01
-3.600000000000000000e+01
-1.800000000000000000e+01
-9.000000000000000000e+00
2.000000000000000000e+00
-2.000000000000000000e+00
1.900000000000000000e+01
-3.800000000000000000e+01
-4.000000000000000000e+00
-2.800000000000000000e+01
-4.100000000000000000e+01
-6.000000000000000000e+00
-2.400000000000000000e+01
1.500000000000000000e+01
-3.000000000000000000e+01
-2.800000000000000000e+01
-4.700000000000000000e+01
-2.200000000000000000e+01
-3.200000000000000000e+01
-3.300000000000000000e+01
-7.000000000000000000e+00
-1.300000000000000000e+01
3.000000000000000000e+01
-1.100000000000000000e+01
-2.000000000000000000e+00
-5.000000000000000000e+00
-2.100000000000000000e+01
-9.000000000000000000e+00
-1.400000000000000000e+01
-2.800000000000000000e+01
-2.000000000000000000e+00
-1.600000000000000000e+01
2.000000000000000000e+00
0.000000000000000000e+00
-4.600000000000000000e+01
-2.800000000000000000e+01
-1.300000000000000000e+01
-9.000000000000000000e+00
-2.300000000000000000e+01
4.000000000000000000e+00
1.700000000000000000e+01
3.000000000000000000e+00
-3.500000000000000000e+01
-2.700000000000000000e+01
-2.000000000000000000e+00
-2.000000000000000000e+01
-1.500000000000000000e+01
1.900000000000000000e+01
-1.100000000000000000e+01
-1.000000000000000000e+00
-1.800000000000000000e+01
-3.400000000000000000e+01
-7.000000000000000000e+00
-2.800000000000000000e+01
-7.000000000000000000e+00
-2.100000000000000000e+01
-1.100000000000000000e+01
4.000000000000000000e+00
-2.900000000000000000e+01
-4.200000000000000000e+01
-1.900000000000000000e+01
-2.000000000000000000e+01
-1.000000000000000000e+00
-1.000000000000000000e+00
-1.600000000000000000e+01
-1.000000000000000000e+00
-5.000000000000000000e+00
-1.000000000000000000e+00
1.900000000000000000e+01
-2.600000000000000000e+01
-5.000000000000000000e+00
-4.000000000000000000e+01
5.000000000000000000e+00
-2.700000000000000000e+01
1.000000000000000000e+01
-4.100000000000000000e+01
3.000000000000000000e+00
-1.900000000000000000e+01
0.000000000000000000e+00
-2.300000000000000000e+01
-9.000000000000000000e+00
-2.100000000000000000e+01
6.000000000000000000e+00
-5.000000000000000000e+00
2.000000000000000000e+01
1.600000000000000000e+01
5.000000000000000000e+00
-3.800000000000000000e+01
-4.000000000000000000e+00
-2.200000000000000000e+01
-3.300000000000000000e+01
1.000000000000000000e+00
-3.600000000000000000e+01
-1.000000000000000000e+01
-9.000000000000000000e+00
-1.600000000000000000e+01
2.200000000000000000e+01
-5.000000000000000000e+00
-1.800000000000000000e+01
-2.200000000000000000e+01
-3.500000000000000000e+01
-2.000000000000000000e+00
-1.900000000000000000e+01
-1.900000000000000000e+01
-1.200000000000000000e+01
3.000000000000000000e+00
9.000000000000000000e+00
-7.000000000000000000e+00
-3.000000000000000000e+01
-1.800000000000000000e+01
-3.700000000000000000e+01
-9.000000000000000000e+00
-9.000000000000000000e+00
4.000000000000000000e+00
-1.600000000000000000e+01
-3.000000000000000000e+00
-4.000000000000000000e+00
-3.000000000000000000e+01
1.000000000000000000e+00
-9.000000000000000000e+00
1.500000000000000000e+01
-2.300000000000000000e+01
4.000000000000000000e+00
1.000000000000000000e+01
-3.100000000000000000e+01
-1.000000000000000000e+01
-2.800000000000000000e+01
1.000000000000000000e+01
-1.000000000000000000e+00
-3.700000000000000000e+01
-6.600000000000000000e+01
-2.600000000000000000e+01
-3.500000000000000000e+01
-2.900000000000000000e+01
-3.000000000000000000e+00
6.000000000000000000e+00
-1.100000000000000000e+01
-1.800000000000000000e+01
1.600000000000000000e+01
-1.500000000000000000e+01
-1.600000000000000000e+01
-3.200000000000000000e+01
-3.600000000000000000e+01
-1.800000000000000000e+01
-3.800000000000000000e+01
-2.000000000000000000e+00
-1.300000000000000000e+01
-1.200000000000000000e+01
-2.700000000000000000e+01
-3.900000000000000000e+01
-2.900000000000000000e+01
-2.100000000000000000e+01
-2.400000000000000000e+01
-1.500000000000000000e+01
-2.600000000000000000e+01
-1.800000000000000000e+01
-2.200000000000000000e+01
-1.200000000000000000e+01
-9.000000000000000000e+00
-3.200000000000000000e+01
-2.200000000000000000e+01
-3.100000000000000000e+01
-4.000000000000000000e+01
-2.700000000000000000e+01
-4.700000000000000000e+01
-4.800000000000000000e+01
-1.500000000000000000e+01
-7.000000000000000000e+00
3.000000000000000000e+00
-7.000000000000000000e+00
-3.000000000000000000e+01
-3.100000000000000000e+01
-3.200000000000000000e+01
-1.200000000000000000e+01
-1.300000000000000000e+01
-1.900000000000000000e+01
-2.400000000000000000e+01
-5.000000000000000000e+00
-3.000000000000000000e+00
-2.000000000000000000e+01
-7.000000000000000000e+00
-3.100000000000000000e+01
-1.000000000000000000e+01
1.000000000000000000e+00
-1.300000000000000000e+01
-1.000000000000000000e+01
-2.900000000000000000e+01
-1.400000000000000000e+01
3.200000000000000000e+01
-2.300000000000000000e+01
-3.000000000000000000e+00
-8.000000000000000000e+00
-2.000000000000000000e+01
-1.000000000000000000e+01
-2.100000000000000000e+01
-9.000000000000000000e+00
-9.000000000000000000e+00
-3.000000000000000000e+00
-1.800000000000000000e+01
-7.000000000000000000e+00
-1.900000000000000000e+01
-3.800000000000000000e+01
-3.000000000000000000e+01
-2.600000000000000000e+01
-3.400000000000000000e+01
-1.100000000000000000e+01
-1.800000000000000000e+01
-3.400000000000000000e+01
-1.000000000000000000e+01
-3.200000000000000000e+01
-2.700000000000000000e+01
-4.000000000000000000e+01
-6.000000000000000000e+00
-3.000000000000000000e+00
-2.900000000000000000e+01
-2.300000000000000000e+01
-3.100000000000000000e+01
-1.700000000000000000e+01
-1.900000000000000000e+01
-1.900000000000000000e+01
-7.000000000000000000e+00
-3.200000000000000000e+01
-3.000000000000000000e+01
-2.000000000000000000e+01
-1.600000000000000000e+01
-3.400000000000000000e+01
-3.300000000000000000e+01
-1.300000000000000000e+01
-1.900000000000000000e+01
-7.000000000000000000e+00
1.000000000000000000e+01
9.000000000000000000e+00
-2.600000000000000000e+01
-1.300000000000000000e+01
-2.700000000000000000e+01
-3.100000000000000000e+01
-1.400000000000000000e+01
-3.200000000000000000e+01
-6.000000000000000000e+00
-1.100000000000000000e+01
-2.200000000000000000e+01
-7.000000000000000000e+00
-3.800000000000000000e+01
-3.300000000000000000e+01
7.000000000000000000e+00
9.000000000000000000e+00
-2.100000000000000000e+01
-1.300000000000000000e+01
3.000000000000000000e+00
-9.000000000000000000e+00
-3.600000000000000000e+01
-1.300000000000000000e+01
8.000000000000000000e+00
-2.800000000000000000e+01
-1.900000000000000000e+01
4.000000000000000000e+00
-3.000000000000000000e+01
-2.700000000000000000e+01
-2.100000000000000000e+01
6.000000000000000000e+00
0.000000000000000000e+00
-5.000000000000000000e+00
-2.400000000000000000e+01
3.000000000000000000e+00
-2.800000000000000000e+01
-2.300000000000000000e+01
-5.500000000000000000e+01
-1.100000000000000000e+01
-4.200000000000000000e+01
1.600000000000000000e+01
-4.000000000000000000e+01
-1.400000000000000000e+01
-2.200000000000000000e+01
-7.000000000000000000e+00
2.600000000000000000e+01
-2.100000000000000000e+01
-2.000000000000000000e+00
-2.200000000000000000e+01
-1.300000000000000000e+01
5.000000000000000000e+00
-2.100000000000000000e+01
-1.800000000000000000e+01
8.000000000000000000e+00
-4.000000000000000000e+01
3.000000000000000000e+00
-1.100000000000000000e+01
-2.200000000000000000e+01
-3.200000000000000000e+01
-1.300000000000000000e+01
3.000000000000000000e+00
-1.600000000000000000e+01
-2.100000000000000000e+01
5.000000000000000000e+00
0.000000000000000000e+00
-2.600000000000000000e+01
-4.000000000000000000e+01
-4.000000000000000000e+00
-4.000000000000000000e+00
3.000000000000000000e+00
-9.000000000000000000e+00
-2.400000000000000000e+01
-2.400000000000000000e+01
2.000000000000000000e+00
-1.200000000000000000e+01
-3.000000000000000000e+00
-2.400000000000000000e+01
-4.900000000000000000e+01
-1.900000000000000000e+01
-2.000000000000000000e+00
1.000000000000000000e+00
1.400000000000000000e+01
-9.000000000000000000e+00
-3.800000000000000000e+01
-1.000000000000000000e+00
-3.200000000000000000e+01
-6.000000000000000000e+00
-3.000000000000000000e+01
3.000000000000000000e+01
-3.800000000000000000e+01
-8.000000000000000000e+00
-1.000000000000000000e+01
-1.000000000000000000e+01
0.000000000000000000e+00
-1.200000000000000000e+01
1.700000000000000000e+01
-3.900000000000000000e+01
-1.200000000000000000e+01
-4.600000000000000000e+01
-6.000000000000000000e+00
-3.000000000000000000e+01
-3.700000000000000000e+01
-1.000000000000000000e+01
-4.300000000000000000e+01
-2.000000000000000000e+00
-3.300000000000000000e+01
-3.800000000000000000e+01
-7.000000000000000000e+00
-2.600000000000000000e+01
-3.000000000000000000e+00
-3.000000000000000000e+01
-1.400000000000000000e+01
3.000000000000000000e+00
1.500000000000000000e+01
-1.800000000000000000e+01
4.000000000000000000e+00
8.000000000000000000e+00
-3.400000000000000000e+01
-4.400000000000000000e+01
-2.800000000000000000e+01
-2.000000000000000000e+00
-1.800000000000000000e+01
-5.000000000000000000e+00
-3.900000000000000000e+01
4.000000000000000000e+00
1.100000000000000000e+01
-2.300000000000000000e+01
-1.000000000000000000e+01
0.000000000000000000e+00
-4.300000000000000000e+01
-2.100000000000000000e+01
-1.100000000000000000e+01
-1.500000000000000000e+01
0.000000000000000000e+00
-2.200000000000000000e+01
-1.000000000000000000e+00
-2.100000000000000000e+01
7.000000000000000000e+00
-3.800000000000000000e+01
-4.800000000000000000e+01
-4.200000000000000000e+01
-1.500000000000000000e+01
-2.100000000000000000e+01
-2.200000000000000000e+01
-1.400000000000000000e+01
-2.100000000000000000e+01
-1.300000000000000000e+01
-2.700000000000000000e+01
-4.800000000000000000e+01
-4.200000000000000000e+01
-1.100000000000000000e+01
-1.200000000000000000e+01
-1.900000000000000000e+01
-4.100000000000000000e+01
-1.400000000000000000e+01
4.000000000000000000e+00
-2.000000000000000000e+01
-8.000000000000000000e+00
-1.100000000000000000e+01
7.000000000000000000e+00
-1.000000000000000000e+00
1.000000000000000000e+00
-1.400000000000000000e+01
1.000000000000000000e+01
-3.500000000000000000e+01
-3.500000000000000000e+01
-1.500000000000000000e+01
-3.100000000000000000e+01
1.200000000000000000e+01
-2.200000000000000000e+01
-1.200000000000000000e+01
-7.000000000000000000e+00
-2.300000000000000000e+01
-3.500000000000000000e+01
-4.000000000000000000e+00
-2.900000000000000000e+01
-2.000000000000000000e+00
-3.100000000000000000e+01
-1.000000000000000000e+01
-5.400000000000000000e+01
-5.000000000000000000e+01
-3.000000000000000000e+00
-2.000000000000000000e+00
-4.000000000000000000e+00
-4.800000000000000000e+01
-5.000000000000000000e+00
-8.000000000000000000e+00
8.000000000000000000e+00
-3.800000000000000000e+01
-2.100000000000000000e+01
-2.700000000000000000e+01
-2.800000000000000000e+01
-1.200000000000000000e+01
-3.600000000000000000e+01
-2.900000000000000000e+01
-1.600000000000000000e+01
8.000000000000000000e+00
-6.000000000000000000e+00
-2.400000000000000000e+01
-1.600000000000000000e+01
-1.800000000000000000e+01
-1.300000000000000000e+01
1.100000000000000000e+01
1.000000000000000000e+00
-3.500000000000000000e+01
-3.700000000000000000e+01
-1.100000000000000000e+01
-1.800000000000000000e+01
-8.000000000000000000e+00
-1.800000000000000000e+01
-2.000000000000000000e+01
-1.000000000000000000e+01
-1.600000000000000000e+01
-1.500000000000000000e+01
-1.000000000000000000e+01
5.000000000000000000e+00
-3.600000000000000000e+01
-5.000000000000000000e+00
-1.900000000000000000e+01
-1.000000000000000000e+00
-9.000000000000000000e+00
-1.100000000000000000e+01
9.000000000000000000e+00
-7.000000000000000000e+00
-2.600000000000000000e+01
-7.000000000000000000e+00
-2.300000000000000000e+01
-2.400000000000000000e+01
-3.900000000000000000e+01
-3.300000000000000000e+01
-2.500000000000000000e+01
1.400000000000000000e+01
-6.000000000000000000e+00
-2.300000000000000000e+01
-2.800000000000000000e+01
-1.900000000000000000e+01
-3.300000000000000000e+01
-1.100000000000000000e+01
-2.600000000000000000e+01
-4.100000000000000000e+01
-4.000000000000000000e+00
-4.500000000000000000e+01
-2.300000000000000000e+01
-3.200000000000000000e+01
-2.700000000000000000e+01
-1.400000000000000000e+01
-1.200000000000000000e+01
-1.000000000000000000e+01
-3.000000000000000000e+00
-1.600000000000000000e+01
-1.500000000000000000e+01
-1.500000000000000000e+01
-8.000000000000000000e+00
-3.000000000000000000e+00
-2.600000000000000000e+01
2.500000000000000000e+01
-3.200000000000000000e+01
-2.000000000000000000e+00
-1.800000000000000000e+01
-1.100000000000000000e+01
6.000000000000000000e+00
-3.800000000000000000e+01
-1.000000000000000000e+00
-1.000000000000000000e+01
-7.000000000000000000e+00
-8.000000000000000000e+00
-1.000000000000000000e+01
-1.000000000000000000e+01
-5.000000000000000000e+00
-1.500000000000000000e+01
-3.900000000000000000e+01
-7.000000000000000000e+00
4.000000000000000000e+00
7.000000000000000000e+00
-1.400000000000000000e+01
-1.000000000000000000e+00
-1.400000000000000000e+01
-2.300000000000000000e+01
-1.000000000000000000e+01
-1.600000000000000000e+01
-1.800000000000000000e+01
-1.500000000000000000e+01
-2.000000000000000000e+00
-2.800000000000000000e+01
1.500000000000000000e+01
1.600000000000000000e+01
-9.000000000000000000e+00
-1.000000000000000000e+00
-1.500000000000000000e+01
-1.400000000000000000e+01
-2.000000000000000000e+00
-3.900000000000000000e+01
-7.000000000000000000e+00
-3.000000000000000000e+00
6.000000000000000000e+00
-1.600000000000000000e+01
1.000000000000000000e+00
-2.900000000000000000e+01
1.600000000000000000e+01
1.900000000000000000e+01
-2.600000000000000000e+01
-9.000000000000000000e+00
-1.000000000000000000e+00
2.100000000000000000e+01
7.000000000000000000e+00
-2.000000000000000000e+01
9.000000000000000000e+00
-3.000000000000000000e+00
-1.600000000000000000e+01
-6.000000000000000000e+00
-2.500000000000000000e+01
3.000000000000000000e+01
1.500000000000000000e+01
1.000000000000000000e+01
1.000000000000000000e+00
-3.000000000000000000e+00
2.500000000000000000e+01
2.400000000000000000e+01
2.100000000000000000e+01
5.600000000000000000e+01
7.000000000000000000e+00
2.200000000000000000e+01
3.500000000000000000e+01
-5.000000000000000000e+00
4.100000000000000000e+01
2.800000000000000000e+01
3.000000000000000000e+00
3.900000000000000000e+01
4.300000000000000000e+01
6.000000000000000000e+01
4.200000000000000000e+01
5.600000000000000000e+01
8.300000000000000000e+01
6.100000000000000000e+01
5.000000000000000000e+01
6.100000000000000000e+01
1.100000000000000000e+02
8.400000000000000000e+01
1.100000000000000000e+02
8.700000000000000000e+01
8.500000000000000000e+01
1.400000000000000000e+02
8.200000000000000000e+01
1.330000000000000000e+02
1.120000000000000000e+02
1.330000000000000000e+02
1.460000000000000000e+02
1.550000000000000000e+02
1.590000000000000000e+02
1.930000000000000000e+02
2.150000000000000000e+02
2.180000000000000000e+02
2.320000000000000000e+02
2.320000000000000000e+02
2.370000000000000000e+02
2.830000000000000000e+02
2.710000000000000000e+02
2.950000000000000000e+02
3.200000000000000000e+02
3.480000000000000000e+02
3.210000000000000000e+02
3.560000000000000000e+02
3.940000000000000000e+02
3.850000000000000000e+02
3.930000000000000000e+02
4.190000000000000000e+02
4.980000000000000000e+02
4.420000000000000000e+02
4.170000000000000000e+02
4.860000000000000000e+02
5.050000000000000000e+02
5.450000000000000000e+02
5.960000000000000000e+02
6.070000000000000000e+02
6.090000000000000000e+02
6.390000000000000000e+02
6.660000000000000000e+02
6.840000000000000000e+02
7.160000000000000000e+02
7.410000000000000000e+02
7.610000000000000000e+02
8.150000000000000000e+02
8.210000000000000000e+02
8.370000000000000000e+02
8.800000000000000000e+02
8.440000000000000000e+02
8.890000000000000000e+02
9.210000000000000000e+02
9.300000000000000000e+02
9.710000000000000000e+02
9.720000000000000000e+02
1.011000000000000000e+03
1.028000000000000000e+03
1.053000000000000000e+03
1.101000000000000000e+03
1.080000000000000000e+03
1.097000000000000000e+03
1.110000000000000000e+03
1.151000000000000000e+03
1.145000000000000000e+03
1.159000000000000000e+03
1.198000000000000000e+03
1.167000000000000000e+03
1.234000000000000000e+03
1.218000000000000000e+03
1.264000000000000000e+03
1.247000000000000000e+03
1.299000000000000000e+03
1.249000000000000000e+03
1.268000000000000000e+03
1.304000000000000000e+03
1.300000000000000000e+03
1.348000000000000000e+03
1.329000000000000000e+03
1.380000000000000000e+03
1.312000000000000000e+03
1.380000000000000000e+03
1.387000000000000000e+03
1.414000000000000000e+03
1.367000000000000000e+03
1.388000000000000000e+03
1.366000000000000000e+03
1.345000000000000000e+03
1.363000000000000000e+03
1.369000000000000000e+03
1.324000000000000000e+03
1.344000000000000000e+03
1.291000000000000000e+03
1.283000000000000000e+03
1.231000000000000000e+03
1.217000000000000000e+03
1.224000000000000000e+03
1.182000000000000000e+03
1.230000000000000000e+03
1.225000000000000000e+03
1.187000000000000000e+03
1.190000000000000000e+03
1.148000000000000000e+03
1.151000000000000000e+03
1.157000000000000000e+03
1.137000000000000000e+03
1.138000000000000000e+03
1.089000000000000000e+03
1.107000000000000000e+03
1.093000000000000000e+03
1.101000000000000000e+03
1.072000000000000000e+03
1.070000000000000000e+03
1.033000000000000000e+03
1.042000000000000000e+03
1.004000000000000000e+03
9.610000000000000000e+02
9.260000000000000000e+02
9.350000000000000000e+02
8.860000000000000000e+02
8.640000000000000000e+02
8.220000000000000000e+02
8.390000000000000000e+02
8.050000000000000000e+02
7.940000000000000000e+02
7.490000000000000000e+02
7.780000000000000000e+02
6.970000000000000000e+02
7.240000000000000000e+02
6.950000000000000000e+02
7.160000000000000000e+02
6.460000000000000000e+02
6.250000000000000000e+02
5.980000000000000000e+02
6.090000000000000000e+02
5.720000000000000000e+02
5.700000000000000000e+02
5.180000000000000000e+02
4.960000000000000000e+02
5.090000000000000000e+02
4.530000000000000000e+02
4.920000000000000000e+02
4.490000000000000000e+02
4.730000000000000000e+02
4.120000000000000000e+02
4.110000000000000000e+02
4.100000000000000000e+02
4.050000000000000000e+02
3.980000000000000000e+02
3.570000000000000000e+02
3.240000000000000000e+02
3.170000000000000000e+02
3.170000000000000000e+02
3.270000000000000000e+02
2.540000000000000000e+02
2.630000000000000000e+02
2.630000000000000000e+02
2.600000000000000000e+02
2.430000000000000000e+02
2.330000000000000000e+02
2.260000000000000000e+02
2.160000000000000000e+02
1.860000000000000000e+02
1.900000000000000000e+02
1.900000000000000000e+02
1.640000000000000000e+02
1.340000000000000000e+02
1.570000000000000000e+02
1.440000000000000000e+02
1.450000000000000000e+02
1.450000000000000000e+02
1.230000000000000000e+02
1.260000000000000000e+02
1.100000000000000000e+02
1.140000000000000000e+02
8.600000000000000000e+01
8.500000000000000000e+01
8.200000000000000000e+01
7.500000000000000000e+01
6.900000000000000000e+01
6.400000000000000000e+01
7.200000000000000000e+01
1.110000000000000000e+02
4.300000000000000000e+01
7.000000000000000000e+01
3.700000000000000000e+01
7.400000000000000000e+01
6.000000000000000000e+01
6.600000000000000000e+01
3.900000000000000000e+01
3.600000000000000000e+01
6.400000000000000000e+01
3.800000000000000000e+01
1.300000000000000000e+01
1.100000000000000000e+01
4.300000000000000000e+01
2.400000000000000000e+01
4.200000000000000000e+01
5.300000000000000000e+01
9.000000000000000000e+00
9.000000000000000000e+00
3.100000000000000000e+01
9.000000000000000000e+00
9.000000000000000000e+00
3.300000000000000000e+01
1.500000000000000000e+01
2.000000000000000000e+00
3.400000000000000000e+01
-1.400000000000000000e+01
1.300000000000000000e+01
-7.000000000000000000e+00
-2.500000000000000000e+01
2.600000000000000000e+01
-2.000000000000000000e+00
3.100000000000000000e+01
6.000000000000000000e+00
-1.200000000000000000e+01
-2.500000000000000000e+01
-1.500000000000000000e+01
-2.000000000000000000e+01
-1.300000000000000000e+01
-1.600000000000000000e+01
-2.000000000000000000e+01
-1.300000000000000000e+01
-2.800000000000000000e+01
-7.000000000000000000e+00
0.000000000000000000e+00
-1.900000000000000000e+01
-1.700000000000000000e+01
0.000000000000000000e+00
1.000000000000000000e+01
-3.700000000000000000e+01
-2.000000000000000000e+01
-2.200000000000000000e+01
-1.400000000000000000e+01
0.000000000000000000e+00
-1.300000000000000000e+01
1.600000000000000000e+01
-2.100000000000000000e+01
-2.000000000000000000e+00
-1.000000000000000000e+01
-2.900000000000000000e+01
-1.200000000000000000e+01
-5.000000000000000000e+00
-1.800000000000000000e+01
-1.500000000000000000e+01
-2.100000000000000000e+01
2.000000000000000000e+00
-3.000000000000000000e+00
-4.200000000000000000e+01
-3.200000000000000000e+01
2.000000000000000000e+00
-3.600000000000000000e+01
-1.200000000000000000e+01
-3.500000000000000000e+01
-2.100000000000000000e+01
-2.400000000000000000e+01
-2.000000000000000000e+00
-1.500000000000000000e+01
-5.000000000000000000e+00
-5.000000000000000000e+00
-1.100000000000000000e+01
6.000000000000000000e+00
2.000000000000000000e+00
-1.200000000000000000e+01
-1.000000000000000000e+01
8.000000000000000000e+00
0.000000000000000000e+00
-1.600000000000000000e+01
2.000000000000000000e+00
7.200000000000000000e+01
-8.000000000000000000e+00
-7.000000000000000000e+00
-2.700000000000000000e+01
-2.400000000000000000e+01
-1.600000000000000000e+01
-2.400000000000000000e+01
-6.000000000000000000e+00
-3.000000000000000000e+00
0.000000000000000000e+00
-4.000000000000000000e+00
-1.200000000000000000e+01
-1.400000000000000000e+01
-1.200000000000000000e+01
-3.000000000000000000e+00
-7.000000000000000000e+00
6.000000000000000000e+00
-5.000000000000000000e+00
1.000000000000000000e+00
