1.000000000000000000e+00
-1.000000000000000000e+00
-1.000000000000000000e+00
-1.000000000000000000e+00
-3.100000000000000000e+01
3.000000000000000000e+00
-8.000000000000000000e+00
9.000000000000000000e+00
-1.000000000000000000e+00
-2.900000000000000000e+01
6.000000000000000000e+00
1.400000000000000000e+01
-3.300000000000000000e+01
-1.000000000000000000e+00
1.000000000000000000e+01
-1.200000000000000000e+01
1.100000000000000000e+01
-2.900000000000000000e+01
1.400000000000000000e+01
5.000000000000000000e+00
-7.000000000000000000e+00
1.900000000000000000e+01
-4.000000000000000000e+00
1.700000000000000000e+01
-3.300000000000000000e+01
-1.100000000000000000e+01
-4.000000000000000000e+00
1.100000000000000000e+01
6.000000000000000000e+00
-1.100000000000000000e+01
-3.700000000000000000e+01
1.200000000000000000e+01
2.300000000000000000e+01
-9.000000000000000000e+00
0.000000000000000000e+00
-2.000000000000000000e+00
-1.000000000000000000e+00
-4.000000000000000000e+00
-7.000000000000000000e+00
2.200000000000000000e+01
2.000000000000000000e+00
1.400000000000000000e+01
-1.000000000000000000e+01
-5.000000000000000000e+00
1.300000000000000000e+01
-3.700000000000000000e+01
1.000000000000000000e+01
-1.500000000000000000e+01
3.300000000000000000e+01
2.700000000000000000e+01
1.400000000000000000e+01
-7.000000000000000000e+00
-4.400000000000000000e+01
0.000000000000000000e+00
-2.400000000000000000e+01
2.000000000000000000e+00
1.000000000000000000e+00
9.000000000000000000e+00
1.000000000000000000e+01
-9.000000000000000000e+00
8.000000000000000000e+00
-4.000000000000000000e+00
-9.000000000000000000e+00
-1.200000000000000000e+01
4.000000000000000000e+00
-8.000000000000000000e+00
1.900000000000000000e+01
1.400000000000000000e+01
-9.000000000000000000e+00
2.500000000000000000e+01
1.100000000000000000e+01
2.000000000000000000e+01
5.000000000000000000e+00
-2.000000000000000000e+00
-6.000000000000000000e+00
-2.000000000000000000e+00
1.600000000000000000e+01
1.100000000000000000e+01
-1.000000000000000000e+00
-3.000000000000000000e+00
1.400000000000000000e+01
-1.500000000000000000e+01
-2.100000000000000000e+01
-3.000000000000000000e+00
-2.000000000000000000e+01
-4.100000000000000000e+01
-4.000000000000000000e+00
9.000000000000000000e+00
-4.000000000000000000e+00
9.000000000000000000e+00
2.300000000000000000e+01
6.000000000000000000e+00
-7.000000000000000000e+00
1.000000000000000000e+00
-1.400000000000000000e+01
1.500000000000000000e+01
7.000000000000000000e+00
1.000000000000000000e+00
7.000000000000000000e+00
7.000000000000000000e+00
-8.000000000000000000e+00
-7.000000000000000000e+00
1.700000000000000000e+01
-3.200000000000000000e+01
-3.000000000000000000e+01
-1.000000000000000000e+00
-1.400000000000000000e+01
1.600000000000000000e+01
-4.000000000000000000e+00
4.000000000000000000e+00
2.000000000000000000e+00
-8.000000000000000000e+00
2.000000000000000000e+00
4.000000000000000000e+00
-9.000000000000000000e+00
1.100000000000000000e+01
-8.000000000000000000e+00
1.100000000000000000e+01
-9.000000000000000000e+00
-2.200000000000000000e+01
-1.500000000000000000e+01
1.900000000000000000e+01
2.400000000000000000e+01
-8.000000000000000000e+00
-3.300000000000000000e+01
-3.000000000000000000e+01
-1.000000000000000000e+00
3.000000000000000000e+00
-1.400000000000000000e+01
3.400000000000000000e+01
1.400000000000000000e+01
5.000000000000000000e+00
6.000000000000000000e+00
3.700000000000000000e+01
-1.100000000000000000e+01
2.300000000000000000e+01
-1.100000000000000000e+01
1.000000000000000000e+01
-6.000000000000000000e+00
7.000000000000000000e+00
-3.000000000000000000e+00
1.000000000000000000e+00
-1.100000000000000000e+01
1.000000000000000000e+00
8.000000000000000000e+00
4.000000000000000000e+00
-2.200000000000000000e+01
8.000000000000000000e+00
2.800000000000000000e+01
4.000000000000000000e+00
1.100000000000000000e+01
-1.000000000000000000e+01
-5.000000000000000000e+00
1.200000000000000000e+01
1.000000000000000000e+01
-2.500000000000000000e+01
-1.700000000000000000e+01
1.400000000000000000e+01
-8.000000000000000000e+00
2.300000000000000000e+01
-5.000000000000000000e+00
7.000000000000000000e+00
1.000000000000000000e+01
-1.200000000000000000e+01
4.000000000000000000e+00
-1.000000000000000000e+01
-1.800000000000000000e+01
-6.000000000000000000e+00
-3.800000000000000000e+01
-1.300000000000000000e+01
2.900000000000000000e+01
-3.000000000000000000e+00
4.000000000000000000e+00
1.500000000000000000e+01
2.000000000000000000e+00
-2.900000000000000000e+01
-1.500000000000000000e+01
-5.000000000000000000e+00
5.000000000000000000e+00
1.800000000000000000e+01
3.000000000000000000e+00
2.000000000000000000e+00
2.400000000000000000e+01
5.000000000000000000e+00
-9.000000000000000000e+00
0.000000000000000000e+00
-7.000000000000000000e+00
3.000000000000000000e+00
-1.100000000000000000e+01
1.600000000000000000e+01
-1.100000000000000000e+01
-2.500000000000000000e+01
1.100000000000000000e+01
-3.400000000000000000e+01
-1.900000000000000000e+01
-1.900000000000000000e+01
0.000000000000000000e+00
2.500000000000000000e+01
2.100000000000000000e+01
3.000000000000000000e+01
-2.400000000000000000e+01
-9.000000000000000000e+00
-4.800000000000000000e+01
-7.000000000000000000e+00
-2.600000000000000000e+01
1.600000000000000000e+01
1.000000000000000000e+00
-2.500000000000000000e+01
1.400000000000000000e+01
-3.000000000000000000e+00
0.000000000000000000e+00
-7.000000000000000000e+00
0.000000000000000000e+00
2.100000000000000000e+01
1.200000000000000000e+01
1.000000000000000000e+00
-1.500000000000000000e+01
-1.800000000000000000e+01
-1.400000000000000000e+01
-3.600000000000000000e+01
-1.800000000000000000e+01
0.000000000000000000e+00
8.000000000000000000e+00
7.000000000000000000e+00
4.000000000000000000e+00
-2.200000000000000000e+01
-3.000000000000000000e+00
3.000000000000000000e+00
5.000000000000000000e+00
1.100000000000000000e+01
-1.600000000000000000e+01
-2.600000000000000000e+01
1.800000000000000000e+01
-7.000000000000000000e+00
-4.000000000000000000e+00
4.000000000000000000e+00
6.000000000000000000e+00
-5.000000000000000000e+00
-3.500000000000000000e+01
1.500000000000000000e+01
-5.000000000000000000e+00
-2.400000000000000000e+01
1.400000000000000000e+01
-1.200000000000000000e+01
-3.400000000000000000e+01
6.000000000000000000e+00
-3.000000000000000000e+01
-2.000000000000000000e+01
1.600000000000000000e+01
-2.000000000000000000e+01
5.000000000000000000e+00
2.000000000000000000e+00
-1.300000000000000000e+01
-7.000000000000000000e+00
-1.000000000000000000e+01
1.900000000000000000e+01
-5.000000000000000000e+00
-7.000000000000000000e+00
-2.600000000000000000e+01
2.000000000000000000e+00
-1.000000000000000000e+00
-3.300000000000000000e+01
8.000000000000000000e+00
-4.000000000000000000e+00
8.000000000000000000e+00
5.000000000000000000e+00
-1.500000000000000000e+01
2.000000000000000000e+00
-3.000000000000000000e+00
-4.300000000000000000e+01
3.000000000000000000e+00
1.200000000000000000e+01
-2.000000000000000000e+01
-1.700000000000000000e+01
5.000000000000000000e+00
-9.000000000000000000e+00
5.000000000000000000e+00
0.000000000000000000e+00
-1.800000000000000000e+01
7.000000000000000000e+00
2.000000000000000000e+00
-1.400000000000000000e+01
-6.000000000000000000e+00
-1.800000000000000000e+01
5.000000000000000000e+00
5.500000000000000000e+01
2.000000000000000000e+00
1.700000000000000000e+01
1.400000000000000000e+01
-1.500000000000000000e+01
2.700000000000000000e+01
-1.300000000000000000e+01
-7.000000000000000000e+00
-1.800000000000000000e+01
-2.500000000000000000e+01
-1.800000000000000000e+01
8.000000000000000000e+00
2.900000000000000000e+01
1.500000000000000000e+01
-2.000000000000000000e+01
1.100000000000000000e+01
2.000000000000000000e+01
-2.400000000000000000e+01
-1.300000000000000000e+01
1.800000000000000000e+01
2.500000000000000000e+01
-5.000000000000000000e+00
1.800000000000000000e+01
6.000000000000000000e+00
2.000000000000000000e+00
-1.600000000000000000e+01
-1.500000000000000000e+01
-1.400000000000000000e+01
-2.300000000000000000e+01
-2.600000000000000000e+01
-8.000000000000000000e+00
6.000000000000000000e+00
6.000000000000000000e+00
2.100000000000000000e+01
0.000000000000000000e+00
8.000000000000000000e+00
-1.900000000000000000e+01
2.200000000000000000e+01
3.000000000000000000e+00
1.900000000000000000e+01
1.900000000000000000e+01
-6.000000000000000000e+00
-1.400000000000000000e+01
1.800000000000000000e+01
3.000000000000000000e+00
-1.400000000000000000e+01
-7.000000000000000000e+00
-2.000000000000000000e+01
-1.900000000000000000e+01
1.000000000000000000e+01
-2.000000000000000000e+01
-2.400000000000000000e+01
2.300000000000000000e+01
-1.000000000000000000e+01
5.000000000000000000e+00
1.100000000000000000e+01
-5.000000000000000000e+00
1.100000000000000000e+01
-3.000000000000000000e+00
-1.300000000000000000e+01
-3.300000000000000000e+01
-1.200000000000000000e+01
-5.000000000000000000e+00
6.000000000000000000e+00
-1.400000000000000000e+01
7.000000000000000000e+00
1.000000000000000000e+00
-1.600000000000000000e+01
7.000000000000000000e+00
1.000000000000000000e+00
-2.000000000000000000e+01
-1.500000000000000000e+01
2.300000000000000000e+01
3.400000000000000000e+01
-1.000000000000000000e+01
4.300000000000000000e+01
-1.000000000000000000e+01
-1.000000000000000000e+00
1.300000000000000000e+01
-3.700000000000000000e+01
-1.500000000000000000e+01
-1.600000000000000000e+01
1.500000000000000000e+01
-9.000000000000000000e+00
-1.400000000000000000e+01
7.000000000000000000e+00
3.300000000000000000e+01
-2.600000000000000000e+01
-9.000000000000000000e+00
1.100000000000000000e+01
-8.000000000000000000e+00
0.000000000000000000e+00
-2.000000000000000000e+00
2.000000000000000000e+01
-1.000000000000000000e+01
-1.000000000000000000e+00
1.100000000000000000e+01
9.000000000000000000e+00
-3.000000000000000000e+01
-2.000000000000000000e+00
2.000000000000000000e+00
1.800000000000000000e+01
3.600000000000000000e+01
1.900000000000000000e+01
5.000000000000000000e+00
9.000000000000000000e+00
2.200000000000000000e+01
1.900000000000000000e+01
2.100000000000000000e+01
3.400000000000000000e+01
-1.100000000000000000e+01
-1.400000000000000000e+01
3.500000000000000000e+01
2.000000000000000000e+01
-2.000000000000000000e+00
1.000000000000000000e+01
-4.000000000000000000e+00
1.700000000000000000e+01
6.000000000000000000e+00
0.000000000000000000e+00
-2.300000000000000000e+01
-8.000000000000000000e+00
-4.000000000000000000e+00
0.000000000000000000e+00
2.600000000000000000e+01
-9.000000000000000000e+00
-2.900000000000000000e+01
2.000000000000000000e+00
-2.700000000000000000e+01
2.200000000000000000e+01
-2.500000000000000000e+01
1.400000000000000000e+01
-3.200000000000000000e+01
-1.200000000000000000e+01
-7.000000000000000000e+00
1.700000000000000000e+01
9.000000000000000000e+00
1.300000000000000000e+01
2.000000000000000000e+00
1.800000000000000000e+01
0.000000000000000000e+00
-1.100000000000000000e+01
1.600000000000000000e+01
4.000000000000000000e+01
1.000000000000000000e+01
1.200000000000000000e+01
2.000000000000000000e+00
3.300000000000000000e+01
-2.200000000000000000e+01
-1.100000000000000000e+01
-3.000000000000000000e+01
-1.400000000000000000e+01
-4.000000000000000000e+00
-3.100000000000000000e+01
2.000000000000000000e+00
9.000000000000000000e+00
9.000000000000000000e+00
1.000000000000000000e+01
-6.000000000000000000e+00
1.000000000000000000e+00
-2.200000000000000000e+01
1.500000000000000000e+01
9.000000000000000000e+00
2.000000000000000000e+00
2.000000000000000000e+00
-1.000000000000000000e+01
-2.000000000000000000e+00
-1.800000000000000000e+01
7.000000000000000000e+00
-7.000000000000000000e+00
0.000000000000000000e+00
2.500000000000000000e+01
1.600000000000000000e+01
1.100000000000000000e+01
1.100000000000000000e+01
1.000000000000000000e+01
5.500000000000000000e+01
2.300000000000000000e+01
2.000000000000000000e+01
-1.100000000000000000e+01
1.200000000000000000e+01
-1.800000000000000000e+01
7.000000000000000000e+00
-1.800000000000000000e+01
-1.600000000000000000e+01
-4.000000000000000000e+00
3.000000000000000000e+00
2.600000000000000000e+01
6.000000000000000000e+00
-3.900000000000000000e+01
-1.200000000000000000e+01
-1.300000000000000000e+01
9.000000000000000000e+00
-5.000000000000000000e+00
8.000000000000000000e+00
-5.000000000000000000e+00
1.000000000000000000e+00
-2.300000000000000000e+01
-1.000000000000000000e+01
-8.000000000000000000e+00
8.000000000000000000e+00
-8.000000000000000000e+00
1.600000000000000000e+01
4.000000000000000000e+00
-6.000000000000000000e+00
-1.000000000000000000e+00
-2.100000000000000000e+01
0.000000000000000000e+00
-1.600000000000000000e+01
9.000000000000000000e+00
-3.800000000000000000e+01
1.300000000000000000e+01
-2.000000000000000000e+00
2.000000000000000000e+01
0.000000000000000000e+00
-6.000000000000000000e+00
-9.000000000000000000e+00
1.000000000000000000e+00
-2.000000000000000000e+00
-2.000000000000000000e+01
3.000000000000000000e+00
-8.000000000000000000e+00
-1.400000000000000000e+01
2.700000000000000000e+01
1.400000000000000000e+01
-5.000000000000000000e+00
9.000000000000000000e+00
-2.400000000000000000e+01
-1.600000000000000000e+01
6.000000000000000000e+00
5.000000000000000000e+00
1.300000000000000000e+01
9.000000000000000000e+00
3.000000000000000000e+00
1.600000000000000000e+01
1.100000000000000000e+01
-1.000000000000000000e+00
8.000000000000000000e+00
-1.300000000000000000e+01
-2.000000000000000000e+00
2.500000000000000000e+01
1.700000000000000000e+01
5.000000000000000000e+00
-9.000000000000000000e+00
2.900000000000000000e+01
-2.200000000000000000e+01
3.000000000000000000e+01
2.300000000000000000e+01
4.900000000000000000e+01
-1.900000000000000000e+01
2.800000000000000000e+01
1.600000000000000000e+01
1.400000000000000000e+01
2.600000000000000000e+01
1.100000000000000000e+01
1.000000000000000000e+01
2.500000000000000000e+01
-1.600000000000000000e+01
0.000000000000000000e+00
-3.000000000000000000e+00
3.600000000000000000e+01
-3.200000000000000000e+01
1.000000000000000000e+01
1.100000000000000000e+01
8.000000000000000000e+00
-8.000000000000000000e+00
2.000000000000000000e+00
1.200000000000000000e+01
-6.000000000000000000e+00
2.000000000000000000e+00
1.000000000000000000e+01
-1.100000000000000000e+01
1.600000000000000000e+01
1.100000000000000000e+01
-1.000000000000000000e+00
-3.500000000000000000e+01
-9.000000000000000000e+00
-2.000000000000000000e+00
-1.600000000000000000e+01
0.000000000000000000e+00
-5.000000000000000000e+00
-1.000000000000000000e+00
-2.800000000000000000e+01
-1.300000000000000000e+01
2.800000000000000000e+01
-1.800000000000000000e+01
2.000000000000000000e+00
3.000000000000000000e+00
8.000000000000000000e+00
-2.000000000000000000e+00
5.000000000000000000e+00
3.100000000000000000e+01
2.400000000000000000e+01
-8.000000000000000000e+00
2.400000000000000000e+01
1.100000000000000000e+01
1.200000000000000000e+01
-6.000000000000000000e+00
1.000000000000000000e+00
8.000000000000000000e+00
-1.200000000000000000e+01
9.000000000000000000e+00
1.100000000000000000e+01
-1.300000000000000000e+01
6.000000000000000000e+00
-4.000000000000000000e+00
4.000000000000000000e+00
1.400000000000000000e+01
6.000000000000000000e+00
4.000000000000000000e+00
-1.600000000000000000e+01
1.100000000000000000e+01
-1.400000000000000000e+01
1.000000000000000000e+00
-1.900000000000000000e+01
5.000000000000000000e+00
-4.000000000000000000e+01
3.000000000000000000e+00
-3.100000000000000000e+01
0.000000000000000000e+00
-6.000000000000000000e+00
2.000000000000000000e+01
-1.700000000000000000e+01
-2.500000000000000000e+01
-3.000000000000000000e+00
-9.000000000000000000e+00
-1.700000000000000000e+01
2.000000000000000000e+01
5.000000000000000000e+00
-2.000000000000000000e+00
3.000000000000000000e+00
-1.200000000000000000e+01
-2.000000000000000000e+00
1.300000000000000000e+01
1.600000000000000000e+01
2.000000000000000000e+01
1.800000000000000000e+01
1.000000000000000000e+00
3.500000000000000000e+01
5.000000000000000000e+00
9.000000000000000000e+00
3.200000000000000000e+01
-1.000000000000000000e+01
1.000000000000000000e+00
-1.600000000000000000e+01
-6.000000000000000000e+00
-1.000000000000000000e+01
1.600000000000000000e+01
-5.000000000000000000e+00
3.000000000000000000e+00
3.500000000000000000e+01
-4.000000000000000000e+00
-4.000000000000000000e+00
-3.100000000000000000e+01
2.800000000000000000e+01
-1.900000000000000000e+01
9.000000000000000000e+00
4.200000000000000000e+01
2.000000000000000000e+01
3.000000000000000000e+01
1.100000000000000000e+01
-3.100000000000000000e+01
2.100000000000000000e+01
-5.000000000000000000e+00
4.400000000000000000e+01
-2.000000000000000000e+00
0.000000000000000000e+00
7.000000000000000000e+00
-1.700000000000000000e+01
2.700000000000000000e+01
8.000000000000000000e+00
4.000000000000000000e+00
5.500000000000000000e+01
2.800000000000000000e+01
1.600000000000000000e+01
4.800000000000000000e+01
1.200000000000000000e+01
-9.000000000000000000e+00
1.300000000000000000e+01
-2.000000000000000000e+01
3.000000000000000000e+01
5.000000000000000000e+00
1.400000000000000000e+01
3.300000000000000000e+01
-8.000000000000000000e+00
6.000000000000000000e+00
1.000000000000000000e+01
9.000000000000000000e+00
9.000000000000000000e+00
8.000000000000000000e+00
3.000000000000000000e+01
1.200000000000000000e+01
9.000000000000000000e+00
1.100000000000000000e+01
1.000000000000000000e+00
-1.700000000000000000e+01
1.000000000000000000e+00
2.900000000000000000e+01
2.000000000000000000e+01
0.000000000000000000e+00
4.000000000000000000e+00
2.000000000000000000e+01
1.400000000000000000e+01
3.600000000000000000e+01
0.000000000000000000e+00
5.000000000000000000e+00
-1.500000000000000000e+01
-4.000000000000000000e+00
1.500000000000000000e+01
8.000000000000000000e+00
5.000000000000000000e+00
2.500000000000000000e+01
-8.000000000000000000e+00
1.400000000000000000e+01
1.000000000000000000e+00
4.000000000000000000e+00
3.300000000000000000e+01
1.300000000000000000e+01
-1.000000000000000000e+01
2.600000000000000000e+01
1.600000000000000000e+01
7.000000000000000000e+00
1.700000000000000000e+01
1.300000000000000000e+01
1.500000000000000000e+01
-1.600000000000000000e+01
2.200000000000000000e+01
2.200000000000000000e+01
1.700000000000000000e+01
1.800000000000000000e+01
2.600000000000000000e+01
-1.100000000000000000e+01
1.800000000000000000e+01
2.100000000000000000e+01
4.000000000000000000e+00
-2.200000000000000000e+01
-4.000000000000000000e+00
-8.000000000000000000e+00
7.000000000000000000e+00
5.000000000000000000e+00
2.000000000000000000e+01
-1.800000000000000000e+01
2.000000000000000000e+00
2.000000000000000000e+00
5.000000000000000000e+00
-3.000000000000000000e+00
-2.000000000000000000e+00
-1.400000000000000000e+01
3.700000000000000000e+01
1.300000000000000000e+01
1.000000000000000000e+00
5.500000000000000000e+01
5.000000000000000000e+00
-2.000000000000000000e+00
2.000000000000000000e+01
3.800000000000000000e+01
1.300000000000000000e+01
2.600000000000000000e+01
0.000000000000000000e+00
1.800000000000000000e+01
4.000000000000000000e+00
-8.000000000000000000e+00
3.400000000000000000e+01
3.000000000000000000e+01
1.300000000000000000e+01
5.000000000000000000e+00
2.500000000000000000e+01
3.500000000000000000e+01
3.300000000000000000e+01
3.800000000000000000e+01
5.000000000000000000e+00
3.800000000000000000e+01
7.000000000000000000e+00
2.600000000000000000e+01
2.500000000000000000e+01
1.600000000000000000e+01
-1.800000000000000000e+01
4.500000000000000000e+01
1.200000000000000000e+01
1.100000000000000000e+01
6.000000000000000000e+00
6.300000000000000000e+01
1.000000000000000000e+01
1.900000000000000000e+01
1.100000000000000000e+01
2.600000000000000000e+01
3.300000000000000000e+01
2.000000000000000000e+01
3.100000000000000000e+01
1.100000000000000000e+01
-1.000000000000000000e+01
4.300000000000000000e+01
1.300000000000000000e+01
1.600000000000000000e+01
1.800000000000000000e+01
2.000000000000000000e+00
3.100000000000000000e+01
2.200000000000000000e+01
8.000000000000000000e+00
4.000000000000000000e+01
-3.000000000000000000e+00
0.000000000000000000e+00
3.700000000000000000e+01
1.200000000000000000e+01
1.200000000000000000e+01
-3.000000000000000000e+00
1.000000000000000000e+01
2.500000000000000000e+01
3.000000000000000000e+01
2.100000000000000000e+01
-8.000000000000000000e+00
3.000000000000000000e+01
7.000000000000000000e+00
1.000000000000000000e+00
4.000000000000000000e+00
6.000000000000000000e+00
2.000000000000000000e+01
0.000000000000000000e+00
1.300000000000000000e+01
1.000000000000000000e+00
1.600000000000000000e+01
3.000000000000000000e+00
2.200000000000000000e+01
3.200000000000000000e+01
-1.100000000000000000e+01
-4.000000000000000000e+00
2.600000000000000000e+01
-1.600000000000000000e+01
1.500000000000000000e+01
7.000000000000000000e+00
2.700000000000000000e+01
2.500000000000000000e+01
-1.100000000000000000e+01
1.000000000000000000e+01
4.400000000000000000e+01
1.900000000000000000e+01
1.200000000000000000e+01
-8.000000000000000000e+00
2.600000000000000000e+01
4.400000000000000000e+01
6.000000000000000000e+00
-4.000000000000000000e+00
2.200000000000000000e+01
3.000000000000000000e+01
3.100000000000000000e+01
1.700000000000000000e+01
1.100000000000000000e+01
8.000000000000000000e+00
2.100000000000000000e+01
1.500000000000000000e+01
1.400000000000000000e+01
5.200000000000000000e+01
7.000000000000000000e+00
-1.000000000000000000e+01
2.700000000000000000e+01
5.000000000000000000e+01
2.900000000000000000e+01
2.900000000000000000e+01
3.000000000000000000e+01
1.900000000000000000e+01
4.700000000000000000e+01
6.000000000000000000e+00
4.500000000000000000e+01
2.400000000000000000e+01
3.500000000000000000e+01
-1.200000000000000000e+01
2.500000000000000000e+01
2.000000000000000000e+01
2.100000000000000000e+01
3.800000000000000000e+01
-8.000000000000000000e+00
2.600000000000000000e+01
1.700000000000000000e+01
1.300000000000000000e+01
4.100000000000000000e+01
4.500000000000000000e+01
2.900000000000000000e+01
4.700000000000000000e+01
2.200000000000000000e+01
2.900000000000000000e+01
4.100000000000000000e+01
-1.000000000000000000e+01
1.300000000000000000e+01
3.500000000000000000e+01
2.600000000000000000e+01
3.700000000000000000e+01
2.100000000000000000e+01
6.700000000000000000e+01
5.400000000000000000e+01
4.800000000000000000e+01
3.900000000000000000e+01
6.000000000000000000e+01
4.100000000000000000e+01
4.100000000000000000e+01
7.500000000000000000e+01
5.300000000000000000e+01
5.800000000000000000e+01
9.600000000000000000e+01
1.010000000000000000e+02
1.180000000000000000e+02
7.100000000000000000e+01
1.250000000000000000e+02
1.550000000000000000e+02
1.480000000000000000e+02
1.370000000000000000e+02
1.640000000000000000e+02
2.090000000000000000e+02
2.260000000000000000e+02
2.360000000000000000e+02
2.760000000000000000e+02
3.110000000000000000e+02
2.930000000000000000e+02
4.090000000000000000e+02
4.580000000000000000e+02
5.170000000000000000e+02
5.620000000000000000e+02
6.250000000000000000e+02
7.030000000000000000e+02
8.010000000000000000e+02
8.800000000000000000e+02
9.600000000000000000e+02
1.095000000000000000e+03
1.170000000000000000e+03
1.341000000000000000e+03
1.459000000000000000e+03
1.560000000000000000e+03
1.733000000000000000e+03
1.907000000000000000e+03
2.043000000000000000e+03
2.204000000000000000e+03
2.348000000000000000e+03
2.470000000000000000e+03
2.599000000000000000e+03
2.741000000000000000e+03
2.995000000000000000e+03
3.154000000000000000e+03
3.347000000000000000e+03
3.506000000000000000e+03
3.579000000000000000e+03
3.712000000000000000e+03
3.874000000000000000e+03
3.991000000000000000e+03
4.089000000000000000e+03
4.127000000000000000e+03
4.289000000000000000e+03
4.319000000000000000e+03
4.326000000000000000e+03
4.322000000000000000e+03
4.427000000000000000e+03
4.428000000000000000e+03
4.388000000000000000e+03
4.381000000000000000e+03
4.318000000000000000e+03
4.288000000000000000e+03
4.150000000000000000e+03
4.094000000000000000e+03
4.020000000000000000e+03
3.904000000000000000e+03
3.767000000000000000e+03
3.651000000000000000e+03
3.556000000000000000e+03
3.338000000000000000e+03
3.299000000000000000e+03
3.083000000000000000e+03
2.890000000000000000e+03
2.773000000000000000e+03
2.584000000000000000e+03
2.432000000000000000e+03
2.286000000000000000e+03
2.169000000000000000e+03
2.048000000000000000e+03
1.833000000000000000e+03
1.719000000000000000e+03
1.566000000000000000e+03
1.441000000000000000e+03
1.351000000000000000e+03
1.219000000000000000e+03
1.088000000000000000e+03
9.710000000000000000e+02
9.120000000000000000e+02
7.680000000000000000e+02
7.180000000000000000e+02
6.310000000000000000e+02
5.760000000000000000e+02
4.890000000000000000e+02
4.250000000000000000e+02
4.270000000000000000e+02
3.400000000000000000e+02
2.830000000000000000e+02
2.750000000000000000e+02
2.310000000000000000e+02
2.140000000000000000e+02
1.540000000000000000e+02
1.740000000000000000e+02
1.200000000000000000e+02
1.050000000000000000e+02
1.040000000000000000e+02
7.100000000000000000e+01
5.600000000000000000e+01
9.200000000000000000e+01
5.600000000000000000e+01
3.300000000000000000e+01
2.100000000000000000e+01
4.300000000000000000e+01
4.600000000000000000e+01
3.100000000000000000e+01
4.000000000000000000e+00
2.600000000000000000e+01
0.000000000000000000e+00
1.500000000000000000e+01
2.000000000000000000e+01
3.900000000000000000e+01
6.400000000000000000e+01
1.100000000000000000e+01
3.600000000000000000e+01
-6.000000000000000000e+00
3.700000000000000000e+01
1.500000000000000000e+01
4.900000000000000000e+01
1.500000000000000000e+01
1.800000000000000000e+01
2.500000000000000000e+01
1.200000000000000000e+01
-1.900000000000000000e+01
3.100000000000000000e+01
2.800000000000000000e+01
2.700000000000000000e+01
3.300000000000000000e+01
4.000000000000000000e+00
7.000000000000000000e+00
3.100000000000000000e+01
2.100000000000000000e+01
-1.300000000000000000e+01
-2.100000000000000000e+01
-4.000000000000000000e+00
1.900000000000000000e+01
2.200000000000000000e+01
3.000000000000000000e+00
1.800000000000000000e+01
1.900000000000000000e+01
-1.000000000000000000e+00
7.000000000000000000e+00
-2.000000000000000000e+00
-1.000000000000000000e+00
1.900000000000000000e+01
-8.000000000000000000e+00
4.000000000000000000e+01
1.400000000000000000e+01
1.700000000000000000e+01
1.600000000000000000e+01
1.000000000000000000e+00
6.000000000000000000e+00
-4.000000000000000000e+00
5.000000000000000000e+00
2.900000000000000000e+01
3.200000000000000000e+01
4.300000000000000000e+01
-5.000000000000000000e+00
3.200000000000000000e+01
2.800000000000000000e+01
-4.000000000000000000e+00
1.200000000000000000e+01
9.000000000000000000e+00
-1.000000000000000000e+00
2.700000000000000000e+01
1.600000000000000000e+01
3.500000000000000000e+01
2.700000000000000000e+01
3.200000000000000000e+01
-9.000000000000000000e+00
2.500000000000000000e+01
3.700000000000000000e+01
1.100000000000000000e+01
1.200000000000000000e+01
7.000000000000000000e+00
9.000000000000000000e+00
1.400000000000000000e+01
3.000000000000000000e+00
5.000000000000000000e+00
2.600000000000000000e+01
3.200000000000000000e+01
2.000000000000000000e+01
9.000000000000000000e+00
8.000000000000000000e+00
2.400000000000000000e+01
4.700000000000000000e+01
1.800000000000000000e+01
-1.300000000000000000e+01
2.000000000000000000e+01
-4.000000000000000000e+00
1.100000000000000000e+01
-1.600000000000000000e+01
-6.000000000000000000e+00
2.900000000000000000e+01
-7.000000000000000000e+00
1.700000000000000000e+01
-2.900000000000000000e+01
6.000000000000000000e+00
-1.800000000000000000e+01
2.000000000000000000e+01
1.700000000000000000e+01
-7.000000000000000000e+00
4.000000000000000000e+00
5.000000000000000000e+00
7.000000000000000000e+00
8.000000000000000000e+00
-7.000000000000000000e+00
-1.100000000000000000e+01
-7.000000000000000000e+00
1.500000000000000000e+01
9.000000000000000000e+00
1.600000000000000000e+01
1.500000000000000000e+01
1.800000000000000000e+01
1.000000000000000000e+00
-3.000000000000000000e+00
1.300000000000000000e+01
1.400000000000000000e+01
1.800000000000000000e+01
0.000000000000000000e+00
-3.000000000000000000e+00
-1.600000000000000000e+01
1.000000000000000000e+01
2.000000000000000000e+01
1.800000000000000000e+01
2.500000000000000000e+01
0.000000000000000000e+00
1.700000000000000000e+01
2.800000000000000000e+01
2.700000000000000000e+01
4.000000000000000000e+00
2.200000000000000000e+01
2.200000000000000000e+01
3.400000000000000000e+01
0.000000000000000000e+00
3.600000000000000000e+01
-1.000000000000000000e+00
4.000000000000000000e+00
1.800000000000000000e+01
2.500000000000000000e+01
1.800000000000000000e+01
1.100000000000000000e+01
8.000000000000000000e+00
1.100000000000000000e+01
-8.000000000000000000e+00
2.300000000000000000e+01
1.700000000000000000e+01
1.000000000000000000e+01
2.600000000000000000e+01
1.000000000000000000e+01
4.000000000000000000e+00
-2.000000000000000000e+00
-2.000000000000000000e+00
2.500000000000000000e+01
-5.000000000000000000e+00
-3.000000000000000000e+00
-1.500000000000000000e+01
6.000000000000000000e+00
1.500000000000000000e+01
1.800000000000000000e+01
2.000000000000000000e+01
-1.300000000000000000e+01
4.000000000000000000e+00
3.000000000000000000e+01
-2.000000000000000000e+00
1.800000000000000000e+01
2.000000000000000000e+01
9.000000000000000000e+00
1.800000000000000000e+01
2.700000000000000000e+01
-3.000000000000000000e+01
-2.000000000000000000e+00
9.000000000000000000e+00
8.000000000000000000e+00
3.000000000000000000e+00
3.700000000000000000e+01
2.700000000000000000e+01
-5.000000000000000000e+00
9.000000000000000000e+00
-1.800000000000000000e+01
1.300000000000000000e+01
1.000000000000000000e+01
3.800000000000000000e+01
-1.000000000000000000e+00
2.000000000000000000e+01
1.300000000000000000e+01
-5.000000000000000000e+00
1.300000000000000000e+01
-1.000000000000000000e+01
-2.100000000000000000e+01
-1.800000000000000000e+01
1.200000000000000000e+01
7.000000000000000000e+00
1.900000000000000000e+01
-1.100000000000000000e+01
1.500000000000000000e+01
-1.000000000000000000e+00
1.300000000000000000e+01
1.000000000000000000e+00
-2.200000000000000000e+01
1.600000000000000000e+01
0.000000000000000000e+00
-2.300000000000000000e+01
3.000000000000000000e+00
1.000000000000000000e+00
-8.000000000000000000e+00
-2.500000000000000000e+01
-8.000000000000000000e+00
-6.000000000000000000e+00
1.900000000000000000e+01
1.200000000000000000e+01
2.200000000000000000e+01
1.000000000000000000e+01
5.000000000000000000e+00
-2.300000000000000000e+01
3.000000000000000000e+00
2.100000000000000000e+01
2.100000000000000000e+01
1.900000000000000000e+01
1.000000000000000000e+00
-2.300000000000000000e+01
2.000000000000000000e+00
2.200000000000000000e+01
9.000000000000000000e+00
1.600000000000000000e+01
-8.000000000000000000e+00
0.000000000000000000e+00
-7.000000000000000000e+00
1.700000000000000000e+01
3.300000000000000000e+01
2.000000000000000000e+00
-7.000000000000000000e+00
1.900000000000000000e+01
-2.400000000000000000e+01
2.600000000000000000e+01
7.000000000000000000e+00
1.600000000000000000e+01
-3.000000000000000000e+00
-3.000000000000000000e+00
2.200000000000000000e+01
9.000000000000000000e+00
2.000000000000000000e+00
-4.400000000000000000e+01
-1.600000000000000000e+01
-2.000000000000000000e+00
-2.000000000000000000e+01
1.200000000000000000e+01
8.000000000000000000e+00
7.000000000000000000e+00
5.000000000000000000e+00
-1.300000000000000000e+01
1.400000000000000000e+01
1.000000000000000000e+00
-8.000000000000000000e+00
7.000000000000000000e+00
2.600000000000000000e+01
0.000000000000000000e+00
-1.000000000000000000e+00
5.700000000000000000e+01
-2.300000000000000000e+01
2.000000000000000000e+01
1.600000000000000000e+01
-3.000000000000000000e+00
1.300000000000000000e+01
7.000000000000000000e+00
2.300000000000000000e+01
1.600000000000000000e+01
-1.400000000000000000e+01
7.000000000000000000e+00
-7.000000000000000000e+00
2.800000000000000000e+01
2.700000000000000000e+01
-2.700000000000000000e+01
8.000000000000000000e+00
1.100000000000000000e+01
2.900000000000000000e+01
-7.000000000000000000e+00
1.100000000000000000e+01
0.000000000000000000e+00
-1.000000000000000000e+00
2.600000000000000000e+01
1.600000000000000000e+01
-7.000000000000000000e+00
2.400000000000000000e+01
1.000000000000000000e+00
4.000000000000000000e+00
6.000000000000000000e+00
1.400000000000000000e+01
2.500000000000000000e+01
5.000000000000000000e+00
-9.000000000000000000e+00
1.100000000000000000e+01
-1.700000000000000000e+01
5.000000000000000000e+00
2.100000000000000000e+01
1.700000000000000000e+01
-2.200000000000000000e+01
-1.400000000000000000e+01
-8.000000000000000000e+00
1.000000000000000000e+00
-1.000000000000000000e+00
1.000000000000000000e+00
1.100000000000000000e+01
3.400000000000000000e+01
2.000000000000000000e+00
-6.000000000000000000e+00
0.000000000000000000e+00
-9.000000000000000000e+00
3.000000000000000000e+00
4.800000000000000000e+01
4.000000000000000000e+00
1.200000000000000000e+01
-5.000000000000000000e+00
0.000000000000000000e+00
-7.000000000000000000e+00
1.200000000000000000e+01
3.000000000000000000e+00
-6.000000000000000000e+00
1.700000000000000000e+01
3.500000000000000000e+01
-6.000000000000000000e+00
-1.500000000000000000e+01
-3.000000000000000000e+00
-3.900000000000000000e+01
3.100000000000000000e+01
-2.000000000000000000e+00
-3.000000000000000000e+00
1.500000000000000000e+01
9.000000000000000000e+00
7.000000000000000000e+00
-1.100000000000000000e+01
1.000000000000000000e+00
-1.300000000000000000e+01
-2.600000000000000000e+01
6.000000000000000000e+00
-1.600000000000000000e+01
-5.000000000000000000e+00
-6.000000000000000000e+00
-1.400000000000000000e+01
4.000000000000000000e+00
2.000000000000000000e+00
-1.100000000000000000e+01
-1.000000000000000000e+00
4.000000000000000000e+00
-1.700000000000000000e+01
-3.000000000000000000e+00
-9.000000000000000000e+00
-2.000000000000000000e+01
4.000000000000000000e+00
3.100000000000000000e+01
0.000000000000000000e+00
-1.600000000000000000e+01
-1.900000000000000000e+01
1.200000000000000000e+01
-3.800000000000000000e+01
8.000000000000000000e+00
-2.400000000000000000e+01
-1.800000000000000000e+01
-4.000000000000000000e+00
2.000000000000000000e+00
9.800000000000000000e+01
1.700000000000000000e+01
-1.700000000000000000e+01
-1.000000000000000000e+01
2.000000000000000000e+00
-5.000000000000000000e+00
-2.500000000000000000e+01
-9.000000000000000000e+00
-1.800000000000000000e+01
1.000000000000000000e+01
1.700000000000000000e+01
-2.200000000000000000e+01
-7.000000000000000000e+00
-9.000000000000000000e+00
2.000000000000000000e+00
1.000000000000000000e+00
-1.100000000000000000e+01
-4.000000000000000000e+00
-1.900000000000000000e+01
-1.000000000000000000e+00
-1.200000000000000000e+01
1.100000000000000000e+01
-8.000000000000000000e+00
-2.000000000000000000e+01
3.800000000000000000e+01
1.000000000000000000e+01
-8.000000000000000000e+00
-2.100000000000000000e+01
1.600000000000000000e+01
1.500000000000000000e+01
4.000000000000000000e+00
1.700000000000000000e+01
-1.800000000000000000e+01
-9.000000000000000000e+00
-1.200000000000000000e+01
-2.100000000000000000e+01
-7.000000000000000000e+00
-1.700000000000000000e+01
1.500000000000000000e+01
-1.400000000000000000e+01
-7.000000000000000000e+00
-2.500000000000000000e+01
2.400000000000000000e+01
-2.700000000000000000e+01
1.800000000000000000e+01
-1.100000000000000000e+01
1.100000000000000000e+01
-1.200000000000000000e+01
6.000000000000000000e+00
3.300000000000000000e+01
4.000000000000000000e+00
-1.100000000000000000e+01
-2.000000000000000000e+00
-2.000000000000000000e+00
-2.600000000000000000e+01
-1.000000000000000000e+00
-3.000000000000000000e+01
2.100000000000000000e+01
0.000000000000000000e+00
-5.000000000000000000e+00
2.500000000000000000e+01
-6.000000000000000000e+00
1.400000000000000000e+01
3.000000000000000000e+00
1.200000000000000000e+01
2.900000000000000000e+01
-2.000000000000000000e+00
1.900000000000000000e+01
0.000000000000000000e+00
-1.800000000000000000e+01
2.000000000000000000e+00
1.500000000000000000e+01
-2.400000000000000000e+01
-2.000000000000000000e+01
-4.100000000000000000e+01
-7.000000000000000000e+00
1.000000000000000000e+00
2.400000000000000000e+01
-5.000000000000000000e+00
6.000000000000000000e+00
-3.300000000000000000e+01
5.000000000000000000e+00
-1.700000000000000000e+01
-4.000000000000000000e+00
-1.200000000000000000e+01
3.400000000000000000e+01
-9.000000000000000000e+00
1.100000000000000000e+01
1.300000000000000000e+01
2.000000000000000000e+01
-1.300000000000000000e+01
1.500000000000000000e+01
2.000000000000000000e+00
-1.300000000000000000e+01
1.100000000000000000e+01
-2.400000000000000000e+01
3.000000000000000000e+00
9.000000000000000000e+00
1.000000000000000000e+00
-1.500000000000000000e+01
-7.000000000000000000e+00
8.000000000000000000e+00
2.400000000000000000e+01
-2.000000000000000000e+00
2.600000000000000000e+01
1.500000000000000000e+01
4.000000000000000000e+00
9.000000000000000000e+00
-1.600000000000000000e+01
-1.100000000000000000e+01
-2.600000000000000000e+01
1.800000000000000000e+01
-2.300000000000000000e+01
-5.000000000000000000e+00
1.100000000000000000e+01
-1.400000000000000000e+01
1.200000000000000000e+01
-1.400000000000000000e+01
2.600000000000000000e+01
-4.000000000000000000e+00
1.200000000000000000e+01
1.200000000000000000e+01
1.100000000000000000e+01
9.000000000000000000e+00
1.500000000000000000e+01
2.000000000000000000e+00
1.100000000000000000e+01
-1.200000000000000000e+01
-1.000000000000000000e+00
1.300000000000000000e+01
-2.000000000000000000e+00
-3.000000000000000000e+00
2.500000000000000000e+01
6.000000000000000000e+00
2.400000000000000000e+01
-2.400000000000000000e+01
-1.700000000000000000e+01
1.400000000000000000e+01
-1.500000000000000000e+01
1.000000000000000000e+01
3.000000000000000000e+00
0.000000000000000000e+00
-1.400000000000000000e+01
-1.500000000000000000e+01
1.000000000000000000e+00
1.000000000000000000e+01
1.000000000000000000e+01
-1.200000000000000000e+01
-1.000000000000000000e+00
1.400000000000000000e+01
-4.000000000000000000e+00
3.200000000000000000e+01
7.000000000000000000e+00
1.400000000000000000e+01
7.000000000000000000e+00
-1.000000000000000000e+01
-1.600000000000000000e+01
2.200000000000000000e+01
-1.900000000000000000e+01
-2.900000000000000000e+01
6.000000000000000000e+00
5.000000000000000000e+00
1.000000000000000000e+01
-2.000000000000000000e+00
-2.000000000000000000e+01
1.300000000000000000e+01
-2.300000000000000000e+01
7.000000000000000000e+00
1.900000000000000000e+01
1.400000000000000000e+01
-1.600000000000000000e+01
7.000000000000000000e+00
-2.000000000000000000e+01
-6.000000000000000000e+00
1.300000000000000000e+01
-1.400000000000000000e+01
-1.100000000000000000e+01
2.000000000000000000e+00
3.700000000000000000e+01
3.000000000000000000e+00
1.800000000000000000e+01
-1.200000000000000000e+01
0.000000000000000000e+00
-2.500000000000000000e+01
8.000000000000000000e+00
-6.000000000000000000e+00
1.200000000000000000e+01
1.700000000000000000e+01
1.400000000000000000e+01
4.000000000000000000e+00
1.800000000000000000e+01
-9.000000000000000000e+00
6.000000000000000000e+00
-1.800000000000000000e+01
3.700000000000000000e+01
4.000000000000000000e+00
-2.300000000000000000e+01
1.700000000000000000e+01
-1.500000000000000000e+01
5.000000000000000000e+00
3.000000000000000000e+00
2.000000000000000000e+00
1.100000000000000000e+01
3.600000000000000000e+01
-1.000000000000000000e+01
1.900000000000000000e+01
8.000000000000000000e+00
1.000000000000000000e+01
1.800000000000000000e+01
-9.000000000000000000e+00
6.000000000000000000e+00
-2.100000000000000000e+01
1.200000000000000000e+01
1.700000000000000000e+01
-7.000000000000000000e+00
1.500000000000000000e+01
-1.700000000000000000e+01
-3.600000000000000000e+01
-4.000000000000000000e+00
-9.000000000000000000e+00
-8.000000000000000000e+00
-1.000000000000000000e+01
1.300000000000000000e+01
7.000000000000000000e+00
1.700000000000000000e+01
-6.000000000000000000e+00
9.000000000000000000e+00
-2.000000000000000000e+00
1.500000000000000000e+01
-2.000000000000000000e+00
-2.200000000000000000e+01
2.800000000000000000e+01
-1.700000000000000000e+01
-1.200000000000000000e+01
9.000000000000000000e+00
-1.000000000000000000e+00
-1.500000000000000000e+01
-3.000000000000000000e+00
-1.800000000000000000e+01
1.300000000000000000e+01
5.000000000000000000e+00
-2.000000000000000000e+01
1.000000000000000000e+01
4.000000000000000000e+00
1.800000000000000000e+01
-4.700000000000000000e+01
1.000000000000000000e+01
8.000000000000000000e+00
-1.400000000000000000e+01
-1.000000000000000000e+00
-2.500000000000000000e+01
-4.000000000000000000e+00
-2.100000000000000000e+01
-5.000000000000000000e+00
1.000000000000000000e+01
-1.300000000000000000e+01
-1.300000000000000000e+01
-1.000000000000000000e+01
5.000000000000000000e+00
-6.000000000000000000e+00
8.000000000000000000e+00
8.000000000000000000e+00
-9.000000000000000000e+00
-1.300000000000000000e+01
1.000000000000000000e+00
1.000000000000000000e+01
7.000000000000000000e+00
-1.400000000000000000e+01
6.000000000000000000e+00
-1.300000000000000000e+01
4.000000000000000000e+00
-6.000000000000000000e+00
-1.400000000000000000e+01
1.900000000000000000e+01
-6.000000000000000000e+00
7.000000000000000000e+00
-1.600000000000000000e+01
-7.000000000000000000e+00
-1.400000000000000000e+01
3.000000000000000000e+00
1.200000000000000000e+01
-1.900000000000000000e+01
-2.000000000000000000e+00
-5.000000000000000000e+00
9.000000000000000000e+00
-1.800000000000000000e+01
2.900000000000000000e+01
-1.100000000000000000e+01
9.000000000000000000e+00
-2.600000000000000000e+01
1.000000000000000000e+01
-9.000000000000000000e+00
-1.000000000000000000e+01
-2.600000000000000000e+01
2.600000000000000000e+01
1.300000000000000000e+01
0.000000000000000000e+00
2.800000000000000000e+01
9.000000000000000000e+00
-7.000000000000000000e+00
3.700000000000000000e+01
1.200000000000000000e+01
4.000000000000000000e+00
5.000000000000000000e+00
2.000000000000000000e+00
-2.100000000000000000e+01
-3.000000000000000000e+00
-1.000000000000000000e+01
-1.500000000000000000e+01
-2.000000000000000000e+00
-2.900000000000000000e+01
-3.000000000000000000e+01
-2.000000000000000000e+01
-6.000000000000000000e+00
-1.000000000000000000e+00
1.000000000000000000e+00
-9.000000000000000000e+00
-9.000000000000000000e+00
-3.000000000000000000e+00
-1.700000000000000000e+01
-1.200000000000000000e+01
2.500000000000000000e+01
-2.300000000000000000e+01
1.500000000000000000e+01
-2.300000000000000000e+01
-8.000000000000000000e+00
-3.200000000000000000e+01
-1.200000000000000000e+01
-6.000000000000000000e+00
1.000000000000000000e+00
6.000000000000000000e+00
6.000000000000000000e+00
1.800000000000000000e+01
1.600000000000000000e+01
-1.000000000000000000e+00
-2.600000000000000000e+01
1.200000000000000000e+01
5.000000000000000000e+00
-3.300000000000000000e+01
-4.000000000000000000e+00
6.000000000000000000e+00
-8.000000000000000000e+00
1.400000000000000000e+01
1.800000000000000000e+01
3.000000000000000000e+00
4.000000000000000000e+00
-1.200000000000000000e+01
4.000000000000000000e+00
6.000000000000000000e+00
1.200000000000000000e+01
7.000000000000000000e+00
-1.000000000000000000e+00
-2.000000000000000000e+00
1.600000000000000000e+01
1.000000000000000000e+00
-4.000000000000000000e+00
-2.400000000000000000e+01
-4.000000000000000000e+00
1.300000000000000000e+01
-2.200000000000000000e+01
2.400000000000000000e+01
-1.500000000000000000e+01
1.600000000000000000e+01
-2.500000000000000000e+01
4.500000000000000000e+01
-4.000000000000000000e+00
-1.800000000000000000e+01
-8.000000000000000000e+00
-4.000000000000000000e+00
1.000000000000000000e+00
9.000000000000000000e+00
2.000000000000000000e+01
3.000000000000000000e+01
2.700000000000000000e+01
2.300000000000000000e+01
1.200000000000000000e+01
2.800000000000000000e+01
1.100000000000000000e+01
-1.200000000000000000e+01
-6.000000000000000000e+00
1.500000000000000000e+01
3.700000000000000000e+01
2.400000000000000000e+01
-6.000000000000000000e+00
-3.000000000000000000e+00
4.600000000000000000e+01
2.000000000000000000e+00
-1.200000000000000000e+01
3.200000000000000000e+01
-1.300000000000000000e+01
1.200000000000000000e+01
-1.000000000000000000e+01
2.400000000000000000e+01
4.000000000000000000e+00
-4.000000000000000000e+00
-5.000000000000000000e+00
2.000000000000000000e+00
1.000000000000000000e+01
2.100000000000000000e+01
2.700000000000000000e+01
1.000000000000000000e+01
-4.000000000000000000e+00
3.300000000000000000e+01
1.900000000000000000e+01
3.100000000000000000e+01
-1.400000000000000000e+01
2.000000000000000000e+00
3.000000000000000000e+01
2.400000000000000000e+01
1.000000000000000000e+01
2.400000000000000000e+01
2.600000000000000000e+01
5.900000000000000000e+01
1.900000000000000000e+01
6.400000000000000000e+01
2.700000000000000000e+01
4.800000000000000000e+01
1.400000000000000000e+01
4.700000000000000000e+01
4.600000000000000000e+01
3.600000000000000000e+01
4.400000000000000000e+01
4.100000000000000000e+01
4.500000000000000000e+01
4.000000000000000000e+01
7.500000000000000000e+01
5.700000000000000000e+01
8.000000000000000000e+01
8.200000000000000000e+01
7.100000000000000000e+01
7.900000000000000000e+01
6.300000000000000000e+01
1.040000000000000000e+02
1.060000000000000000e+02
8.300000000000000000e+01
1.220000000000000000e+02
1.030000000000000000e+02
8.700000000000000000e+01
1.280000000000000000e+02
1.430000000000000000e+02
1.260000000000000000e+02
1.600000000000000000e+02
1.670000000000000000e+02
1.600000000000000000e+02
2.160000000000000000e+02
1.870000000000000000e+02
1.830000000000000000e+02
2.410000000000000000e+02
2.400000000000000000e+02
2.420000000000000000e+02
2.610000000000000000e+02
2.730000000000000000e+02
2.840000000000000000e+02
2.570000000000000000e+02
3.120000000000000000e+02
3.520000000000000000e+02
3.300000000000000000e+02
3.550000000000000000e+02
3.920000000000000000e+02
4.240000000000000000e+02
4.120000000000000000e+02
4.090000000000000000e+02
4.670000000000000000e+02
4.630000000000000000e+02
4.940000000000000000e+02
4.940000000000000000e+02
5.270000000000000000e+02
5.400000000000000000e+02
5.600000000000000000e+02
6.000000000000000000e+02
6.480000000000000000e+02
6.610000000000000000e+02
6.900000000000000000e+02
6.760000000000000000e+02
7.500000000000000000e+02
7.720000000000000000e+02
7.530000000000000000e+02
7.830000000000000000e+02
8.640000000000000000e+02
8.420000000000000000e+02
8.780000000000000000e+02
9.440000000000000000e+02
9.060000000000000000e+02
9.180000000000000000e+02
9.770000000000000000e+02
1.030000000000000000e+03
1.026000000000000000e+03
1.092000000000000000e+03
1.071000000000000000e+03
1.113000000000000000e+03
1.160000000000000000e+03
1.142000000000000000e+03
1.139000000000000000e+03
1.155000000000000000e+03
1.236000000000000000e+03
1.213000000000000000e+03
1.235000000000000000e+03
1.307000000000000000e+03
1.306000000000000000e+03
1.282000000000000000e+03
1.288000000000000000e+03
1.347000000000000000e+03
1.311000000000000000e+03
1.310000000000000000e+03
1.353000000000000000e+03
1.416000000000000000e+03
1.369000000000000000e+03
1.455000000000000000e+03
1.358000000000000000e+03
1.399000000000000000e+03
1.446000000000000000e+03
1.493000000000000000e+03
1.487000000000000000e+03
1.492000000000000000e+03
1.523000000000000000e+03
1.496000000000000000e+03
1.516000000000000000e+03
1.566000000000000000e+03
1.459000000000000000e+03
1.542000000000000000e+03
1.501000000000000000e+03
1.469000000000000000e+03
1.488000000000000000e+03
1.440000000000000000e+03
1.472000000000000000e+03
1.448000000000000000e+03
1.386000000000000000e+03
1.380000000000000000e+03
1.365000000000000000e+03
1.375000000000000000e+03
1.320000000000000000e+03
1.311000000000000000e+03
1.327000000000000000e+03
1.350000000000000000e+03
1.324000000000000000e+03
1.314000000000000000e+03
1.274000000000000000e+03
1.243000000000000000e+03
1.255000000000000000e+03
1.240000000000000000e+03
1.215000000000000000e+03
1.254000000000000000e+03
1.234000000000000000e+03
1.213000000000000000e+03
1.159000000000000000e+03
1.157000000000000000e+03
1.195000000000000000e+03
1.155000000000000000e+03
1.157000000000000000e+03
1.091000000000000000e+03
1.075000000000000000e+03
1.053000000000000000e+03
1.033000000000000000e+03
9.880000000000000000e+02
9.920000000000000000e+02
9.500000000000000000e+02
8.970000000000000000e+02
8.940000000000000000e+02
8.740000000000000000e+02
8.380000000000000000e+02
8.310000000000000000e+02
7.840000000000000000e+02
7.530000000000000000e+02
7.340000000000000000e+02
7.640000000000000000e+02
6.760000000000000000e+02
7.010000000000000000e+02
6.700000000000000000e+02
6.460000000000000000e+02
6.150000000000000000e+02
6.280000000000000000e+02
6.140000000000000000e+02
5.780000000000000000e+02
5.520000000000000000e+02
5.300000000000000000e+02
5.000000000000000000e+02
4.860000000000000000e+02
4.650000000000000000e+02
4.910000000000000000e+02
4.630000000000000000e+02
4.140000000000000000e+02
4.200000000000000000e+02
4.140000000000000000e+02
3.980000000000000000e+02
3.580000000000000000e+02
3.520000000000000000e+02
3.450000000000000000e+02
3.140000000000000000e+02
2.740000000000000000e+02
3.120000000000000000e+02
2.790000000000000000e+02
2.460000000000000000e+02
2.770000000000000000e+02
2.580000000000000000e+02
2.460000000000000000e+02
2.030000000000000000e+02
2.240000000000000000e+02
2.270000000000000000e+02
1.830000000000000000e+02
2.050000000000000000e+02
1.900000000000000000e+02
1.880000000000000000e+02
1.810000000000000000e+02
1.580000000000000000e+02
1.470000000000000000e+02
1.200000000000000000e+02
1.490000000000000000e+02
1.100000000000000000e+02
1.280000000000000000e+02
1.080000000000000000e+02
1.260000000000000000e+02
1.010000000000000000e+02
9.400000000000000000e+01
8.000000000000000000e+01
5.700000000000000000e+01
5.300000000000000000e+01
1.080000000000000000e+02
7.500000000000000000e+01
8.100000000000000000e+01
7.600000000000000000e+01
8.200000000000000000e+01
6.800000000000000000e+01
6.300000000000000000e+01
5.600000000000000000e+01
7.700000000000000000e+01
5.600000000000000000e+01
4.000000000000000000e+01
4.800000000000000000e+01
5.800000000000000000e+01
4.000000000000000000e+01
9.000000000000000000e+00
1.000000000000000000e+01
4.400000000000000000e+01
4.400000000000000000e+01
3.400000000000000000e+01
-4.000000000000000000e+00
1.600000000000000000e+01
4.000000000000000000e+00
2.400000000000000000e+01
-5.000000000000000000e+00
2.900000000000000000e+01
4.400000000000000000e+01
-2.000000000000000000e+00
1.200000000000000000e+01
2.400000000000000000e+01
8.000000000000000000e+00
2.800000000000000000e+01
6.000000000000000000e+00
2.400000000000000000e+01
1.100000000000000000e+01
3.700000000000000000e+01
-1.000000000000000000e+00
2.200000000000000000e+01
4.500000000000000000e+01
1.400000000000000000e+01
7.000000000000000000e+00
2.500000000000000000e+01
6.000000000000000000e+00
1.400000000000000000e+01
2.600000000000000000e+01
-1.600000000000000000e+01
2.500000000000000000e+01
1.700000000000000000e+01
-1.300000000000000000e+01
-1.000000000000000000e+01
2.800000000000000000e+01
1.000000000000000000e+00
-5.000000000000000000e+00
1.200000000000000000e+01
4.000000000000000000e+00
-8.000000000000000000e+00
9.000000000000000000e+00
-3.000000000000000000e+00
0.000000000000000000e+00
-1.400000000000000000e+01
1.100000000000000000e+01
1.900000000000000000e+01
4.000000000000000000e+00
-1.000000000000000000e+01
8.000000000000000000e+00
3.000000000000000000e+01
0.000000000000000000e+00
5.000000000000000000e+00
0.000000000000000000e+00
9.000000000000000000e+00
-1.500000000000000000e+01
8.000000000000000000e+00
-1.600000000000000000e+01
-1.200000000000000000e+01
-8.000000000000000000e+00
-5.000000000000000000e+00
1.000000000000000000e+00
8.000000000000000000e+00
5.000000000000000000e+00
9.000000000000000000e+00
7.000000000000000000e+00
-1.200000000000000000e+01
1.200000000000000000e+01
2.000000000000000000e+00
-1.300000000000000000e+01
-5.000000000000000000e+00
1.600000000000000000e+01
-8.000000000000000000e+00
-5.000000000000000000e+00
-3.900000000000000000e+01
-7.000000000000000000e+00
9.000000000000000000e+00
-1.300000000000000000e+01
1.900000000000000000e+01
-3.000000000000000000e+00
-3.000000000000000000e+00
-1.300000000000000000e+01
1.000000000000000000e+00
1.200000000000000000e+01
1.000000000000000000e+01
-8.000000000000000000e+00
3.000000000000000000e+00
1.000000000000000000e+00
2.500000000000000000e+01
-5.000000000000000000e+00
-1.000000000000000000e+00
0.000000000000000000e+00
-2.000000000000000000e+00
