-4.000000000000000000e+00
-1.000000000000000000e+00
4.000000000000000000e+00
4.000000000000000000e+00
6.000000000000000000e+00
3.000000000000000000e+00
-2.800000000000000000e+01
1.000000000000000000e+00
1.000000000000000000e+01
-3.000000000000000000e+00
-1.300000000000000000e+01
-5.000000000000000000e+00
-3.000000000000000000e+00
-7.000000000000000000e+00
1.600000000000000000e+01
-2.000000000000000000e+00
5.000000000000000000e+00
2.500000000000000000e+01
1.300000000000000000e+01
1.300000000000000000e+01
3.100000000000000000e+01
-1.000000000000000000e+00
-5.000000000000000000e+00
-7.000000000000000000e+00
-4.000000000000000000e+00
-6.000000000000000000e+00
-1.800000000000000000e+01
-2.200000000000000000e+01
-4.000000000000000000e+00
-8.000000000000000000e+00
-1.700000000000000000e+01
-3.000000000000000000e+00
2.100000000000000000e+01
-3.000000000000000000e+00
-5.000000000000000000e+00
-1.400000000000000000e+01
1.900000000000000000e+01
0.000000000000000000e+00
-2.000000000000000000e+00
2.200000000000000000e+01
-1.200000000000000000e+01
-1.100000000000000000e+01
-1.500000000000000000e+01
0.000000000000000000e+00
1.600000000000000000e+01
-5.000000000000000000e+00
1.400000000000000000e+01
-7.000000000000000000e+00
-5.000000000000000000e+00
-1.800000000000000000e+01
-1.700000000000000000e+01
-1.700000000000000000e+01
1.100000000000000000e+01
1.100000000000000000e+01
-1.200000000000000000e+01
-9.000000000000000000e+00
-1.100000000000000000e+01
-3.500000000000000000e+01
1.000000000000000000e+01
-8.000000000000000000e+00
-6.000000000000000000e+00
-6.000000000000000000e+00
-2.200000000000000000e+01
-6.000000000000000000e+00
-2.200000000000000000e+01
2.200000000000000000e+01
-5.000000000000000000e+00
0.000000000000000000e+00
4.000000000000000000e+00
-5.000000000000000000e+00
-1.000000000000000000e+00
1.000000000000000000e+00
-1.400000000000000000e+01
-1.500000000000000000e+01
1.000000000000000000e+01
2.400000000000000000e+01
-2.200000000000000000e+01
2.300000000000000000e+01
-5.000000000000000000e+00
-3.000000000000000000e+01
1.500000000000000000e+01
9.000000000000000000e+00
-2.800000000000000000e+01
1.700000000000000000e+01
-2.400000000000000000e+01
-1.700000000000000000e+01
1.900000000000000000e+01
-1.300000000000000000e+01
5.000000000000000000e+00
3.000000000000000000e+00
-6.000000000000000000e+00
-1.600000000000000000e+01
-2.000000000000000000e+00
-3.000000000000000000e+00
1.500000000000000000e+01
1.200000000000000000e+01
-1.200000000000000000e+01
6.000000000000000000e+00
4.000000000000000000e+00
-1.000000000000000000e+01
-1.300000000000000000e+01
1.600000000000000000e+01
1.200000000000000000e+01
-2.700000000000000000e+01
-1.400000000000000000e+01
-9.000000000000000000e+00
-2.200000000000000000e+01
1.400000000000000000e+01
-5.000000000000000000e+00
-1.400000000000000000e+01
-1.100000000000000000e+01
8.000000000000000000e+00
2.600000000000000000e+01
-1.000000000000000000e+00
-9.000000000000000000e+00
1.200000000000000000e+01
5.000000000000000000e+00
-2.100000000000000000e+01
-3.900000000000000000e+01
1.600000000000000000e+01
1.000000000000000000e+00
0.000000000000000000e+00
-3.000000000000000000e+00
-2.500000000000000000e+01
2.500000000000000000e+01
-3.000000000000000000e+01
1.400000000000000000e+01
-9.000000000000000000e+00
1.300000000000000000e+01
-6.000000000000000000e+00
-9.000000000000000000e+00
1.000000000000000000e+01
-1.000000000000000000e+01
1.600000000000000000e+01
-1.600000000000000000e+01
1.600000000000000000e+01
3.000000000000000000e+01
-5.000000000000000000e+00
9.000000000000000000e+00
-6.000000000000000000e+00
-4.000000000000000000e+00
-1.400000000000000000e+01
-2.100000000000000000e+01
2.200000000000000000e+01
1.000000000000000000e+01
1.000000000000000000e+01
1.700000000000000000e+01
-1.800000000000000000e+01
-6.000000000000000000e+00
-2.800000000000000000e+01
-2.000000000000000000e+00
2.300000000000000000e+01
-5.000000000000000000e+00
-7.000000000000000000e+00
3.000000000000000000e+00
-2.000000000000000000e+00
5.000000000000000000e+00
2.100000000000000000e+01
3.000000000000000000e+00
-2.000000000000000000e+00
-1.300000000000000000e+01
-1.700000000000000000e+01
-1.200000000000000000e+01
-9.000000000000000000e+00
-3.000000000000000000e+01
-1.800000000000000000e+01
-1.600000000000000000e+01
-1.500000000000000000e+01
2.100000000000000000e+01
-8.000000000000000000e+00
-7.000000000000000000e+00
-1.500000000000000000e+01
-1.500000000000000000e+01
8.000000000000000000e+00
-2.300000000000000000e+01
-8.000000000000000000e+00
-1.600000000000000000e+01
2.200000000000000000e+01
6.000000000000000000e+00
-2.300000000000000000e+01
-9.000000000000000000e+00
1.000000000000000000e+00
-1.000000000000000000e+00
-1.200000000000000000e+01
1.200000000000000000e+01
-2.300000000000000000e+01
-4.000000000000000000e+00
-5.000000000000000000e+00
-4.000000000000000000e+00
2.000000000000000000e+01
3.000000000000000000e+01
-2.800000000000000000e+01
-9.000000000000000000e+00
-6.000000000000000000e+00
1.300000000000000000e+01
-9.000000000000000000e+00
7.000000000000000000e+00
-1.300000000000000000e+01
-1.000000000000000000e+01
1.200000000000000000e+01
-5.000000000000000000e+00
2.400000000000000000e+01
-3.000000000000000000e+00
2.900000000000000000e+01
-6.000000000000000000e+00
-3.900000000000000000e+01
1.600000000000000000e+01
-2.700000000000000000e+01
-2.000000000000000000e+01
3.000000000000000000e+00
1.300000000000000000e+01
-2.600000000000000000e+01
5.000000000000000000e+00
-1.000000000000000000e+01
4.000000000000000000e+00
-4.000000000000000000e+00
1.600000000000000000e+01
1.000000000000000000e+01
2.900000000000000000e+01
-1.000000000000000000e+00
1.700000000000000000e+01
-2.700000000000000000e+01
-8.000000000000000000e+00
1.900000000000000000e+01
-3.400000000000000000e+01
1.400000000000000000e+01
-1.800000000000000000e+01
-2.200000000000000000e+01
1.100000000000000000e+01
-1.200000000000000000e+01
2.500000000000000000e+01
8.000000000000000000e+00
-1.100000000000000000e+01
2.200000000000000000e+01
-1.700000000000000000e+01
-1.600000000000000000e+01
-1.100000000000000000e+01
6.000000000000000000e+00
-1.200000000000000000e+01
1.400000000000000000e+01
1.500000000000000000e+01
-3.100000000000000000e+01
0.000000000000000000e+00
2.000000000000000000e+00
1.200000000000000000e+01
2.100000000000000000e+01
1.000000000000000000e+00
2.200000000000000000e+01
-1.200000000000000000e+01
7.000000000000000000e+00
1.300000000000000000e+01
-4.000000000000000000e+00
-1.200000000000000000e+01
-1.800000000000000000e+01
-2.800000000000000000e+01
-3.000000000000000000e+01
9.000000000000000000e+00
-2.500000000000000000e+01
-1.800000000000000000e+01
-2.600000000000000000e+01
3.000000000000000000e+00
0.000000000000000000e+00
2.000000000000000000e+00
-2.300000000000000000e+01
1.000000000000000000e+00
2.300000000000000000e+01
2.500000000000000000e+01
8.000000000000000000e+00
-1.500000000000000000e+01
8.000000000000000000e+00
0.000000000000000000e+00
2.000000000000000000e+01
0.000000000000000000e+00
-8.000000000000000000e+00
-1.000000000000000000e+00
1.300000000000000000e+01
-2.300000000000000000e+01
-7.000000000000000000e+00
-7.000000000000000000e+00
1.400000000000000000e+01
-2.500000000000000000e+01
-2.500000000000000000e+01
-1.000000000000000000e+01
-2.200000000000000000e+01
2.200000000000000000e+01
-7.000000000000000000e+00
-3.100000000000000000e+01
-2.800000000000000000e+01
-2.300000000000000000e+01
-7.000000000000000000e+00
-1.000000000000000000e+01
-5.000000000000000000e+00
-1.700000000000000000e+01
7.000000000000000000e+00
1.000000000000000000e+01
1.700000000000000000e+01
-8.000000000000000000e+00
-3.000000000000000000e+00
3.000000000000000000e+00
3.300000000000000000e+01
-1.800000000000000000e+01
-8.000000000000000000e+00
-1.700000000000000000e+01
0.000000000000000000e+00
-3.100000000000000000e+01
-2.000000000000000000e+01
-2.200000000000000000e+01
1.200000000000000000e+01
-2.800000000000000000e+01
-2.500000000000000000e+01
-1.200000000000000000e+01
8.000000000000000000e+00
3.000000000000000000e+00
1.600000000000000000e+01
1.400000000000000000e+01
6.000000000000000000e+00
-1.000000000000000000e+01
0.000000000000000000e+00
3.000000000000000000e+00
-2.400000000000000000e+01
-3.200000000000000000e+01
1.000000000000000000e+00
1.000000000000000000e+01
-9.000000000000000000e+00
2.800000000000000000e+01
-1.900000000000000000e+01
1.200000000000000000e+01
0.000000000000000000e+00
-2.100000000000000000e+01
3.000000000000000000e+00
1.400000000000000000e+01
1.500000000000000000e+01
-1.800000000000000000e+01
-1.000000000000000000e+01
-2.000000000000000000e+00
-1.600000000000000000e+01
1.500000000000000000e+01
-1.000000000000000000e+00
8.000000000000000000e+00
1.300000000000000000e+01
-1.700000000000000000e+01
-2.900000000000000000e+01
4.000000000000000000e+00
9.000000000000000000e+00
1.500000000000000000e+01
-3.300000000000000000e+01
-2.900000000000000000e+01
-8.000000000000000000e+00
-9.000000000000000000e+00
2.500000000000000000e+01
2.700000000000000000e+01
2.000000000000000000e+00
1.400000000000000000e+01
-3.800000000000000000e+01
3.900000000000000000e+01
-6.000000000000000000e+00
1.100000000000000000e+01
1.200000000000000000e+01
-2.000000000000000000e+00
-1.600000000000000000e+01
-4.000000000000000000e+00
2.100000000000000000e+01
1.000000000000000000e+00
1.500000000000000000e+01
-3.600000000000000000e+01
8.000000000000000000e+00
-1.500000000000000000e+01
-8.000000000000000000e+00
1.100000000000000000e+01
-2.900000000000000000e+01
-1.000000000000000000e+00
5.000000000000000000e+00
3.000000000000000000e+00
-1.400000000000000000e+01
-4.000000000000000000e+00
-2.000000000000000000e+01
-1.200000000000000000e+01
-5.000000000000000000e+00
-1.300000000000000000e+01
4.000000000000000000e+00
3.400000000000000000e+01
1.100000000000000000e+01
-3.700000000000000000e+01
2.900000000000000000e+01
-2.600000000000000000e+01
1.700000000000000000e+01
-8.000000000000000000e+00
-2.200000000000000000e+01
-8.000000000000000000e+00
4.000000000000000000e+00
3.000000000000000000e+00
1.000000000000000000e+00
-1.000000000000000000e+01
4.000000000000000000e+00
-3.000000000000000000e+00
2.400000000000000000e+01
1.100000000000000000e+01
-9.000000000000000000e+00
-9.000000000000000000e+00
2.200000000000000000e+01
2.000000000000000000e+00
4.000000000000000000e+00
8.000000000000000000e+00
-1.200000000000000000e+01
-2.400000000000000000e+01
-1.700000000000000000e+01
2.600000000000000000e+01
-9.000000000000000000e+00
5.000000000000000000e+00
-1.800000000000000000e+01
-5.000000000000000000e+00
-8.000000000000000000e+00
-6.000000000000000000e+00
-1.300000000000000000e+01
1.700000000000000000e+01
1.500000000000000000e+01
1.000000000000000000e+01
-2.900000000000000000e+01
-1.600000000000000000e+01
8.000000000000000000e+00
-9.000000000000000000e+00
-8.000000000000000000e+00
-1.700000000000000000e+01
-2.900000000000000000e+01
-7.000000000000000000e+00
-1.500000000000000000e+01
-4.000000000000000000e+00
-1.400000000000000000e+01
-2.300000000000000000e+01
-2.000000000000000000e+01
-1.000000000000000000e+01
-8.000000000000000000e+00
-9.000000000000000000e+00
4.000000000000000000e+00
-1.400000000000000000e+01
0.000000000000000000e+00
-2.600000000000000000e+01
5.000000000000000000e+00
1.000000000000000000e+00
-9.000000000000000000e+00
2.300000000000000000e+01
-2.200000000000000000e+01
-6.000000000000000000e+00
1.700000000000000000e+01
-3.000000000000000000e+00
2.100000000000000000e+01
-1.700000000000000000e+01
-2.700000000000000000e+01
-1.700000000000000000e+01
2.700000000000000000e+01
1.900000000000000000e+01
6.000000000000000000e+00
-1.700000000000000000e+01
2.000000000000000000e+00
-9.000000000000000000e+00
1.200000000000000000e+01
1.000000000000000000e+00
0.000000000000000000e+00
-1.000000000000000000e+00
-4.000000000000000000e+00
-1.000000000000000000e+00
-1.300000000000000000e+01
-2.500000000000000000e+01
-3.300000000000000000e+01
2.000000000000000000e+00
2.800000000000000000e+01
1.200000000000000000e+01
-2.500000000000000000e+01
-4.600000000000000000e+01
2.100000000000000000e+01
3.000000000000000000e+00
-4.000000000000000000e+00
7.500000000000000000e+01
-1.700000000000000000e+01
-5.000000000000000000e+00
5.000000000000000000e+00
2.000000000000000000e+00
3.000000000000000000e+00
4.000000000000000000e+00
-6.000000000000000000e+00
-1.000000000000000000e+01
-9.000000000000000000e+00
1.300000000000000000e+01
-1.000000000000000000e+00
-3.300000000000000000e+01
-9.000000000000000000e+00
0.000000000000000000e+00
-6.000000000000000000e+00
-4.000000000000000000e+00
1.300000000000000000e+01
3.600000000000000000e+01
-2.600000000000000000e+01
1.600000000000000000e+01
-1.700000000000000000e+01
2.400000000000000000e+01
-1.400000000000000000e+01
-9.000000000000000000e+00
-1.600000000000000000e+01
-1.200000000000000000e+01
-7.000000000000000000e+00
1.800000000000000000e+01
2.900000000000000000e+01
-2.100000000000000000e+01
2.900000000000000000e+01
0.000000000000000000e+00
-1.300000000000000000e+01
-7.000000000000000000e+00
-4.000000000000000000e+00
-2.100000000000000000e+01
6.000000000000000000e+00
-2.500000000000000000e+01
-2.100000000000000000e+01
1.900000000000000000e+01
-1.200000000000000000e+01
8.000000000000000000e+00
4.000000000000000000e+00
-9.000000000000000000e+00
1.300000000000000000e+01
2.900000000000000000e+01
3.600000000000000000e+01
1.000000000000000000e+00
1.000000000000000000e+00
-2.600000000000000000e+01
3.000000000000000000e+01
1.300000000000000000e+01
3.000000000000000000e+00
1.500000000000000000e+01
2.700000000000000000e+01
1.900000000000000000e+01
8.000000000000000000e+00
5.300000000000000000e+01
3.400000000000000000e+01
3.200000000000000000e+01
7.100000000000000000e+01
3.100000000000000000e+01
3.500000000000000000e+01
2.300000000000000000e+01
2.500000000000000000e+01
2.600000000000000000e+01
3.800000000000000000e+01
5.100000000000000000e+01
2.200000000000000000e+01
3.300000000000000000e+01
2.100000000000000000e+01
4.300000000000000000e+01
1.000000000000000000e+00
2.900000000000000000e+01
2.100000000000000000e+01
8.000000000000000000e+00
-5.000000000000000000e+00
-1.200000000000000000e+01
-2.100000000000000000e+01
1.600000000000000000e+01
5.000000000000000000e+00
4.000000000000000000e+01
8.000000000000000000e+00
2.000000000000000000e+01
2.500000000000000000e+01
2.000000000000000000e+00
4.000000000000000000e+00
1.800000000000000000e+01
-4.000000000000000000e+00
4.000000000000000000e+00
1.000000000000000000e+01
-9.000000000000000000e+00
-1.000000000000000000e+00
1.700000000000000000e+01
8.000000000000000000e+00
-2.100000000000000000e+01
1.900000000000000000e+01
2.000000000000000000e+00
2.600000000000000000e+01
1.500000000000000000e+01
-2.800000000000000000e+01
3.000000000000000000e+01
4.100000000000000000e+01
-1.800000000000000000e+01
-8.000000000000000000e+00
3.100000000000000000e+01
-4.000000000000000000e+00
-9.000000000000000000e+00
7.000000000000000000e+00
-1.300000000000000000e+01
7.000000000000000000e+00
1.400000000000000000e+01
2.700000000000000000e+01
-9.000000000000000000e+00
6.000000000000000000e+00
-1.300000000000000000e+01
-8.000000000000000000e+00
-3.000000000000000000e+00
-3.000000000000000000e+00
1.400000000000000000e+01
-2.000000000000000000e+00
-6.000000000000000000e+00
-1.100000000000000000e+01
-7.000000000000000000e+00
-1.500000000000000000e+01
1.900000000000000000e+01
-4.000000000000000000e+00
-1.800000000000000000e+01
1.300000000000000000e+01
1.900000000000000000e+01
5.000000000000000000e+00
3.600000000000000000e+01
-1.000000000000000000e+01
9.000000000000000000e+00
1.300000000000000000e+01
-3.000000000000000000e+01
6.000000000000000000e+00
-4.000000000000000000e+00
1.800000000000000000e+01
-6.000000000000000000e+00
0.000000000000000000e+00
1.700000000000000000e+01
-2.400000000000000000e+01
-1.800000000000000000e+01
-8.000000000000000000e+00
-1.800000000000000000e+01
-8.000000000000000000e+00
1.500000000000000000e+01
-2.100000000000000000e+01
2.300000000000000000e+01
9.000000000000000000e+00
-7.000000000000000000e+00
-4.500000000000000000e+01
-2.000000000000000000e+00
2.900000000000000000e+01
-1.000000000000000000e+00
-2.600000000000000000e+01
4.100000000000000000e+01
3.000000000000000000e+00
-1.700000000000000000e+01
2.000000000000000000e+00
-1.400000000000000000e+01
1.900000000000000000e+01
-2.100000000000000000e+01
1.000000000000000000e+01
-4.000000000000000000e+00
1.100000000000000000e+01
2.400000000000000000e+01
4.000000000000000000e+00
-4.000000000000000000e+01
-1.500000000000000000e+01
1.400000000000000000e+01
8.000000000000000000e+00
-1.600000000000000000e+01
1.700000000000000000e+01
1.000000000000000000e+00
2.300000000000000000e+01
2.000000000000000000e+00
-7.000000000000000000e+00
2.500000000000000000e+01
1.300000000000000000e+01
1.800000000000000000e+01
-3.300000000000000000e+01
-3.000000000000000000e+00
-8.000000000000000000e+00
1.200000000000000000e+01
0.000000000000000000e+00
2.100000000000000000e+01
1.500000000000000000e+01
-1.000000000000000000e+01
2.800000000000000000e+01
-2.000000000000000000e+00
-1.200000000000000000e+01
-1.000000000000000000e+00
3.400000000000000000e+01
1.600000000000000000e+01
2.600000000000000000e+01
-2.700000000000000000e+01
-1.700000000000000000e+01
1.800000000000000000e+01
7.000000000000000000e+00
7.000000000000000000e+00
-2.900000000000000000e+01
1.300000000000000000e+01
2.600000000000000000e+01
4.000000000000000000e+00
-8.000000000000000000e+00
-1.500000000000000000e+01
1.800000000000000000e+01
-9.000000000000000000e+00
-1.300000000000000000e+01
1.800000000000000000e+01
7.000000000000000000e+00
2.300000000000000000e+01
1.800000000000000000e+01
-5.000000000000000000e+00
1.000000000000000000e+00
-9.000000000000000000e+00
1.000000000000000000e+01
9.000000000000000000e+00
-1.000000000000000000e+00
8.000000000000000000e+00
4.000000000000000000e+00
-1.500000000000000000e+01
2.400000000000000000e+01
0.000000000000000000e+00
8.000000000000000000e+00
2.800000000000000000e+01
3.200000000000000000e+01
5.000000000000000000e+00
8.000000000000000000e+00
1.800000000000000000e+01
2.000000000000000000e+01
1.300000000000000000e+01
-1.200000000000000000e+01
-9.000000000000000000e+00
2.500000000000000000e+01
1.300000000000000000e+01
1.100000000000000000e+01
1.400000000000000000e+01
6.000000000000000000e+00
1.800000000000000000e+01
-2.000000000000000000e+01
4.000000000000000000e+00
2.100000000000000000e+01
1.300000000000000000e+01
3.100000000000000000e+01
-8.000000000000000000e+00
3.400000000000000000e+01
-1.700000000000000000e+01
-1.000000000000000000e+00
0.000000000000000000e+00
-1.200000000000000000e+01
3.700000000000000000e+01
1.900000000000000000e+01
1.000000000000000000e+00
2.900000000000000000e+01
1.000000000000000000e+00
2.000000000000000000e+00
4.000000000000000000e+00
2.300000000000000000e+01
7.000000000000000000e+00
9.000000000000000000e+00
-3.000000000000000000e+00
1.000000000000000000e+00
0.000000000000000000e+00
2.900000000000000000e+01
7.000000000000000000e+00
1.400000000000000000e+01
2.700000000000000000e+01
-1.100000000000000000e+01
-3.000000000000000000e+01
-8.000000000000000000e+00
2.400000000000000000e+01
1.000000000000000000e+01
2.700000000000000000e+01
8.000000000000000000e+00
3.900000000000000000e+01
2.500000000000000000e+01
1.800000000000000000e+01
2.500000000000000000e+01
3.700000000000000000e+01
-1.700000000000000000e+01
7.000000000000000000e+00
1.100000000000000000e+01
8.000000000000000000e+00
3.900000000000000000e+01
3.900000000000000000e+01
1.100000000000000000e+01
-1.300000000000000000e+01
-3.000000000000000000e+00
2.900000000000000000e+01
3.200000000000000000e+01
4.000000000000000000e+00
4.000000000000000000e+00
7.000000000000000000e+00
3.500000000000000000e+01
1.600000000000000000e+01
1.400000000000000000e+01
3.000000000000000000e+00
4.600000000000000000e+01
9.000000000000000000e+00
3.000000000000000000e+00
5.000000000000000000e+00
3.400000000000000000e+01
1.800000000000000000e+01
8.000000000000000000e+00
1.000000000000000000e+01
1.600000000000000000e+01
3.500000000000000000e+01
8.000000000000000000e+00
3.500000000000000000e+01
2.500000000000000000e+01
-1.000000000000000000e+00
1.500000000000000000e+01
2.900000000000000000e+01
2.300000000000000000e+01
2.000000000000000000e+00
3.300000000000000000e+01
5.000000000000000000e+00
-1.300000000000000000e+01
2.800000000000000000e+01
1.300000000000000000e+01
1.800000000000000000e+01
3.000000000000000000e+00
6.000000000000000000e+00
2.000000000000000000e+00
2.600000000000000000e+01
2.100000000000000000e+01
1.000000000000000000e+00
7.000000000000000000e+00
-3.000000000000000000e+00
-3.400000000000000000e+01
7.000000000000000000e+00
-1.300000000000000000e+01
-9.000000000000000000e+00
3.300000000000000000e+01
2.700000000000000000e+01
4.600000000000000000e+01
9.000000000000000000e+00
3.300000000000000000e+01
2.000000000000000000e+00
-1.100000000000000000e+01
3.000000000000000000e+01
-1.000000000000000000e+00
2.300000000000000000e+01
6.000000000000000000e+00
9.000000000000000000e+00
3.000000000000000000e+01
1.700000000000000000e+01
3.900000000000000000e+01
2.100000000000000000e+01
4.000000000000000000e+00
3.800000000000000000e+01
0.000000000000000000e+00
2.000000000000000000e+01
-1.800000000000000000e+01
2.700000000000000000e+01
1.900000000000000000e+01
-1.000000000000000000e+01
1.900000000000000000e+01
2.800000000000000000e+01
4.000000000000000000e+00
1.000000000000000000e+01
1.000000000000000000e+00
2.100000000000000000e+01
6.300000000000000000e+01
4.000000000000000000e+01
3.300000000000000000e+01
-8.000000000000000000e+00
1.600000000000000000e+01
4.800000000000000000e+01
6.100000000000000000e+01
3.500000000000000000e+01
5.400000000000000000e+01
3.300000000000000000e+01
2.900000000000000000e+01
2.900000000000000000e+01
1.400000000000000000e+01
5.000000000000000000e+00
3.200000000000000000e+01
-1.000000000000000000e+01
1.000000000000000000e+01
5.100000000000000000e+01
6.200000000000000000e+01
1.200000000000000000e+01
1.500000000000000000e+01
6.700000000000000000e+01
4.100000000000000000e+01
2.900000000000000000e+01
2.800000000000000000e+01
1.700000000000000000e+01
2.300000000000000000e+01
4.000000000000000000e+01
5.000000000000000000e+01
3.700000000000000000e+01
3.300000000000000000e+01
4.500000000000000000e+01
5.800000000000000000e+01
3.200000000000000000e+01
7.600000000000000000e+01
7.300000000000000000e+01
7.200000000000000000e+01
6.200000000000000000e+01
9.300000000000000000e+01
9.700000000000000000e+01
8.400000000000000000e+01
1.120000000000000000e+02
9.500000000000000000e+01
1.430000000000000000e+02
1.580000000000000000e+02
1.400000000000000000e+02
1.250000000000000000e+02
1.460000000000000000e+02
1.350000000000000000e+02
1.740000000000000000e+02
2.110000000000000000e+02
1.910000000000000000e+02
1.930000000000000000e+02
2.410000000000000000e+02
2.580000000000000000e+02
2.680000000000000000e+02
3.200000000000000000e+02
2.750000000000000000e+02
3.490000000000000000e+02
3.690000000000000000e+02
4.320000000000000000e+02
4.160000000000000000e+02
4.960000000000000000e+02
5.390000000000000000e+02
6.120000000000000000e+02
6.370000000000000000e+02
6.960000000000000000e+02
7.680000000000000000e+02
8.050000000000000000e+02
9.100000000000000000e+02
1.006000000000000000e+03
1.090000000000000000e+03
1.201000000000000000e+03
1.297000000000000000e+03
1.324000000000000000e+03
1.423000000000000000e+03
1.503000000000000000e+03
1.660000000000000000e+03
1.718000000000000000e+03
1.830000000000000000e+03
1.924000000000000000e+03
2.065000000000000000e+03
2.136000000000000000e+03
2.189000000000000000e+03
2.369000000000000000e+03
2.401000000000000000e+03
2.503000000000000000e+03
2.636000000000000000e+03
2.699000000000000000e+03
2.699000000000000000e+03
2.713000000000000000e+03
2.874000000000000000e+03
2.903000000000000000e+03
2.921000000000000000e+03
2.992000000000000000e+03
2.953000000000000000e+03
2.971000000000000000e+03
3.009000000000000000e+03
2.935000000000000000e+03
2.925000000000000000e+03
2.833000000000000000e+03
2.794000000000000000e+03
2.733000000000000000e+03
2.721000000000000000e+03
2.677000000000000000e+03
2.555000000000000000e+03
2.553000000000000000e+03
2.439000000000000000e+03
2.428000000000000000e+03
2.270000000000000000e+03
2.142000000000000000e+03
2.098000000000000000e+03
2.004000000000000000e+03
1.891000000000000000e+03
1.754000000000000000e+03
1.642000000000000000e+03
1.523000000000000000e+03
1.452000000000000000e+03
1.353000000000000000e+03
1.313000000000000000e+03
1.157000000000000000e+03
1.086000000000000000e+03
1.025000000000000000e+03
9.400000000000000000e+02
8.480000000000000000e+02
7.470000000000000000e+02
6.520000000000000000e+02
6.560000000000000000e+02
5.530000000000000000e+02
5.240000000000000000e+02
4.360000000000000000e+02
4.050000000000000000e+02
3.670000000000000000e+02
3.040000000000000000e+02
3.380000000000000000e+02
2.490000000000000000e+02
2.220000000000000000e+02
2.110000000000000000e+02
1.900000000000000000e+02
1.590000000000000000e+02
1.260000000000000000e+02
1.220000000000000000e+02
1.070000000000000000e+02
6.000000000000000000e+01
8.500000000000000000e+01
7.800000000000000000e+01
3.800000000000000000e+01
5.400000000000000000e+01
4.400000000000000000e+01
1.300000000000000000e+01
5.900000000000000000e+01
3.600000000000000000e+01
4.000000000000000000e+01
3.700000000000000000e+01
2.600000000000000000e+01
3.800000000000000000e+01
2.100000000000000000e+01
2.200000000000000000e+01
2.000000000000000000e+01
2.800000000000000000e+01
4.600000000000000000e+01
8.000000000000000000e+00
5.000000000000000000e+00
1.800000000000000000e+01
-4.000000000000000000e+00
0.000000000000000000e+00
2.200000000000000000e+01
-6.000000000000000000e+00
1.200000000000000000e+01
8.000000000000000000e+00
4.800000000000000000e+01
-2.000000000000000000e+00
4.800000000000000000e+01
-5.000000000000000000e+00
0.000000000000000000e+00
7.000000000000000000e+00
4.400000000000000000e+01
1.800000000000000000e+01
1.800000000000000000e+01
-4.000000000000000000e+00
2.700000000000000000e+01
-9.000000000000000000e+00
2.800000000000000000e+01
2.200000000000000000e+01
1.200000000000000000e+01
2.700000000000000000e+01
8.000000000000000000e+00
4.200000000000000000e+01
-5.000000000000000000e+00
9.000000000000000000e+00
2.300000000000000000e+01
-1.800000000000000000e+01
2.500000000000000000e+01
2.000000000000000000e+00
5.000000000000000000e+00
2.000000000000000000e+01
1.800000000000000000e+01
2.600000000000000000e+01
2.400000000000000000e+01
1.600000000000000000e+01
1.000000000000000000e+01
-1.200000000000000000e+01
3.700000000000000000e+01
-3.000000000000000000e+00
6.000000000000000000e+00
4.000000000000000000e+00
-1.000000000000000000e+01
3.800000000000000000e+01
-1.600000000000000000e+01
3.400000000000000000e+01
4.600000000000000000e+01
1.500000000000000000e+01
8.000000000000000000e+00
-1.500000000000000000e+01
8.000000000000000000e+00
1.600000000000000000e+01
3.300000000000000000e+01
4.100000000000000000e+01
3.000000000000000000e+00
2.200000000000000000e+01
3.100000000000000000e+01
-9.000000000000000000e+00
7.000000000000000000e+00
1.600000000000000000e+01
-5.000000000000000000e+00
1.000000000000000000e+01
-1.000000000000000000e+00
1.500000000000000000e+01
-7.000000000000000000e+00
7.000000000000000000e+00
-9.000000000000000000e+00
-1.000000000000000000e+01
3.500000000000000000e+01
1.000000000000000000e+01
3.100000000000000000e+01
-1.000000000000000000e+00
8.000000000000000000e+00
2.000000000000000000e+01
2.100000000000000000e+01
3.400000000000000000e+01
4.900000000000000000e+01
7.000000000000000000e+00
7.000000000000000000e+00
-2.000000000000000000e+00
-6.000000000000000000e+00
-1.200000000000000000e+01
-1.800000000000000000e+01
4.200000000000000000e+01
-3.600000000000000000e+01
3.900000000000000000e+01
-9.000000000000000000e+00
2.000000000000000000e+01
3.000000000000000000e+01
7.000000000000000000e+00
-1.000000000000000000e+00
3.200000000000000000e+01
2.100000000000000000e+01
2.500000000000000000e+01
2.000000000000000000e+01
9.000000000000000000e+00
-5.000000000000000000e+00
-1.000000000000000000e+00
3.000000000000000000e+00
1.500000000000000000e+01
0.000000000000000000e+00
3.200000000000000000e+01
-1.000000000000000000e+00
3.500000000000000000e+01
-1.000000000000000000e+01
2.100000000000000000e+01
1.000000000000000000e+01
1.800000000000000000e+01
1.600000000000000000e+01
-7.000000000000000000e+00
1.300000000000000000e+01
-2.000000000000000000e+00
2.400000000000000000e+01
2.000000000000000000e+01
-4.000000000000000000e+00
2.000000000000000000e+00
1.500000000000000000e+01
4.500000000000000000e+01
1.500000000000000000e+01
-1.800000000000000000e+01
-1.600000000000000000e+01
1.400000000000000000e+01
0.000000000000000000e+00
9.000000000000000000e+00
-1.400000000000000000e+01
1.300000000000000000e+01
1.700000000000000000e+01
4.000000000000000000e+00
-1.100000000000000000e+01
1.000000000000000000e+01
2.000000000000000000e+00
8.000000000000000000e+00
1.200000000000000000e+01
2.000000000000000000e+00
1.500000000000000000e+01
1.700000000000000000e+01
-1.500000000000000000e+01
-2.300000000000000000e+01
2.100000000000000000e+01
1.200000000000000000e+01
1.200000000000000000e+01
2.100000000000000000e+01
-5.000000000000000000e+00
8.000000000000000000e+00
1.700000000000000000e+01
-1.900000000000000000e+01
2.600000000000000000e+01
-1.000000000000000000e+01
1.100000000000000000e+01
2.000000000000000000e+00
-1.100000000000000000e+01
1.100000000000000000e+01
-3.000000000000000000e+00
1.100000000000000000e+01
3.300000000000000000e+01
1.100000000000000000e+01
-1.100000000000000000e+01
2.900000000000000000e+01
2.100000000000000000e+01
-1.100000000000000000e+01
1.600000000000000000e+01
3.600000000000000000e+01
1.400000000000000000e+01
2.300000000000000000e+01
8.000000000000000000e+00
2.600000000000000000e+01
1.600000000000000000e+01
-9.000000000000000000e+00
1.000000000000000000e+01
-1.000000000000000000e+00
-1.300000000000000000e+01
3.000000000000000000e+01
4.000000000000000000e+00
6.000000000000000000e+00
-1.500000000000000000e+01
-1.000000000000000000e+00
4.000000000000000000e+00
-1.600000000000000000e+01
-8.000000000000000000e+00
2.900000000000000000e+01
3.100000000000000000e+01
3.000000000000000000e+01
2.300000000000000000e+01
-5.000000000000000000e+00
1.700000000000000000e+01
-7.000000000000000000e+00
1.300000000000000000e+01
-2.000000000000000000e+00
1.500000000000000000e+01
-1.400000000000000000e+01
-1.000000000000000000e+01
1.300000000000000000e+01
1.100000000000000000e+01
1.100000000000000000e+01
-4.000000000000000000e+00
2.400000000000000000e+01
5.000000000000000000e+00
2.300000000000000000e+01
2.000000000000000000e+01
1.400000000000000000e+01
2.000000000000000000e+00
1.400000000000000000e+01
9.000000000000000000e+00
1.300000000000000000e+01
1.300000000000000000e+01
4.000000000000000000e+00
0.000000000000000000e+00
3.000000000000000000e+00
-3.000000000000000000e+00
1.000000000000000000e+01
-3.000000000000000000e+00
1.300000000000000000e+01
0.000000000000000000e+00
-1.000000000000000000e+00
2.000000000000000000e+00
4.000000000000000000e+00
9.000000000000000000e+00
1.500000000000000000e+01
1.900000000000000000e+01
2.600000000000000000e+01
1.000000000000000000e+01
-3.000000000000000000e+00
2.900000000000000000e+01
-1.100000000000000000e+01
1.000000000000000000e+01
1.400000000000000000e+01
1.100000000000000000e+01
5.000000000000000000e+00
-7.000000000000000000e+00
-3.000000000000000000e+00
2.600000000000000000e+01
-2.600000000000000000e+01
4.000000000000000000e+00
3.000000000000000000e+00
0.000000000000000000e+00
1.400000000000000000e+01
4.400000000000000000e+01
2.100000000000000000e+01
-5.000000000000000000e+00
3.200000000000000000e+01
1.400000000000000000e+01
-2.000000000000000000e+00
1.000000000000000000e+00
7.000000000000000000e+00
9.000000000000000000e+00
1.000000000000000000e+01
1.700000000000000000e+01
-1.000000000000000000e+01
1.300000000000000000e+01
7.000000000000000000e+00
-8.000000000000000000e+00
-1.800000000000000000e+01
-1.100000000000000000e+01
1.900000000000000000e+01
1.600000000000000000e+01
-1.700000000000000000e+01
-7.000000000000000000e+00
1.000000000000000000e+00
8.000000000000000000e+00
1.900000000000000000e+01
2.800000000000000000e+01
5.000000000000000000e+00
2.000000000000000000e+00
3.800000000000000000e+01
7.000000000000000000e+00
4.800000000000000000e+01
-1.000000000000000000e+00
-1.400000000000000000e+01
1.000000000000000000e+00
1.200000000000000000e+01
2.500000000000000000e+01
0.000000000000000000e+00
1.400000000000000000e+01
2.800000000000000000e+01
1.800000000000000000e+01
2.100000000000000000e+01
3.000000000000000000e+00
1.300000000000000000e+01
-2.300000000000000000e+01
-5.000000000000000000e+00
3.000000000000000000e+00
-1.900000000000000000e+01
1.800000000000000000e+01
-1.600000000000000000e+01
1.500000000000000000e+01
9.000000000000000000e+00
-1.100000000000000000e+01
2.000000000000000000e+01
7.000000000000000000e+00
3.000000000000000000e+01
2.800000000000000000e+01
-4.000000000000000000e+00
-1.000000000000000000e+01
1.400000000000000000e+01
2.600000000000000000e+01
-9.000000000000000000e+00
-1.900000000000000000e+01
3.500000000000000000e+01
-5.000000000000000000e+00
-3.000000000000000000e+00
-5.000000000000000000e+00
9.000000000000000000e+00
-2.000000000000000000e+01
8.000000000000000000e+00
-2.100000000000000000e+01
3.100000000000000000e+01
-1.000000000000000000e+00
-1.000000000000000000e+00
9.000000000000000000e+00
-3.000000000000000000e+00
5.000000000000000000e+00
-3.000000000000000000e+00
-1.200000000000000000e+01
-1.800000000000000000e+01
9.000000000000000000e+00
3.000000000000000000e+00
-4.000000000000000000e+00
1.200000000000000000e+01
-5.200000000000000000e+01
-1.700000000000000000e+01
0.000000000000000000e+00
2.500000000000000000e+01
-3.000000000000000000e+00
-1.500000000000000000e+01
-1.100000000000000000e+01
-1.000000000000000000e+00
-1.500000000000000000e+01
3.800000000000000000e+01
-3.000000000000000000e+00
2.500000000000000000e+01
3.000000000000000000e+00
2.200000000000000000e+01
-1.300000000000000000e+01
9.000000000000000000e+00
9.000000000000000000e+00
1.100000000000000000e+01
8.000000000000000000e+00
-2.100000000000000000e+01
-1.200000000000000000e+01
1.600000000000000000e+01
4.000000000000000000e+00
-2.200000000000000000e+01
-1.240000000000000000e+02
-7.000000000000000000e+00
6.000000000000000000e+00
-4.000000000000000000e+00
1.500000000000000000e+01
-1.000000000000000000e+01
-1.000000000000000000e+00
-1.500000000000000000e+01
-9.000000000000000000e+00
-1.000000000000000000e+01
8.000000000000000000e+00
8.000000000000000000e+00
1.800000000000000000e+01
-2.100000000000000000e+01
-2.600000000000000000e+01
-7.000000000000000000e+00
-9.000000000000000000e+00
2.200000000000000000e+01
1.500000000000000000e+01
5.000000000000000000e+00
0.000000000000000000e+00
-1.000000000000000000e+00
1.100000000000000000e+01
1.100000000000000000e+01
5.000000000000000000e+00
-4.000000000000000000e+00
-1.800000000000000000e+01
2.200000000000000000e+01
7.000000000000000000e+00
9.000000000000000000e+00
-9.000000000000000000e+00
1.000000000000000000e+01
1.100000000000000000e+01
3.800000000000000000e+01
2.000000000000000000e+00
9.000000000000000000e+00
-2.900000000000000000e+01
-8.000000000000000000e+00
2.600000000000000000e+01
7.000000000000000000e+00
-1.800000000000000000e+01
-2.000000000000000000e+00
9.000000000000000000e+00
1.200000000000000000e+01
0.000000000000000000e+00
-1.100000000000000000e+01
-2.000000000000000000e+00
5.000000000000000000e+00
-1.000000000000000000e+00
2.000000000000000000e+01
-6.000000000000000000e+00
-1.000000000000000000e+00
1.400000000000000000e+01
-1.000000000000000000e+01
3.700000000000000000e+01
-1.200000000000000000e+01
1.300000000000000000e+01
-6.000000000000000000e+00
8.000000000000000000e+00
-1.000000000000000000e+00
2.200000000000000000e+01
-2.000000000000000000e+00
2.400000000000000000e+01
-1.000000000000000000e+00
4.000000000000000000e+00
-3.800000000000000000e+01
-1.300000000000000000e+01
-3.000000000000000000e+00
3.100000000000000000e+01
-2.900000000000000000e+01
-3.000000000000000000e+00
-2.300000000000000000e+01
1.000000000000000000e+00
2.200000000000000000e+01
-1.500000000000000000e+01
4.000000000000000000e+00
5.000000000000000000e+00
-1.700000000000000000e+01
-3.000000000000000000e+00
2.100000000000000000e+01
2.700000000000000000e+01
-2.000000000000000000e+00
6.000000000000000000e+00
-7.000000000000000000e+00
2.700000000000000000e+01
-3.000000000000000000e+00
5.000000000000000000e+00
8.000000000000000000e+00
-1.000000000000000000e+01
2.000000000000000000e+00
2.000000000000000000e+00
-2.000000000000000000e+00
1.100000000000000000e+01
-1.300000000000000000e+01
-2.000000000000000000e+00
-9.000000000000000000e+00
-7.000000000000000000e+00
8.000000000000000000e+00
-2.600000000000000000e+01
-4.400000000000000000e+01
2.600000000000000000e+01
1.400000000000000000e+01
1.200000000000000000e+01
1.500000000000000000e+01
1.100000000000000000e+01
2.400000000000000000e+01
-2.400000000000000000e+01
-4.000000000000000000e+00
-1.300000000000000000e+01
8.000000000000000000e+00
3.000000000000000000e+01
-7.000000000000000000e+00
2.000000000000000000e+00
2.400000000000000000e+01
-1.900000000000000000e+01
0.000000000000000000e+00
1.100000000000000000e+01
7.000000000000000000e+00
1.600000000000000000e+01
3.000000000000000000e+00
-9.000000000000000000e+00
4.000000000000000000e+00
-9.000000000000000000e+00
1.200000000000000000e+01
-4.000000000000000000e+00
1.300000000000000000e+01
-1.600000000000000000e+01
-1.200000000000000000e+01
6.000000000000000000e+00
-2.300000000000000000e+01
-1.000000000000000000e+01
1.000000000000000000e+00
-5.000000000000000000e+00
7.000000000000000000e+00
5.000000000000000000e+00
-1.900000000000000000e+01
-1.600000000000000000e+01
1.800000000000000000e+01
-6.000000000000000000e+00
-2.000000000000000000e+00
-1.300000000000000000e+01
1.000000000000000000e+01
-6.000000000000000000e+00
-3.800000000000000000e+01
-5.000000000000000000e+00
0.000000000000000000e+00
-1.500000000000000000e+01
3.000000000000000000e+01
-6.000000000000000000e+00
1.500000000000000000e+01
-2.400000000000000000e+01
1.400000000000000000e+01
-2.400000000000000000e+01
3.200000000000000000e+01
9.000000000000000000e+00
2.600000000000000000e+01
1.900000000000000000e+01
-5.000000000000000000e+00
3.300000000000000000e+01
0.000000000000000000e+00
1.000000000000000000e+00
-1.100000000000000000e+01
-5.000000000000000000e+00
2.000000000000000000e+00
1.000000000000000000e+00
-7.000000000000000000e+00
-3.000000000000000000e+00
1.100000000000000000e+01
4.300000000000000000e+01
9.000000000000000000e+00
-8.000000000000000000e+00
-1.200000000000000000e+01
4.000000000000000000e+00
-1.800000000000000000e+01
-1.200000000000000000e+01
7.000000000000000000e+00
-1.500000000000000000e+01
8.000000000000000000e+00
3.000000000000000000e+00
-2.500000000000000000e+01
-1.000000000000000000e+00
-2.200000000000000000e+01
-5.000000000000000000e+00
-1.700000000000000000e+01
-5.000000000000000000e+00
-1.300000000000000000e+01
9.000000000000000000e+00
-8.000000000000000000e+00
1.400000000000000000e+01
2.000000000000000000e+00
1.600000000000000000e+01
2.000000000000000000e+01
-9.000000000000000000e+00
-2.500000000000000000e+01
-1.200000000000000000e+01
1.100000000000000000e+01
-3.500000000000000000e+01
2.000000000000000000e+00
1.600000000000000000e+01
-2.600000000000000000e+01
0.000000000000000000e+00
-9.000000000000000000e+00
-2.800000000000000000e+01
-2.200000000000000000e+01
2.000000000000000000e+01
1.800000000000000000e+01
-2.000000000000000000e+01
1.200000000000000000e+01
1.000000000000000000e+00
2.000000000000000000e+00
1.600000000000000000e+01
-3.500000000000000000e+01
1.100000000000000000e+01
2.400000000000000000e+01
8.000000000000000000e+00
-6.000000000000000000e+00
3.000000000000000000e+00
2.800000000000000000e+01
4.000000000000000000e+00
2.600000000000000000e+01
-1.700000000000000000e+01
-7.000000000000000000e+00
1.800000000000000000e+01
-1.400000000000000000e+01
9.000000000000000000e+00
-1.100000000000000000e+01
-2.000000000000000000e+00
1.000000000000000000e+01
3.100000000000000000e+01
1.000000000000000000e+00
1.000000000000000000e+00
-4.000000000000000000e+00
-4.000000000000000000e+00
-4.000000000000000000e+00
-9.000000000000000000e+00
-2.200000000000000000e+01
2.100000000000000000e+01
1.900000000000000000e+01
-3.200000000000000000e+01
0.000000000000000000e+00
5.000000000000000000e+00
3.000000000000000000e+00
-6.000000000000000000e+00
-1.500000000000000000e+01
1.600000000000000000e+01
-4.000000000000000000e+00
9.000000000000000000e+00
-2.100000000000000000e+01
-3.000000000000000000e+00
1.600000000000000000e+01
-6.000000000000000000e+00
-1.000000000000000000e+00
8.000000000000000000e+00
2.000000000000000000e+00
-9.000000000000000000e+00
-1.100000000000000000e+01
-2.000000000000000000e+00
1.500000000000000000e+01
5.000000000000000000e+00
-1.000000000000000000e+00
8.000000000000000000e+00
1.500000000000000000e+01
9.000000000000000000e+00
1.200000000000000000e+01
6.000000000000000000e+00
-6.000000000000000000e+00
-1.700000000000000000e+01
7.000000000000000000e+00
-1.000000000000000000e+00
-1.000000000000000000e+01
4.000000000000000000e+00
6.000000000000000000e+00
-8.000000000000000000e+00
8.000000000000000000e+00
1.000000000000000000e+00
2.100000000000000000e+01
7.000000000000000000e+00
2.000000000000000000e+00
3.300000000000000000e+01
-9.000000000000000000e+00
1.800000000000000000e+01
-7.000000000000000000e+00
-2.000000000000000000e+00
0.000000000000000000e+00
-4.000000000000000000e+00
2.100000000000000000e+01
2.000000000000000000e+00
-1.600000000000000000e+01
1.000000000000000000e+00
-3.000000000000000000e+00
7.000000000000000000e+00
-4.000000000000000000e+00
-5.000000000000000000e+00
-6.000000000000000000e+00
2.000000000000000000e+00
-1.200000000000000000e+01
9.000000000000000000e+00
-9.000000000000000000e+00
1.300000000000000000e+01
2.400000000000000000e+01
-7.000000000000000000e+00
2.000000000000000000e+01
-4.000000000000000000e+00
-1.500000000000000000e+01
1.600000000000000000e+01
-1.200000000000000000e+01
2.600000000000000000e+01
-8.000000000000000000e+00
-9.000000000000000000e+00
1.600000000000000000e+01
1.000000000000000000e+00
-4.000000000000000000e+00
1.700000000000000000e+01
-3.100000000000000000e+01
1.300000000000000000e+01
3.200000000000000000e+01
-1.800000000000000000e+01
-1.000000000000000000e+00
-1.500000000000000000e+01
-1.400000000000000000e+01
-8.000000000000000000e+00
9.000000000000000000e+00
-2.400000000000000000e+01
6.000000000000000000e+00
0.000000000000000000e+00
-2.000000000000000000e+00
-1.100000000000000000e+01
-8.000000000000000000e+00
-1.400000000000000000e+01
2.600000000000000000e+01
6.000000000000000000e+00
2.000000000000000000e+00
-7.000000000000000000e+00
-1.000000000000000000e+00
-2.900000000000000000e+01
9.000000000000000000e+00
-1.000000000000000000e+01
-3.400000000000000000e+01
-2.200000000000000000e+01
2.100000000000000000e+01
-4.000000000000000000e+01
1.400000000000000000e+01
-1.700000000000000000e+01
2.700000000000000000e+01
9.000000000000000000e+00
1.600000000000000000e+01
1.000000000000000000e+01
2.900000000000000000e+01
5.000000000000000000e+00
8.000000000000000000e+00
-9.000000000000000000e+00
-3.000000000000000000e+00
1.400000000000000000e+01
-1.000000000000000000e+00
-2.600000000000000000e+01
1.100000000000000000e+01
-3.100000000000000000e+01
-6.000000000000000000e+00
-2.000000000000000000e+00
-9.000000000000000000e+00
-3.000000000000000000e+00
3.000000000000000000e+00
-1.400000000000000000e+01
-3.000000000000000000e+00
-1.300000000000000000e+01
1.400000000000000000e+01
3.900000000000000000e+01
1.300000000000000000e+01
1.300000000000000000e+01
-1.600000000000000000e+01
1.800000000000000000e+01
-2.000000000000000000e+00
-2.100000000000000000e+01
2.100000000000000000e+01
1.100000000000000000e+01
-1.700000000000000000e+01
0.000000000000000000e+00
1.100000000000000000e+01
6.000000000000000000e+00
8.000000000000000000e+00
1.600000000000000000e+01
0.000000000000000000e+00
-1.000000000000000000e+01
1.000000000000000000e+01
1.700000000000000000e+01
-7.000000000000000000e+00
2.000000000000000000e+00
2.200000000000000000e+01
-8.000000000000000000e+00
1.500000000000000000e+01
0.000000000000000000e+00
-8.000000000000000000e+00
-1.200000000000000000e+01
-9.000000000000000000e+00
3.000000000000000000e+00
1.400000000000000000e+01
2.700000000000000000e+01
2.700000000000000000e+01
1.700000000000000000e+01
2.700000000000000000e+01
1.100000000000000000e+01
1.500000000000000000e+01
3.000000000000000000e+00
-2.700000000000000000e+01
-4.000000000000000000e+00
1.100000000000000000e+01
-2.000000000000000000e+00
3.000000000000000000e+01
4.000000000000000000e+00
1.200000000000000000e+01
5.200000000000000000e+01
2.600000000000000000e+01
3.500000000000000000e+01
4.600000000000000000e+01
3.300000000000000000e+01
5.300000000000000000e+01
3.200000000000000000e+01
6.300000000000000000e+01
3.000000000000000000e+01
4.400000000000000000e+01
6.900000000000000000e+01
8.100000000000000000e+01
4.700000000000000000e+01
7.900000000000000000e+01
5.800000000000000000e+01
5.700000000000000000e+01
8.900000000000000000e+01
1.070000000000000000e+02
5.800000000000000000e+01
8.500000000000000000e+01
7.700000000000000000e+01
1.120000000000000000e+02
1.050000000000000000e+02
9.400000000000000000e+01
1.100000000000000000e+02
1.260000000000000000e+02
1.140000000000000000e+02
1.430000000000000000e+02
1.460000000000000000e+02
1.530000000000000000e+02
1.550000000000000000e+02
1.520000000000000000e+02
1.910000000000000000e+02
1.630000000000000000e+02
1.730000000000000000e+02
2.220000000000000000e+02
2.500000000000000000e+02
2.170000000000000000e+02
2.660000000000000000e+02
2.510000000000000000e+02
2.790000000000000000e+02
2.970000000000000000e+02
3.380000000000000000e+02
3.330000000000000000e+02
3.680000000000000000e+02
4.250000000000000000e+02
4.460000000000000000e+02
4.020000000000000000e+02
4.200000000000000000e+02
4.620000000000000000e+02
4.830000000000000000e+02
4.920000000000000000e+02
4.790000000000000000e+02
5.170000000000000000e+02
4.920000000000000000e+02
5.270000000000000000e+02
5.900000000000000000e+02
6.110000000000000000e+02
6.480000000000000000e+02
6.590000000000000000e+02
6.760000000000000000e+02
7.180000000000000000e+02
7.600000000000000000e+02
7.800000000000000000e+02
7.880000000000000000e+02
8.680000000000000000e+02
8.650000000000000000e+02
8.960000000000000000e+02
8.970000000000000000e+02
9.610000000000000000e+02
9.940000000000000000e+02
1.020000000000000000e+03
1.049000000000000000e+03
1.050000000000000000e+03
1.062000000000000000e+03
1.105000000000000000e+03
1.127000000000000000e+03
1.180000000000000000e+03
1.128000000000000000e+03
1.183000000000000000e+03
1.219000000000000000e+03
1.200000000000000000e+03
1.284000000000000000e+03
1.303000000000000000e+03
1.287000000000000000e+03
1.316000000000000000e+03
1.329000000000000000e+03
1.388000000000000000e+03
1.363000000000000000e+03
1.401000000000000000e+03
1.459000000000000000e+03
1.440000000000000000e+03
1.458000000000000000e+03
1.491000000000000000e+03
1.450000000000000000e+03
1.508000000000000000e+03
1.554000000000000000e+03
1.536000000000000000e+03
1.559000000000000000e+03
1.592000000000000000e+03
1.599000000000000000e+03
1.560000000000000000e+03
1.607000000000000000e+03
1.642000000000000000e+03
1.661000000000000000e+03
1.659000000000000000e+03
1.642000000000000000e+03
1.634000000000000000e+03
1.681000000000000000e+03
1.642000000000000000e+03
1.642000000000000000e+03
1.621000000000000000e+03
1.588000000000000000e+03
1.593000000000000000e+03
1.563000000000000000e+03
1.514000000000000000e+03
1.495000000000000000e+03
1.547000000000000000e+03
1.463000000000000000e+03
1.441000000000000000e+03
1.415000000000000000e+03
1.446000000000000000e+03
1.430000000000000000e+03
1.409000000000000000e+03
1.359000000000000000e+03
1.314000000000000000e+03
1.314000000000000000e+03
1.328000000000000000e+03
1.328000000000000000e+03
1.322000000000000000e+03
1.390000000000000000e+03
1.292000000000000000e+03
1.265000000000000000e+03
1.278000000000000000e+03
1.243000000000000000e+03
1.197000000000000000e+03
1.213000000000000000e+03
1.192000000000000000e+03
1.188000000000000000e+03
1.143000000000000000e+03
1.106000000000000000e+03
1.090000000000000000e+03
1.057000000000000000e+03
1.059000000000000000e+03
1.035000000000000000e+03
1.009000000000000000e+03
9.450000000000000000e+02
9.220000000000000000e+02
8.750000000000000000e+02
8.430000000000000000e+02
8.230000000000000000e+02
8.050000000000000000e+02
7.940000000000000000e+02
7.580000000000000000e+02
7.160000000000000000e+02
7.050000000000000000e+02
6.990000000000000000e+02
7.000000000000000000e+02
6.520000000000000000e+02
6.450000000000000000e+02
6.300000000000000000e+02
6.410000000000000000e+02
5.570000000000000000e+02
5.540000000000000000e+02
5.660000000000000000e+02
5.330000000000000000e+02
5.450000000000000000e+02
4.440000000000000000e+02
4.820000000000000000e+02
4.360000000000000000e+02
4.490000000000000000e+02
4.100000000000000000e+02
3.820000000000000000e+02
3.910000000000000000e+02
3.380000000000000000e+02
3.570000000000000000e+02
3.550000000000000000e+02
2.860000000000000000e+02
3.200000000000000000e+02
2.740000000000000000e+02
2.700000000000000000e+02
2.850000000000000000e+02
2.500000000000000000e+02
2.680000000000000000e+02
2.190000000000000000e+02
2.320000000000000000e+02
2.000000000000000000e+02
1.710000000000000000e+02
1.990000000000000000e+02
1.650000000000000000e+02
1.760000000000000000e+02
1.680000000000000000e+02
1.560000000000000000e+02
1.730000000000000000e+02
1.420000000000000000e+02
1.400000000000000000e+02
1.270000000000000000e+02
1.250000000000000000e+02
1.400000000000000000e+02
9.900000000000000000e+01
9.600000000000000000e+01
1.140000000000000000e+02
1.060000000000000000e+02
6.700000000000000000e+01
8.700000000000000000e+01
9.700000000000000000e+01
9.800000000000000000e+01
7.900000000000000000e+01
8.800000000000000000e+01
8.900000000000000000e+01
5.900000000000000000e+01
4.500000000000000000e+01
6.700000000000000000e+01
3.000000000000000000e+01
3.400000000000000000e+01
9.000000000000000000e+00
4.200000000000000000e+01
5.000000000000000000e+00
1.500000000000000000e+01
2.100000000000000000e+01
5.500000000000000000e+01
2.500000000000000000e+01
8.000000000000000000e+00
3.600000000000000000e+01
3.700000000000000000e+01
1.200000000000000000e+01
-3.000000000000000000e+01
2.800000000000000000e+01
2.000000000000000000e+01
-1.000000000000000000e+00
1.100000000000000000e+01
1.100000000000000000e+01
9.000000000000000000e+00
4.100000000000000000e+01
2.000000000000000000e+01
-8.000000000000000000e+00
1.300000000000000000e+01
1.000000000000000000e+00
1.400000000000000000e+01
7.000000000000000000e+00
1.300000000000000000e+01
2.000000000000000000e+01
-2.000000000000000000e+00
1.300000000000000000e+01
1.100000000000000000e+01
-4.000000000000000000e+00
1.700000000000000000e+01
-7.000000000000000000e+00
2.500000000000000000e+01
1.800000000000000000e+01
1.600000000000000000e+01
3.000000000000000000e+00
-4.000000000000000000e+00
8.000000000000000000e+00
2.200000000000000000e+01
2.000000000000000000e+00
2.800000000000000000e+01
2.000000000000000000e+01
-1.000000000000000000e+00
2.100000000000000000e+01
2.100000000000000000e+01
2.000000000000000000e+00
1.700000000000000000e+01
2.800000000000000000e+01
6.000000000000000000e+00
1.000000000000000000e+01
-1.000000000000000000e+01
-1.200000000000000000e+01
-2.300000000000000000e+01
-4.000000000000000000e+00
-1.100000000000000000e+01
-2.300000000000000000e+01
-7.000000000000000000e+00
1.400000000000000000e+01
-2.800000000000000000e+01
-8.000000000000000000e+00
2.200000000000000000e+01
4.000000000000000000e+01
1.700000000000000000e+01
2.000000000000000000e+00
0.000000000000000000e+00
-3.000000000000000000e+00
-8.000000000000000000e+00
-3.000000000000000000e+00
-5.000000000000000000e+00
0.000000000000000000e+00
1.000000000000000000e+01
7.000000000000000000e+00
1.100000000000000000e+01
-2.100000000000000000e+01
1.000000000000000000e+00
-1.200000000000000000e+01
-4.000000000000000000e+00
-7.000000000000000000e+00
-3.600000000000000000e+01
2.000000000000000000e+00
4.000000000000000000e+00
-2.000000000000000000e+00
-1.300000000000000000e+01
-1.000000000000000000e+00
-1.200000000000000000e+01
1.300000000000000000e+01
0.000000000000000000e+00
-2.300000000000000000e+01
6.000000000000000000e+00
2.000000000000000000e+00
-1.300000000000000000e+01
-1.800000000000000000e+01
1.600000000000000000e+01
1.000000000000000000e+00
7.000000000000000000e+00
-2.000000000000000000e+00
2.000000000000000000e+00
