-1.000000000000000000e+00
0.000000000000000000e+00
3.000000000000000000e+00
1.000000000000000000e+00
-3.100000000000000000e+01
-8.000000000000000000e+00
-9.000000000000000000e+00
0.000000000000000000e+00
-1.000000000000000000e+00
-1.800000000000000000e+01
-1.000000000000000000e+00
2.000000000000000000e+01
-2.700000000000000000e+01
5.000000000000000000e+00
9.000000000000000000e+00
-8.000000000000000000e+00
1.100000000000000000e+01
-1.900000000000000000e+01
2.000000000000000000e+00
-1.300000000000000000e+01
-2.000000000000000000e+00
1.300000000000000000e+01
5.000000000000000000e+00
1.200000000000000000e+01
-3.300000000000000000e+01
-1.300000000000000000e+01
1.300000000000000000e+01
2.500000000000000000e+01
8.000000000000000000e+00
4.000000000000000000e+00
-4.400000000000000000e+01
1.300000000000000000e+01
2.700000000000000000e+01
-3.900000000000000000e+01
-3.000000000000000000e+00
5.000000000000000000e+00
9.000000000000000000e+00
0.000000000000000000e+00
1.000000000000000000e+00
2.000000000000000000e+00
1.100000000000000000e+01
-3.300000000000000000e+01
-6.000000000000000000e+00
1.500000000000000000e+01
4.200000000000000000e+01
0.000000000000000000e+00
-1.200000000000000000e+01
-1.900000000000000000e+01
-2.200000000000000000e+01
0.000000000000000000e+00
0.000000000000000000e+00
1.900000000000000000e+01
-5.000000000000000000e+01
3.000000000000000000e+00
-4.700000000000000000e+01
5.000000000000000000e+00
-1.200000000000000000e+01
-4.000000000000000000e+01
9.000000000000000000e+00
-1.000000000000000000e+00
2.300000000000000000e+01
2.100000000000000000e+01
-3.200000000000000000e+01
1.400000000000000000e+01
0.000000000000000000e+00
-1.800000000000000000e+01
1.000000000000000000e+01
1.600000000000000000e+01
-3.200000000000000000e+01
-1.100000000000000000e+01
9.000000000000000000e+00
-7.000000000000000000e+00
-2.000000000000000000e+00
1.000000000000000000e+00
-9.000000000000000000e+00
1.400000000000000000e+01
3.000000000000000000e+00
4.000000000000000000e+00
1.000000000000000000e+01
2.200000000000000000e+01
-1.400000000000000000e+01
2.000000000000000000e+01
-6.000000000000000000e+00
4.000000000000000000e+00
4.000000000000000000e+00
-3.200000000000000000e+01
-3.500000000000000000e+01
-6.000000000000000000e+00
-1.500000000000000000e+01
-1.000000000000000000e+00
1.800000000000000000e+01
9.000000000000000000e+00
-1.600000000000000000e+01
-4.000000000000000000e+00
-1.000000000000000000e+00
4.000000000000000000e+00
-7.000000000000000000e+00
1.000000000000000000e+01
7.000000000000000000e+00
1.000000000000000000e+01
-1.900000000000000000e+01
-2.900000000000000000e+01
-3.000000000000000000e+00
-4.900000000000000000e+01
-2.900000000000000000e+01
1.900000000000000000e+01
-3.200000000000000000e+01
3.000000000000000000e+01
-1.800000000000000000e+01
-4.000000000000000000e+00
2.500000000000000000e+01
4.500000000000000000e+01
-1.200000000000000000e+01
1.900000000000000000e+01
5.000000000000000000e+00
4.000000000000000000e+00
-8.000000000000000000e+00
1.000000000000000000e+01
1.000000000000000000e+01
-3.800000000000000000e+01
-1.000000000000000000e+01
-1.200000000000000000e+01
-5.000000000000000000e+00
-1.300000000000000000e+01
3.000000000000000000e+00
-5.000000000000000000e+00
0.000000000000000000e+00
-8.000000000000000000e+00
-2.700000000000000000e+01
1.000000000000000000e+01
-3.200000000000000000e+01
3.000000000000000000e+00
7.000000000000000000e+00
6.000000000000000000e+00
-1.000000000000000000e+00
3.000000000000000000e+00
-3.600000000000000000e+01
2.500000000000000000e+01
3.000000000000000000e+00
2.100000000000000000e+01
-6.000000000000000000e+00
8.000000000000000000e+00
-2.700000000000000000e+01
-1.000000000000000000e+01
-1.100000000000000000e+01
1.900000000000000000e+01
-2.000000000000000000e+00
-1.100000000000000000e+01
1.500000000000000000e+01
1.000000000000000000e+00
-2.000000000000000000e+01
2.700000000000000000e+01
-3.000000000000000000e+00
2.600000000000000000e+01
-9.000000000000000000e+00
-2.600000000000000000e+01
1.900000000000000000e+01
2.300000000000000000e+01
-2.200000000000000000e+01
1.200000000000000000e+01
4.000000000000000000e+00
1.700000000000000000e+01
-1.400000000000000000e+01
2.000000000000000000e+00
6.000000000000000000e+00
-1.500000000000000000e+01
-1.800000000000000000e+01
3.000000000000000000e+00
-2.200000000000000000e+01
0.000000000000000000e+00
1.800000000000000000e+01
1.000000000000000000e+01
6.000000000000000000e+00
1.300000000000000000e+01
-9.000000000000000000e+00
-2.800000000000000000e+01
-1.600000000000000000e+01
-1.400000000000000000e+01
1.100000000000000000e+01
1.200000000000000000e+01
-1.200000000000000000e+01
4.000000000000000000e+00
4.000000000000000000e+00
1.400000000000000000e+01
2.000000000000000000e+00
-1.500000000000000000e+01
3.000000000000000000e+00
-8.000000000000000000e+00
-7.000000000000000000e+00
4.000000000000000000e+00
-4.000000000000000000e+01
1.000000000000000000e+00
3.100000000000000000e+01
-2.800000000000000000e+01
-6.000000000000000000e+00
-3.500000000000000000e+01
1.500000000000000000e+01
3.000000000000000000e+01
1.000000000000000000e+01
1.400000000000000000e+01
-1.500000000000000000e+01
-7.000000000000000000e+00
-2.000000000000000000e+01
-7.000000000000000000e+00
-3.500000000000000000e+01
-9.000000000000000000e+00
1.600000000000000000e+01
-9.000000000000000000e+00
2.400000000000000000e+01
-4.000000000000000000e+00
3.000000000000000000e+00
-2.000000000000000000e+00
-7.000000000000000000e+00
1.200000000000000000e+01
6.000000000000000000e+00
3.900000000000000000e+01
-2.800000000000000000e+01
-8.000000000000000000e+00
-2.000000000000000000e+01
-1.400000000000000000e+01
-3.000000000000000000e+00
-3.000000000000000000e+00
1.000000000000000000e+00
1.200000000000000000e+01
1.700000000000000000e+01
-2.700000000000000000e+01
-1.100000000000000000e+01
1.600000000000000000e+01
-2.100000000000000000e+01
-1.100000000000000000e+01
-1.600000000000000000e+01
-7.000000000000000000e+00
1.800000000000000000e+01
0.000000000000000000e+00
-5.000000000000000000e+00
-2.100000000000000000e+01
-8.000000000000000000e+00
-2.600000000000000000e+01
-1.500000000000000000e+01
-2.200000000000000000e+01
1.200000000000000000e+01
0.000000000000000000e+00
4.000000000000000000e+00
4.000000000000000000e+00
-1.100000000000000000e+01
1.500000000000000000e+01
0.000000000000000000e+00
-3.000000000000000000e+01
-5.000000000000000000e+00
2.700000000000000000e+01
0.000000000000000000e+00
4.000000000000000000e+00
-2.100000000000000000e+01
-2.900000000000000000e+01
-7.000000000000000000e+00
-2.000000000000000000e+00
3.000000000000000000e+00
-1.300000000000000000e+01
-7.000000000000000000e+00
2.700000000000000000e+01
0.000000000000000000e+00
-2.700000000000000000e+01
1.200000000000000000e+01
-9.000000000000000000e+00
2.600000000000000000e+01
-3.000000000000000000e+00
7.000000000000000000e+00
1.300000000000000000e+01
-2.000000000000000000e+00
-2.500000000000000000e+01
1.000000000000000000e+00
-6.000000000000000000e+00
-8.000000000000000000e+00
7.000000000000000000e+00
-2.000000000000000000e+00
1.400000000000000000e+01
9.000000000000000000e+00
1.400000000000000000e+01
-1.800000000000000000e+01
1.100000000000000000e+01
-1.200000000000000000e+01
6.000000000000000000e+00
-1.500000000000000000e+01
-2.000000000000000000e+01
5.000000000000000000e+00
3.900000000000000000e+01
2.000000000000000000e+00
-1.400000000000000000e+01
9.000000000000000000e+00
4.000000000000000000e+00
0.000000000000000000e+00
-2.000000000000000000e+00
-1.800000000000000000e+01
-9.000000000000000000e+00
-3.800000000000000000e+01
-1.700000000000000000e+01
5.000000000000000000e+00
1.700000000000000000e+01
-2.600000000000000000e+01
2.200000000000000000e+01
-7.000000000000000000e+00
1.600000000000000000e+01
-3.700000000000000000e+01
3.000000000000000000e+00
-7.000000000000000000e+00
0.000000000000000000e+00
-8.000000000000000000e+00
5.000000000000000000e+00
-1.600000000000000000e+01
-9.000000000000000000e+00
-6.000000000000000000e+00
-2.000000000000000000e+01
-1.600000000000000000e+01
8.000000000000000000e+00
-4.100000000000000000e+01
-1.200000000000000000e+01
-4.000000000000000000e+00
8.000000000000000000e+00
2.700000000000000000e+01
2.000000000000000000e+01
1.000000000000000000e+00
-1.800000000000000000e+01
-7.000000000000000000e+00
2.100000000000000000e+01
-1.500000000000000000e+01
3.300000000000000000e+01
3.000000000000000000e+00
-3.000000000000000000e+00
1.800000000000000000e+01
-2.000000000000000000e+00
2.000000000000000000e+00
-1.300000000000000000e+01
-1.700000000000000000e+01
-3.000000000000000000e+01
-8.000000000000000000e+00
4.000000000000000000e+00
9.000000000000000000e+00
1.900000000000000000e+01
-1.000000000000000000e+01
-4.000000000000000000e+00
4.000000000000000000e+00
2.000000000000000000e+00
1.300000000000000000e+01
-1.600000000000000000e+01
-1.900000000000000000e+01
-1.000000000000000000e+01
-9.000000000000000000e+00
5.000000000000000000e+00
-1.900000000000000000e+01
-5.000000000000000000e+00
-1.200000000000000000e+01
-1.500000000000000000e+01
-2.900000000000000000e+01
-4.000000000000000000e+00
6.000000000000000000e+00
-1.000000000000000000e+01
-5.000000000000000000e+00
1.100000000000000000e+01
2.400000000000000000e+01
-1.300000000000000000e+01
1.100000000000000000e+01
1.000000000000000000e+00
-3.100000000000000000e+01
2.000000000000000000e+00
-3.100000000000000000e+01
-2.000000000000000000e+00
-2.200000000000000000e+01
-1.400000000000000000e+01
5.000000000000000000e+00
-1.100000000000000000e+01
-1.000000000000000000e+00
1.700000000000000000e+01
-1.000000000000000000e+01
-3.100000000000000000e+01
-1.900000000000000000e+01
-1.800000000000000000e+01
-3.200000000000000000e+01
9.000000000000000000e+00
2.300000000000000000e+01
-8.000000000000000000e+00
9.000000000000000000e+00
2.000000000000000000e+00
2.600000000000000000e+01
-1.400000000000000000e+01
-1.500000000000000000e+01
1.700000000000000000e+01
1.600000000000000000e+01
1.700000000000000000e+01
1.000000000000000000e+01
0.000000000000000000e+00
-9.000000000000000000e+00
1.200000000000000000e+01
6.000000000000000000e+00
8.000000000000000000e+00
2.600000000000000000e+01
-1.300000000000000000e+01
-5.000000000000000000e+00
3.600000000000000000e+01
3.000000000000000000e+01
2.400000000000000000e+01
7.000000000000000000e+00
-1.300000000000000000e+01
-3.500000000000000000e+01
3.000000000000000000e+00
-1.600000000000000000e+01
-6.000000000000000000e+00
-1.700000000000000000e+01
-1.400000000000000000e+01
3.000000000000000000e+00
2.100000000000000000e+01
-2.100000000000000000e+01
-1.900000000000000000e+01
2.000000000000000000e+00
-8.000000000000000000e+00
7.000000000000000000e+00
1.700000000000000000e+01
2.000000000000000000e+01
-2.200000000000000000e+01
-6.000000000000000000e+00
-1.600000000000000000e+01
2.000000000000000000e+00
-1.500000000000000000e+01
1.800000000000000000e+01
-1.300000000000000000e+01
9.000000000000000000e+00
-7.000000000000000000e+00
-1.100000000000000000e+01
2.000000000000000000e+00
2.700000000000000000e+01
-3.000000000000000000e+00
-1.000000000000000000e+00
1.600000000000000000e+01
2.200000000000000000e+01
-9.000000000000000000e+00
3.000000000000000000e+00
-2.100000000000000000e+01
-1.000000000000000000e+01
-1.000000000000000000e+00
-3.000000000000000000e+01
2.700000000000000000e+01
5.000000000000000000e+00
9.000000000000000000e+00
2.200000000000000000e+01
-3.000000000000000000e+00
2.100000000000000000e+01
-2.200000000000000000e+01
-5.000000000000000000e+00
-1.600000000000000000e+01
5.000000000000000000e+00
0.000000000000000000e+00
1.000000000000000000e+00
1.700000000000000000e+01
1.000000000000000000e+00
3.000000000000000000e+00
6.000000000000000000e+00
-1.700000000000000000e+01
7.000000000000000000e+00
-1.000000000000000000e+00
-3.000000000000000000e+00
-6.000000000000000000e+00
7.000000000000000000e+00
3.000000000000000000e+00
-2.000000000000000000e+00
0.000000000000000000e+00
2.000000000000000000e+00
2.000000000000000000e+00
-1.900000000000000000e+01
9.000000000000000000e+00
0.000000000000000000e+00
-1.500000000000000000e+01
-1.800000000000000000e+01
1.900000000000000000e+01
-2.700000000000000000e+01
1.200000000000000000e+01
-5.500000000000000000e+01
-1.000000000000000000e+01
-1.800000000000000000e+01
1.500000000000000000e+01
1.600000000000000000e+01
-6.000000000000000000e+00
-2.100000000000000000e+01
-1.000000000000000000e+01
-4.000000000000000000e+01
1.000000000000000000e+00
-1.000000000000000000e+01
-1.100000000000000000e+01
-5.000000000000000000e+00
-1.700000000000000000e+01
1.100000000000000000e+01
6.000000000000000000e+00
-7.000000000000000000e+00
-2.800000000000000000e+01
-9.000000000000000000e+00
-8.000000000000000000e+00
-2.100000000000000000e+01
-2.400000000000000000e+01
2.200000000000000000e+01
1.900000000000000000e+01
7.000000000000000000e+00
-8.000000000000000000e+00
-5.000000000000000000e+00
-7.000000000000000000e+00
-1.200000000000000000e+01
3.000000000000000000e+00
1.100000000000000000e+01
-4.000000000000000000e+00
1.300000000000000000e+01
-3.100000000000000000e+01
8.000000000000000000e+00
4.000000000000000000e+00
-9.000000000000000000e+00
7.000000000000000000e+00
-3.300000000000000000e+01
5.000000000000000000e+00
2.000000000000000000e+00
3.400000000000000000e+01
1.000000000000000000e+00
-2.000000000000000000e+00
2.000000000000000000e+01
9.000000000000000000e+00
-1.800000000000000000e+01
-1.400000000000000000e+01
-1.000000000000000000e+01
-2.500000000000000000e+01
9.000000000000000000e+00
2.700000000000000000e+01
1.500000000000000000e+01
2.800000000000000000e+01
-9.000000000000000000e+00
4.000000000000000000e+00
-4.000000000000000000e+01
1.600000000000000000e+01
-2.000000000000000000e+00
2.300000000000000000e+01
2.900000000000000000e+01
1.700000000000000000e+01
3.000000000000000000e+00
3.400000000000000000e+01
1.100000000000000000e+01
2.500000000000000000e+01
1.200000000000000000e+01
-7.000000000000000000e+00
-6.000000000000000000e+00
1.100000000000000000e+01
9.000000000000000000e+00
3.400000000000000000e+01
-1.000000000000000000e+01
1.200000000000000000e+01
7.000000000000000000e+00
1.000000000000000000e+00
-2.800000000000000000e+01
3.300000000000000000e+01
-1.400000000000000000e+01
-1.300000000000000000e+01
2.900000000000000000e+01
4.000000000000000000e+00
-5.400000000000000000e+01
-1.600000000000000000e+01
2.500000000000000000e+01
-9.000000000000000000e+00
-8.000000000000000000e+00
1.200000000000000000e+01
1.500000000000000000e+01
-1.500000000000000000e+01
-1.000000000000000000e+00
-5.000000000000000000e+00
3.000000000000000000e+00
0.000000000000000000e+00
-2.800000000000000000e+01
4.500000000000000000e+01
-1.500000000000000000e+01
0.000000000000000000e+00
-1.300000000000000000e+01
1.400000000000000000e+01
6.000000000000000000e+00
1.500000000000000000e+01
2.400000000000000000e+01
1.600000000000000000e+01
-9.000000000000000000e+00
-1.100000000000000000e+01
-1.400000000000000000e+01
-7.000000000000000000e+00
-1.400000000000000000e+01
1.000000000000000000e+00
-1.200000000000000000e+01
-5.000000000000000000e+00
-8.000000000000000000e+00
8.000000000000000000e+00
-2.000000000000000000e+01
-1.200000000000000000e+01
2.800000000000000000e+01
-1.700000000000000000e+01
1.700000000000000000e+01
0.000000000000000000e+00
7.000000000000000000e+00
-3.000000000000000000e+00
0.000000000000000000e+00
-1.900000000000000000e+01
1.000000000000000000e+01
-5.000000000000000000e+00
1.500000000000000000e+01
-2.600000000000000000e+01
3.400000000000000000e+01
-4.000000000000000000e+01
2.500000000000000000e+01
-2.000000000000000000e+00
1.200000000000000000e+01
-3.400000000000000000e+01
-9.000000000000000000e+00
2.200000000000000000e+01
-1.200000000000000000e+01
-2.100000000000000000e+01
4.700000000000000000e+01
1.500000000000000000e+01
3.200000000000000000e+01
5.000000000000000000e+00
-5.000000000000000000e+00
-6.000000000000000000e+00
7.000000000000000000e+00
-2.000000000000000000e+00
1.400000000000000000e+01
1.000000000000000000e+00
2.000000000000000000e+01
1.200000000000000000e+01
-5.000000000000000000e+00
-9.000000000000000000e+00
1.700000000000000000e+01
-8.000000000000000000e+00
1.800000000000000000e+01
2.000000000000000000e+01
1.700000000000000000e+01
-2.700000000000000000e+01
1.300000000000000000e+01
9.000000000000000000e+00
-2.000000000000000000e+00
2.100000000000000000e+01
1.100000000000000000e+01
-1.600000000000000000e+01
-3.000000000000000000e+00
4.000000000000000000e+00
1.500000000000000000e+01
1.300000000000000000e+01
2.200000000000000000e+01
1.000000000000000000e+01
3.800000000000000000e+01
-1.100000000000000000e+01
-7.000000000000000000e+00
2.900000000000000000e+01
-1.700000000000000000e+01
6.000000000000000000e+00
2.000000000000000000e+01
4.000000000000000000e+00
3.000000000000000000e+00
-3.000000000000000000e+00
1.900000000000000000e+01
1.000000000000000000e+01
-1.000000000000000000e+00
4.300000000000000000e+01
1.500000000000000000e+01
1.300000000000000000e+01
2.200000000000000000e+01
-3.000000000000000000e+00
-5.000000000000000000e+00
-3.000000000000000000e+00
-2.800000000000000000e+01
5.800000000000000000e+01
6.000000000000000000e+00
2.000000000000000000e+01
2.300000000000000000e+01
-1.700000000000000000e+01
1.000000000000000000e+01
-6.000000000000000000e+00
1.800000000000000000e+01
-3.000000000000000000e+00
1.000000000000000000e+01
-1.000000000000000000e+00
3.500000000000000000e+01
-6.000000000000000000e+00
1.500000000000000000e+01
6.000000000000000000e+00
-1.300000000000000000e+01
1.300000000000000000e+01
2.300000000000000000e+01
-2.500000000000000000e+01
6.000000000000000000e+00
7.000000000000000000e+00
4.700000000000000000e+01
2.300000000000000000e+01
4.000000000000000000e+00
4.000000000000000000e+00
3.000000000000000000e+00
1.000000000000000000e+00
0.000000000000000000e+00
7.000000000000000000e+00
1.000000000000000000e+00
3.000000000000000000e+01
3.200000000000000000e+01
-1.000000000000000000e+00
1.300000000000000000e+01
-2.400000000000000000e+01
-1.000000000000000000e+01
2.300000000000000000e+01
1.300000000000000000e+01
-3.200000000000000000e+01
2.100000000000000000e+01
-6.000000000000000000e+00
2.000000000000000000e+01
5.000000000000000000e+00
1.300000000000000000e+01
-1.200000000000000000e+01
-1.000000000000000000e+00
1.000000000000000000e+00
5.300000000000000000e+01
2.700000000000000000e+01
2.600000000000000000e+01
2.000000000000000000e+00
-7.000000000000000000e+00
-6.000000000000000000e+00
3.800000000000000000e+01
-2.000000000000000000e+00
-6.000000000000000000e+00
-6.000000000000000000e+00
1.500000000000000000e+01
-6.000000000000000000e+00
-1.100000000000000000e+01
2.800000000000000000e+01
9.000000000000000000e+00
3.000000000000000000e+00
4.000000000000000000e+00
1.400000000000000000e+01
1.900000000000000000e+01
-4.000000000000000000e+00
-1.200000000000000000e+01
2.400000000000000000e+01
1.500000000000000000e+01
1.300000000000000000e+01
1.300000000000000000e+01
9.000000000000000000e+00
-1.300000000000000000e+01
-3.000000000000000000e+00
2.300000000000000000e+01
4.100000000000000000e+01
-4.000000000000000000e+00
-1.000000000000000000e+01
-7.000000000000000000e+00
8.000000000000000000e+00
8.000000000000000000e+00
3.400000000000000000e+01
3.700000000000000000e+01
1.000000000000000000e+01
2.300000000000000000e+01
2.500000000000000000e+01
2.400000000000000000e+01
3.900000000000000000e+01
5.500000000000000000e+01
-5.000000000000000000e+00
2.800000000000000000e+01
1.900000000000000000e+01
2.900000000000000000e+01
1.700000000000000000e+01
-1.500000000000000000e+01
9.000000000000000000e+00
1.600000000000000000e+01
1.500000000000000000e+01
1.500000000000000000e+01
-7.000000000000000000e+00
1.300000000000000000e+01
1.400000000000000000e+01
5.000000000000000000e+00
2.500000000000000000e+01
1.900000000000000000e+01
4.700000000000000000e+01
2.000000000000000000e+01
4.900000000000000000e+01
-2.000000000000000000e+00
2.000000000000000000e+00
3.100000000000000000e+01
1.500000000000000000e+01
1.000000000000000000e+00
1.100000000000000000e+01
2.000000000000000000e+00
1.900000000000000000e+01
2.000000000000000000e+01
1.600000000000000000e+01
3.000000000000000000e+01
1.100000000000000000e+01
1.000000000000000000e+00
-1.800000000000000000e+01
1.300000000000000000e+01
8.000000000000000000e+00
-7.000000000000000000e+00
3.300000000000000000e+01
4.200000000000000000e+01
4.400000000000000000e+01
8.000000000000000000e+00
1.100000000000000000e+01
2.800000000000000000e+01
1.900000000000000000e+01
2.000000000000000000e+00
-2.000000000000000000e+00
4.000000000000000000e+00
5.600000000000000000e+01
2.000000000000000000e+00
2.700000000000000000e+01
0.000000000000000000e+00
6.000000000000000000e+00
-3.400000000000000000e+01
4.200000000000000000e+01
8.000000000000000000e+00
5.300000000000000000e+01
1.200000000000000000e+01
1.500000000000000000e+01
1.300000000000000000e+01
2.400000000000000000e+01
2.000000000000000000e+01
3.000000000000000000e+01
3.500000000000000000e+01
-1.200000000000000000e+01
2.100000000000000000e+01
5.100000000000000000e+01
4.000000000000000000e+00
1.600000000000000000e+01
0.000000000000000000e+00
2.600000000000000000e+01
5.000000000000000000e+01
-8.000000000000000000e+00
4.000000000000000000e+00
2.300000000000000000e+01
1.900000000000000000e+01
3.900000000000000000e+01
2.400000000000000000e+01
2.500000000000000000e+01
1.400000000000000000e+01
2.300000000000000000e+01
2.000000000000000000e+01
2.900000000000000000e+01
2.800000000000000000e+01
1.900000000000000000e+01
1.000000000000000000e+00
2.500000000000000000e+01
5.100000000000000000e+01
8.000000000000000000e+00
2.700000000000000000e+01
3.400000000000000000e+01
2.800000000000000000e+01
6.000000000000000000e+01
-1.000000000000000000e+00
5.200000000000000000e+01
1.200000000000000000e+01
1.000000000000000000e+01
3.000000000000000000e+00
2.000000000000000000e+00
2.500000000000000000e+01
3.800000000000000000e+01
4.400000000000000000e+01
0.000000000000000000e+00
2.500000000000000000e+01
-1.000000000000000000e+00
-5.000000000000000000e+00
3.700000000000000000e+01
3.400000000000000000e+01
2.300000000000000000e+01
1.400000000000000000e+01
5.100000000000000000e+01
5.900000000000000000e+01
3.500000000000000000e+01
-6.000000000000000000e+00
2.300000000000000000e+01
3.700000000000000000e+01
4.400000000000000000e+01
1.600000000000000000e+01
3.000000000000000000e+01
2.500000000000000000e+01
5.600000000000000000e+01
1.000000000000000000e+01
4.300000000000000000e+01
3.100000000000000000e+01
4.000000000000000000e+01
7.400000000000000000e+01
1.800000000000000000e+01
6.500000000000000000e+01
7.700000000000000000e+01
9.000000000000000000e+01
1.090000000000000000e+02
9.000000000000000000e+01
9.100000000000000000e+01
1.050000000000000000e+02
1.540000000000000000e+02
1.110000000000000000e+02
1.560000000000000000e+02
1.780000000000000000e+02
1.900000000000000000e+02
2.640000000000000000e+02
2.480000000000000000e+02
2.840000000000000000e+02
3.280000000000000000e+02
3.570000000000000000e+02
4.180000000000000000e+02
4.730000000000000000e+02
5.680000000000000000e+02
6.210000000000000000e+02
6.580000000000000000e+02
7.880000000000000000e+02
8.980000000000000000e+02
1.015000000000000000e+03
1.077000000000000000e+03
1.223000000000000000e+03
1.316000000000000000e+03
1.524000000000000000e+03
1.628000000000000000e+03
1.803000000000000000e+03
1.935000000000000000e+03
2.095000000000000000e+03
2.291000000000000000e+03
2.470000000000000000e+03
2.591000000000000000e+03
2.775000000000000000e+03
3.083000000000000000e+03
3.187000000000000000e+03
3.337000000000000000e+03
3.589000000000000000e+03
3.733000000000000000e+03
3.867000000000000000e+03
4.023000000000000000e+03
4.088000000000000000e+03
4.330000000000000000e+03
4.402000000000000000e+03
4.519000000000000000e+03
4.601000000000000000e+03
4.733000000000000000e+03
4.759000000000000000e+03
4.704000000000000000e+03
4.759000000000000000e+03
4.726000000000000000e+03
4.689000000000000000e+03
4.724000000000000000e+03
4.689000000000000000e+03
4.665000000000000000e+03
4.523000000000000000e+03
4.436000000000000000e+03
4.340000000000000000e+03
4.203000000000000000e+03
4.121000000000000000e+03
3.966000000000000000e+03
3.791000000000000000e+03
3.565000000000000000e+03
3.543000000000000000e+03
3.305000000000000000e+03
3.083000000000000000e+03
2.996000000000000000e+03
2.758000000000000000e+03
2.621000000000000000e+03
2.496000000000000000e+03
2.292000000000000000e+03
2.099000000000000000e+03
1.999000000000000000e+03
1.833000000000000000e+03
1.674000000000000000e+03
1.493000000000000000e+03
1.428000000000000000e+03
1.252000000000000000e+03
1.144000000000000000e+03
1.043000000000000000e+03
9.370000000000000000e+02
8.560000000000000000e+02
7.280000000000000000e+02
7.000000000000000000e+02
5.830000000000000000e+02
5.070000000000000000e+02
5.030000000000000000e+02
3.940000000000000000e+02
3.670000000000000000e+02
3.120000000000000000e+02
2.670000000000000000e+02
2.450000000000000000e+02
2.180000000000000000e+02
1.940000000000000000e+02
1.320000000000000000e+02
1.400000000000000000e+02
1.140000000000000000e+02
6.400000000000000000e+01
9.500000000000000000e+01
6.700000000000000000e+01
4.300000000000000000e+01
8.100000000000000000e+01
2.400000000000000000e+01
3.300000000000000000e+01
6.000000000000000000e+00
4.900000000000000000e+01
2.100000000000000000e+01
4.900000000000000000e+01
2.800000000000000000e+01
6.900000000000000000e+01
-5.000000000000000000e+00
1.600000000000000000e+01
9.000000000000000000e+00
1.900000000000000000e+01
4.400000000000000000e+01
1.500000000000000000e+01
1.200000000000000000e+01
3.000000000000000000e+00
2.000000000000000000e+00
3.300000000000000000e+01
9.000000000000000000e+00
-1.000000000000000000e+00
4.000000000000000000e+01
1.400000000000000000e+01
1.400000000000000000e+01
3.300000000000000000e+01
1.700000000000000000e+01
3.500000000000000000e+01
-1.800000000000000000e+01
5.100000000000000000e+01
2.100000000000000000e+01
7.000000000000000000e+00
-1.100000000000000000e+01
2.000000000000000000e+01
-4.000000000000000000e+01
-8.000000000000000000e+00
1.000000000000000000e+01
4.000000000000000000e+01
1.500000000000000000e+01
2.800000000000000000e+01
1.000000000000000000e+01
1.200000000000000000e+01
-1.000000000000000000e+01
4.800000000000000000e+01
7.000000000000000000e+00
1.700000000000000000e+01
1.900000000000000000e+01
-1.500000000000000000e+01
1.300000000000000000e+01
4.700000000000000000e+01
2.700000000000000000e+01
3.400000000000000000e+01
4.000000000000000000e+00
2.500000000000000000e+01
3.800000000000000000e+01
1.700000000000000000e+01
4.500000000000000000e+01
1.600000000000000000e+01
4.000000000000000000e+01
-9.000000000000000000e+00
-1.000000000000000000e+00
3.100000000000000000e+01
-1.000000000000000000e+00
1.000000000000000000e+00
2.000000000000000000e+00
9.000000000000000000e+00
2.300000000000000000e+01
1.200000000000000000e+01
2.600000000000000000e+01
4.100000000000000000e+01
3.500000000000000000e+01
4.500000000000000000e+01
4.300000000000000000e+01
4.700000000000000000e+01
2.000000000000000000e+01
6.000000000000000000e+00
2.200000000000000000e+01
-8.000000000000000000e+00
1.400000000000000000e+01
-6.000000000000000000e+00
1.400000000000000000e+01
-7.000000000000000000e+00
3.200000000000000000e+01
2.300000000000000000e+01
1.000000000000000000e+01
1.500000000000000000e+01
2.700000000000000000e+01
0.000000000000000000e+00
1.000000000000000000e+01
5.000000000000000000e+00
2.600000000000000000e+01
1.000000000000000000e+00
-9.000000000000000000e+00
-1.100000000000000000e+01
-1.100000000000000000e+01
7.000000000000000000e+00
1.300000000000000000e+01
3.000000000000000000e+00
1.200000000000000000e+01
-1.800000000000000000e+01
-1.200000000000000000e+01
4.000000000000000000e+00
1.200000000000000000e+01
-1.400000000000000000e+01
1.800000000000000000e+01
9.000000000000000000e+00
2.000000000000000000e+00
2.900000000000000000e+01
-3.700000000000000000e+01
3.600000000000000000e+01
8.000000000000000000e+00
2.800000000000000000e+01
1.300000000000000000e+01
2.200000000000000000e+01
-5.000000000000000000e+00
4.000000000000000000e+00
2.500000000000000000e+01
7.000000000000000000e+00
7.000000000000000000e+00
9.000000000000000000e+00
3.000000000000000000e+00
-1.100000000000000000e+01
2.000000000000000000e+01
1.500000000000000000e+01
3.300000000000000000e+01
3.000000000000000000e+00
-3.000000000000000000e+00
-1.700000000000000000e+01
1.800000000000000000e+01
2.200000000000000000e+01
-1.000000000000000000e+01
1.900000000000000000e+01
-2.000000000000000000e+00
4.000000000000000000e+00
1.500000000000000000e+01
1.100000000000000000e+01
-2.000000000000000000e+01
3.600000000000000000e+01
-4.000000000000000000e+00
3.300000000000000000e+01
7.000000000000000000e+00
1.100000000000000000e+01
9.000000000000000000e+00
-6.000000000000000000e+00
2.200000000000000000e+01
-1.400000000000000000e+01
1.900000000000000000e+01
2.700000000000000000e+01
9.000000000000000000e+00
1.400000000000000000e+01
1.800000000000000000e+01
1.000000000000000000e+00
8.000000000000000000e+00
-1.000000000000000000e+00
-3.000000000000000000e+00
7.000000000000000000e+00
-1.000000000000000000e+00
2.000000000000000000e+01
2.000000000000000000e+00
1.900000000000000000e+01
2.200000000000000000e+01
4.000000000000000000e+01
2.800000000000000000e+01
2.300000000000000000e+01
2.300000000000000000e+01
3.000000000000000000e+00
-1.100000000000000000e+01
1.100000000000000000e+01
1.400000000000000000e+01
2.000000000000000000e+01
3.600000000000000000e+01
-1.000000000000000000e+00
-1.200000000000000000e+01
3.000000000000000000e+00
2.800000000000000000e+01
2.200000000000000000e+01
1.800000000000000000e+01
1.900000000000000000e+01
3.600000000000000000e+01
1.300000000000000000e+01
-1.400000000000000000e+01
1.400000000000000000e+01
7.000000000000000000e+00
1.300000000000000000e+01
3.300000000000000000e+01
3.500000000000000000e+01
2.500000000000000000e+01
2.200000000000000000e+01
-1.100000000000000000e+01
0.000000000000000000e+00
1.000000000000000000e+01
-8.000000000000000000e+00
-2.700000000000000000e+01
8.000000000000000000e+00
2.100000000000000000e+01
2.000000000000000000e+01
9.000000000000000000e+00
-7.000000000000000000e+00
-1.500000000000000000e+01
1.100000000000000000e+01
3.500000000000000000e+01
-1.300000000000000000e+01
4.000000000000000000e+00
1.900000000000000000e+01
-2.700000000000000000e+01
8.000000000000000000e+00
1.400000000000000000e+01
-1.000000000000000000e+00
-8.000000000000000000e+00
-8.000000000000000000e+00
-3.200000000000000000e+01
2.000000000000000000e+01
-1.600000000000000000e+01
2.500000000000000000e+01
2.000000000000000000e+01
5.000000000000000000e+00
7.000000000000000000e+00
8.000000000000000000e+00
1.100000000000000000e+01
7.000000000000000000e+00
2.200000000000000000e+01
-5.000000000000000000e+00
-1.000000000000000000e+01
2.600000000000000000e+01
3.000000000000000000e+00
-1.200000000000000000e+01
2.600000000000000000e+01
-3.400000000000000000e+01
2.100000000000000000e+01
6.000000000000000000e+00
2.900000000000000000e+01
2.400000000000000000e+01
2.100000000000000000e+01
1.000000000000000000e+01
1.100000000000000000e+01
-4.200000000000000000e+01
-1.500000000000000000e+01
-1.100000000000000000e+01
-4.000000000000000000e+00
2.000000000000000000e+00
6.000000000000000000e+00
2.000000000000000000e+01
2.000000000000000000e+01
-6.000000000000000000e+00
-1.500000000000000000e+01
-2.300000000000000000e+01
-3.000000000000000000e+00
-4.000000000000000000e+00
2.000000000000000000e+00
1.400000000000000000e+01
2.200000000000000000e+01
2.300000000000000000e+01
-1.100000000000000000e+01
-1.400000000000000000e+01
-1.100000000000000000e+01
-1.700000000000000000e+01
3.000000000000000000e+00
9.000000000000000000e+00
4.000000000000000000e+00
1.000000000000000000e+00
2.600000000000000000e+01
-1.600000000000000000e+01
5.000000000000000000e+00
1.800000000000000000e+01
3.000000000000000000e+00
1.300000000000000000e+01
2.000000000000000000e+00
-1.300000000000000000e+01
-9.000000000000000000e+00
0.000000000000000000e+00
-6.000000000000000000e+00
2.500000000000000000e+01
2.700000000000000000e+01
2.000000000000000000e+00
3.000000000000000000e+00
1.400000000000000000e+01
1.900000000000000000e+01
3.200000000000000000e+01
5.000000000000000000e+00
4.000000000000000000e+00
2.600000000000000000e+01
-6.000000000000000000e+00
1.800000000000000000e+01
6.000000000000000000e+00
-4.000000000000000000e+00
2.400000000000000000e+01
-1.200000000000000000e+01
1.400000000000000000e+01
0.000000000000000000e+00
-1.000000000000000000e+00
1.200000000000000000e+01
-1.200000000000000000e+01
-1.400000000000000000e+01
-2.000000000000000000e+00
-5.000000000000000000e+00
-1.200000000000000000e+01
5.000000000000000000e+00
-1.000000000000000000e+00
-1.500000000000000000e+01
-8.000000000000000000e+00
-2.000000000000000000e+00
5.000000000000000000e+00
-1.100000000000000000e+01
7.000000000000000000e+00
1.000000000000000000e+00
-7.000000000000000000e+00
-2.000000000000000000e+01
1.600000000000000000e+01
2.400000000000000000e+01
6.000000000000000000e+00
1.800000000000000000e+01
7.000000000000000000e+01
-1.000000000000000000e+00
2.700000000000000000e+01
1.300000000000000000e+01
9.000000000000000000e+00
9.000000000000000000e+00
3.700000000000000000e+01
-2.400000000000000000e+01
-6.000000000000000000e+00
2.600000000000000000e+01
1.100000000000000000e+01
-6.000000000000000000e+00
8.000000000000000000e+00
4.000000000000000000e+00
-1.600000000000000000e+01
2.000000000000000000e+00
3.000000000000000000e+00
-2.000000000000000000e+00
1.700000000000000000e+01
8.000000000000000000e+00
-4.000000000000000000e+00
-1.100000000000000000e+01
-8.000000000000000000e+00
-1.400000000000000000e+01
-1.700000000000000000e+01
-8.000000000000000000e+00
1.000000000000000000e+00
-8.000000000000000000e+00
-1.800000000000000000e+01
4.000000000000000000e+00
2.400000000000000000e+01
2.900000000000000000e+01
7.000000000000000000e+00
-3.700000000000000000e+01
2.300000000000000000e+01
-2.000000000000000000e+01
-7.000000000000000000e+00
-3.000000000000000000e+00
9.000000000000000000e+00
-1.000000000000000000e+00
1.900000000000000000e+01
-3.400000000000000000e+01
1.100000000000000000e+01
3.000000000000000000e+00
-9.000000000000000000e+00
-9.000000000000000000e+00
2.000000000000000000e+00
4.000000000000000000e+00
-1.800000000000000000e+01
-5.000000000000000000e+00
6.000000000000000000e+00
1.120000000000000000e+02
1.200000000000000000e+01
9.000000000000000000e+00
-1.900000000000000000e+01
0.000000000000000000e+00
-1.300000000000000000e+01
-1.800000000000000000e+01
-1.600000000000000000e+01
-2.000000000000000000e+00
-1.100000000000000000e+01
1.000000000000000000e+00
-2.000000000000000000e+01
2.000000000000000000e+01
-3.200000000000000000e+01
1.700000000000000000e+01
5.000000000000000000e+00
-3.000000000000000000e+00
9.000000000000000000e+00
-1.000000000000000000e+00
0.000000000000000000e+00
-6.000000000000000000e+00
2.000000000000000000e+01
1.800000000000000000e+01
-1.000000000000000000e+01
1.600000000000000000e+01
-1.800000000000000000e+01
1.000000000000000000e+01
-9.000000000000000000e+00
3.200000000000000000e+01
-2.000000000000000000e+00
-2.000000000000000000e+00
2.800000000000000000e+01
7.000000000000000000e+00
6.000000000000000000e+00
-8.000000000000000000e+00
1.500000000000000000e+01
-1.000000000000000000e+01
-2.800000000000000000e+01
8.000000000000000000e+00
-2.000000000000000000e+01
-2.000000000000000000e+00
-6.000000000000000000e+00
1.400000000000000000e+01
-4.000000000000000000e+01
-1.000000000000000000e+00
-1.900000000000000000e+01
0.000000000000000000e+00
1.600000000000000000e+01
1.000000000000000000e+00
-1.100000000000000000e+01
1.500000000000000000e+01
-9.000000000000000000e+00
-3.000000000000000000e+00
7.000000000000000000e+00
-4.800000000000000000e+01
1.700000000000000000e+01
-1.900000000000000000e+01
4.000000000000000000e+00
-5.000000000000000000e+00
-1.200000000000000000e+01
1.200000000000000000e+01
1.400000000000000000e+01
7.000000000000000000e+00
1.800000000000000000e+01
1.600000000000000000e+01
2.200000000000000000e+01
3.000000000000000000e+00
4.000000000000000000e+00
3.100000000000000000e+01
-4.000000000000000000e+00
1.500000000000000000e+01
3.000000000000000000e+01
-9.000000000000000000e+00
-4.000000000000000000e+00
-3.700000000000000000e+01
-1.000000000000000000e+01
6.000000000000000000e+00
-1.200000000000000000e+01
-1.000000000000000000e+00
-3.000000000000000000e+00
-9.000000000000000000e+00
0.000000000000000000e+00
-1.700000000000000000e+01
9.000000000000000000e+00
7.000000000000000000e+00
3.300000000000000000e+01
1.100000000000000000e+01
2.200000000000000000e+01
1.500000000000000000e+01
1.200000000000000000e+01
-3.100000000000000000e+01
2.100000000000000000e+01
-7.000000000000000000e+00
-1.200000000000000000e+01
5.000000000000000000e+00
-2.800000000000000000e+01
-1.500000000000000000e+01
-1.200000000000000000e+01
6.000000000000000000e+00
-8.000000000000000000e+00
-1.700000000000000000e+01
1.700000000000000000e+01
-7.000000000000000000e+00
-1.900000000000000000e+01
2.100000000000000000e+01
2.000000000000000000e+00
8.000000000000000000e+00
2.400000000000000000e+01
-2.400000000000000000e+01
-1.900000000000000000e+01
2.100000000000000000e+01
-8.000000000000000000e+00
-1.500000000000000000e+01
2.000000000000000000e+00
1.400000000000000000e+01
-1.600000000000000000e+01
3.000000000000000000e+00
-3.000000000000000000e+00
2.600000000000000000e+01
-1.700000000000000000e+01
-3.000000000000000000e+00
-7.000000000000000000e+00
8.000000000000000000e+00
2.500000000000000000e+01
1.100000000000000000e+01
1.100000000000000000e+01
3.000000000000000000e+00
5.000000000000000000e+00
-1.000000000000000000e+01
2.000000000000000000e+00
-1.000000000000000000e+01
9.000000000000000000e+00
-9.000000000000000000e+00
0.000000000000000000e+00
8.000000000000000000e+00
-2.600000000000000000e+01
-8.000000000000000000e+00
-9.000000000000000000e+00
-1.900000000000000000e+01
6.000000000000000000e+00
-3.200000000000000000e+01
-2.000000000000000000e+00
-5.000000000000000000e+00
-2.600000000000000000e+01
-2.000000000000000000e+01
2.700000000000000000e+01
1.300000000000000000e+01
-4.000000000000000000e+00
1.100000000000000000e+01
-5.000000000000000000e+00
9.000000000000000000e+00
9.000000000000000000e+00
-1.200000000000000000e+01
-8.000000000000000000e+00
-3.000000000000000000e+00
-2.200000000000000000e+01
3.000000000000000000e+00
0.000000000000000000e+00
1.000000000000000000e+01
-3.200000000000000000e+01
-1.900000000000000000e+01
9.000000000000000000e+00
1.000000000000000000e+00
1.900000000000000000e+01
-1.300000000000000000e+01
1.300000000000000000e+01
-1.900000000000000000e+01
0.000000000000000000e+00
3.000000000000000000e+00
4.000000000000000000e+00
-2.000000000000000000e+00
1.000000000000000000e+00
-1.000000000000000000e+01
-1.100000000000000000e+01
1.400000000000000000e+01
-3.900000000000000000e+01
2.000000000000000000e+00
5.000000000000000000e+00
2.200000000000000000e+01
4.000000000000000000e+00
1.100000000000000000e+01
-2.100000000000000000e+01
-6.000000000000000000e+00
-1.000000000000000000e+01
-2.200000000000000000e+01
2.600000000000000000e+01
-7.000000000000000000e+00
5.000000000000000000e+00
-1.300000000000000000e+01
5.000000000000000000e+00
-2.000000000000000000e+01
-3.000000000000000000e+00
6.000000000000000000e+00
-2.900000000000000000e+01
2.700000000000000000e+01
-2.000000000000000000e+00
-2.000000000000000000e+00
7.000000000000000000e+00
-1.100000000000000000e+01
7.000000000000000000e+00
-1.400000000000000000e+01
-5.000000000000000000e+00
2.700000000000000000e+01
3.000000000000000000e+01
-2.000000000000000000e+00
6.000000000000000000e+00
-1.400000000000000000e+01
-7.000000000000000000e+00
1.400000000000000000e+01
4.000000000000000000e+00
2.000000000000000000e+00
-5.000000000000000000e+00
-1.000000000000000000e+00
2.700000000000000000e+01
-4.000000000000000000e+00
4.000000000000000000e+00
-1.300000000000000000e+01
-1.300000000000000000e+01
0.000000000000000000e+00
-4.000000000000000000e+00
-1.300000000000000000e+01
0.000000000000000000e+00
-8.000000000000000000e+00
1.100000000000000000e+01
1.000000000000000000e+01
-1.400000000000000000e+01
-4.000000000000000000e+00
-2.300000000000000000e+01
2.400000000000000000e+01
1.000000000000000000e+01
-1.000000000000000000e+01
4.000000000000000000e+00
-1.000000000000000000e+00
-3.000000000000000000e+00
-8.000000000000000000e+00
-1.300000000000000000e+01
-9.000000000000000000e+00
-4.000000000000000000e+00
-1.000000000000000000e+00
7.000000000000000000e+00
-1.300000000000000000e+01
-2.500000000000000000e+01
-1.000000000000000000e+00
0.000000000000000000e+00
4.000000000000000000e+00
-2.700000000000000000e+01
1.600000000000000000e+01
-4.000000000000000000e+00
-1.000000000000000000e+01
-1.200000000000000000e+01
-3.300000000000000000e+01
-1.600000000000000000e+01
-1.600000000000000000e+01
-2.300000000000000000e+01
-2.300000000000000000e+01
4.000000000000000000e+00
4.000000000000000000e+00
-2.600000000000000000e+01
-2.000000000000000000e+01
-1.900000000000000000e+01
8.000000000000000000e+00
-7.000000000000000000e+00
3.000000000000000000e+00
0.000000000000000000e+00
5.000000000000000000e+00
-2.000000000000000000e+00
7.000000000000000000e+00
1.500000000000000000e+01
2.100000000000000000e+01
-2.000000000000000000e+00
-4.000000000000000000e+00
-4.300000000000000000e+01
-9.000000000000000000e+00
1.000000000000000000e+01
-2.000000000000000000e+00
-1.000000000000000000e+00
-2.400000000000000000e+01
-6.000000000000000000e+00
1.500000000000000000e+01
-1.100000000000000000e+01
1.600000000000000000e+01
-1.000000000000000000e+01
-1.800000000000000000e+01
6.000000000000000000e+00
6.000000000000000000e+00
-1.000000000000000000e+01
3.500000000000000000e+01
-1.000000000000000000e+01
1.900000000000000000e+01
-2.400000000000000000e+01
-4.000000000000000000e+00
-7.000000000000000000e+00
1.100000000000000000e+01
-2.600000000000000000e+01
8.000000000000000000e+00
9.000000000000000000e+00
-2.000000000000000000e+01
-1.900000000000000000e+01
1.400000000000000000e+01
-1.000000000000000000e+00
2.900000000000000000e+01
1.000000000000000000e+00
-7.000000000000000000e+00
2.300000000000000000e+01
3.500000000000000000e+01
-2.000000000000000000e+01
-5.000000000000000000e+00
-1.100000000000000000e+01
-4.000000000000000000e+00
6.000000000000000000e+00
-2.000000000000000000e+01
-1.100000000000000000e+01
-7.000000000000000000e+00
6.000000000000000000e+00
1.400000000000000000e+01
-1.300000000000000000e+01
-1.200000000000000000e+01
-2.600000000000000000e+01
0.000000000000000000e+00
2.000000000000000000e+00
-9.000000000000000000e+00
3.300000000000000000e+01
-2.500000000000000000e+01
5.000000000000000000e+00
-1.600000000000000000e+01
-3.000000000000000000e+00
-5.000000000000000000e+01
-2.400000000000000000e+01
-2.100000000000000000e+01
5.000000000000000000e+00
1.400000000000000000e+01
2.000000000000000000e+00
1.700000000000000000e+01
3.000000000000000000e+00
1.100000000000000000e+01
4.000000000000000000e+00
-2.000000000000000000e+01
-5.000000000000000000e+00
-1.900000000000000000e+01
-2.000000000000000000e+00
3.000000000000000000e+00
5.000000000000000000e+00
1.700000000000000000e+01
5.000000000000000000e+00
-1.000000000000000000e+00
-7.000000000000000000e+00
-2.300000000000000000e+01
-1.100000000000000000e+01
2.300000000000000000e+01
3.000000000000000000e+00
-9.000000000000000000e+00
1.100000000000000000e+01
1.200000000000000000e+01
1.300000000000000000e+01
-7.000000000000000000e+00
-3.400000000000000000e+01
-3.000000000000000000e+00
1.800000000000000000e+01
2.200000000000000000e+01
-1.400000000000000000e+01
1.600000000000000000e+01
-2.100000000000000000e+01
7.000000000000000000e+00
-2.300000000000000000e+01
8.000000000000000000e+00
-1.600000000000000000e+01
3.000000000000000000e+00
-7.000000000000000000e+00
-3.000000000000000000e+00
1.000000000000000000e+00
4.000000000000000000e+00
1.900000000000000000e+01
1.100000000000000000e+01
1.800000000000000000e+01
1.400000000000000000e+01
-2.000000000000000000e+00
4.000000000000000000e+00
-1.100000000000000000e+01
-2.500000000000000000e+01
1.500000000000000000e+01
8.000000000000000000e+00
1.000000000000000000e+01
1.700000000000000000e+01
8.000000000000000000e+00
3.000000000000000000e+00
1.100000000000000000e+01
4.000000000000000000e+00
1.100000000000000000e+01
-1.100000000000000000e+01
-7.000000000000000000e+00
1.000000000000000000e+00
1.700000000000000000e+01
1.800000000000000000e+01
1.700000000000000000e+01
-1.000000000000000000e+01
-6.000000000000000000e+00
1.700000000000000000e+01
-1.000000000000000000e+00
1.900000000000000000e+01
2.800000000000000000e+01
5.000000000000000000e+00
1.600000000000000000e+01
3.100000000000000000e+01
1.600000000000000000e+01
2.100000000000000000e+01
-4.000000000000000000e+00
3.000000000000000000e+00
1.400000000000000000e+01
3.700000000000000000e+01
1.800000000000000000e+01
3.000000000000000000e+01
2.600000000000000000e+01
6.500000000000000000e+01
4.300000000000000000e+01
5.000000000000000000e+01
1.800000000000000000e+01
5.600000000000000000e+01
1.400000000000000000e+01
4.600000000000000000e+01
1.600000000000000000e+01
4.700000000000000000e+01
4.600000000000000000e+01
6.200000000000000000e+01
6.800000000000000000e+01
2.500000000000000000e+01
6.900000000000000000e+01
6.100000000000000000e+01
6.800000000000000000e+01
6.900000000000000000e+01
6.400000000000000000e+01
8.200000000000000000e+01
1.040000000000000000e+02
1.050000000000000000e+02
1.130000000000000000e+02
9.600000000000000000e+01
9.900000000000000000e+01
8.800000000000000000e+01
9.900000000000000000e+01
1.050000000000000000e+02
1.050000000000000000e+02
1.340000000000000000e+02
1.500000000000000000e+02
1.750000000000000000e+02
1.640000000000000000e+02
1.970000000000000000e+02
1.990000000000000000e+02
1.930000000000000000e+02
2.120000000000000000e+02
2.330000000000000000e+02
2.480000000000000000e+02
2.580000000000000000e+02
2.540000000000000000e+02
2.630000000000000000e+02
2.970000000000000000e+02
3.130000000000000000e+02
3.300000000000000000e+02
3.690000000000000000e+02
3.600000000000000000e+02
3.650000000000000000e+02
3.980000000000000000e+02
3.850000000000000000e+02
3.940000000000000000e+02
4.290000000000000000e+02
4.540000000000000000e+02
4.930000000000000000e+02
4.800000000000000000e+02
4.950000000000000000e+02
5.670000000000000000e+02
5.490000000000000000e+02
6.010000000000000000e+02
6.180000000000000000e+02
6.180000000000000000e+02
6.720000000000000000e+02
7.050000000000000000e+02
7.150000000000000000e+02
7.740000000000000000e+02
7.700000000000000000e+02
8.170000000000000000e+02
8.080000000000000000e+02
8.880000000000000000e+02
8.340000000000000000e+02
9.020000000000000000e+02
9.350000000000000000e+02
9.570000000000000000e+02
1.010000000000000000e+03
1.018000000000000000e+03
1.043000000000000000e+03
1.052000000000000000e+03
1.088000000000000000e+03
1.123000000000000000e+03
1.115000000000000000e+03
1.162000000000000000e+03
1.158000000000000000e+03
1.217000000000000000e+03
1.263000000000000000e+03
1.233000000000000000e+03
1.279000000000000000e+03
1.271000000000000000e+03
1.299000000000000000e+03
1.337000000000000000e+03
1.356000000000000000e+03
1.347000000000000000e+03
1.352000000000000000e+03
1.393000000000000000e+03
1.371000000000000000e+03
1.393000000000000000e+03
1.416000000000000000e+03
1.420000000000000000e+03
1.407000000000000000e+03
1.539000000000000000e+03
1.472000000000000000e+03
1.504000000000000000e+03
1.526000000000000000e+03
1.501000000000000000e+03
1.551000000000000000e+03
1.534000000000000000e+03
1.521000000000000000e+03
1.562000000000000000e+03
1.517000000000000000e+03
1.594000000000000000e+03
1.526000000000000000e+03
1.573000000000000000e+03
1.498000000000000000e+03
1.494000000000000000e+03
1.501000000000000000e+03
1.466000000000000000e+03
1.462000000000000000e+03
1.382000000000000000e+03
1.410000000000000000e+03
1.361000000000000000e+03
1.349000000000000000e+03
1.309000000000000000e+03
1.278000000000000000e+03
1.321000000000000000e+03
1.248000000000000000e+03
1.335000000000000000e+03
1.258000000000000000e+03
1.251000000000000000e+03
1.285000000000000000e+03
1.268000000000000000e+03
1.236000000000000000e+03
1.248000000000000000e+03
1.192000000000000000e+03
1.205000000000000000e+03
1.179000000000000000e+03
1.163000000000000000e+03
1.187000000000000000e+03
1.130000000000000000e+03
1.123000000000000000e+03
1.144000000000000000e+03
1.090000000000000000e+03
1.059000000000000000e+03
1.076000000000000000e+03
9.950000000000000000e+02
1.022000000000000000e+03
9.730000000000000000e+02
8.930000000000000000e+02
9.090000000000000000e+02
8.810000000000000000e+02
8.330000000000000000e+02
8.100000000000000000e+02
8.080000000000000000e+02
7.990000000000000000e+02
7.630000000000000000e+02
7.160000000000000000e+02
7.210000000000000000e+02
6.900000000000000000e+02
7.020000000000000000e+02
6.440000000000000000e+02
6.080000000000000000e+02
6.530000000000000000e+02
5.810000000000000000e+02
5.940000000000000000e+02
5.690000000000000000e+02
5.260000000000000000e+02
5.440000000000000000e+02
4.980000000000000000e+02
4.920000000000000000e+02
4.470000000000000000e+02
4.780000000000000000e+02
4.560000000000000000e+02
4.160000000000000000e+02
4.470000000000000000e+02
3.860000000000000000e+02
3.890000000000000000e+02
3.300000000000000000e+02
3.380000000000000000e+02
3.060000000000000000e+02
2.950000000000000000e+02
2.890000000000000000e+02
2.770000000000000000e+02
2.660000000000000000e+02
2.660000000000000000e+02
2.450000000000000000e+02
2.720000000000000000e+02
2.270000000000000000e+02
2.270000000000000000e+02
2.500000000000000000e+02
2.130000000000000000e+02
2.020000000000000000e+02
2.070000000000000000e+02
1.980000000000000000e+02
1.850000000000000000e+02
1.470000000000000000e+02
1.390000000000000000e+02
1.300000000000000000e+02
1.180000000000000000e+02
1.280000000000000000e+02
1.420000000000000000e+02
8.300000000000000000e+01
1.140000000000000000e+02
1.010000000000000000e+02
1.110000000000000000e+02
1.110000000000000000e+02
8.500000000000000000e+01
4.700000000000000000e+01
1.300000000000000000e+02
5.500000000000000000e+01
7.600000000000000000e+01
5.900000000000000000e+01
7.200000000000000000e+01
6.500000000000000000e+01
4.500000000000000000e+01
5.000000000000000000e+01
5.900000000000000000e+01
3.100000000000000000e+01
5.300000000000000000e+01
5.400000000000000000e+01
4.600000000000000000e+01
3.700000000000000000e+01
5.000000000000000000e+01
2.700000000000000000e+01
5.300000000000000000e+01
3.900000000000000000e+01
9.000000000000000000e+00
3.200000000000000000e+01
-1.500000000000000000e+01
2.900000000000000000e+01
2.600000000000000000e+01
1.000000000000000000e+01
2.500000000000000000e+01
2.000000000000000000e+01
-9.000000000000000000e+00
1.300000000000000000e+01
1.900000000000000000e+01
1.500000000000000000e+01
4.000000000000000000e+01
1.400000000000000000e+01
1.900000000000000000e+01
1.200000000000000000e+01
1.600000000000000000e+01
8.000000000000000000e+00
1.600000000000000000e+01
6.200000000000000000e+01
3.200000000000000000e+01
9.000000000000000000e+00
4.200000000000000000e+01
-1.000000000000000000e+01
8.000000000000000000e+00
2.500000000000000000e+01
-2.300000000000000000e+01
2.300000000000000000e+01
1.300000000000000000e+01
-1.400000000000000000e+01
-2.100000000000000000e+01
8.000000000000000000e+00
3.100000000000000000e+01
-9.000000000000000000e+00
5.000000000000000000e+00
3.000000000000000000e+00
4.000000000000000000e+00
7.000000000000000000e+00
8.000000000000000000e+00
1.100000000000000000e+01
-2.200000000000000000e+01
5.000000000000000000e+00
1.100000000000000000e+01
-1.000000000000000000e+01
2.000000000000000000e+01
1.800000000000000000e+01
1.800000000000000000e+01
1.000000000000000000e+01
-3.000000000000000000e+00
-3.000000000000000000e+00
-7.000000000000000000e+00
-6.000000000000000000e+00
1.900000000000000000e+01
-1.400000000000000000e+01
-1.800000000000000000e+01
-1.200000000000000000e+01
-8.000000000000000000e+00
2.700000000000000000e+01
8.000000000000000000e+00
3.000000000000000000e+00
6.000000000000000000e+00
2.900000000000000000e+01
-2.700000000000000000e+01
-1.500000000000000000e+01
1.000000000000000000e+00
-2.100000000000000000e+01
-8.000000000000000000e+00
-4.000000000000000000e+00
-1.000000000000000000e+01
1.600000000000000000e+01
-1.000000000000000000e+02
9.000000000000000000e+00
1.900000000000000000e+01
-2.000000000000000000e+01
1.800000000000000000e+01
0.000000000000000000e+00
1.200000000000000000e+01
-2.000000000000000000e+01
3.000000000000000000e+00
2.500000000000000000e+01
5.000000000000000000e+00
3.000000000000000000e+00
-1.800000000000000000e+01
2.100000000000000000e+01
2.000000000000000000e+00
-5.000000000000000000e+00
-2.000000000000000000e+00
0.000000000000000000e+00
-1.000000000000000000e+00
