1.000000000000000000e+00
-3.000000000000000000e+00
2.000000000000000000e+00
4.000000000000000000e+00
2.000000000000000000e+01
-9.000000000000000000e+00
-1.400000000000000000e+01
-1.400000000000000000e+01
-1.300000000000000000e+01
-3.000000000000000000e+00
5.000000000000000000e+00
-9.000000000000000000e+00
-1.700000000000000000e+01
-9.000000000000000000e+00
1.000000000000000000e+00
-4.000000000000000000e+00
2.000000000000000000e+00
1.300000000000000000e+01
-1.100000000000000000e+01
1.200000000000000000e+01
4.200000000000000000e+01
-6.000000000000000000e+00
-2.300000000000000000e+01
-2.000000000000000000e+00
-1.200000000000000000e+01
-2.000000000000000000e+00
8.000000000000000000e+00
6.000000000000000000e+00
8.000000000000000000e+00
-1.000000000000000000e+00
-3.000000000000000000e+00
4.000000000000000000e+00
3.200000000000000000e+01
-3.000000000000000000e+00
5.000000000000000000e+00
-3.000000000000000000e+00
-7.000000000000000000e+00
6.000000000000000000e+00
-1.400000000000000000e+01
2.900000000000000000e+01
-1.200000000000000000e+01
2.000000000000000000e+00
-2.800000000000000000e+01
-3.000000000000000000e+00
5.000000000000000000e+00
-1.900000000000000000e+01
1.700000000000000000e+01
0.000000000000000000e+00
-8.000000000000000000e+00
-1.300000000000000000e+01
-1.000000000000000000e+01
-1.500000000000000000e+01
-1.600000000000000000e+01
3.200000000000000000e+01
-1.100000000000000000e+01
-1.000000000000000000e+01
-3.000000000000000000e+00
-2.800000000000000000e+01
-2.600000000000000000e+01
-1.300000000000000000e+01
-7.000000000000000000e+00
2.000000000000000000e+00
-1.900000000000000000e+01
1.200000000000000000e+01
9.000000000000000000e+00
1.400000000000000000e+01
2.000000000000000000e+00
2.300000000000000000e+01
9.000000000000000000e+00
3.000000000000000000e+00
0.000000000000000000e+00
1.100000000000000000e+01
-2.900000000000000000e+01
-2.200000000000000000e+01
-1.500000000000000000e+01
-1.400000000000000000e+01
-6.000000000000000000e+00
3.000000000000000000e+00
-3.000000000000000000e+00
6.000000000000000000e+00
2.400000000000000000e+01
4.000000000000000000e+00
-3.100000000000000000e+01
1.300000000000000000e+01
-2.100000000000000000e+01
-8.000000000000000000e+00
5.000000000000000000e+00
0.000000000000000000e+00
3.700000000000000000e+01
-2.500000000000000000e+01
-1.200000000000000000e+01
-2.700000000000000000e+01
1.000000000000000000e+00
-3.000000000000000000e+00
-3.000000000000000000e+00
1.900000000000000000e+01
-3.000000000000000000e+01
1.900000000000000000e+01
-2.000000000000000000e+01
7.000000000000000000e+00
2.000000000000000000e+00
2.000000000000000000e+00
-6.000000000000000000e+00
-1.700000000000000000e+01
-6.000000000000000000e+00
1.700000000000000000e+01
-1.000000000000000000e+00
1.000000000000000000e+00
-1.800000000000000000e+01
-1.700000000000000000e+01
-2.000000000000000000e+00
5.000000000000000000e+00
1.000000000000000000e+00
8.000000000000000000e+00
7.000000000000000000e+00
3.300000000000000000e+01
-1.600000000000000000e+01
-3.000000000000000000e+00
-4.000000000000000000e+00
4.000000000000000000e+00
5.000000000000000000e+00
2.900000000000000000e+01
-1.700000000000000000e+01
-6.000000000000000000e+00
2.200000000000000000e+01
-2.800000000000000000e+01
-2.000000000000000000e+00
-6.000000000000000000e+00
1.000000000000000000e+01
-3.000000000000000000e+00
1.000000000000000000e+00
2.500000000000000000e+01
-9.000000000000000000e+00
8.000000000000000000e+00
-2.200000000000000000e+01
1.100000000000000000e+01
-2.000000000000000000e+00
2.700000000000000000e+01
-3.000000000000000000e+00
9.000000000000000000e+00
-3.000000000000000000e+00
0.000000000000000000e+00
-1.100000000000000000e+01
9.000000000000000000e+00
3.700000000000000000e+01
1.500000000000000000e+01
2.200000000000000000e+01
-1.500000000000000000e+01
-9.000000000000000000e+00
0.000000000000000000e+00
1.300000000000000000e+01
1.400000000000000000e+01
-2.200000000000000000e+01
7.000000000000000000e+00
-5.000000000000000000e+00
-1.200000000000000000e+01
1.200000000000000000e+01
-2.000000000000000000e+00
-6.000000000000000000e+00
-5.000000000000000000e+00
-1.100000000000000000e+01
-1.800000000000000000e+01
-2.600000000000000000e+01
9.000000000000000000e+00
-2.700000000000000000e+01
-2.700000000000000000e+01
-1.600000000000000000e+01
-2.400000000000000000e+01
1.500000000000000000e+01
-1.800000000000000000e+01
-2.000000000000000000e+00
9.000000000000000000e+00
5.000000000000000000e+00
4.700000000000000000e+01
1.900000000000000000e+01
-2.000000000000000000e+00
-1.400000000000000000e+01
1.000000000000000000e+00
1.200000000000000000e+01
1.200000000000000000e+01
1.000000000000000000e+00
1.700000000000000000e+01
5.000000000000000000e+00
8.000000000000000000e+00
9.000000000000000000e+00
-1.200000000000000000e+01
0.000000000000000000e+00
-1.800000000000000000e+01
2.000000000000000000e+01
2.200000000000000000e+01
1.000000000000000000e+01
-2.900000000000000000e+01
-8.000000000000000000e+00
-5.000000000000000000e+00
1.100000000000000000e+01
-1.000000000000000000e+00
8.000000000000000000e+00
-2.100000000000000000e+01
7.000000000000000000e+00
-2.800000000000000000e+01
-7.000000000000000000e+00
2.300000000000000000e+01
-2.100000000000000000e+01
2.300000000000000000e+01
2.000000000000000000e+00
-1.100000000000000000e+01
2.400000000000000000e+01
-1.300000000000000000e+01
-7.000000000000000000e+00
-2.000000000000000000e+01
1.700000000000000000e+01
1.000000000000000000e+00
1.600000000000000000e+01
1.700000000000000000e+01
6.000000000000000000e+00
0.000000000000000000e+00
3.900000000000000000e+01
2.000000000000000000e+00
1.600000000000000000e+01
1.400000000000000000e+01
3.200000000000000000e+01
-1.400000000000000000e+01
-1.000000000000000000e+00
-7.000000000000000000e+00
-2.600000000000000000e+01
1.200000000000000000e+01
-1.300000000000000000e+01
-2.400000000000000000e+01
-7.000000000000000000e+00
-1.000000000000000000e+00
1.400000000000000000e+01
1.900000000000000000e+01
8.000000000000000000e+00
6.000000000000000000e+00
-1.300000000000000000e+01
1.600000000000000000e+01
2.000000000000000000e+00
1.500000000000000000e+01
1.000000000000000000e+01
-2.300000000000000000e+01
3.200000000000000000e+01
-3.300000000000000000e+01
-6.000000000000000000e+00
-4.000000000000000000e+00
1.700000000000000000e+01
0.000000000000000000e+00
2.800000000000000000e+01
6.000000000000000000e+00
-4.000000000000000000e+01
2.800000000000000000e+01
2.000000000000000000e+00
-2.100000000000000000e+01
-2.700000000000000000e+01
9.000000000000000000e+00
-2.400000000000000000e+01
-1.600000000000000000e+01
5.000000000000000000e+00
-3.400000000000000000e+01
-4.300000000000000000e+01
-2.600000000000000000e+01
-1.500000000000000000e+01
1.100000000000000000e+01
-3.000000000000000000e+00
-5.000000000000000000e+00
-7.000000000000000000e+00
3.400000000000000000e+01
1.200000000000000000e+01
1.700000000000000000e+01
-1.000000000000000000e+00
5.000000000000000000e+00
1.000000000000000000e+00
0.000000000000000000e+00
-7.000000000000000000e+00
-2.200000000000000000e+01
1.500000000000000000e+01
8.000000000000000000e+00
-5.000000000000000000e+00
-1.700000000000000000e+01
-1.500000000000000000e+01
9.000000000000000000e+00
-2.700000000000000000e+01
-3.400000000000000000e+01
-1.200000000000000000e+01
5.000000000000000000e+00
7.000000000000000000e+00
5.000000000000000000e+00
-2.200000000000000000e+01
-1.400000000000000000e+01
-3.000000000000000000e+01
-6.000000000000000000e+00
-1.000000000000000000e+01
-1.500000000000000000e+01
-8.000000000000000000e+00
2.500000000000000000e+01
-1.900000000000000000e+01
1.100000000000000000e+01
-8.000000000000000000e+00
-5.000000000000000000e+00
-1.000000000000000000e+00
1.100000000000000000e+01
-1.000000000000000000e+00
-1.900000000000000000e+01
-2.900000000000000000e+01
2.000000000000000000e+00
-2.300000000000000000e+01
-1.200000000000000000e+01
-7.000000000000000000e+00
-1.100000000000000000e+01
-2.500000000000000000e+01
-3.000000000000000000e+00
-1.400000000000000000e+01
3.100000000000000000e+01
4.000000000000000000e+00
-9.000000000000000000e+00
6.000000000000000000e+00
2.200000000000000000e+01
9.000000000000000000e+00
3.200000000000000000e+01
5.000000000000000000e+00
-3.200000000000000000e+01
-2.700000000000000000e+01
-1.200000000000000000e+01
4.000000000000000000e+00
-1.500000000000000000e+01
1.200000000000000000e+01
-3.700000000000000000e+01
1.700000000000000000e+01
1.000000000000000000e+00
-1.700000000000000000e+01
1.100000000000000000e+01
4.000000000000000000e+00
5.900000000000000000e+01
-2.500000000000000000e+01
4.000000000000000000e+00
-1.200000000000000000e+01
0.000000000000000000e+00
6.000000000000000000e+00
-1.000000000000000000e+00
-7.000000000000000000e+00
5.000000000000000000e+00
-1.100000000000000000e+01
-3.000000000000000000e+01
-2.000000000000000000e+00
1.700000000000000000e+01
-2.000000000000000000e+01
-9.000000000000000000e+00
-2.100000000000000000e+01
-1.000000000000000000e+01
-1.500000000000000000e+01
-2.400000000000000000e+01
-1.000000000000000000e+01
-8.000000000000000000e+00
-5.000000000000000000e+00
-1.000000000000000000e+01
1.500000000000000000e+01
2.100000000000000000e+01
1.200000000000000000e+01
2.000000000000000000e+01
-5.000000000000000000e+00
3.000000000000000000e+00
-1.700000000000000000e+01
2.800000000000000000e+01
-3.000000000000000000e+00
2.600000000000000000e+01
-2.300000000000000000e+01
1.000000000000000000e+00
-2.400000000000000000e+01
-1.300000000000000000e+01
7.000000000000000000e+00
-1.300000000000000000e+01
-1.600000000000000000e+01
2.000000000000000000e+00
-1.500000000000000000e+01
-3.200000000000000000e+01
-4.000000000000000000e+00
8.000000000000000000e+00
-6.000000000000000000e+00
-2.100000000000000000e+01
0.000000000000000000e+00
-3.000000000000000000e+00
5.000000000000000000e+00
-8.000000000000000000e+00
-3.000000000000000000e+01
1.800000000000000000e+01
-1.200000000000000000e+01
0.000000000000000000e+00
3.000000000000000000e+00
-2.100000000000000000e+01
6.000000000000000000e+00
2.300000000000000000e+01
-1.900000000000000000e+01
1.600000000000000000e+01
1.300000000000000000e+01
-1.500000000000000000e+01
-8.000000000000000000e+00
1.900000000000000000e+01
0.000000000000000000e+00
-1.000000000000000000e+01
-4.000000000000000000e+00
2.500000000000000000e+01
2.500000000000000000e+01
1.600000000000000000e+01
2.600000000000000000e+01
6.000000000000000000e+00
-3.000000000000000000e+00
0.000000000000000000e+00
6.000000000000000000e+00
-1.200000000000000000e+01
4.000000000000000000e+00
-2.600000000000000000e+01
9.000000000000000000e+00
-9.000000000000000000e+00
-1.600000000000000000e+01
-1.200000000000000000e+01
1.700000000000000000e+01
1.600000000000000000e+01
1.000000000000000000e+00
-6.000000000000000000e+00
-1.700000000000000000e+01
2.000000000000000000e+00
2.400000000000000000e+01
-3.000000000000000000e+00
-1.300000000000000000e+01
-1.100000000000000000e+01
8.000000000000000000e+00
5.000000000000000000e+00
-1.200000000000000000e+01
1.000000000000000000e+01
-6.000000000000000000e+00
1.100000000000000000e+01
-8.000000000000000000e+00
8.000000000000000000e+00
-2.100000000000000000e+01
-1.200000000000000000e+01
-2.100000000000000000e+01
5.000000000000000000e+00
2.100000000000000000e+01
-2.400000000000000000e+01
-7.000000000000000000e+00
-3.000000000000000000e+00
2.000000000000000000e+00
-2.700000000000000000e+01
-1.000000000000000000e+00
6.000000000000000000e+00
2.600000000000000000e+01
2.500000000000000000e+01
-1.300000000000000000e+01
-1.600000000000000000e+01
-1.100000000000000000e+01
8.000000000000000000e+00
1.100000000000000000e+01
8.000000000000000000e+00
-1.100000000000000000e+01
6.000000000000000000e+00
-2.800000000000000000e+01
1.000000000000000000e+00
2.300000000000000000e+01
1.100000000000000000e+01
-1.000000000000000000e+00
2.000000000000000000e+01
-1.400000000000000000e+01
-7.000000000000000000e+00
-2.100000000000000000e+01
-5.000000000000000000e+00
-3.000000000000000000e+00
-1.100000000000000000e+01
-4.000000000000000000e+00
1.300000000000000000e+01
-2.300000000000000000e+01
1.200000000000000000e+01
-3.000000000000000000e+00
-5.000000000000000000e+00
9.100000000000000000e+01
-3.300000000000000000e+01
-2.300000000000000000e+01
3.000000000000000000e+00
-3.000000000000000000e+00
4.000000000000000000e+00
3.700000000000000000e+01
6.000000000000000000e+00
-9.000000000000000000e+00
1.000000000000000000e+00
1.000000000000000000e+00
2.000000000000000000e+00
0.000000000000000000e+00
-5.000000000000000000e+00
-4.000000000000000000e+00
9.000000000000000000e+00
-4.000000000000000000e+00
6.000000000000000000e+00
4.600000000000000000e+01
2.100000000000000000e+01
2.100000000000000000e+01
5.000000000000000000e+00
-6.000000000000000000e+00
-2.300000000000000000e+01
2.600000000000000000e+01
-1.200000000000000000e+01
-2.400000000000000000e+01
-1.500000000000000000e+01
2.100000000000000000e+01
2.700000000000000000e+01
1.500000000000000000e+01
2.500000000000000000e+01
-5.000000000000000000e+00
-8.000000000000000000e+00
-4.000000000000000000e+00
9.000000000000000000e+00
-2.600000000000000000e+01
-2.000000000000000000e+00
1.700000000000000000e+01
-1.000000000000000000e+00
9.000000000000000000e+00
-1.400000000000000000e+01
1.600000000000000000e+01
9.000000000000000000e+00
-2.000000000000000000e+00
7.000000000000000000e+00
3.300000000000000000e+01
9.000000000000000000e+00
-3.000000000000000000e+00
2.000000000000000000e+01
-2.700000000000000000e+01
-1.100000000000000000e+01
-1.700000000000000000e+01
1.400000000000000000e+01
1.200000000000000000e+01
1.500000000000000000e+01
-7.000000000000000000e+00
-1.100000000000000000e+01
-1.000000000000000000e+01
5.000000000000000000e+00
1.500000000000000000e+01
3.400000000000000000e+01
3.600000000000000000e+01
1.900000000000000000e+01
-8.000000000000000000e+00
1.100000000000000000e+01
-7.000000000000000000e+00
8.000000000000000000e+00
3.200000000000000000e+01
-2.300000000000000000e+01
1.100000000000000000e+01
-1.000000000000000000e+00
3.400000000000000000e+01
8.000000000000000000e+00
4.100000000000000000e+01
-1.600000000000000000e+01
1.000000000000000000e+01
-1.000000000000000000e+01
-3.000000000000000000e+00
-4.000000000000000000e+00
5.000000000000000000e+00
-1.900000000000000000e+01
1.700000000000000000e+01
-2.000000000000000000e+00
9.000000000000000000e+00
2.000000000000000000e+00
-1.400000000000000000e+01
1.100000000000000000e+01
6.000000000000000000e+00
-1.800000000000000000e+01
2.000000000000000000e+00
-6.000000000000000000e+00
3.000000000000000000e+00
-1.500000000000000000e+01
2.000000000000000000e+00
-1.000000000000000000e+00
-9.000000000000000000e+00
-1.600000000000000000e+01
-3.900000000000000000e+01
3.500000000000000000e+01
-5.000000000000000000e+00
3.000000000000000000e+00
1.700000000000000000e+01
4.300000000000000000e+01
-2.100000000000000000e+01
-7.000000000000000000e+00
3.000000000000000000e+01
-6.000000000000000000e+00
-7.000000000000000000e+00
1.700000000000000000e+01
-2.000000000000000000e+00
2.000000000000000000e+01
6.000000000000000000e+00
4.300000000000000000e+01
2.000000000000000000e+00
-1.000000000000000000e+00
-1.400000000000000000e+01
2.000000000000000000e+01
-2.000000000000000000e+01
-2.000000000000000000e+01
5.000000000000000000e+00
1.300000000000000000e+01
-1.200000000000000000e+01
1.600000000000000000e+01
-1.900000000000000000e+01
-3.000000000000000000e+00
2.800000000000000000e+01
-1.200000000000000000e+01
-8.000000000000000000e+00
-8.000000000000000000e+00
5.000000000000000000e+00
1.100000000000000000e+01
2.400000000000000000e+01
-9.000000000000000000e+00
2.100000000000000000e+01
2.400000000000000000e+01
-1.900000000000000000e+01
2.000000000000000000e+00
7.000000000000000000e+00
1.900000000000000000e+01
-2.400000000000000000e+01
-1.000000000000000000e+01
5.000000000000000000e+00
-1.300000000000000000e+01
-1.400000000000000000e+01
2.200000000000000000e+01
1.600000000000000000e+01
-1.800000000000000000e+01
2.800000000000000000e+01
-1.400000000000000000e+01
2.800000000000000000e+01
-1.200000000000000000e+01
-8.000000000000000000e+00
-2.000000000000000000e+01
1.200000000000000000e+01
3.700000000000000000e+01
-1.000000000000000000e+01
-1.400000000000000000e+01
2.800000000000000000e+01
1.000000000000000000e+00
1.100000000000000000e+01
-2.000000000000000000e+01
1.000000000000000000e+00
8.000000000000000000e+00
-2.700000000000000000e+01
3.000000000000000000e+01
-1.000000000000000000e+00
2.000000000000000000e+00
1.800000000000000000e+01
-1.400000000000000000e+01
-2.000000000000000000e+01
2.500000000000000000e+01
-1.000000000000000000e+00
3.000000000000000000e+00
-6.000000000000000000e+00
-2.000000000000000000e+00
4.000000000000000000e+00
0.000000000000000000e+00
1.400000000000000000e+01
-4.100000000000000000e+01
1.100000000000000000e+01
3.700000000000000000e+01
1.100000000000000000e+01
-1.100000000000000000e+01
8.000000000000000000e+00
-5.000000000000000000e+00
1.400000000000000000e+01
-6.000000000000000000e+00
-1.700000000000000000e+01
1.100000000000000000e+01
-4.000000000000000000e+00
2.800000000000000000e+01
0.000000000000000000e+00
-1.000000000000000000e+01
4.000000000000000000e+00
1.200000000000000000e+01
2.400000000000000000e+01
4.800000000000000000e+01
-6.000000000000000000e+00
-1.800000000000000000e+01
3.200000000000000000e+01
1.300000000000000000e+01
1.400000000000000000e+01
-4.100000000000000000e+01
0.000000000000000000e+00
3.000000000000000000e+01
-3.000000000000000000e+00
0.000000000000000000e+00
-7.000000000000000000e+00
1.900000000000000000e+01
-1.700000000000000000e+01
1.000000000000000000e+01
-9.000000000000000000e+00
-1.800000000000000000e+01
4.400000000000000000e+01
-2.300000000000000000e+01
-1.300000000000000000e+01
-1.600000000000000000e+01
-1.500000000000000000e+01
-4.000000000000000000e+00
4.000000000000000000e+00
-2.000000000000000000e+00
1.200000000000000000e+01
1.000000000000000000e+00
5.000000000000000000e+00
3.000000000000000000e+00
-1.600000000000000000e+01
-5.000000000000000000e+00
1.200000000000000000e+01
3.800000000000000000e+01
3.100000000000000000e+01
-1.700000000000000000e+01
1.000000000000000000e+00
2.800000000000000000e+01
1.000000000000000000e+00
-1.200000000000000000e+01
8.000000000000000000e+00
3.800000000000000000e+01
8.000000000000000000e+00
-1.500000000000000000e+01
3.000000000000000000e+01
4.000000000000000000e+00
3.100000000000000000e+01
2.000000000000000000e+00
1.600000000000000000e+01
2.000000000000000000e+00
4.000000000000000000e+00
2.500000000000000000e+01
-1.100000000000000000e+01
3.200000000000000000e+01
-1.700000000000000000e+01
-5.000000000000000000e+00
3.000000000000000000e+00
0.000000000000000000e+00
7.000000000000000000e+00
9.000000000000000000e+00
1.000000000000000000e+01
3.900000000000000000e+01
3.200000000000000000e+01
5.000000000000000000e+00
2.200000000000000000e+01
3.300000000000000000e+01
-5.000000000000000000e+00
3.300000000000000000e+01
-1.000000000000000000e+00
2.200000000000000000e+01
1.700000000000000000e+01
3.800000000000000000e+01
1.300000000000000000e+01
0.000000000000000000e+00
-3.000000000000000000e+00
-2.400000000000000000e+01
-3.000000000000000000e+01
-1.200000000000000000e+01
-2.100000000000000000e+01
1.900000000000000000e+01
1.000000000000000000e+00
1.000000000000000000e+00
3.100000000000000000e+01
2.500000000000000000e+01
2.400000000000000000e+01
1.300000000000000000e+01
4.800000000000000000e+01
-1.000000000000000000e+00
1.700000000000000000e+01
-8.000000000000000000e+00
1.200000000000000000e+01
3.900000000000000000e+01
1.900000000000000000e+01
2.900000000000000000e+01
1.500000000000000000e+01
-3.000000000000000000e+00
-1.000000000000000000e+00
3.000000000000000000e+01
1.900000000000000000e+01
4.200000000000000000e+01
1.000000000000000000e+01
-5.000000000000000000e+00
0.000000000000000000e+00
1.000000000000000000e+01
1.500000000000000000e+01
2.200000000000000000e+01
-7.000000000000000000e+00
2.000000000000000000e+00
-1.000000000000000000e+01
2.500000000000000000e+01
2.600000000000000000e+01
1.300000000000000000e+01
1.700000000000000000e+01
1.600000000000000000e+01
3.000000000000000000e+01
3.000000000000000000e+01
3.200000000000000000e+01
3.300000000000000000e+01
1.200000000000000000e+01
2.000000000000000000e+00
2.400000000000000000e+01
1.600000000000000000e+01
1.900000000000000000e+01
-7.000000000000000000e+00
-1.200000000000000000e+01
3.000000000000000000e+00
2.100000000000000000e+01
3.000000000000000000e+00
1.700000000000000000e+01
2.700000000000000000e+01
1.200000000000000000e+01
2.400000000000000000e+01
9.000000000000000000e+00
2.300000000000000000e+01
1.000000000000000000e+01
1.000000000000000000e+01
-2.500000000000000000e+01
-6.000000000000000000e+00
3.300000000000000000e+01
-3.000000000000000000e+00
1.200000000000000000e+01
2.300000000000000000e+01
-6.000000000000000000e+00
4.600000000000000000e+01
-1.500000000000000000e+01
2.300000000000000000e+01
-1.700000000000000000e+01
1.200000000000000000e+01
2.300000000000000000e+01
1.000000000000000000e+01
3.400000000000000000e+01
1.200000000000000000e+01
3.000000000000000000e+00
2.000000000000000000e+01
2.100000000000000000e+01
4.000000000000000000e+00
2.500000000000000000e+01
3.100000000000000000e+01
4.100000000000000000e+01
2.500000000000000000e+01
4.000000000000000000e+00
2.000000000000000000e+00
3.400000000000000000e+01
1.700000000000000000e+01
-9.000000000000000000e+00
1.000000000000000000e+01
3.300000000000000000e+01
2.400000000000000000e+01
1.200000000000000000e+01
1.000000000000000000e+00
2.100000000000000000e+01
5.700000000000000000e+01
2.700000000000000000e+01
2.400000000000000000e+01
-1.600000000000000000e+01
4.300000000000000000e+01
4.600000000000000000e+01
4.600000000000000000e+01
4.700000000000000000e+01
3.400000000000000000e+01
7.000000000000000000e+00
2.900000000000000000e+01
1.100000000000000000e+01
2.000000000000000000e+00
0.000000000000000000e+00
3.900000000000000000e+01
2.300000000000000000e+01
1.400000000000000000e+01
3.600000000000000000e+01
5.100000000000000000e+01
2.800000000000000000e+01
1.300000000000000000e+01
2.500000000000000000e+01
6.000000000000000000e+00
3.200000000000000000e+01
5.000000000000000000e+00
1.600000000000000000e+01
1.200000000000000000e+01
1.300000000000000000e+01
2.800000000000000000e+01
2.900000000000000000e+01
2.200000000000000000e+01
3.100000000000000000e+01
4.300000000000000000e+01
1.800000000000000000e+01
2.800000000000000000e+01
4.000000000000000000e+01
6.000000000000000000e+01
2.700000000000000000e+01
1.200000000000000000e+01
6.700000000000000000e+01
3.700000000000000000e+01
5.900000000000000000e+01
1.500000000000000000e+01
5.800000000000000000e+01
6.900000000000000000e+01
5.500000000000000000e+01
5.700000000000000000e+01
9.100000000000000000e+01
7.200000000000000000e+01
9.400000000000000000e+01
1.790000000000000000e+02
1.450000000000000000e+02
1.460000000000000000e+02
2.020000000000000000e+02
2.020000000000000000e+02
2.480000000000000000e+02
2.900000000000000000e+02
2.940000000000000000e+02
3.710000000000000000e+02
4.330000000000000000e+02
4.840000000000000000e+02
5.310000000000000000e+02
6.280000000000000000e+02
7.010000000000000000e+02
8.410000000000000000e+02
8.970000000000000000e+02
1.007000000000000000e+03
1.122000000000000000e+03
1.272000000000000000e+03
1.400000000000000000e+03
1.558000000000000000e+03
1.653000000000000000e+03
1.869000000000000000e+03
1.929000000000000000e+03
2.091000000000000000e+03
2.286000000000000000e+03
2.434000000000000000e+03
2.523000000000000000e+03
2.740000000000000000e+03
2.938000000000000000e+03
3.107000000000000000e+03
3.255000000000000000e+03
3.407000000000000000e+03
3.481000000000000000e+03
3.531000000000000000e+03
3.770000000000000000e+03
3.850000000000000000e+03
3.968000000000000000e+03
4.091000000000000000e+03
4.085000000000000000e+03
4.092000000000000000e+03
4.132000000000000000e+03
4.185000000000000000e+03
4.176000000000000000e+03
4.175000000000000000e+03
4.155000000000000000e+03
4.101000000000000000e+03
4.097000000000000000e+03
3.946000000000000000e+03
3.889000000000000000e+03
3.762000000000000000e+03
3.685000000000000000e+03
3.586000000000000000e+03
3.429000000000000000e+03
3.428000000000000000e+03
3.176000000000000000e+03
3.058000000000000000e+03
2.946000000000000000e+03
2.722000000000000000e+03
2.570000000000000000e+03
2.410000000000000000e+03
2.301000000000000000e+03
2.091000000000000000e+03
1.937000000000000000e+03
1.824000000000000000e+03
1.722000000000000000e+03
1.590000000000000000e+03
1.463000000000000000e+03
1.329000000000000000e+03
1.195000000000000000e+03
1.061000000000000000e+03
9.660000000000000000e+02
9.110000000000000000e+02
8.220000000000000000e+02
7.170000000000000000e+02
6.490000000000000000e+02
5.300000000000000000e+02
4.920000000000000000e+02
4.150000000000000000e+02
3.960000000000000000e+02
3.510000000000000000e+02
3.020000000000000000e+02
2.460000000000000000e+02
2.130000000000000000e+02
1.950000000000000000e+02
1.610000000000000000e+02
1.460000000000000000e+02
1.290000000000000000e+02
1.050000000000000000e+02
9.900000000000000000e+01
7.200000000000000000e+01
5.900000000000000000e+01
8.100000000000000000e+01
3.900000000000000000e+01
3.800000000000000000e+01
3.900000000000000000e+01
4.000000000000000000e+01
3.300000000000000000e+01
9.000000000000000000e+00
2.100000000000000000e+01
1.200000000000000000e+01
9.000000000000000000e+00
2.200000000000000000e+01
1.200000000000000000e+01
2.800000000000000000e+01
7.000000000000000000e+00
7.000000000000000000e+00
2.700000000000000000e+01
4.500000000000000000e+01
1.500000000000000000e+01
1.200000000000000000e+01
2.600000000000000000e+01
-1.000000000000000000e+00
2.100000000000000000e+01
-1.100000000000000000e+01
1.200000000000000000e+01
3.400000000000000000e+01
6.000000000000000000e+00
3.000000000000000000e+00
6.000000000000000000e+00
3.000000000000000000e+01
-4.000000000000000000e+00
1.500000000000000000e+01
-1.100000000000000000e+01
1.400000000000000000e+01
2.500000000000000000e+01
2.800000000000000000e+01
1.500000000000000000e+01
0.000000000000000000e+00
-2.800000000000000000e+01
1.600000000000000000e+01
1.400000000000000000e+01
2.100000000000000000e+01
4.700000000000000000e+01
-2.000000000000000000e+00
2.700000000000000000e+01
-8.000000000000000000e+00
2.600000000000000000e+01
-1.600000000000000000e+01
1.800000000000000000e+01
3.200000000000000000e+01
6.000000000000000000e+00
-7.000000000000000000e+00
-7.000000000000000000e+00
1.500000000000000000e+01
2.200000000000000000e+01
1.600000000000000000e+01
0.000000000000000000e+00
1.100000000000000000e+01
-9.000000000000000000e+00
3.800000000000000000e+01
-1.300000000000000000e+01
3.100000000000000000e+01
1.900000000000000000e+01
2.000000000000000000e+01
2.400000000000000000e+01
-2.000000000000000000e+01
1.900000000000000000e+01
7.000000000000000000e+00
1.600000000000000000e+01
1.900000000000000000e+01
8.000000000000000000e+00
2.000000000000000000e+00
2.000000000000000000e+00
2.400000000000000000e+01
2.300000000000000000e+01
2.400000000000000000e+01
5.100000000000000000e+01
3.000000000000000000e+00
1.700000000000000000e+01
2.600000000000000000e+01
-9.000000000000000000e+00
1.700000000000000000e+01
2.300000000000000000e+01
1.200000000000000000e+01
1.400000000000000000e+01
1.000000000000000000e+00
3.000000000000000000e+00
2.500000000000000000e+01
2.300000000000000000e+01
-1.000000000000000000e+00
8.000000000000000000e+00
1.800000000000000000e+01
-1.400000000000000000e+01
4.200000000000000000e+01
2.000000000000000000e+00
1.900000000000000000e+01
1.700000000000000000e+01
2.300000000000000000e+01
1.900000000000000000e+01
4.200000000000000000e+01
-1.700000000000000000e+01
2.900000000000000000e+01
-1.000000000000000000e+01
3.900000000000000000e+01
1.100000000000000000e+01
-7.000000000000000000e+00
2.100000000000000000e+01
-2.000000000000000000e+00
3.700000000000000000e+01
1.200000000000000000e+01
2.100000000000000000e+01
2.700000000000000000e+01
-7.000000000000000000e+00
2.900000000000000000e+01
2.100000000000000000e+01
-5.000000000000000000e+00
1.000000000000000000e+00
-6.000000000000000000e+00
1.400000000000000000e+01
1.000000000000000000e+01
-7.000000000000000000e+00
3.000000000000000000e+00
1.800000000000000000e+01
9.000000000000000000e+00
3.800000000000000000e+01
-5.000000000000000000e+00
5.000000000000000000e+01
-1.000000000000000000e+01
1.700000000000000000e+01
5.000000000000000000e+00
1.500000000000000000e+01
2.000000000000000000e+00
1.500000000000000000e+01
-3.000000000000000000e+00
2.100000000000000000e+01
3.200000000000000000e+01
3.800000000000000000e+01
7.000000000000000000e+00
3.200000000000000000e+01
3.400000000000000000e+01
4.800000000000000000e+01
2.100000000000000000e+01
-3.800000000000000000e+01
7.000000000000000000e+00
2.500000000000000000e+01
0.000000000000000000e+00
3.000000000000000000e+00
-2.000000000000000000e+00
1.000000000000000000e+00
1.700000000000000000e+01
3.000000000000000000e+00
-2.100000000000000000e+01
1.300000000000000000e+01
2.000000000000000000e+01
2.000000000000000000e+01
1.300000000000000000e+01
-9.000000000000000000e+00
2.900000000000000000e+01
1.200000000000000000e+01
2.300000000000000000e+01
-2.200000000000000000e+01
1.400000000000000000e+01
-1.100000000000000000e+01
9.000000000000000000e+00
2.100000000000000000e+01
-1.600000000000000000e+01
5.000000000000000000e+00
1.500000000000000000e+01
-4.000000000000000000e+00
1.400000000000000000e+01
9.000000000000000000e+00
3.000000000000000000e+00
2.500000000000000000e+01
-3.000000000000000000e+00
-2.200000000000000000e+01
-7.000000000000000000e+00
2.800000000000000000e+01
1.000000000000000000e+01
0.000000000000000000e+00
7.000000000000000000e+00
3.000000000000000000e+01
7.000000000000000000e+00
1.900000000000000000e+01
1.800000000000000000e+01
5.000000000000000000e+00
6.000000000000000000e+00
2.000000000000000000e+00
6.000000000000000000e+00
2.200000000000000000e+01
2.600000000000000000e+01
2.500000000000000000e+01
6.000000000000000000e+00
1.000000000000000000e+00
-1.700000000000000000e+01
2.600000000000000000e+01
1.000000000000000000e+00
-7.000000000000000000e+00
-3.000000000000000000e+01
-1.000000000000000000e+00
3.000000000000000000e+00
-1.100000000000000000e+01
1.300000000000000000e+01
1.400000000000000000e+01
2.100000000000000000e+01
1.700000000000000000e+01
3.700000000000000000e+01
-1.000000000000000000e+01
2.300000000000000000e+01
4.000000000000000000e+00
-1.500000000000000000e+01
1.600000000000000000e+01
2.000000000000000000e+00
3.000000000000000000e+00
-1.700000000000000000e+01
1.700000000000000000e+01
4.000000000000000000e+00
1.800000000000000000e+01
1.800000000000000000e+01
2.200000000000000000e+01
1.000000000000000000e+00
2.000000000000000000e+00
4.000000000000000000e+00
-3.000000000000000000e+00
5.000000000000000000e+00
1.400000000000000000e+01
2.400000000000000000e+01
2.200000000000000000e+01
3.300000000000000000e+01
1.800000000000000000e+01
-1.800000000000000000e+01
1.600000000000000000e+01
1.600000000000000000e+01
-3.000000000000000000e+00
5.000000000000000000e+00
-8.000000000000000000e+00
-1.400000000000000000e+01
7.000000000000000000e+00
1.200000000000000000e+01
4.000000000000000000e+00
1.400000000000000000e+01
0.000000000000000000e+00
-2.000000000000000000e+00
1.100000000000000000e+01
-7.000000000000000000e+00
-7.000000000000000000e+00
1.000000000000000000e+00
-6.000000000000000000e+00
7.000000000000000000e+00
3.000000000000000000e+00
-1.300000000000000000e+01
-1.100000000000000000e+01
1.600000000000000000e+01
-8.000000000000000000e+00
1.000000000000000000e+00
-1.400000000000000000e+01
-4.000000000000000000e+00
2.000000000000000000e+00
-7.000000000000000000e+00
1.100000000000000000e+01
2.100000000000000000e+01
-2.000000000000000000e+00
-1.600000000000000000e+01
3.900000000000000000e+01
1.000000000000000000e+00
9.000000000000000000e+00
5.000000000000000000e+00
1.700000000000000000e+01
2.600000000000000000e+01
2.800000000000000000e+01
1.300000000000000000e+01
-1.900000000000000000e+01
-5.000000000000000000e+00
-1.200000000000000000e+01
1.600000000000000000e+01
-9.000000000000000000e+00
7.000000000000000000e+00
1.700000000000000000e+01
1.600000000000000000e+01
-1.900000000000000000e+01
-1.600000000000000000e+01
2.500000000000000000e+01
1.800000000000000000e+01
-1.000000000000000000e+00
1.600000000000000000e+01
1.000000000000000000e+01
-3.000000000000000000e+00
6.000000000000000000e+00
-5.000000000000000000e+00
1.100000000000000000e+01
-7.000000000000000000e+00
-2.000000000000000000e+00
-1.000000000000000000e+00
-2.000000000000000000e+01
-1.000000000000000000e+01
-1.000000000000000000e+00
0.000000000000000000e+00
2.700000000000000000e+01
1.600000000000000000e+01
-3.000000000000000000e+01
4.000000000000000000e+00
-3.000000000000000000e+00
5.000000000000000000e+00
1.300000000000000000e+01
-1.000000000000000000e+01
-3.100000000000000000e+01
5.000000000000000000e+00
7.000000000000000000e+00
5.000000000000000000e+00
-2.000000000000000000e+00
-1.400000000000000000e+01
6.000000000000000000e+00
5.000000000000000000e+00
5.000000000000000000e+00
1.900000000000000000e+01
1.300000000000000000e+01
-1.600000000000000000e+01
-3.700000000000000000e+01
5.000000000000000000e+00
-1.600000000000000000e+01
-1.300000000000000000e+01
1.100000000000000000e+01
-1.500000000000000000e+01
2.000000000000000000e+01
-8.000000000000000000e+00
2.000000000000000000e+00
-1.600000000000000000e+01
-3.000000000000000000e+00
-7.000000000000000000e+00
1.200000000000000000e+01
-9.000000000000000000e+00
-1.200000000000000000e+01
2.000000000000000000e+00
3.000000000000000000e+01
2.100000000000000000e+01
-2.000000000000000000e+00
3.000000000000000000e+00
-9.000000000000000000e+00
-1.100000000000000000e+01
2.100000000000000000e+01
-2.500000000000000000e+01
1.700000000000000000e+01
-2.100000000000000000e+01
-5.000000000000000000e+00
-2.000000000000000000e+01
2.300000000000000000e+01
-1.200000000000000000e+01
-9.000000000000000000e+00
-2.400000000000000000e+01
4.000000000000000000e+00
-2.200000000000000000e+01
1.700000000000000000e+01
-2.000000000000000000e+00
3.900000000000000000e+01
-6.000000000000000000e+00
4.100000000000000000e+01
-1.800000000000000000e+01
-1.000000000000000000e+00
0.000000000000000000e+00
1.000000000000000000e+01
-9.000000000000000000e+00
-9.000000000000000000e+00
4.000000000000000000e+00
0.000000000000000000e+00
-8.000000000000000000e+00
-1.200000000000000000e+01
-1.920000000000000000e+02
4.000000000000000000e+00
0.000000000000000000e+00
1.300000000000000000e+01
2.500000000000000000e+01
-1.300000000000000000e+01
-9.000000000000000000e+00
-1.500000000000000000e+01
8.000000000000000000e+00
-1.000000000000000000e+00
3.000000000000000000e+01
1.300000000000000000e+01
4.400000000000000000e+01
-2.200000000000000000e+01
1.000000000000000000e+01
-2.000000000000000000e+01
1.800000000000000000e+01
2.600000000000000000e+01
3.000000000000000000e+00
5.000000000000000000e+00
0.000000000000000000e+00
1.200000000000000000e+01
-2.900000000000000000e+01
-4.000000000000000000e+00
-4.000000000000000000e+00
-1.100000000000000000e+01
-2.000000000000000000e+00
3.100000000000000000e+01
4.000000000000000000e+00
-1.700000000000000000e+01
4.000000000000000000e+00
1.800000000000000000e+01
-4.000000000000000000e+00
1.700000000000000000e+01
2.800000000000000000e+01
3.000000000000000000e+01
-1.600000000000000000e+01
8.000000000000000000e+00
1.700000000000000000e+01
-3.000000000000000000e+00
-1.800000000000000000e+01
1.600000000000000000e+01
-6.000000000000000000e+00
0.000000000000000000e+00
7.000000000000000000e+00
8.000000000000000000e+00
7.000000000000000000e+00
1.600000000000000000e+01
1.000000000000000000e+00
8.000000000000000000e+00
1.100000000000000000e+01
6.000000000000000000e+00
1.000000000000000000e+01
-8.000000000000000000e+00
-4.000000000000000000e+00
-4.000000000000000000e+00
-5.000000000000000000e+00
-8.000000000000000000e+00
7.000000000000000000e+00
1.000000000000000000e+01
-9.000000000000000000e+00
8.000000000000000000e+00
8.000000000000000000e+00
2.800000000000000000e+01
-9.000000000000000000e+00
-1.300000000000000000e+01
2.200000000000000000e+01
-8.000000000000000000e+00
2.600000000000000000e+01
-4.700000000000000000e+01
7.000000000000000000e+00
-2.800000000000000000e+01
2.000000000000000000e+00
4.000000000000000000e+00
-2.000000000000000000e+00
1.000000000000000000e+00
2.000000000000000000e+01
-8.000000000000000000e+00
-1.900000000000000000e+01
7.000000000000000000e+00
-8.000000000000000000e+00
-6.000000000000000000e+00
1.000000000000000000e+00
-4.800000000000000000e+01
1.200000000000000000e+01
8.000000000000000000e+00
3.000000000000000000e+00
-1.000000000000000000e+01
-3.000000000000000000e+00
-5.000000000000000000e+00
1.800000000000000000e+01
-5.000000000000000000e+00
9.000000000000000000e+00
-1.600000000000000000e+01
1.400000000000000000e+01
-1.100000000000000000e+01
-8.000000000000000000e+00
1.100000000000000000e+01
-1.000000000000000000e+01
-2.400000000000000000e+01
-4.000000000000000000e+00
4.000000000000000000e+00
1.300000000000000000e+01
5.000000000000000000e+00
-2.500000000000000000e+01
2.600000000000000000e+01
-1.400000000000000000e+01
6.000000000000000000e+00
-5.000000000000000000e+00
-1.000000000000000000e+00
6.000000000000000000e+00
-1.400000000000000000e+01
1.000000000000000000e+00
5.000000000000000000e+00
-1.200000000000000000e+01
-2.100000000000000000e+01
2.500000000000000000e+01
-7.000000000000000000e+00
6.000000000000000000e+00
-9.000000000000000000e+00
3.000000000000000000e+00
-6.000000000000000000e+00
-1.500000000000000000e+01
1.100000000000000000e+01
-8.000000000000000000e+00
0.000000000000000000e+00
4.100000000000000000e+01
-6.000000000000000000e+00
4.000000000000000000e+00
3.000000000000000000e+00
1.400000000000000000e+01
3.000000000000000000e+00
-3.000000000000000000e+00
-1.000000000000000000e+01
2.000000000000000000e+00
-1.400000000000000000e+01
-1.000000000000000000e+00
-1.000000000000000000e+01
-6.000000000000000000e+00
-7.000000000000000000e+00
-1.000000000000000000e+00
-3.000000000000000000e+00
-2.900000000000000000e+01
-1.000000000000000000e+01
1.100000000000000000e+01
-2.900000000000000000e+01
1.400000000000000000e+01
1.000000000000000000e+01
1.800000000000000000e+01
-1.000000000000000000e+01
-2.000000000000000000e+00
2.000000000000000000e+00
-3.300000000000000000e+01
1.900000000000000000e+01
1.800000000000000000e+01
1.900000000000000000e+01
2.500000000000000000e+01
0.000000000000000000e+00
2.300000000000000000e+01
-2.000000000000000000e+00
-3.000000000000000000e+00
-9.000000000000000000e+00
-4.000000000000000000e+00
3.300000000000000000e+01
-1.000000000000000000e+00
-1.300000000000000000e+01
6.000000000000000000e+00
1.800000000000000000e+01
2.500000000000000000e+01
6.000000000000000000e+00
-1.300000000000000000e+01
-2.000000000000000000e+00
9.000000000000000000e+00
-6.000000000000000000e+00
-1.900000000000000000e+01
-3.200000000000000000e+01
-8.000000000000000000e+00
-1.700000000000000000e+01
-6.000000000000000000e+00
-2.100000000000000000e+01
1.200000000000000000e+01
5.000000000000000000e+00
-5.000000000000000000e+00
-1.800000000000000000e+01
-1.500000000000000000e+01
5.000000000000000000e+00
1.000000000000000000e+01
-8.000000000000000000e+00
1.900000000000000000e+01
-1.100000000000000000e+01
2.000000000000000000e+01
-2.000000000000000000e+00
-1.700000000000000000e+01
-1.300000000000000000e+01
9.000000000000000000e+00
1.200000000000000000e+01
-2.400000000000000000e+01
-1.500000000000000000e+01
-6.000000000000000000e+00
-1.700000000000000000e+01
1.000000000000000000e+00
-5.000000000000000000e+00
-4.000000000000000000e+01
2.400000000000000000e+01
1.900000000000000000e+01
8.000000000000000000e+00
-1.000000000000000000e+01
7.000000000000000000e+00
9.000000000000000000e+00
-2.000000000000000000e+00
7.000000000000000000e+00
-6.000000000000000000e+00
9.000000000000000000e+00
1.400000000000000000e+01
-8.000000000000000000e+00
-2.300000000000000000e+01
1.200000000000000000e+01
-1.500000000000000000e+01
5.000000000000000000e+00
2.100000000000000000e+01
-5.000000000000000000e+00
-9.000000000000000000e+00
4.000000000000000000e+00
1.200000000000000000e+01
-3.000000000000000000e+00
1.000000000000000000e+01
-1.000000000000000000e+00
-4.000000000000000000e+00
-6.000000000000000000e+00
-4.000000000000000000e+00
5.000000000000000000e+00
1.800000000000000000e+01
8.000000000000000000e+00
-6.000000000000000000e+00
1.300000000000000000e+01
1.000000000000000000e+00
-5.000000000000000000e+00
2.000000000000000000e+00
-1.000000000000000000e+00
-1.000000000000000000e+01
-1.300000000000000000e+01
1.400000000000000000e+01
-1.300000000000000000e+01
-8.000000000000000000e+00
1.300000000000000000e+01
-6.000000000000000000e+00
1.500000000000000000e+01
3.000000000000000000e+00
-1.200000000000000000e+01
2.300000000000000000e+01
4.000000000000000000e+00
-6.000000000000000000e+00
5.000000000000000000e+00
-4.000000000000000000e+00
1.100000000000000000e+01
-1.000000000000000000e+00
7.000000000000000000e+00
1.000000000000000000e+01
-1.000000000000000000e+00
-1.500000000000000000e+01
-9.000000000000000000e+00
0.000000000000000000e+00
3.600000000000000000e+01
2.500000000000000000e+01
1.000000000000000000e+00
8.000000000000000000e+00
9.000000000000000000e+00
-1.400000000000000000e+01
9.000000000000000000e+00
0.000000000000000000e+00
2.000000000000000000e+00
7.000000000000000000e+00
-6.000000000000000000e+00
1.000000000000000000e+01
2.000000000000000000e+00
-7.000000000000000000e+00
-1.400000000000000000e+01
1.000000000000000000e+00
1.600000000000000000e+01
3.000000000000000000e+00
1.500000000000000000e+01
-3.600000000000000000e+01
-1.000000000000000000e+00
3.000000000000000000e+00
6.000000000000000000e+00
1.700000000000000000e+01
7.000000000000000000e+00
-9.000000000000000000e+00
4.000000000000000000e+00
-5.000000000000000000e+00
3.000000000000000000e+00
-2.000000000000000000e+00
5.000000000000000000e+00
2.100000000000000000e+01
8.000000000000000000e+00
2.000000000000000000e+00
5.000000000000000000e+00
1.600000000000000000e+01
4.000000000000000000e+00
-1.000000000000000000e+01
-1.000000000000000000e+00
-9.000000000000000000e+00
-7.000000000000000000e+00
0.000000000000000000e+00
2.100000000000000000e+01
4.000000000000000000e+00
5.000000000000000000e+00
4.000000000000000000e+00
1.000000000000000000e+01
-8.000000000000000000e+00
-1.000000000000000000e+01
-1.400000000000000000e+01
3.000000000000000000e+01
-5.000000000000000000e+01
2.000000000000000000e+01
1.600000000000000000e+01
-2.100000000000000000e+01
8.000000000000000000e+00
-3.000000000000000000e+00
-6.000000000000000000e+00
4.000000000000000000e+00
-5.000000000000000000e+00
2.000000000000000000e+00
2.000000000000000000e+00
-6.000000000000000000e+00
5.000000000000000000e+00
1.800000000000000000e+01
3.000000000000000000e+00
-3.200000000000000000e+01
1.000000000000000000e+01
1.700000000000000000e+01
-1.000000000000000000e+00
-1.000000000000000000e+01
-1.000000000000000000e+00
-1.100000000000000000e+01
-1.200000000000000000e+01
-1.900000000000000000e+01
-1.600000000000000000e+01
-1.400000000000000000e+01
6.000000000000000000e+00
-7.000000000000000000e+00
1.900000000000000000e+01
-4.000000000000000000e+00
2.000000000000000000e+00
-1.000000000000000000e+01
1.500000000000000000e+01
1.000000000000000000e+01
3.000000000000000000e+01
2.900000000000000000e+01
-2.000000000000000000e+00
-6.000000000000000000e+00
1.300000000000000000e+01
8.000000000000000000e+00
-1.300000000000000000e+01
1.100000000000000000e+01
-2.000000000000000000e+00
-2.000000000000000000e+01
7.000000000000000000e+00
-1.600000000000000000e+01
-8.000000000000000000e+00
3.000000000000000000e+00
-5.000000000000000000e+00
2.000000000000000000e+00
-7.000000000000000000e+00
1.600000000000000000e+01
2.000000000000000000e+01
2.500000000000000000e+01
8.000000000000000000e+00
8.000000000000000000e+00
-2.200000000000000000e+01
0.000000000000000000e+00
1.400000000000000000e+01
-2.500000000000000000e+01
3.200000000000000000e+01
2.000000000000000000e+01
-2.500000000000000000e+01
-2.600000000000000000e+01
1.700000000000000000e+01
3.000000000000000000e+00
4.000000000000000000e+01
1.200000000000000000e+01
2.000000000000000000e+01
-4.000000000000000000e+00
-2.000000000000000000e+00
3.600000000000000000e+01
1.700000000000000000e+01
-5.000000000000000000e+00
-3.000000000000000000e+00
-1.800000000000000000e+01
2.600000000000000000e+01
7.000000000000000000e+00
4.000000000000000000e+00
-1.000000000000000000e+00
7.000000000000000000e+00
3.000000000000000000e+00
0.000000000000000000e+00
2.000000000000000000e+01
2.000000000000000000e+01
5.000000000000000000e+00
4.000000000000000000e+01
-5.000000000000000000e+00
-5.000000000000000000e+00
-8.000000000000000000e+00
1.000000000000000000e+00
5.000000000000000000e+00
-1.100000000000000000e+01
6.000000000000000000e+00
2.700000000000000000e+01
9.000000000000000000e+00
-4.000000000000000000e+00
4.300000000000000000e+01
3.500000000000000000e+01
4.600000000000000000e+01
4.800000000000000000e+01
-1.700000000000000000e+01
5.500000000000000000e+01
2.500000000000000000e+01
4.200000000000000000e+01
2.800000000000000000e+01
2.600000000000000000e+01
3.700000000000000000e+01
6.500000000000000000e+01
4.100000000000000000e+01
3.200000000000000000e+01
5.400000000000000000e+01
1.800000000000000000e+01
6.700000000000000000e+01
5.700000000000000000e+01
6.000000000000000000e+01
6.900000000000000000e+01
5.500000000000000000e+01
5.900000000000000000e+01
4.900000000000000000e+01
6.600000000000000000e+01
8.400000000000000000e+01
9.200000000000000000e+01
3.600000000000000000e+01
1.360000000000000000e+02
9.000000000000000000e+01
1.210000000000000000e+02
9.200000000000000000e+01
1.110000000000000000e+02
1.420000000000000000e+02
1.350000000000000000e+02
1.460000000000000000e+02
1.470000000000000000e+02
1.510000000000000000e+02
1.670000000000000000e+02
1.970000000000000000e+02
2.190000000000000000e+02
2.080000000000000000e+02
2.250000000000000000e+02
2.350000000000000000e+02
2.280000000000000000e+02
2.790000000000000000e+02
2.790000000000000000e+02
3.170000000000000000e+02
2.950000000000000000e+02
3.270000000000000000e+02
3.350000000000000000e+02
3.980000000000000000e+02
3.520000000000000000e+02
3.770000000000000000e+02
4.070000000000000000e+02
3.780000000000000000e+02
4.040000000000000000e+02
4.180000000000000000e+02
4.330000000000000000e+02
4.870000000000000000e+02
5.010000000000000000e+02
5.340000000000000000e+02
5.580000000000000000e+02
6.020000000000000000e+02
6.230000000000000000e+02
6.160000000000000000e+02
6.370000000000000000e+02
6.940000000000000000e+02
7.550000000000000000e+02
7.220000000000000000e+02
7.710000000000000000e+02
7.850000000000000000e+02
7.970000000000000000e+02
7.610000000000000000e+02
8.770000000000000000e+02
8.410000000000000000e+02
8.620000000000000000e+02
9.240000000000000000e+02
9.400000000000000000e+02
9.380000000000000000e+02
9.950000000000000000e+02
9.860000000000000000e+02
9.850000000000000000e+02
1.055000000000000000e+03
1.063000000000000000e+03
1.093000000000000000e+03
1.119000000000000000e+03
1.128000000000000000e+03
1.125000000000000000e+03
1.134000000000000000e+03
1.187000000000000000e+03
1.203000000000000000e+03
1.171000000000000000e+03
1.197000000000000000e+03
1.231000000000000000e+03
1.222000000000000000e+03
1.241000000000000000e+03
1.261000000000000000e+03
1.325000000000000000e+03
1.308000000000000000e+03
1.315000000000000000e+03
1.366000000000000000e+03
1.345000000000000000e+03
1.370000000000000000e+03
1.359000000000000000e+03
1.385000000000000000e+03
1.419000000000000000e+03
1.395000000000000000e+03
1.380000000000000000e+03
1.362000000000000000e+03
1.370000000000000000e+03
1.415000000000000000e+03
1.387000000000000000e+03
1.341000000000000000e+03
1.359000000000000000e+03
1.316000000000000000e+03
1.304000000000000000e+03
1.277000000000000000e+03
1.295000000000000000e+03
1.254000000000000000e+03
1.186000000000000000e+03
1.168000000000000000e+03
1.165000000000000000e+03
1.162000000000000000e+03
1.160000000000000000e+03
1.179000000000000000e+03
1.128000000000000000e+03
1.126000000000000000e+03
1.122000000000000000e+03
1.137000000000000000e+03
1.132000000000000000e+03
1.071000000000000000e+03
1.076000000000000000e+03
1.066000000000000000e+03
1.085000000000000000e+03
1.078000000000000000e+03
1.032000000000000000e+03
9.990000000000000000e+02
1.028000000000000000e+03
9.980000000000000000e+02
9.630000000000000000e+02
9.670000000000000000e+02
9.080000000000000000e+02
8.800000000000000000e+02
8.750000000000000000e+02
8.720000000000000000e+02
8.540000000000000000e+02
8.310000000000000000e+02
7.720000000000000000e+02
7.890000000000000000e+02
7.410000000000000000e+02
7.190000000000000000e+02
6.750000000000000000e+02
6.580000000000000000e+02
6.530000000000000000e+02
6.490000000000000000e+02
6.160000000000000000e+02
5.470000000000000000e+02
5.850000000000000000e+02
5.360000000000000000e+02
5.580000000000000000e+02
5.460000000000000000e+02
5.340000000000000000e+02
5.020000000000000000e+02
4.970000000000000000e+02
4.900000000000000000e+02
5.250000000000000000e+02
4.410000000000000000e+02
4.050000000000000000e+02
3.890000000000000000e+02
4.090000000000000000e+02
3.840000000000000000e+02
3.850000000000000000e+02
3.800000000000000000e+02
3.590000000000000000e+02
3.030000000000000000e+02
3.380000000000000000e+02
3.180000000000000000e+02
2.520000000000000000e+02
2.720000000000000000e+02
2.760000000000000000e+02
2.020000000000000000e+02
2.450000000000000000e+02
2.330000000000000000e+02
2.300000000000000000e+02
2.060000000000000000e+02
2.070000000000000000e+02
1.880000000000000000e+02
1.810000000000000000e+02
1.840000000000000000e+02
1.810000000000000000e+02
1.620000000000000000e+02
1.550000000000000000e+02
1.410000000000000000e+02
1.470000000000000000e+02
1.430000000000000000e+02
1.200000000000000000e+02
1.520000000000000000e+02
1.130000000000000000e+02
1.080000000000000000e+02
9.200000000000000000e+01
1.070000000000000000e+02
1.110000000000000000e+02
9.900000000000000000e+01
6.900000000000000000e+01
8.400000000000000000e+01
9.800000000000000000e+01
7.500000000000000000e+01
6.200000000000000000e+01
7.000000000000000000e+01
6.200000000000000000e+01
5.600000000000000000e+01
4.200000000000000000e+01
7.600000000000000000e+01
5.700000000000000000e+01
5.300000000000000000e+01
1.600000000000000000e+01
6.600000000000000000e+01
1.100000000000000000e+01
2.400000000000000000e+01
3.200000000000000000e+01
5.400000000000000000e+01
3.700000000000000000e+01
3.300000000000000000e+01
2.600000000000000000e+01
2.600000000000000000e+01
8.000000000000000000e+00
-4.000000000000000000e+00
3.200000000000000000e+01
5.500000000000000000e+01
4.000000000000000000e+00
2.900000000000000000e+01
-1.200000000000000000e+01
2.200000000000000000e+01
3.700000000000000000e+01
1.500000000000000000e+01
-8.000000000000000000e+00
1.100000000000000000e+01
2.100000000000000000e+01
1.100000000000000000e+01
-1.500000000000000000e+01
1.500000000000000000e+01
0.000000000000000000e+00
-1.500000000000000000e+01
-1.100000000000000000e+01
2.000000000000000000e+01
0.000000000000000000e+00
5.000000000000000000e+00
-1.000000000000000000e+01
3.000000000000000000e+01
2.500000000000000000e+01
9.000000000000000000e+00
-9.000000000000000000e+00
1.100000000000000000e+01
1.500000000000000000e+01
2.500000000000000000e+01
2.000000000000000000e+01
1.000000000000000000e+00
3.200000000000000000e+01
-1.400000000000000000e+01
1.300000000000000000e+01
3.600000000000000000e+01
-1.300000000000000000e+01
6.000000000000000000e+00
2.100000000000000000e+01
1.600000000000000000e+01
2.000000000000000000e+00
5.000000000000000000e+00
5.000000000000000000e+00
5.000000000000000000e+00
-2.000000000000000000e+00
1.200000000000000000e+01
1.100000000000000000e+01
-1.600000000000000000e+01
2.800000000000000000e+01
-1.400000000000000000e+01
-1.500000000000000000e+01
1.300000000000000000e+01
3.300000000000000000e+01
1.000000000000000000e+00
2.500000000000000000e+01
-9.000000000000000000e+00
-1.000000000000000000e+00
-2.600000000000000000e+01
-1.400000000000000000e+01
-2.000000000000000000e+01
1.700000000000000000e+01
1.000000000000000000e+01
9.000000000000000000e+00
0.000000000000000000e+00
-1.200000000000000000e+01
6.000000000000000000e+00
-1.100000000000000000e+01
8.000000000000000000e+00
-1.200000000000000000e+01
-7.200000000000000000e+01
-6.000000000000000000e+00
-2.000000000000000000e+01
-7.000000000000000000e+00
-1.200000000000000000e+01
1.400000000000000000e+01
-7.000000000000000000e+00
2.700000000000000000e+01
1.000000000000000000e+01
1.100000000000000000e+01
1.000000000000000000e+01
-8.000000000000000000e+00
2.500000000000000000e+01
-1.300000000000000000e+01
3.600000000000000000e+01
2.000000000000000000e+00
2.000000000000000000e+00
-7.000000000000000000e+00
1.000000000000000000e+00
