7.000000000000000000e+00
-3.000000000000000000e+00
-3.000000000000000000e+00
-6.000000000000000000e+00
-2.800000000000000000e+01
-5.000000000000000000e+00
4.000000000000000000e+00
-7.000000000000000000e+00
1.400000000000000000e+01
-5.000000000000000000e+00
-1.100000000000000000e+01
-6.000000000000000000e+00
-2.000000000000000000e+00
-8.000000000000000000e+00
-2.000000000000000000e+01
-1.100000000000000000e+01
-9.000000000000000000e+00
1.600000000000000000e+01
1.000000000000000000e+00
5.000000000000000000e+00
1.000000000000000000e+00
4.000000000000000000e+00
3.000000000000000000e+00
2.000000000000000000e+00
1.900000000000000000e+01
3.000000000000000000e+01
-2.100000000000000000e+01
1.000000000000000000e+01
1.000000000000000000e+00
3.500000000000000000e+01
-5.000000000000000000e+00
-3.300000000000000000e+01
-3.000000000000000000e+00
-2.300000000000000000e+01
2.600000000000000000e+01
1.300000000000000000e+01
2.200000000000000000e+01
-2.000000000000000000e+00
1.000000000000000000e+00
-2.400000000000000000e+01
1.200000000000000000e+01
-2.500000000000000000e+01
6.000000000000000000e+00
-1.800000000000000000e+01
0.000000000000000000e+00
-3.900000000000000000e+01
-2.300000000000000000e+01
-2.000000000000000000e+00
-1.500000000000000000e+01
-1.100000000000000000e+01
-2.600000000000000000e+01
5.000000000000000000e+00
1.500000000000000000e+01
1.000000000000000000e+01
3.000000000000000000e+00
5.000000000000000000e+00
1.400000000000000000e+01
-1.900000000000000000e+01
1.000000000000000000e+00
-1.400000000000000000e+01
-2.300000000000000000e+01
-1.300000000000000000e+01
-1.300000000000000000e+01
1.100000000000000000e+01
-2.600000000000000000e+01
1.000000000000000000e+01
-3.800000000000000000e+01
2.200000000000000000e+01
-6.000000000000000000e+00
9.000000000000000000e+00
2.100000000000000000e+01
-3.500000000000000000e+01
-6.000000000000000000e+00
1.900000000000000000e+01
-4.000000000000000000e+00
-1.200000000000000000e+01
-6.000000000000000000e+00
-2.700000000000000000e+01
2.700000000000000000e+01
3.100000000000000000e+01
-2.800000000000000000e+01
-1.000000000000000000e+01
-3.200000000000000000e+01
0.000000000000000000e+00
4.000000000000000000e+00
1.500000000000000000e+01
2.000000000000000000e+00
9.000000000000000000e+00
-1.200000000000000000e+01
-2.000000000000000000e+01
3.000000000000000000e+01
3.000000000000000000e+00
4.000000000000000000e+00
-4.500000000000000000e+01
2.700000000000000000e+01
1.600000000000000000e+01
1.500000000000000000e+01
-1.000000000000000000e+01
9.000000000000000000e+00
-1.800000000000000000e+01
2.300000000000000000e+01
-2.300000000000000000e+01
2.000000000000000000e+00
-2.100000000000000000e+01
-1.000000000000000000e+00
-1.100000000000000000e+01
2.500000000000000000e+01
5.000000000000000000e+00
-1.600000000000000000e+01
2.500000000000000000e+01
-2.000000000000000000e+00
1.200000000000000000e+01
1.000000000000000000e+01
3.800000000000000000e+01
-1.800000000000000000e+01
-2.000000000000000000e+00
-2.700000000000000000e+01
1.000000000000000000e+01
4.500000000000000000e+01
5.000000000000000000e+00
4.000000000000000000e+00
-1.600000000000000000e+01
-1.400000000000000000e+01
2.100000000000000000e+01
-1.100000000000000000e+01
2.200000000000000000e+01
0.000000000000000000e+00
-1.000000000000000000e+00
0.000000000000000000e+00
-8.000000000000000000e+00
-1.200000000000000000e+01
3.000000000000000000e+00
2.000000000000000000e+00
2.500000000000000000e+01
2.000000000000000000e+00
-4.400000000000000000e+01
1.700000000000000000e+01
-3.200000000000000000e+01
3.000000000000000000e+00
-1.000000000000000000e+01
2.700000000000000000e+01
1.000000000000000000e+00
-1.200000000000000000e+01
1.800000000000000000e+01
-2.400000000000000000e+01
3.000000000000000000e+00
3.000000000000000000e+00
-1.000000000000000000e+00
-1.700000000000000000e+01
-8.000000000000000000e+00
1.100000000000000000e+01
-2.100000000000000000e+01
4.000000000000000000e+00
-8.000000000000000000e+00
-2.500000000000000000e+01
-1.000000000000000000e+00
-3.000000000000000000e+00
-2.000000000000000000e+01
3.600000000000000000e+01
-1.800000000000000000e+01
4.000000000000000000e+01
1.300000000000000000e+01
0.000000000000000000e+00
7.000000000000000000e+00
4.000000000000000000e+00
4.000000000000000000e+00
-1.100000000000000000e+01
-9.000000000000000000e+00
5.000000000000000000e+00
-1.700000000000000000e+01
2.500000000000000000e+01
-3.100000000000000000e+01
-3.000000000000000000e+00
-4.000000000000000000e+00
-2.600000000000000000e+01
-6.000000000000000000e+00
3.300000000000000000e+01
-1.000000000000000000e+01
-3.000000000000000000e+00
5.000000000000000000e+00
1.600000000000000000e+01
-3.400000000000000000e+01
1.000000000000000000e+00
2.000000000000000000e+00
-8.000000000000000000e+00
1.300000000000000000e+01
-1.100000000000000000e+01
5.000000000000000000e+00
-2.800000000000000000e+01
3.400000000000000000e+01
-2.900000000000000000e+01
8.000000000000000000e+00
-2.700000000000000000e+01
1.100000000000000000e+01
-3.000000000000000000e+00
6.000000000000000000e+00
-1.600000000000000000e+01
-1.000000000000000000e+01
5.000000000000000000e+00
-1.500000000000000000e+01
-8.000000000000000000e+00
-2.200000000000000000e+01
2.600000000000000000e+01
1.600000000000000000e+01
1.400000000000000000e+01
1.200000000000000000e+01
0.000000000000000000e+00
-1.600000000000000000e+01
-1.300000000000000000e+01
2.500000000000000000e+01
-1.400000000000000000e+01
8.000000000000000000e+00
1.700000000000000000e+01
-2.000000000000000000e+01
1.600000000000000000e+01
-7.000000000000000000e+00
3.000000000000000000e+00
2.000000000000000000e+00
-2.400000000000000000e+01
3.100000000000000000e+01
4.000000000000000000e+01
-3.000000000000000000e+01
2.000000000000000000e+00
4.000000000000000000e+00
2.100000000000000000e+01
1.000000000000000000e+00
3.200000000000000000e+01
-1.300000000000000000e+01
1.900000000000000000e+01
4.400000000000000000e+01
-1.300000000000000000e+01
-1.100000000000000000e+01
-2.000000000000000000e+00
1.000000000000000000e+01
6.000000000000000000e+00
-5.000000000000000000e+00
2.200000000000000000e+01
4.000000000000000000e+00
4.000000000000000000e+00
-2.000000000000000000e+01
-4.700000000000000000e+01
1.100000000000000000e+01
-6.000000000000000000e+00
-5.000000000000000000e+00
-3.500000000000000000e+01
5.000000000000000000e+00
-3.100000000000000000e+01
-1.000000000000000000e+00
3.000000000000000000e+00
2.900000000000000000e+01
-4.900000000000000000e+01
2.400000000000000000e+01
-2.000000000000000000e+00
1.700000000000000000e+01
-1.000000000000000000e+00
1.300000000000000000e+01
-1.500000000000000000e+01
2.100000000000000000e+01
-7.000000000000000000e+00
1.600000000000000000e+01
1.900000000000000000e+01
8.000000000000000000e+00
6.000000000000000000e+00
-2.500000000000000000e+01
0.000000000000000000e+00
1.200000000000000000e+01
0.000000000000000000e+00
7.000000000000000000e+00
2.400000000000000000e+01
-2.400000000000000000e+01
-4.100000000000000000e+01
0.000000000000000000e+00
-9.000000000000000000e+00
1.100000000000000000e+01
-1.500000000000000000e+01
1.000000000000000000e+01
-2.600000000000000000e+01
1.800000000000000000e+01
-2.500000000000000000e+01
-1.000000000000000000e+00
-9.000000000000000000e+00
1.400000000000000000e+01
-1.400000000000000000e+01
-2.200000000000000000e+01
-6.000000000000000000e+00
-1.000000000000000000e+01
-1.800000000000000000e+01
-1.400000000000000000e+01
-3.000000000000000000e+00
1.600000000000000000e+01
2.000000000000000000e+00
1.600000000000000000e+01
-1.900000000000000000e+01
-2.000000000000000000e+00
-7.000000000000000000e+00
9.000000000000000000e+00
1.800000000000000000e+01
1.100000000000000000e+01
-9.000000000000000000e+00
1.000000000000000000e+00
1.900000000000000000e+01
-1.000000000000000000e+01
3.700000000000000000e+01
-5.000000000000000000e+00
6.000000000000000000e+00
-4.000000000000000000e+00
4.100000000000000000e+01
2.000000000000000000e+01
2.000000000000000000e+00
5.000000000000000000e+00
1.600000000000000000e+01
-2.100000000000000000e+01
-9.000000000000000000e+00
-2.000000000000000000e+01
1.200000000000000000e+01
4.000000000000000000e+00
1.200000000000000000e+01
3.300000000000000000e+01
4.500000000000000000e+01
-1.200000000000000000e+01
-1.500000000000000000e+01
-3.000000000000000000e+00
1.100000000000000000e+01
-7.000000000000000000e+00
-9.000000000000000000e+00
7.000000000000000000e+00
1.900000000000000000e+01
1.300000000000000000e+01
9.000000000000000000e+00
-1.000000000000000000e+01
-1.100000000000000000e+01
3.000000000000000000e+00
1.100000000000000000e+01
1.000000000000000000e+00
-2.000000000000000000e+00
7.000000000000000000e+00
3.000000000000000000e+00
-3.500000000000000000e+01
5.100000000000000000e+01
2.700000000000000000e+01
-1.400000000000000000e+01
1.100000000000000000e+01
-1.500000000000000000e+01
-5.000000000000000000e+00
-7.000000000000000000e+00
-1.200000000000000000e+01
8.000000000000000000e+00
-1.700000000000000000e+01
1.700000000000000000e+01
1.200000000000000000e+01
9.000000000000000000e+00
3.000000000000000000e+00
-1.300000000000000000e+01
-2.600000000000000000e+01
1.400000000000000000e+01
-1.100000000000000000e+01
1.200000000000000000e+01
8.000000000000000000e+00
4.000000000000000000e+00
9.000000000000000000e+00
-4.000000000000000000e+00
-2.100000000000000000e+01
-7.000000000000000000e+00
-5.000000000000000000e+00
2.300000000000000000e+01
9.000000000000000000e+00
-1.200000000000000000e+01
3.000000000000000000e+00
1.500000000000000000e+01
2.000000000000000000e+00
7.000000000000000000e+00
1.800000000000000000e+01
-1.200000000000000000e+01
6.000000000000000000e+00
1.100000000000000000e+01
-2.600000000000000000e+01
1.700000000000000000e+01
3.100000000000000000e+01
-2.200000000000000000e+01
1.100000000000000000e+01
-2.200000000000000000e+01
-1.200000000000000000e+01
-1.200000000000000000e+01
-1.100000000000000000e+01
-1.000000000000000000e+00
-8.000000000000000000e+00
-8.000000000000000000e+00
2.800000000000000000e+01
-3.200000000000000000e+01
-5.100000000000000000e+01
0.000000000000000000e+00
2.100000000000000000e+01
-1.600000000000000000e+01
1.800000000000000000e+01
8.000000000000000000e+00
5.000000000000000000e+00
-3.000000000000000000e+00
6.000000000000000000e+00
-1.000000000000000000e+01
-6.000000000000000000e+00
1.200000000000000000e+01
5.000000000000000000e+00
1.000000000000000000e+00
-7.000000000000000000e+00
-2.900000000000000000e+01
-2.900000000000000000e+01
1.500000000000000000e+01
-5.000000000000000000e+00
-1.000000000000000000e+01
2.400000000000000000e+01
0.000000000000000000e+00
-1.300000000000000000e+01
-3.000000000000000000e+00
1.900000000000000000e+01
-3.000000000000000000e+00
2.200000000000000000e+01
9.000000000000000000e+00
4.000000000000000000e+00
2.300000000000000000e+01
-1.900000000000000000e+01
2.700000000000000000e+01
-4.000000000000000000e+00
2.200000000000000000e+01
-1.200000000000000000e+01
-1.400000000000000000e+01
-3.000000000000000000e+00
-2.100000000000000000e+01
-2.000000000000000000e+00
0.000000000000000000e+00
3.000000000000000000e+01
7.000000000000000000e+00
1.300000000000000000e+01
4.000000000000000000e+00
8.000000000000000000e+00
1.000000000000000000e+00
-6.000000000000000000e+00
-1.000000000000000000e+00
-3.000000000000000000e+00
-4.200000000000000000e+01
2.500000000000000000e+01
1.300000000000000000e+01
-3.700000000000000000e+01
-1.000000000000000000e+01
-8.000000000000000000e+00
1.200000000000000000e+01
1.400000000000000000e+01
-2.000000000000000000e+00
8.000000000000000000e+00
2.300000000000000000e+01
-6.000000000000000000e+00
2.500000000000000000e+01
-4.000000000000000000e+00
-8.000000000000000000e+00
1.400000000000000000e+01
-2.800000000000000000e+01
6.000000000000000000e+00
-2.000000000000000000e+00
5.000000000000000000e+00
-3.000000000000000000e+00
-3.000000000000000000e+00
-1.000000000000000000e+01
1.800000000000000000e+01
-1.900000000000000000e+01
-6.000000000000000000e+00
-1.100000000000000000e+01
3.000000000000000000e+00
3.200000000000000000e+01
-8.000000000000000000e+00
7.000000000000000000e+00
1.400000000000000000e+01
0.000000000000000000e+00
-6.000000000000000000e+00
-2.900000000000000000e+01
7.000000000000000000e+00
-3.000000000000000000e+00
1.500000000000000000e+01
0.000000000000000000e+00
-3.400000000000000000e+01
5.400000000000000000e+01
1.500000000000000000e+01
1.200000000000000000e+01
-2.000000000000000000e+01
2.200000000000000000e+01
2.500000000000000000e+01
-1.200000000000000000e+01
-3.000000000000000000e+00
5.700000000000000000e+01
1.100000000000000000e+01
1.800000000000000000e+01
3.700000000000000000e+01
-1.700000000000000000e+01
1.400000000000000000e+01
7.000000000000000000e+00
-8.000000000000000000e+00
-5.000000000000000000e+00
-7.000000000000000000e+00
1.500000000000000000e+01
-1.000000000000000000e+01
3.000000000000000000e+00
1.400000000000000000e+01
2.500000000000000000e+01
2.000000000000000000e+01
4.000000000000000000e+00
-4.000000000000000000e+00
1.000000000000000000e+01
1.600000000000000000e+01
8.000000000000000000e+00
-3.000000000000000000e+01
-1.400000000000000000e+01
0.000000000000000000e+00
1.000000000000000000e+01
2.800000000000000000e+01
-3.000000000000000000e+00
1.000000000000000000e+00
1.800000000000000000e+01
1.300000000000000000e+01
1.100000000000000000e+01
-1.300000000000000000e+01
-1.800000000000000000e+01
2.200000000000000000e+01
3.000000000000000000e+00
3.900000000000000000e+01
3.500000000000000000e+01
1.100000000000000000e+01
3.200000000000000000e+01
4.700000000000000000e+01
2.300000000000000000e+01
6.200000000000000000e+01
6.000000000000000000e+01
6.500000000000000000e+01
6.100000000000000000e+01
6.600000000000000000e+01
9.200000000000000000e+01
1.030000000000000000e+02
1.030000000000000000e+02
1.010000000000000000e+02
1.230000000000000000e+02
9.300000000000000000e+01
1.350000000000000000e+02
1.000000000000000000e+02
1.210000000000000000e+02
9.600000000000000000e+01
1.170000000000000000e+02
8.800000000000000000e+01
1.280000000000000000e+02
1.240000000000000000e+02
9.700000000000000000e+01
6.600000000000000000e+01
1.030000000000000000e+02
1.130000000000000000e+02
6.600000000000000000e+01
7.500000000000000000e+01
5.000000000000000000e+01
4.300000000000000000e+01
1.400000000000000000e+01
3.800000000000000000e+01
3.600000000000000000e+01
2.900000000000000000e+01
-1.400000000000000000e+01
9.000000000000000000e+00
1.700000000000000000e+01
2.600000000000000000e+01
2.600000000000000000e+01
-2.000000000000000000e+00
2.700000000000000000e+01
1.100000000000000000e+01
-2.000000000000000000e+00
3.300000000000000000e+01
8.000000000000000000e+00
5.000000000000000000e+00
-1.000000000000000000e+01
3.000000000000000000e+00
-7.000000000000000000e+00
2.000000000000000000e+01
2.000000000000000000e+01
2.300000000000000000e+01
3.400000000000000000e+01
-1.800000000000000000e+01
-6.000000000000000000e+00
-1.000000000000000000e+00
-3.000000000000000000e+00
-1.800000000000000000e+01
4.500000000000000000e+01
-9.000000000000000000e+00
2.000000000000000000e+01
1.500000000000000000e+01
2.900000000000000000e+01
2.300000000000000000e+01
7.000000000000000000e+00
1.000000000000000000e+01
4.200000000000000000e+01
4.000000000000000000e+00
-3.200000000000000000e+01
2.000000000000000000e+01
1.900000000000000000e+01
3.700000000000000000e+01
7.000000000000000000e+00
2.900000000000000000e+01
-1.800000000000000000e+01
1.100000000000000000e+01
8.000000000000000000e+00
-3.000000000000000000e+00
-2.400000000000000000e+01
2.400000000000000000e+01
-5.000000000000000000e+00
-1.500000000000000000e+01
-3.000000000000000000e+00
2.000000000000000000e+00
2.600000000000000000e+01
2.500000000000000000e+01
3.100000000000000000e+01
-3.000000000000000000e+00
4.700000000000000000e+01
-6.000000000000000000e+00
4.000000000000000000e+00
9.000000000000000000e+00
-4.000000000000000000e+00
-1.800000000000000000e+01
2.400000000000000000e+01
1.000000000000000000e+01
-1.500000000000000000e+01
2.700000000000000000e+01
2.900000000000000000e+01
2.400000000000000000e+01
1.700000000000000000e+01
2.400000000000000000e+01
-2.000000000000000000e+01
2.000000000000000000e+01
5.000000000000000000e+00
5.000000000000000000e+00
-3.200000000000000000e+01
2.700000000000000000e+01
5.800000000000000000e+01
-2.600000000000000000e+01
7.000000000000000000e+00
3.400000000000000000e+01
2.800000000000000000e+01
1.000000000000000000e+00
-4.000000000000000000e+00
4.000000000000000000e+01
-8.000000000000000000e+00
-3.100000000000000000e+01
2.500000000000000000e+01
-1.800000000000000000e+01
-4.000000000000000000e+00
3.000000000000000000e+01
1.800000000000000000e+01
-8.000000000000000000e+00
1.000000000000000000e+00
-3.000000000000000000e+01
-3.000000000000000000e+00
-1.700000000000000000e+01
-1.100000000000000000e+01
-1.300000000000000000e+01
1.900000000000000000e+01
1.900000000000000000e+01
-1.000000000000000000e+00
-2.000000000000000000e+00
1.100000000000000000e+01
0.000000000000000000e+00
2.400000000000000000e+01
-1.000000000000000000e+00
-2.500000000000000000e+01
1.600000000000000000e+01
5.700000000000000000e+01
-3.000000000000000000e+00
1.400000000000000000e+01
-1.000000000000000000e+00
2.000000000000000000e+00
2.900000000000000000e+01
-1.900000000000000000e+01
7.000000000000000000e+00
-3.000000000000000000e+00
2.700000000000000000e+01
4.000000000000000000e+00
2.000000000000000000e+00
2.700000000000000000e+01
2.400000000000000000e+01
1.900000000000000000e+01
9.000000000000000000e+00
9.000000000000000000e+00
-1.200000000000000000e+01
-2.000000000000000000e+00
3.100000000000000000e+01
1.500000000000000000e+01
4.000000000000000000e+00
-5.000000000000000000e+00
8.000000000000000000e+00
-3.000000000000000000e+00
1.900000000000000000e+01
-1.400000000000000000e+01
9.000000000000000000e+00
3.100000000000000000e+01
4.200000000000000000e+01
2.600000000000000000e+01
-3.000000000000000000e+01
1.000000000000000000e+01
-3.500000000000000000e+01
0.000000000000000000e+00
-8.000000000000000000e+00
3.200000000000000000e+01
2.600000000000000000e+01
3.200000000000000000e+01
3.000000000000000000e+00
-3.000000000000000000e+00
1.700000000000000000e+01
2.900000000000000000e+01
3.900000000000000000e+01
-6.000000000000000000e+00
-2.000000000000000000e+00
1.000000000000000000e+00
-2.100000000000000000e+01
1.700000000000000000e+01
1.800000000000000000e+01
-8.000000000000000000e+00
3.000000000000000000e+00
1.500000000000000000e+01
-1.500000000000000000e+01
1.700000000000000000e+01
1.300000000000000000e+01
-2.000000000000000000e+00
1.700000000000000000e+01
2.100000000000000000e+01
2.500000000000000000e+01
2.400000000000000000e+01
1.400000000000000000e+01
5.000000000000000000e+00
-5.000000000000000000e+00
1.600000000000000000e+01
2.700000000000000000e+01
4.200000000000000000e+01
-6.000000000000000000e+00
4.000000000000000000e+00
1.500000000000000000e+01
1.100000000000000000e+01
3.900000000000000000e+01
-3.400000000000000000e+01
3.500000000000000000e+01
1.500000000000000000e+01
3.100000000000000000e+01
5.600000000000000000e+01
7.000000000000000000e+00
1.000000000000000000e+01
5.800000000000000000e+01
1.600000000000000000e+01
5.000000000000000000e+00
-1.000000000000000000e+01
-1.000000000000000000e+00
8.000000000000000000e+00
2.300000000000000000e+01
4.300000000000000000e+01
5.700000000000000000e+01
2.300000000000000000e+01
2.300000000000000000e+01
1.500000000000000000e+01
3.700000000000000000e+01
2.000000000000000000e+01
4.500000000000000000e+01
9.000000000000000000e+00
1.800000000000000000e+01
-1.000000000000000000e+00
8.000000000000000000e+00
0.000000000000000000e+00
1.300000000000000000e+01
4.000000000000000000e+01
5.000000000000000000e+00
6.000000000000000000e+00
1.700000000000000000e+01
1.000000000000000000e+00
2.800000000000000000e+01
2.700000000000000000e+01
-1.100000000000000000e+01
5.000000000000000000e+00
9.000000000000000000e+00
7.000000000000000000e+00
-1.000000000000000000e+00
2.600000000000000000e+01
1.500000000000000000e+01
1.200000000000000000e+01
3.300000000000000000e+01
2.000000000000000000e+01
3.300000000000000000e+01
2.100000000000000000e+01
-1.600000000000000000e+01
2.400000000000000000e+01
3.100000000000000000e+01
2.600000000000000000e+01
7.000000000000000000e+00
2.200000000000000000e+01
1.600000000000000000e+01
1.700000000000000000e+01
-2.400000000000000000e+01
3.200000000000000000e+01
2.900000000000000000e+01
1.000000000000000000e+00
-1.000000000000000000e+00
-1.600000000000000000e+01
7.000000000000000000e+00
1.200000000000000000e+01
5.300000000000000000e+01
3.600000000000000000e+01
3.200000000000000000e+01
5.300000000000000000e+01
2.100000000000000000e+01
1.600000000000000000e+01
-4.000000000000000000e+00
4.400000000000000000e+01
2.600000000000000000e+01
6.000000000000000000e+01
1.300000000000000000e+01
4.200000000000000000e+01
1.400000000000000000e+01
2.200000000000000000e+01
5.000000000000000000e+00
4.800000000000000000e+01
3.000000000000000000e+01
2.500000000000000000e+01
1.200000000000000000e+01
2.600000000000000000e+01
2.900000000000000000e+01
3.300000000000000000e+01
1.000000000000000000e+01
2.400000000000000000e+01
3.200000000000000000e+01
2.000000000000000000e+00
4.000000000000000000e+01
3.000000000000000000e+01
4.200000000000000000e+01
9.000000000000000000e+00
2.800000000000000000e+01
2.100000000000000000e+01
1.300000000000000000e+01
3.400000000000000000e+01
2.400000000000000000e+01
4.200000000000000000e+01
4.500000000000000000e+01
5.000000000000000000e+01
-4.000000000000000000e+00
3.300000000000000000e+01
4.900000000000000000e+01
4.400000000000000000e+01
1.500000000000000000e+01
2.400000000000000000e+01
1.100000000000000000e+01
5.500000000000000000e+01
2.200000000000000000e+01
4.700000000000000000e+01
1.200000000000000000e+01
6.000000000000000000e+00
8.300000000000000000e+01
1.900000000000000000e+01
3.700000000000000000e+01
6.200000000000000000e+01
7.100000000000000000e+01
6.000000000000000000e+00
2.100000000000000000e+01
4.200000000000000000e+01
7.500000000000000000e+01
5.100000000000000000e+01
3.000000000000000000e+01
4.400000000000000000e+01
5.200000000000000000e+01
2.900000000000000000e+01
6.300000000000000000e+01
5.100000000000000000e+01
7.700000000000000000e+01
7.300000000000000000e+01
5.900000000000000000e+01
4.600000000000000000e+01
9.500000000000000000e+01
1.020000000000000000e+02
1.070000000000000000e+02
1.140000000000000000e+02
1.200000000000000000e+02
1.220000000000000000e+02
1.530000000000000000e+02
1.470000000000000000e+02
1.550000000000000000e+02
1.940000000000000000e+02
1.620000000000000000e+02
1.880000000000000000e+02
2.220000000000000000e+02
2.370000000000000000e+02
2.630000000000000000e+02
3.270000000000000000e+02
2.630000000000000000e+02
3.220000000000000000e+02
3.190000000000000000e+02
4.000000000000000000e+02
4.300000000000000000e+02
4.540000000000000000e+02
4.680000000000000000e+02
4.980000000000000000e+02
5.510000000000000000e+02
5.860000000000000000e+02
6.490000000000000000e+02
7.270000000000000000e+02
7.650000000000000000e+02
8.030000000000000000e+02
8.470000000000000000e+02
9.270000000000000000e+02
1.011000000000000000e+03
1.064000000000000000e+03
1.135000000000000000e+03
1.251000000000000000e+03
1.383000000000000000e+03
1.472000000000000000e+03
1.570000000000000000e+03
1.686000000000000000e+03
1.785000000000000000e+03
1.876000000000000000e+03
2.068000000000000000e+03
2.133000000000000000e+03
2.342000000000000000e+03
2.528000000000000000e+03
2.641000000000000000e+03
2.836000000000000000e+03
3.026000000000000000e+03
3.161000000000000000e+03
3.348000000000000000e+03
3.552000000000000000e+03
3.725000000000000000e+03
3.892000000000000000e+03
4.092000000000000000e+03
4.308000000000000000e+03
4.506000000000000000e+03
4.554000000000000000e+03
4.800000000000000000e+03
5.053000000000000000e+03
5.117000000000000000e+03
5.305000000000000000e+03
5.527000000000000000e+03
5.639000000000000000e+03
5.692000000000000000e+03
5.843000000000000000e+03
6.008000000000000000e+03
6.024000000000000000e+03
6.143000000000000000e+03
6.060000000000000000e+03
6.127000000000000000e+03
6.146000000000000000e+03
6.194000000000000000e+03
6.132000000000000000e+03
6.123000000000000000e+03
5.999000000000000000e+03
5.851000000000000000e+03
5.830000000000000000e+03
5.650000000000000000e+03
5.557000000000000000e+03
5.384000000000000000e+03
5.240000000000000000e+03
5.023000000000000000e+03
4.822000000000000000e+03
4.681000000000000000e+03
4.350000000000000000e+03
4.260000000000000000e+03
3.989000000000000000e+03
3.777000000000000000e+03
3.564000000000000000e+03
3.301000000000000000e+03
3.090000000000000000e+03
2.878000000000000000e+03
2.714000000000000000e+03
2.498000000000000000e+03
2.250000000000000000e+03
2.140000000000000000e+03
1.882000000000000000e+03
1.761000000000000000e+03
1.574000000000000000e+03
1.455000000000000000e+03
1.345000000000000000e+03
1.138000000000000000e+03
1.014000000000000000e+03
9.550000000000000000e+02
8.170000000000000000e+02
7.440000000000000000e+02
6.730000000000000000e+02
6.140000000000000000e+02
5.040000000000000000e+02
4.510000000000000000e+02
3.810000000000000000e+02
3.810000000000000000e+02
3.370000000000000000e+02
2.530000000000000000e+02
2.350000000000000000e+02
2.260000000000000000e+02
1.770000000000000000e+02
2.000000000000000000e+02
1.440000000000000000e+02
1.310000000000000000e+02
9.800000000000000000e+01
1.020000000000000000e+02
1.030000000000000000e+02
5.500000000000000000e+01
7.100000000000000000e+01
7.500000000000000000e+01
6.200000000000000000e+01
5.700000000000000000e+01
6.400000000000000000e+01
4.600000000000000000e+01
6.400000000000000000e+01
5.500000000000000000e+01
2.100000000000000000e+01
-3.000000000000000000e+00
3.300000000000000000e+01
2.700000000000000000e+01
1.600000000000000000e+01
2.400000000000000000e+01
2.800000000000000000e+01
3.400000000000000000e+01
7.000000000000000000e+00
3.700000000000000000e+01
2.300000000000000000e+01
-2.000000000000000000e+00
6.300000000000000000e+01
2.900000000000000000e+01
2.500000000000000000e+01
2.800000000000000000e+01
5.400000000000000000e+01
3.900000000000000000e+01
0.000000000000000000e+00
3.400000000000000000e+01
5.200000000000000000e+01
3.000000000000000000e+00
2.600000000000000000e+01
1.600000000000000000e+01
-1.100000000000000000e+01
3.000000000000000000e+01
6.000000000000000000e+00
2.500000000000000000e+01
2.300000000000000000e+01
6.000000000000000000e+00
2.400000000000000000e+01
1.700000000000000000e+01
1.800000000000000000e+01
2.500000000000000000e+01
1.300000000000000000e+01
3.500000000000000000e+01
5.000000000000000000e+01
8.000000000000000000e+00
1.000000000000000000e+00
2.500000000000000000e+01
1.400000000000000000e+01
-1.000000000000000000e+00
4.700000000000000000e+01
2.900000000000000000e+01
1.600000000000000000e+01
3.100000000000000000e+01
3.000000000000000000e+01
2.000000000000000000e+01
1.500000000000000000e+01
6.400000000000000000e+01
2.900000000000000000e+01
3.000000000000000000e+01
0.000000000000000000e+00
5.700000000000000000e+01
3.600000000000000000e+01
6.000000000000000000e+00
7.000000000000000000e+00
2.100000000000000000e+01
1.400000000000000000e+01
2.400000000000000000e+01
3.000000000000000000e+01
1.000000000000000000e+00
-1.300000000000000000e+01
3.800000000000000000e+01
5.000000000000000000e+00
6.000000000000000000e+00
4.300000000000000000e+01
7.000000000000000000e+00
2.300000000000000000e+01
-8.000000000000000000e+00
2.500000000000000000e+01
2.400000000000000000e+01
2.100000000000000000e+01
4.600000000000000000e+01
2.300000000000000000e+01
-2.300000000000000000e+01
-3.000000000000000000e+00
2.200000000000000000e+01
2.000000000000000000e+01
1.800000000000000000e+01
6.400000000000000000e+01
1.900000000000000000e+01
1.700000000000000000e+01
-6.000000000000000000e+00
2.600000000000000000e+01
1.200000000000000000e+01
2.100000000000000000e+01
6.000000000000000000e+00
2.700000000000000000e+01
5.100000000000000000e+01
-1.400000000000000000e+01
2.500000000000000000e+01
-2.400000000000000000e+01
2.700000000000000000e+01
2.100000000000000000e+01
6.000000000000000000e+00
5.700000000000000000e+01
2.700000000000000000e+01
2.600000000000000000e+01
2.500000000000000000e+01
2.900000000000000000e+01
-7.000000000000000000e+00
-1.700000000000000000e+01
2.400000000000000000e+01
1.800000000000000000e+01
2.600000000000000000e+01
3.700000000000000000e+01
6.000000000000000000e+00
1.000000000000000000e+01
3.000000000000000000e+01
1.900000000000000000e+01
1.000000000000000000e+00
2.800000000000000000e+01
3.700000000000000000e+01
1.000000000000000000e+01
3.000000000000000000e+00
3.700000000000000000e+01
1.100000000000000000e+01
2.300000000000000000e+01
-5.000000000000000000e+00
9.000000000000000000e+00
2.400000000000000000e+01
1.900000000000000000e+01
-3.000000000000000000e+00
-1.200000000000000000e+01
2.200000000000000000e+01
8.000000000000000000e+00
2.600000000000000000e+01
3.600000000000000000e+01
4.000000000000000000e+01
1.400000000000000000e+01
3.500000000000000000e+01
2.000000000000000000e+01
-7.000000000000000000e+00
-7.000000000000000000e+00
1.800000000000000000e+01
2.700000000000000000e+01
1.100000000000000000e+01
-7.000000000000000000e+00
4.500000000000000000e+01
1.800000000000000000e+01
2.200000000000000000e+01
6.000000000000000000e+00
2.000000000000000000e+01
4.200000000000000000e+01
2.300000000000000000e+01
3.700000000000000000e+01
1.000000000000000000e+01
2.300000000000000000e+01
2.400000000000000000e+01
5.500000000000000000e+01
1.900000000000000000e+01
1.300000000000000000e+01
-3.000000000000000000e+00
3.300000000000000000e+01
1.000000000000000000e+00
1.800000000000000000e+01
-2.100000000000000000e+01
2.300000000000000000e+01
8.000000000000000000e+00
1.200000000000000000e+01
2.200000000000000000e+01
-1.300000000000000000e+01
4.200000000000000000e+01
-1.800000000000000000e+01
2.600000000000000000e+01
3.700000000000000000e+01
-1.200000000000000000e+01
9.000000000000000000e+00
4.000000000000000000e+01
-2.800000000000000000e+01
1.400000000000000000e+01
1.500000000000000000e+01
-1.900000000000000000e+01
-7.000000000000000000e+00
1.100000000000000000e+01
9.000000000000000000e+00
-1.500000000000000000e+01
4.200000000000000000e+01
3.500000000000000000e+01
2.900000000000000000e+01
1.100000000000000000e+01
1.000000000000000000e+01
9.000000000000000000e+00
8.000000000000000000e+00
-4.000000000000000000e+00
1.500000000000000000e+01
-3.000000000000000000e+00
1.200000000000000000e+01
9.000000000000000000e+00
4.300000000000000000e+01
2.500000000000000000e+01
2.000000000000000000e+01
-1.000000000000000000e+00
9.000000000000000000e+00
1.300000000000000000e+01
1.500000000000000000e+01
1.900000000000000000e+01
2.100000000000000000e+01
7.000000000000000000e+00
-4.000000000000000000e+00
2.300000000000000000e+01
-1.600000000000000000e+01
-8.000000000000000000e+00
3.200000000000000000e+01
-1.500000000000000000e+01
1.500000000000000000e+01
3.700000000000000000e+01
4.400000000000000000e+01
-3.000000000000000000e+00
3.200000000000000000e+01
1.600000000000000000e+01
1.700000000000000000e+01
1.400000000000000000e+01
1.800000000000000000e+01
-1.000000000000000000e+00
7.000000000000000000e+00
2.500000000000000000e+01
-1.700000000000000000e+01
2.800000000000000000e+01
5.000000000000000000e+00
-6.000000000000000000e+00
3.000000000000000000e+00
8.000000000000000000e+00
1.000000000000000000e+00
1.400000000000000000e+01
1.300000000000000000e+01
2.400000000000000000e+01
3.400000000000000000e+01
-8.000000000000000000e+00
-1.000000000000000000e+00
-2.000000000000000000e+00
2.500000000000000000e+01
3.400000000000000000e+01
-1.000000000000000000e+00
2.100000000000000000e+01
1.300000000000000000e+01
2.000000000000000000e+01
1.400000000000000000e+01
1.800000000000000000e+01
-2.000000000000000000e+00
2.600000000000000000e+01
2.900000000000000000e+01
1.500000000000000000e+01
1.200000000000000000e+01
-5.000000000000000000e+00
1.000000000000000000e+01
6.000000000000000000e+00
6.000000000000000000e+00
1.600000000000000000e+01
-3.000000000000000000e+00
3.000000000000000000e+00
9.000000000000000000e+00
1.900000000000000000e+01
7.000000000000000000e+00
7.000000000000000000e+00
2.200000000000000000e+01
2.400000000000000000e+01
2.800000000000000000e+01
1.500000000000000000e+01
-7.000000000000000000e+00
1.100000000000000000e+01
2.700000000000000000e+01
3.700000000000000000e+01
1.200000000000000000e+01
2.800000000000000000e+01
1.500000000000000000e+01
8.000000000000000000e+00
1.200000000000000000e+01
8.000000000000000000e+00
2.700000000000000000e+01
1.200000000000000000e+01
3.100000000000000000e+01
6.000000000000000000e+00
-5.000000000000000000e+00
3.700000000000000000e+01
5.600000000000000000e+01
3.000000000000000000e+00
3.500000000000000000e+01
6.200000000000000000e+01
2.800000000000000000e+01
2.500000000000000000e+01
4.100000000000000000e+01
1.500000000000000000e+01
2.700000000000000000e+01
4.000000000000000000e+00
-4.000000000000000000e+00
6.000000000000000000e+00
8.000000000000000000e+00
6.000000000000000000e+00
8.000000000000000000e+00
-1.300000000000000000e+01
2.400000000000000000e+01
2.000000000000000000e+01
4.000000000000000000e+00
2.100000000000000000e+01
-9.000000000000000000e+00
-8.000000000000000000e+00
2.100000000000000000e+01
1.000000000000000000e+01
1.000000000000000000e+01
3.000000000000000000e+00
7.000000000000000000e+00
1.000000000000000000e+01
-1.300000000000000000e+01
1.600000000000000000e+01
-4.000000000000000000e+00
7.000000000000000000e+00
-3.000000000000000000e+00
1.700000000000000000e+01
2.000000000000000000e+00
3.700000000000000000e+01
7.000000000000000000e+00
1.900000000000000000e+01
3.600000000000000000e+01
1.400000000000000000e+01
-1.100000000000000000e+01
-1.600000000000000000e+01
2.000000000000000000e+00
-1.600000000000000000e+01
-1.000000000000000000e+00
-1.500000000000000000e+01
2.000000000000000000e+00
0.000000000000000000e+00
5.000000000000000000e+00
3.300000000000000000e+01
4.000000000000000000e+00
4.200000000000000000e+01
-1.900000000000000000e+01
-3.100000000000000000e+01
2.800000000000000000e+01
2.000000000000000000e+00
-7.000000000000000000e+00
5.000000000000000000e+00
1.500000000000000000e+01
1.800000000000000000e+01
4.000000000000000000e+00
9.000000000000000000e+00
-1.200000000000000000e+01
0.000000000000000000e+00
-8.000000000000000000e+00
1.700000000000000000e+01
-1.000000000000000000e+00
-1.070000000000000000e+02
8.000000000000000000e+00
1.300000000000000000e+01
-8.000000000000000000e+00
2.100000000000000000e+01
-1.000000000000000000e+01
-2.100000000000000000e+01
-1.100000000000000000e+01
-1.200000000000000000e+01
5.000000000000000000e+00
-2.100000000000000000e+01
4.000000000000000000e+00
8.000000000000000000e+00
-8.000000000000000000e+00
4.000000000000000000e+00
-8.000000000000000000e+00
-2.100000000000000000e+01
8.000000000000000000e+00
2.100000000000000000e+01
5.000000000000000000e+00
-1.600000000000000000e+01
3.500000000000000000e+01
3.000000000000000000e+00
-2.000000000000000000e+00
-3.000000000000000000e+00
-1.000000000000000000e+00
2.000000000000000000e+01
-1.000000000000000000e+01
3.200000000000000000e+01
-3.000000000000000000e+01
-7.000000000000000000e+00
1.300000000000000000e+01
-1.600000000000000000e+01
-3.000000000000000000e+01
2.900000000000000000e+01
-3.300000000000000000e+01
-1.200000000000000000e+01
1.200000000000000000e+01
3.000000000000000000e+00
4.000000000000000000e+00
2.800000000000000000e+01
3.200000000000000000e+01
-1.000000000000000000e+00
-6.000000000000000000e+00
-1.500000000000000000e+01
-1.400000000000000000e+01
2.200000000000000000e+01
1.000000000000000000e+00
-2.000000000000000000e+00
1.700000000000000000e+01
2.900000000000000000e+01
1.000000000000000000e+00
1.000000000000000000e+00
-4.000000000000000000e+00
-4.000000000000000000e+00
-2.000000000000000000e+00
-9.000000000000000000e+00
-8.000000000000000000e+00
-1.200000000000000000e+01
0.000000000000000000e+00
6.000000000000000000e+00
-2.000000000000000000e+00
-2.600000000000000000e+01
1.000000000000000000e+00
-5.000000000000000000e+00
-5.000000000000000000e+00
3.000000000000000000e+00
1.100000000000000000e+01
-1.100000000000000000e+01
1.100000000000000000e+01
8.000000000000000000e+00
4.000000000000000000e+00
2.200000000000000000e+01
-3.600000000000000000e+01
-1.000000000000000000e+00
7.000000000000000000e+00
5.000000000000000000e+01
-8.000000000000000000e+00
-2.500000000000000000e+01
1.000000000000000000e+01
-3.000000000000000000e+00
-3.800000000000000000e+01
1.300000000000000000e+01
-1.100000000000000000e+01
3.200000000000000000e+01
1.500000000000000000e+01
3.200000000000000000e+01
1.800000000000000000e+01
-1.100000000000000000e+01
-9.000000000000000000e+00
2.500000000000000000e+01
4.400000000000000000e+01
8.000000000000000000e+00
-1.500000000000000000e+01
-1.000000000000000000e+00
-4.600000000000000000e+01
5.000000000000000000e+00
1.900000000000000000e+01
-7.000000000000000000e+00
2.200000000000000000e+01
5.000000000000000000e+00
3.300000000000000000e+01
-3.000000000000000000e+01
3.500000000000000000e+01
1.800000000000000000e+01
5.000000000000000000e+00
3.400000000000000000e+01
-1.600000000000000000e+01
1.200000000000000000e+01
9.000000000000000000e+00
-2.800000000000000000e+01
-5.000000000000000000e+00
-2.300000000000000000e+01
-1.400000000000000000e+01
3.100000000000000000e+01
3.000000000000000000e+00
8.000000000000000000e+00
-1.600000000000000000e+01
1.700000000000000000e+01
-1.400000000000000000e+01
-1.000000000000000000e+01
-1.000000000000000000e+01
-3.100000000000000000e+01
-1.900000000000000000e+01
3.000000000000000000e+00
-1.800000000000000000e+01
3.100000000000000000e+01
-1.200000000000000000e+01
-1.300000000000000000e+01
-2.000000000000000000e+01
5.000000000000000000e+00
-1.400000000000000000e+01
-2.900000000000000000e+01
-3.000000000000000000e+00
-1.400000000000000000e+01
1.600000000000000000e+01
1.000000000000000000e+00
1.000000000000000000e+00
0.000000000000000000e+00
2.100000000000000000e+01
-7.000000000000000000e+00
-4.000000000000000000e+00
8.000000000000000000e+00
-5.000000000000000000e+00
1.500000000000000000e+01
-1.600000000000000000e+01
-1.000000000000000000e+01
7.000000000000000000e+00
-1.000000000000000000e+01
2.600000000000000000e+01
2.500000000000000000e+01
5.000000000000000000e+00
1.600000000000000000e+01
1.500000000000000000e+01
9.000000000000000000e+00
-1.600000000000000000e+01
2.300000000000000000e+01
-1.000000000000000000e+01
2.000000000000000000e+01
-8.000000000000000000e+00
0.000000000000000000e+00
5.000000000000000000e+00
4.000000000000000000e+00
1.100000000000000000e+01
-6.000000000000000000e+00
1.000000000000000000e+00
-1.200000000000000000e+01
9.000000000000000000e+00
1.400000000000000000e+01
0.000000000000000000e+00
2.200000000000000000e+01
1.400000000000000000e+01
-1.000000000000000000e+01
-1.400000000000000000e+01
-3.000000000000000000e+00
2.800000000000000000e+01
-2.300000000000000000e+01
8.000000000000000000e+00
-2.000000000000000000e+01
-1.000000000000000000e+00
4.000000000000000000e+00
-4.300000000000000000e+01
-6.000000000000000000e+00
4.000000000000000000e+01
9.000000000000000000e+00
4.000000000000000000e+00
-2.000000000000000000e+01
-1.400000000000000000e+01
4.000000000000000000e+00
1.200000000000000000e+01
1.700000000000000000e+01
-2.000000000000000000e+00
-8.000000000000000000e+00
2.900000000000000000e+01
-7.000000000000000000e+00
-2.900000000000000000e+01
4.000000000000000000e+00
1.900000000000000000e+01
1.700000000000000000e+01
1.500000000000000000e+01
-5.000000000000000000e+00
1.800000000000000000e+01
-1.700000000000000000e+01
7.000000000000000000e+00
-3.000000000000000000e+00
-6.000000000000000000e+00
5.900000000000000000e+01
-1.900000000000000000e+01
1.400000000000000000e+01
1.800000000000000000e+01
-6.000000000000000000e+00
5.000000000000000000e+00
-1.200000000000000000e+01
-2.100000000000000000e+01
-3.000000000000000000e+00
1.600000000000000000e+01
6.000000000000000000e+00
-2.000000000000000000e+00
9.000000000000000000e+00
-3.000000000000000000e+00
-1.400000000000000000e+01
-2.100000000000000000e+01
-1.300000000000000000e+01
9.000000000000000000e+00
-7.000000000000000000e+00
3.700000000000000000e+01
5.000000000000000000e+00
-1.000000000000000000e+00
2.600000000000000000e+01
1.000000000000000000e+01
8.000000000000000000e+00
-2.300000000000000000e+01
-2.000000000000000000e+00
1.500000000000000000e+01
9.000000000000000000e+00
8.000000000000000000e+00
5.000000000000000000e+00
4.000000000000000000e+00
-1.000000000000000000e+00
1.100000000000000000e+01
1.000000000000000000e+01
-1.500000000000000000e+01
3.000000000000000000e+00
-9.000000000000000000e+00
-1.100000000000000000e+01
-6.000000000000000000e+00
-2.400000000000000000e+01
4.200000000000000000e+01
-1.200000000000000000e+01
9.000000000000000000e+00
-5.000000000000000000e+00
-6.000000000000000000e+00
-1.300000000000000000e+01
-2.600000000000000000e+01
1.000000000000000000e+00
-3.100000000000000000e+01
-2.000000000000000000e+00
1.200000000000000000e+01
-3.000000000000000000e+00
-2.000000000000000000e+01
-2.000000000000000000e+01
-5.000000000000000000e+00
9.000000000000000000e+00
-1.000000000000000000e+00
-7.000000000000000000e+00
4.000000000000000000e+01
0.000000000000000000e+00
-1.100000000000000000e+01
3.000000000000000000e+00
7.000000000000000000e+00
5.000000000000000000e+00
-1.000000000000000000e+01
-3.400000000000000000e+01
0.000000000000000000e+00
4.300000000000000000e+01
1.900000000000000000e+01
-2.300000000000000000e+01
6.000000000000000000e+00
-9.000000000000000000e+00
-1.600000000000000000e+01
-1.000000000000000000e+00
8.000000000000000000e+00
7.000000000000000000e+00
-1.800000000000000000e+01
2.400000000000000000e+01
-9.000000000000000000e+00
-1.800000000000000000e+01
1.300000000000000000e+01
-2.700000000000000000e+01
-1.200000000000000000e+01
2.300000000000000000e+01
-2.200000000000000000e+01
1.200000000000000000e+01
1.100000000000000000e+01
-2.000000000000000000e+00
-3.200000000000000000e+01
-1.600000000000000000e+01
-1.100000000000000000e+01
2.700000000000000000e+01
-1.700000000000000000e+01
-1.400000000000000000e+01
-1.300000000000000000e+01
3.900000000000000000e+01
6.000000000000000000e+00
0.000000000000000000e+00
-3.900000000000000000e+01
1.800000000000000000e+01
-2.000000000000000000e+00
1.900000000000000000e+01
-3.000000000000000000e+00
-1.700000000000000000e+01
-2.200000000000000000e+01
-4.000000000000000000e+00
3.000000000000000000e+00
-7.000000000000000000e+00
1.800000000000000000e+01
-5.000000000000000000e+00
2.800000000000000000e+01
2.200000000000000000e+01
6.000000000000000000e+00
1.500000000000000000e+01
1.100000000000000000e+01
2.700000000000000000e+01
1.500000000000000000e+01
1.500000000000000000e+01
-2.400000000000000000e+01
-9.000000000000000000e+00
1.400000000000000000e+01
5.000000000000000000e+00
7.000000000000000000e+00
7.000000000000000000e+00
1.100000000000000000e+01
4.000000000000000000e+00
-5.000000000000000000e+00
-3.200000000000000000e+01
7.000000000000000000e+00
2.900000000000000000e+01
9.000000000000000000e+00
0.000000000000000000e+00
-3.000000000000000000e+01
3.300000000000000000e+01
-2.600000000000000000e+01
2.000000000000000000e+00
2.100000000000000000e+01
3.800000000000000000e+01
-5.000000000000000000e+00
-5.000000000000000000e+00
1.800000000000000000e+01
1.700000000000000000e+01
1.800000000000000000e+01
1.200000000000000000e+01
1.900000000000000000e+01
2.000000000000000000e+00
-1.400000000000000000e+01
1.300000000000000000e+01
1.200000000000000000e+01
-1.300000000000000000e+01
1.800000000000000000e+01
1.000000000000000000e+00
2.800000000000000000e+01
-2.800000000000000000e+01
0.000000000000000000e+00
-3.100000000000000000e+01
2.300000000000000000e+01
2.000000000000000000e+00
2.700000000000000000e+01
7.000000000000000000e+00
-1.000000000000000000e+00
-5.000000000000000000e+00
1.100000000000000000e+01
7.000000000000000000e+00
4.000000000000000000e+00
8.000000000000000000e+00
-5.000000000000000000e+00
4.000000000000000000e+00
-3.000000000000000000e+00
1.000000000000000000e+01
1.000000000000000000e+00
1.900000000000000000e+01
1.600000000000000000e+01
8.000000000000000000e+00
3.200000000000000000e+01
-9.000000000000000000e+00
1.400000000000000000e+01
3.500000000000000000e+01
3.000000000000000000e+00
-2.000000000000000000e+00
-1.400000000000000000e+01
2.300000000000000000e+01
-1.300000000000000000e+01
1.700000000000000000e+01
9.000000000000000000e+00
1.400000000000000000e+01
8.000000000000000000e+00
2.400000000000000000e+01
3.000000000000000000e+01
-3.000000000000000000e+00
3.300000000000000000e+01
-1.000000000000000000e+00
1.800000000000000000e+01
1.300000000000000000e+01
2.600000000000000000e+01
1.200000000000000000e+01
2.400000000000000000e+01
2.800000000000000000e+01
1.200000000000000000e+01
8.000000000000000000e+00
7.000000000000000000e+01
5.300000000000000000e+01
6.700000000000000000e+01
4.100000000000000000e+01
4.600000000000000000e+01
7.000000000000000000e+01
4.000000000000000000e+01
6.300000000000000000e+01
3.400000000000000000e+01
7.500000000000000000e+01
4.600000000000000000e+01
4.800000000000000000e+01
8.800000000000000000e+01
8.800000000000000000e+01
7.600000000000000000e+01
1.190000000000000000e+02
1.020000000000000000e+02
8.600000000000000000e+01
8.700000000000000000e+01
7.400000000000000000e+01
9.600000000000000000e+01
7.900000000000000000e+01
6.700000000000000000e+01
1.030000000000000000e+02
1.580000000000000000e+02
1.250000000000000000e+02
1.450000000000000000e+02
1.740000000000000000e+02
1.270000000000000000e+02
1.740000000000000000e+02
1.760000000000000000e+02
1.920000000000000000e+02
1.960000000000000000e+02
2.010000000000000000e+02
2.220000000000000000e+02
2.600000000000000000e+02
2.710000000000000000e+02
2.410000000000000000e+02
2.800000000000000000e+02
3.070000000000000000e+02
3.050000000000000000e+02
3.510000000000000000e+02
3.560000000000000000e+02
3.460000000000000000e+02
3.970000000000000000e+02
4.370000000000000000e+02
4.500000000000000000e+02
4.890000000000000000e+02
5.010000000000000000e+02
5.280000000000000000e+02
5.060000000000000000e+02
5.550000000000000000e+02
5.970000000000000000e+02
6.150000000000000000e+02
6.020000000000000000e+02
6.320000000000000000e+02
6.270000000000000000e+02
6.450000000000000000e+02
7.150000000000000000e+02
7.710000000000000000e+02
7.890000000000000000e+02
8.640000000000000000e+02
8.490000000000000000e+02
8.590000000000000000e+02
8.910000000000000000e+02
1.013000000000000000e+03
1.029000000000000000e+03
1.052000000000000000e+03
1.091000000000000000e+03
1.125000000000000000e+03
1.194000000000000000e+03
1.235000000000000000e+03
1.257000000000000000e+03
1.335000000000000000e+03
1.373000000000000000e+03
1.395000000000000000e+03
1.481000000000000000e+03
1.457000000000000000e+03
1.541000000000000000e+03
1.561000000000000000e+03
1.574000000000000000e+03
1.621000000000000000e+03
1.636000000000000000e+03
1.744000000000000000e+03
1.754000000000000000e+03
1.804000000000000000e+03
1.877000000000000000e+03
1.848000000000000000e+03
1.909000000000000000e+03
1.951000000000000000e+03
2.013000000000000000e+03
1.981000000000000000e+03
2.042000000000000000e+03
2.079000000000000000e+03
2.116000000000000000e+03
2.141000000000000000e+03
2.152000000000000000e+03
2.212000000000000000e+03
2.210000000000000000e+03
2.252000000000000000e+03
2.289000000000000000e+03
2.312000000000000000e+03
2.358000000000000000e+03
2.446000000000000000e+03
2.472000000000000000e+03
2.501000000000000000e+03
2.513000000000000000e+03
2.523000000000000000e+03
2.533000000000000000e+03
2.636000000000000000e+03
2.610000000000000000e+03
2.605000000000000000e+03
2.608000000000000000e+03
2.552000000000000000e+03
2.658000000000000000e+03
2.601000000000000000e+03
2.612000000000000000e+03
2.561000000000000000e+03
2.546000000000000000e+03
2.553000000000000000e+03
2.509000000000000000e+03
2.487000000000000000e+03
2.445000000000000000e+03
2.436000000000000000e+03
2.460000000000000000e+03
2.441000000000000000e+03
2.393000000000000000e+03
2.454000000000000000e+03
2.375000000000000000e+03
2.384000000000000000e+03
2.310000000000000000e+03
2.393000000000000000e+03
2.379000000000000000e+03
2.373000000000000000e+03
2.350000000000000000e+03
2.410000000000000000e+03
2.344000000000000000e+03
2.332000000000000000e+03
2.252000000000000000e+03
2.290000000000000000e+03
2.234000000000000000e+03
2.167000000000000000e+03
2.211000000000000000e+03
2.102000000000000000e+03
2.145000000000000000e+03
2.045000000000000000e+03
1.968000000000000000e+03
1.995000000000000000e+03
1.914000000000000000e+03
1.848000000000000000e+03
1.800000000000000000e+03
1.782000000000000000e+03
1.752000000000000000e+03
1.707000000000000000e+03
1.675000000000000000e+03
1.639000000000000000e+03
1.551000000000000000e+03
1.501000000000000000e+03
1.461000000000000000e+03
1.428000000000000000e+03
1.398000000000000000e+03
1.352000000000000000e+03
1.350000000000000000e+03
1.329000000000000000e+03
1.274000000000000000e+03
1.259000000000000000e+03
1.216000000000000000e+03
1.171000000000000000e+03
1.118000000000000000e+03
1.071000000000000000e+03
1.035000000000000000e+03
1.050000000000000000e+03
1.002000000000000000e+03
9.870000000000000000e+02
9.060000000000000000e+02
8.920000000000000000e+02
8.690000000000000000e+02
8.220000000000000000e+02
7.740000000000000000e+02
7.470000000000000000e+02
7.540000000000000000e+02
6.750000000000000000e+02
6.160000000000000000e+02
6.370000000000000000e+02
6.020000000000000000e+02
5.490000000000000000e+02
5.500000000000000000e+02
5.210000000000000000e+02
4.960000000000000000e+02
4.490000000000000000e+02
4.620000000000000000e+02
4.100000000000000000e+02
4.550000000000000000e+02
4.070000000000000000e+02
3.990000000000000000e+02
3.720000000000000000e+02
3.660000000000000000e+02
3.200000000000000000e+02
2.940000000000000000e+02
2.690000000000000000e+02
2.570000000000000000e+02
2.730000000000000000e+02
2.200000000000000000e+02
2.510000000000000000e+02
2.270000000000000000e+02
2.240000000000000000e+02
2.200000000000000000e+02
1.870000000000000000e+02
1.660000000000000000e+02
1.860000000000000000e+02
1.610000000000000000e+02
1.470000000000000000e+02
1.740000000000000000e+02
1.050000000000000000e+02
1.320000000000000000e+02
1.610000000000000000e+02
1.440000000000000000e+02
1.080000000000000000e+02
1.470000000000000000e+02
1.070000000000000000e+02
9.700000000000000000e+01
8.900000000000000000e+01
8.000000000000000000e+01
1.040000000000000000e+02
7.400000000000000000e+01
5.400000000000000000e+01
6.900000000000000000e+01
4.200000000000000000e+01
6.300000000000000000e+01
3.900000000000000000e+01
7.500000000000000000e+01
4.500000000000000000e+01
5.800000000000000000e+01
3.800000000000000000e+01
6.400000000000000000e+01
3.700000000000000000e+01
3.200000000000000000e+01
2.400000000000000000e+01
2.800000000000000000e+01
3.400000000000000000e+01
4.700000000000000000e+01
8.000000000000000000e+00
2.200000000000000000e+01
1.300000000000000000e+01
2.000000000000000000e+01
3.000000000000000000e+01
2.700000000000000000e+01
-5.000000000000000000e+00
1.100000000000000000e+01
2.000000000000000000e+01
5.000000000000000000e+00
2.400000000000000000e+01
3.300000000000000000e+01
9.000000000000000000e+00
3.600000000000000000e+01
-7.000000000000000000e+00
1.000000000000000000e+01
2.500000000000000000e+01
3.500000000000000000e+01
2.900000000000000000e+01
1.800000000000000000e+01
2.000000000000000000e+01
1.900000000000000000e+01
-1.300000000000000000e+01
2.500000000000000000e+01
1.600000000000000000e+01
1.000000000000000000e+01
1.700000000000000000e+01
5.000000000000000000e+00
2.900000000000000000e+01
2.400000000000000000e+01
2.400000000000000000e+01
2.400000000000000000e+01
2.800000000000000000e+01
-9.000000000000000000e+00
2.300000000000000000e+01
7.000000000000000000e+00
1.600000000000000000e+01
2.000000000000000000e+00
9.000000000000000000e+00
-4.000000000000000000e+00
-4.000000000000000000e+00
-1.500000000000000000e+01
7.000000000000000000e+00
2.000000000000000000e+00
-4.000000000000000000e+00
1.300000000000000000e+01
-1.300000000000000000e+01
1.900000000000000000e+01
1.000000000000000000e+01
-1.100000000000000000e+01
-1.800000000000000000e+01
-2.900000000000000000e+01
8.000000000000000000e+00
-1.000000000000000000e+01
-1.200000000000000000e+01
2.100000000000000000e+01
5.000000000000000000e+01
5.000000000000000000e+00
-1.200000000000000000e+01
-9.000000000000000000e+00
-1.300000000000000000e+01
1.100000000000000000e+01
9.000000000000000000e+00
-1.300000000000000000e+01
-1.500000000000000000e+01
1.000000000000000000e+01
-1.000000000000000000e+00
1.400000000000000000e+01
1.100000000000000000e+01
-9.000000000000000000e+00
-6.000000000000000000e+00
4.000000000000000000e+00
0.000000000000000000e+00
-4.000000000000000000e+00
3.000000000000000000e+00
