2.000000000000000000e+00
0.000000000000000000e+00
2.000000000000000000e+00
-6.000000000000000000e+00
8.000000000000000000e+00
-1.800000000000000000e+01
-1.900000000000000000e+01
-1.000000000000000000e+01
-8.000000000000000000e+00
-1.900000000000000000e+01
-4.000000000000000000e+00
1.000000000000000000e+01
-2.200000000000000000e+01
-7.000000000000000000e+00
-2.000000000000000000e+00
1.100000000000000000e+01
-7.000000000000000000e+00
3.200000000000000000e+01
-1.100000000000000000e+01
4.000000000000000000e+00
2.100000000000000000e+01
-1.000000000000000000e+01
-6.000000000000000000e+00
-7.000000000000000000e+00
-2.000000000000000000e+01
-8.000000000000000000e+00
1.000000000000000000e+01
-1.500000000000000000e+01
1.200000000000000000e+01
-4.000000000000000000e+00
-7.000000000000000000e+00
-1.400000000000000000e+01
3.900000000000000000e+01
-3.000000000000000000e+00
-1.900000000000000000e+01
-2.800000000000000000e+01
7.000000000000000000e+00
1.300000000000000000e+01
1.200000000000000000e+01
9.000000000000000000e+00
-1.600000000000000000e+01
1.600000000000000000e+01
3.000000000000000000e+00
-2.000000000000000000e+01
7.000000000000000000e+00
-8.000000000000000000e+00
1.100000000000000000e+01
2.500000000000000000e+01
3.000000000000000000e+00
1.000000000000000000e+00
-5.000000000000000000e+00
-1.700000000000000000e+01
6.000000000000000000e+00
1.100000000000000000e+01
-6.000000000000000000e+00
7.000000000000000000e+00
0.000000000000000000e+00
-2.900000000000000000e+01
4.000000000000000000e+00
-1.800000000000000000e+01
-2.000000000000000000e+00
2.000000000000000000e+01
-1.500000000000000000e+01
0.000000000000000000e+00
-2.700000000000000000e+01
1.300000000000000000e+01
-2.400000000000000000e+01
2.000000000000000000e+00
-4.000000000000000000e+00
2.000000000000000000e+00
-7.000000000000000000e+00
1.000000000000000000e+00
-1.700000000000000000e+01
-1.800000000000000000e+01
-1.700000000000000000e+01
1.800000000000000000e+01
3.000000000000000000e+00
1.600000000000000000e+01
-1.400000000000000000e+01
-2.100000000000000000e+01
3.000000000000000000e+00
1.600000000000000000e+01
-2.400000000000000000e+01
3.500000000000000000e+01
1.500000000000000000e+01
-1.900000000000000000e+01
1.900000000000000000e+01
-5.000000000000000000e+00
3.000000000000000000e+01
-7.000000000000000000e+00
-1.500000000000000000e+01
-1.800000000000000000e+01
0.000000000000000000e+00
-2.300000000000000000e+01
-1.000000000000000000e+00
-8.000000000000000000e+00
7.000000000000000000e+00
-2.000000000000000000e+00
-4.300000000000000000e+01
-6.000000000000000000e+00
7.000000000000000000e+00
1.400000000000000000e+01
8.000000000000000000e+00
5.000000000000000000e+00
-1.300000000000000000e+01
-1.700000000000000000e+01
-1.400000000000000000e+01
1.900000000000000000e+01
-5.000000000000000000e+00
4.000000000000000000e+00
1.000000000000000000e+01
4.000000000000000000e+00
1.100000000000000000e+01
-2.000000000000000000e+01
-9.000000000000000000e+00
3.100000000000000000e+01
-2.000000000000000000e+00
3.000000000000000000e+00
-2.700000000000000000e+01
1.400000000000000000e+01
7.000000000000000000e+00
1.200000000000000000e+01
4.000000000000000000e+00
3.000000000000000000e+00
-9.000000000000000000e+00
-2.400000000000000000e+01
1.400000000000000000e+01
3.000000000000000000e+00
-1.800000000000000000e+01
4.000000000000000000e+00
-8.000000000000000000e+00
2.900000000000000000e+01
5.000000000000000000e+00
2.500000000000000000e+01
-1.900000000000000000e+01
6.000000000000000000e+00
1.000000000000000000e+00
2.500000000000000000e+01
4.000000000000000000e+00
-1.200000000000000000e+01
-1.000000000000000000e+00
-1.500000000000000000e+01
-2.300000000000000000e+01
2.200000000000000000e+01
-1.800000000000000000e+01
1.300000000000000000e+01
3.000000000000000000e+00
-1.400000000000000000e+01
3.000000000000000000e+01
-1.400000000000000000e+01
-1.500000000000000000e+01
3.100000000000000000e+01
-9.000000000000000000e+00
3.000000000000000000e+00
-3.000000000000000000e+00
1.600000000000000000e+01
2.600000000000000000e+01
-6.000000000000000000e+00
-7.000000000000000000e+00
0.000000000000000000e+00
6.000000000000000000e+00
-7.000000000000000000e+00
-2.100000000000000000e+01
-6.000000000000000000e+00
-2.800000000000000000e+01
-2.000000000000000000e+01
2.000000000000000000e+00
-2.900000000000000000e+01
1.600000000000000000e+01
0.000000000000000000e+00
-1.300000000000000000e+01
-1.400000000000000000e+01
-2.000000000000000000e+00
1.500000000000000000e+01
2.700000000000000000e+01
-8.000000000000000000e+00
-1.500000000000000000e+01
1.300000000000000000e+01
9.000000000000000000e+00
-7.000000000000000000e+00
-7.000000000000000000e+00
-1.400000000000000000e+01
2.300000000000000000e+01
-1.800000000000000000e+01
4.000000000000000000e+00
-1.400000000000000000e+01
1.400000000000000000e+01
-5.000000000000000000e+00
7.000000000000000000e+00
4.500000000000000000e+01
9.000000000000000000e+00
-1.600000000000000000e+01
-1.400000000000000000e+01
1.300000000000000000e+01
2.000000000000000000e+01
-2.100000000000000000e+01
2.000000000000000000e+01
1.500000000000000000e+01
2.000000000000000000e+00
1.500000000000000000e+01
-1.500000000000000000e+01
0.000000000000000000e+00
-8.000000000000000000e+00
1.400000000000000000e+01
-8.000000000000000000e+00
-2.400000000000000000e+01
1.600000000000000000e+01
-6.000000000000000000e+00
-3.000000000000000000e+00
-2.600000000000000000e+01
2.200000000000000000e+01
-3.000000000000000000e+00
5.000000000000000000e+00
-1.800000000000000000e+01
-6.000000000000000000e+00
-4.000000000000000000e+00
1.600000000000000000e+01
1.400000000000000000e+01
2.600000000000000000e+01
1.300000000000000000e+01
1.900000000000000000e+01
-1.000000000000000000e+00
-3.000000000000000000e+00
2.100000000000000000e+01
0.000000000000000000e+00
2.000000000000000000e+01
-2.000000000000000000e+00
-9.000000000000000000e+00
-9.000000000000000000e+00
-1.000000000000000000e+00
-1.100000000000000000e+01
2.400000000000000000e+01
1.200000000000000000e+01
2.100000000000000000e+01
-1.400000000000000000e+01
-1.900000000000000000e+01
-1.300000000000000000e+01
-5.000000000000000000e+00
-1.300000000000000000e+01
5.000000000000000000e+00
-1.300000000000000000e+01
-3.200000000000000000e+01
4.000000000000000000e+00
0.000000000000000000e+00
3.600000000000000000e+01
-3.000000000000000000e+00
8.000000000000000000e+00
1.000000000000000000e+01
-1.600000000000000000e+01
1.900000000000000000e+01
8.000000000000000000e+00
-1.300000000000000000e+01
-8.000000000000000000e+00
2.000000000000000000e+00
-2.800000000000000000e+01
-2.600000000000000000e+01
2.000000000000000000e+00
-1.900000000000000000e+01
-3.100000000000000000e+01
-1.500000000000000000e+01
1.000000000000000000e+00
2.300000000000000000e+01
-6.000000000000000000e+00
-1.500000000000000000e+01
-3.200000000000000000e+01
1.500000000000000000e+01
-9.000000000000000000e+00
-4.000000000000000000e+00
2.000000000000000000e+01
5.000000000000000000e+00
-1.900000000000000000e+01
-1.100000000000000000e+01
-4.600000000000000000e+01
-2.500000000000000000e+01
6.000000000000000000e+00
0.000000000000000000e+00
-1.000000000000000000e+01
-3.100000000000000000e+01
-2.400000000000000000e+01
1.300000000000000000e+01
1.800000000000000000e+01
-1.000000000000000000e+01
-2.800000000000000000e+01
-2.000000000000000000e+01
2.000000000000000000e+00
-3.000000000000000000e+00
-3.600000000000000000e+01
-3.600000000000000000e+01
-1.700000000000000000e+01
-1.200000000000000000e+01
-1.300000000000000000e+01
4.000000000000000000e+00
-3.100000000000000000e+01
2.100000000000000000e+01
-5.000000000000000000e+00
2.700000000000000000e+01
-1.200000000000000000e+01
-6.000000000000000000e+00
-1.700000000000000000e+01
1.900000000000000000e+01
2.700000000000000000e+01
-3.000000000000000000e+00
-3.500000000000000000e+01
-3.000000000000000000e+00
-2.100000000000000000e+01
-1.400000000000000000e+01
-1.900000000000000000e+01
2.000000000000000000e+00
9.000000000000000000e+00
1.800000000000000000e+01
-2.000000000000000000e+01
2.800000000000000000e+01
1.200000000000000000e+01
-1.000000000000000000e+01
-1.400000000000000000e+01
1.100000000000000000e+01
-9.000000000000000000e+00
-2.000000000000000000e+00
-1.300000000000000000e+01
-3.700000000000000000e+01
-3.600000000000000000e+01
-1.900000000000000000e+01
2.000000000000000000e+00
7.000000000000000000e+00
1.500000000000000000e+01
-2.200000000000000000e+01
7.000000000000000000e+00
1.100000000000000000e+01
-6.000000000000000000e+00
1.100000000000000000e+01
1.600000000000000000e+01
1.900000000000000000e+01
-1.700000000000000000e+01
-2.900000000000000000e+01
4.000000000000000000e+00
2.000000000000000000e+01
0.000000000000000000e+00
-2.300000000000000000e+01
1.600000000000000000e+01
1.100000000000000000e+01
9.000000000000000000e+00
-1.700000000000000000e+01
3.000000000000000000e+00
0.000000000000000000e+00
-3.000000000000000000e+00
-4.100000000000000000e+01
-7.000000000000000000e+00
-1.800000000000000000e+01
-9.000000000000000000e+00
-4.300000000000000000e+01
-1.000000000000000000e+00
-1.600000000000000000e+01
7.000000000000000000e+00
-9.000000000000000000e+00
6.000000000000000000e+00
1.000000000000000000e+01
-7.000000000000000000e+00
1.700000000000000000e+01
8.000000000000000000e+00
-2.500000000000000000e+01
-5.000000000000000000e+00
2.500000000000000000e+01
-2.000000000000000000e+00
1.000000000000000000e+01
-1.200000000000000000e+01
-3.000000000000000000e+00
-2.000000000000000000e+00
-1.100000000000000000e+01
-1.000000000000000000e+00
-1.500000000000000000e+01
-5.000000000000000000e+00
-1.000000000000000000e+00
4.000000000000000000e+00
-2.500000000000000000e+01
-3.000000000000000000e+00
2.000000000000000000e+00
-1.500000000000000000e+01
-2.000000000000000000e+00
-8.000000000000000000e+00
2.200000000000000000e+01
2.800000000000000000e+01
-1.900000000000000000e+01
-2.900000000000000000e+01
2.400000000000000000e+01
-1.400000000000000000e+01
3.300000000000000000e+01
-1.200000000000000000e+01
-1.600000000000000000e+01
7.000000000000000000e+00
1.200000000000000000e+01
-1.700000000000000000e+01
-4.000000000000000000e+00
2.000000000000000000e+01
-5.000000000000000000e+00
-1.100000000000000000e+01
1.000000000000000000e+01
5.000000000000000000e+00
9.000000000000000000e+00
-9.000000000000000000e+00
3.200000000000000000e+01
-3.000000000000000000e+00
3.000000000000000000e+00
-2.000000000000000000e+00
1.300000000000000000e+01
-1.200000000000000000e+01
1.000000000000000000e+00
3.100000000000000000e+01
-9.000000000000000000e+00
-5.000000000000000000e+00
7.000000000000000000e+00
1.000000000000000000e+00
-6.000000000000000000e+00
0.000000000000000000e+00
-1.200000000000000000e+01
1.500000000000000000e+01
-6.000000000000000000e+00
4.000000000000000000e+00
2.000000000000000000e+00
-2.300000000000000000e+01
1.400000000000000000e+01
8.000000000000000000e+00
1.100000000000000000e+01
-6.000000000000000000e+00
-1.200000000000000000e+01
5.000000000000000000e+00
-2.000000000000000000e+00
-2.200000000000000000e+01
-1.500000000000000000e+01
-2.600000000000000000e+01
1.600000000000000000e+01
0.000000000000000000e+00
7.000000000000000000e+00
-1.700000000000000000e+01
6.000000000000000000e+00
1.400000000000000000e+01
1.000000000000000000e+00
1.000000000000000000e+00
9.000000000000000000e+00
-3.000000000000000000e+00
8.000000000000000000e+00
1.800000000000000000e+01
-1.700000000000000000e+01
2.500000000000000000e+01
9.000000000000000000e+00
2.600000000000000000e+01
4.000000000000000000e+00
1.200000000000000000e+01
-1.900000000000000000e+01
-2.200000000000000000e+01
2.000000000000000000e+01
2.000000000000000000e+01
2.000000000000000000e+00
-4.000000000000000000e+00
-4.000000000000000000e+00
-1.600000000000000000e+01
3.300000000000000000e+01
2.100000000000000000e+01
1.100000000000000000e+01
-2.000000000000000000e+00
-2.800000000000000000e+01
-2.100000000000000000e+01
-2.300000000000000000e+01
-2.000000000000000000e+01
-2.100000000000000000e+01
-1.000000000000000000e+01
-4.000000000000000000e+00
-7.000000000000000000e+00
6.000000000000000000e+00
-3.600000000000000000e+01
1.200000000000000000e+01
1.000000000000000000e+00
8.000000000000000000e+00
3.200000000000000000e+01
-9.000000000000000000e+00
-1.900000000000000000e+01
-4.000000000000000000e+00
-9.000000000000000000e+00
3.000000000000000000e+00
1.700000000000000000e+01
-1.700000000000000000e+01
-2.200000000000000000e+01
5.000000000000000000e+00
0.000000000000000000e+00
-1.000000000000000000e+01
1.000000000000000000e+00
1.500000000000000000e+01
-2.500000000000000000e+01
-1.100000000000000000e+01
-1.100000000000000000e+01
1.500000000000000000e+01
1.800000000000000000e+01
1.700000000000000000e+01
2.300000000000000000e+01
-1.000000000000000000e+01
-2.000000000000000000e+01
-2.200000000000000000e+01
-7.000000000000000000e+00
-3.000000000000000000e+00
-1.000000000000000000e+00
-1.400000000000000000e+01
1.800000000000000000e+01
1.800000000000000000e+01
1.100000000000000000e+01
9.000000000000000000e+00
-2.600000000000000000e+01
-4.000000000000000000e+00
2.200000000000000000e+01
2.800000000000000000e+01
-8.000000000000000000e+00
-1.000000000000000000e+00
-5.000000000000000000e+00
-2.000000000000000000e+00
5.000000000000000000e+00
-1.600000000000000000e+01
1.400000000000000000e+01
-1.400000000000000000e+01
7.000000000000000000e+00
-1.100000000000000000e+01
1.000000000000000000e+00
2.300000000000000000e+01
7.000000000000000000e+00
2.000000000000000000e+01
-1.000000000000000000e+00
5.000000000000000000e+00
2.100000000000000000e+01
4.000000000000000000e+00
4.000000000000000000e+00
8.000000000000000000e+00
1.300000000000000000e+01
-8.000000000000000000e+00
1.600000000000000000e+01
1.600000000000000000e+01
4.800000000000000000e+01
4.200000000000000000e+01
4.300000000000000000e+01
1.800000000000000000e+01
2.700000000000000000e+01
4.500000000000000000e+01
2.400000000000000000e+01
1.700000000000000000e+01
3.800000000000000000e+01
2.400000000000000000e+01
4.300000000000000000e+01
2.800000000000000000e+01
1.400000000000000000e+01
3.600000000000000000e+01
4.800000000000000000e+01
-1.000000000000000000e+01
2.300000000000000000e+01
1.700000000000000000e+01
4.000000000000000000e+00
-2.300000000000000000e+01
2.200000000000000000e+01
-1.000000000000000000e+01
3.900000000000000000e+01
-1.200000000000000000e+01
3.100000000000000000e+01
1.300000000000000000e+01
-1.300000000000000000e+01
1.000000000000000000e+01
1.000000000000000000e+00
1.300000000000000000e+01
2.400000000000000000e+01
8.000000000000000000e+00
1.100000000000000000e+01
-1.700000000000000000e+01
7.000000000000000000e+00
-1.000000000000000000e+00
-1.200000000000000000e+01
1.100000000000000000e+01
-2.300000000000000000e+01
1.300000000000000000e+01
-2.000000000000000000e+01
-1.100000000000000000e+01
2.900000000000000000e+01
1.500000000000000000e+01
-2.800000000000000000e+01
-1.000000000000000000e+01
1.000000000000000000e+01
3.000000000000000000e+00
-2.000000000000000000e+01
2.200000000000000000e+01
-2.000000000000000000e+00
7.000000000000000000e+00
2.000000000000000000e+00
4.100000000000000000e+01
1.400000000000000000e+01
1.200000000000000000e+01
2.000000000000000000e+00
1.100000000000000000e+01
-2.200000000000000000e+01
-6.000000000000000000e+00
-4.000000000000000000e+00
6.000000000000000000e+00
1.000000000000000000e+00
-1.300000000000000000e+01
-2.000000000000000000e+00
-9.000000000000000000e+00
3.300000000000000000e+01
1.700000000000000000e+01
-1.500000000000000000e+01
-1.000000000000000000e+00
4.000000000000000000e+00
-2.000000000000000000e+00
1.200000000000000000e+01
-1.000000000000000000e+01
3.500000000000000000e+01
3.000000000000000000e+00
-2.200000000000000000e+01
1.400000000000000000e+01
1.200000000000000000e+01
1.100000000000000000e+01
1.200000000000000000e+01
1.700000000000000000e+01
8.000000000000000000e+00
-3.000000000000000000e+00
-6.000000000000000000e+00
3.300000000000000000e+01
2.000000000000000000e+00
7.000000000000000000e+00
2.800000000000000000e+01
-2.800000000000000000e+01
1.800000000000000000e+01
-1.000000000000000000e+01
1.900000000000000000e+01
-3.000000000000000000e+01
-1.300000000000000000e+01
2.400000000000000000e+01
1.000000000000000000e+01
-2.400000000000000000e+01
8.000000000000000000e+00
0.000000000000000000e+00
-1.000000000000000000e+00
-5.000000000000000000e+00
-2.300000000000000000e+01
1.400000000000000000e+01
-1.300000000000000000e+01
9.000000000000000000e+00
5.000000000000000000e+00
8.000000000000000000e+00
2.400000000000000000e+01
-1.000000000000000000e+01
-1.300000000000000000e+01
-1.400000000000000000e+01
1.400000000000000000e+01
4.000000000000000000e+00
1.000000000000000000e+00
-6.000000000000000000e+00
1.100000000000000000e+01
2.000000000000000000e+01
-1.300000000000000000e+01
-2.900000000000000000e+01
4.300000000000000000e+01
3.000000000000000000e+01
-2.100000000000000000e+01
-1.700000000000000000e+01
2.100000000000000000e+01
0.000000000000000000e+00
1.300000000000000000e+01
-2.000000000000000000e+00
3.500000000000000000e+01
1.600000000000000000e+01
-1.100000000000000000e+01
1.300000000000000000e+01
-1.800000000000000000e+01
2.000000000000000000e+00
1.000000000000000000e+01
1.400000000000000000e+01
1.100000000000000000e+01
1.000000000000000000e+00
-1.500000000000000000e+01
-2.500000000000000000e+01
3.400000000000000000e+01
1.500000000000000000e+01
1.200000000000000000e+01
-2.500000000000000000e+01
2.700000000000000000e+01
5.600000000000000000e+01
1.900000000000000000e+01
-1.400000000000000000e+01
3.000000000000000000e+00
2.300000000000000000e+01
-8.000000000000000000e+00
2.300000000000000000e+01
-6.000000000000000000e+00
7.000000000000000000e+00
2.100000000000000000e+01
-7.000000000000000000e+00
-1.500000000000000000e+01
-9.000000000000000000e+00
-5.000000000000000000e+00
0.000000000000000000e+00
1.100000000000000000e+01
-6.000000000000000000e+00
2.000000000000000000e+01
4.000000000000000000e+00
4.000000000000000000e+00
2.000000000000000000e+01
-9.000000000000000000e+00
1.400000000000000000e+01
5.000000000000000000e+00
4.100000000000000000e+01
1.900000000000000000e+01
1.500000000000000000e+01
8.000000000000000000e+00
3.400000000000000000e+01
6.000000000000000000e+00
2.000000000000000000e+01
1.000000000000000000e+01
2.500000000000000000e+01
1.500000000000000000e+01
2.400000000000000000e+01
2.400000000000000000e+01
1.600000000000000000e+01
2.700000000000000000e+01
-1.900000000000000000e+01
2.800000000000000000e+01
8.000000000000000000e+00
3.000000000000000000e+00
-1.000000000000000000e+00
-8.000000000000000000e+00
6.000000000000000000e+00
1.800000000000000000e+01
1.600000000000000000e+01
1.500000000000000000e+01
-5.000000000000000000e+00
1.000000000000000000e+00
-1.000000000000000000e+00
5.000000000000000000e+00
4.300000000000000000e+01
1.800000000000000000e+01
3.000000000000000000e+00
2.800000000000000000e+01
1.600000000000000000e+01
1.500000000000000000e+01
3.600000000000000000e+01
1.600000000000000000e+01
1.200000000000000000e+01
2.400000000000000000e+01
3.200000000000000000e+01
5.200000000000000000e+01
3.000000000000000000e+00
2.000000000000000000e+01
3.000000000000000000e+00
-4.400000000000000000e+01
-6.000000000000000000e+00
0.000000000000000000e+00
-9.000000000000000000e+00
1.000000000000000000e+00
2.600000000000000000e+01
3.700000000000000000e+01
3.500000000000000000e+01
5.000000000000000000e+00
1.100000000000000000e+01
1.200000000000000000e+01
1.600000000000000000e+01
7.000000000000000000e+00
2.400000000000000000e+01
1.300000000000000000e+01
4.100000000000000000e+01
3.100000000000000000e+01
1.100000000000000000e+01
-3.000000000000000000e+00
8.000000000000000000e+00
3.000000000000000000e+01
1.200000000000000000e+01
-1.400000000000000000e+01
1.300000000000000000e+01
-3.000000000000000000e+00
2.700000000000000000e+01
1.000000000000000000e+00
3.500000000000000000e+01
1.900000000000000000e+01
2.100000000000000000e+01
-7.000000000000000000e+00
1.700000000000000000e+01
9.000000000000000000e+00
1.100000000000000000e+01
-1.000000000000000000e+00
6.000000000000000000e+00
3.300000000000000000e+01
1.000000000000000000e+01
1.300000000000000000e+01
1.200000000000000000e+01
4.500000000000000000e+01
2.200000000000000000e+01
7.000000000000000000e+00
1.100000000000000000e+01
2.000000000000000000e+01
1.500000000000000000e+01
3.000000000000000000e+01
3.000000000000000000e+01
-3.300000000000000000e+01
-2.200000000000000000e+01
2.600000000000000000e+01
3.000000000000000000e+00
1.300000000000000000e+01
6.000000000000000000e+00
1.800000000000000000e+01
-4.000000000000000000e+00
0.000000000000000000e+00
4.000000000000000000e+01
1.700000000000000000e+01
4.000000000000000000e+00
2.000000000000000000e+00
-3.000000000000000000e+00
1.900000000000000000e+01
-1.000000000000000000e+00
3.000000000000000000e+00
-6.000000000000000000e+00
2.800000000000000000e+01
3.800000000000000000e+01
5.000000000000000000e+00
1.100000000000000000e+01
-1.600000000000000000e+01
2.400000000000000000e+01
3.500000000000000000e+01
1.900000000000000000e+01
4.900000000000000000e+01
1.900000000000000000e+01
3.000000000000000000e+00
-6.000000000000000000e+00
-2.400000000000000000e+01
1.300000000000000000e+01
4.900000000000000000e+01
2.200000000000000000e+01
2.600000000000000000e+01
2.700000000000000000e+01
1.300000000000000000e+01
2.300000000000000000e+01
1.300000000000000000e+01
1.200000000000000000e+01
-2.400000000000000000e+01
1.100000000000000000e+01
3.800000000000000000e+01
-1.000000000000000000e+00
7.000000000000000000e+00
1.900000000000000000e+01
3.600000000000000000e+01
4.700000000000000000e+01
1.600000000000000000e+01
1.900000000000000000e+01
-2.300000000000000000e+01
3.200000000000000000e+01
3.000000000000000000e+01
3.100000000000000000e+01
4.200000000000000000e+01
2.400000000000000000e+01
1.000000000000000000e+01
2.400000000000000000e+01
8.000000000000000000e+00
-3.000000000000000000e+00
2.300000000000000000e+01
2.600000000000000000e+01
2.000000000000000000e+00
2.600000000000000000e+01
9.000000000000000000e+00
5.800000000000000000e+01
5.000000000000000000e+00
2.300000000000000000e+01
3.900000000000000000e+01
1.100000000000000000e+01
4.300000000000000000e+01
4.600000000000000000e+01
2.300000000000000000e+01
2.500000000000000000e+01
3.700000000000000000e+01
3.300000000000000000e+01
2.500000000000000000e+01
5.800000000000000000e+01
3.300000000000000000e+01
7.900000000000000000e+01
3.200000000000000000e+01
5.000000000000000000e+01
9.200000000000000000e+01
8.400000000000000000e+01
4.800000000000000000e+01
8.300000000000000000e+01
1.170000000000000000e+02
7.900000000000000000e+01
1.260000000000000000e+02
1.000000000000000000e+02
1.090000000000000000e+02
1.350000000000000000e+02
1.380000000000000000e+02
1.210000000000000000e+02
1.340000000000000000e+02
1.190000000000000000e+02
1.740000000000000000e+02
1.920000000000000000e+02
1.960000000000000000e+02
2.080000000000000000e+02
2.520000000000000000e+02
2.640000000000000000e+02
2.550000000000000000e+02
2.730000000000000000e+02
2.890000000000000000e+02
3.340000000000000000e+02
3.560000000000000000e+02
4.080000000000000000e+02
4.210000000000000000e+02
4.730000000000000000e+02
5.310000000000000000e+02
6.050000000000000000e+02
6.070000000000000000e+02
6.740000000000000000e+02
7.840000000000000000e+02
8.490000000000000000e+02
8.780000000000000000e+02
1.037000000000000000e+03
1.114000000000000000e+03
1.194000000000000000e+03
1.301000000000000000e+03
1.369000000000000000e+03
1.480000000000000000e+03
1.563000000000000000e+03
1.694000000000000000e+03
1.760000000000000000e+03
1.922000000000000000e+03
2.088000000000000000e+03
2.143000000000000000e+03
2.236000000000000000e+03
2.324000000000000000e+03
2.547000000000000000e+03
2.489000000000000000e+03
2.616000000000000000e+03
2.747000000000000000e+03
2.816000000000000000e+03
2.945000000000000000e+03
2.971000000000000000e+03
3.046000000000000000e+03
3.109000000000000000e+03
3.164000000000000000e+03
3.164000000000000000e+03
3.198000000000000000e+03
3.182000000000000000e+03
3.325000000000000000e+03
3.268000000000000000e+03
3.244000000000000000e+03
3.224000000000000000e+03
3.189000000000000000e+03
3.116000000000000000e+03
3.096000000000000000e+03
3.063000000000000000e+03
2.969000000000000000e+03
2.864000000000000000e+03
2.807000000000000000e+03
2.667000000000000000e+03
2.566000000000000000e+03
2.569000000000000000e+03
2.448000000000000000e+03
2.367000000000000000e+03
2.227000000000000000e+03
2.091000000000000000e+03
2.001000000000000000e+03
1.890000000000000000e+03
1.770000000000000000e+03
1.640000000000000000e+03
1.562000000000000000e+03
1.453000000000000000e+03
1.328000000000000000e+03
1.222000000000000000e+03
1.112000000000000000e+03
1.061000000000000000e+03
9.420000000000000000e+02
8.310000000000000000e+02
7.710000000000000000e+02
7.160000000000000000e+02
6.580000000000000000e+02
5.980000000000000000e+02
5.470000000000000000e+02
4.390000000000000000e+02
4.100000000000000000e+02
3.640000000000000000e+02
3.180000000000000000e+02
2.830000000000000000e+02
2.540000000000000000e+02
2.350000000000000000e+02
1.950000000000000000e+02
1.840000000000000000e+02
1.750000000000000000e+02
1.340000000000000000e+02
8.200000000000000000e+01
7.500000000000000000e+01
7.000000000000000000e+01
7.800000000000000000e+01
6.900000000000000000e+01
5.600000000000000000e+01
5.500000000000000000e+01
3.100000000000000000e+01
4.400000000000000000e+01
2.500000000000000000e+01
2.600000000000000000e+01
2.200000000000000000e+01
5.100000000000000000e+01
2.400000000000000000e+01
2.900000000000000000e+01
3.800000000000000000e+01
2.800000000000000000e+01
-1.400000000000000000e+01
5.100000000000000000e+01
-6.000000000000000000e+00
3.000000000000000000e+00
-2.600000000000000000e+01
8.000000000000000000e+00
2.200000000000000000e+01
-2.300000000000000000e+01
0.000000000000000000e+00
-5.000000000000000000e+00
4.400000000000000000e+01
1.400000000000000000e+01
3.200000000000000000e+01
-1.000000000000000000e+00
1.400000000000000000e+01
2.700000000000000000e+01
4.100000000000000000e+01
2.100000000000000000e+01
2.000000000000000000e+00
-4.000000000000000000e+00
1.000000000000000000e+01
7.000000000000000000e+00
2.000000000000000000e+01
3.200000000000000000e+01
6.000000000000000000e+00
2.400000000000000000e+01
2.000000000000000000e+01
3.700000000000000000e+01
-8.000000000000000000e+00
2.500000000000000000e+01
4.900000000000000000e+01
4.000000000000000000e+00
7.000000000000000000e+00
-1.100000000000000000e+01
-3.000000000000000000e+00
2.000000000000000000e+01
1.100000000000000000e+01
1.900000000000000000e+01
3.400000000000000000e+01
1.000000000000000000e+00
2.000000000000000000e+01
1.000000000000000000e+01
2.400000000000000000e+01
1.900000000000000000e+01
1.900000000000000000e+01
2.300000000000000000e+01
-2.300000000000000000e+01
-5.000000000000000000e+00
4.000000000000000000e+00
2.200000000000000000e+01
4.100000000000000000e+01
1.000000000000000000e+00
-9.000000000000000000e+00
2.200000000000000000e+01
1.500000000000000000e+01
2.900000000000000000e+01
2.300000000000000000e+01
3.700000000000000000e+01
3.000000000000000000e+01
1.800000000000000000e+01
2.600000000000000000e+01
2.500000000000000000e+01
-2.000000000000000000e+00
3.600000000000000000e+01
1.500000000000000000e+01
6.000000000000000000e+00
1.400000000000000000e+01
1.900000000000000000e+01
4.000000000000000000e+00
9.000000000000000000e+00
-1.800000000000000000e+01
-2.100000000000000000e+01
1.700000000000000000e+01
3.800000000000000000e+01
3.300000000000000000e+01
6.000000000000000000e+00
1.100000000000000000e+01
9.000000000000000000e+00
1.100000000000000000e+01
3.200000000000000000e+01
3.100000000000000000e+01
-9.000000000000000000e+00
2.000000000000000000e+01
1.000000000000000000e+01
2.000000000000000000e+01
-1.000000000000000000e+01
-7.000000000000000000e+00
4.000000000000000000e+01
-8.000000000000000000e+00
2.500000000000000000e+01
1.900000000000000000e+01
-3.000000000000000000e+00
2.400000000000000000e+01
-2.700000000000000000e+01
2.600000000000000000e+01
1.800000000000000000e+01
-9.000000000000000000e+00
6.000000000000000000e+00
9.000000000000000000e+00
5.000000000000000000e+00
8.000000000000000000e+00
-1.800000000000000000e+01
1.000000000000000000e+00
-4.000000000000000000e+00
-1.600000000000000000e+01
3.900000000000000000e+01
2.400000000000000000e+01
3.500000000000000000e+01
3.400000000000000000e+01
-5.000000000000000000e+00
1.000000000000000000e+01
7.000000000000000000e+00
-1.200000000000000000e+01
-4.000000000000000000e+00
-1.800000000000000000e+01
1.500000000000000000e+01
1.700000000000000000e+01
3.000000000000000000e+01
2.600000000000000000e+01
1.100000000000000000e+01
1.900000000000000000e+01
2.500000000000000000e+01
-1.000000000000000000e+01
-1.200000000000000000e+01
4.000000000000000000e+00
2.100000000000000000e+01
-4.000000000000000000e+00
-3.000000000000000000e+00
5.000000000000000000e+00
2.300000000000000000e+01
2.400000000000000000e+01
1.500000000000000000e+01
1.100000000000000000e+01
-2.000000000000000000e+00
1.500000000000000000e+01
1.100000000000000000e+01
1.200000000000000000e+01
-1.600000000000000000e+01
7.000000000000000000e+00
3.000000000000000000e+00
1.800000000000000000e+01
-2.700000000000000000e+01
2.400000000000000000e+01
7.000000000000000000e+00
7.000000000000000000e+00
3.600000000000000000e+01
-1.100000000000000000e+01
2.000000000000000000e+01
2.800000000000000000e+01
-2.400000000000000000e+01
2.600000000000000000e+01
-5.000000000000000000e+00
-8.000000000000000000e+00
1.100000000000000000e+01
2.500000000000000000e+01
3.000000000000000000e+00
-1.200000000000000000e+01
1.400000000000000000e+01
2.600000000000000000e+01
-7.000000000000000000e+00
8.000000000000000000e+00
3.100000000000000000e+01
-4.000000000000000000e+00
-6.000000000000000000e+00
3.300000000000000000e+01
-7.000000000000000000e+00
2.000000000000000000e+00
1.800000000000000000e+01
-4.000000000000000000e+00
0.000000000000000000e+00
4.000000000000000000e+00
1.000000000000000000e+00
6.000000000000000000e+00
0.000000000000000000e+00
-2.000000000000000000e+00
3.600000000000000000e+01
-6.000000000000000000e+00
2.400000000000000000e+01
-3.500000000000000000e+01
-1.800000000000000000e+01
2.000000000000000000e+00
1.400000000000000000e+01
-7.000000000000000000e+00
1.700000000000000000e+01
2.700000000000000000e+01
-1.200000000000000000e+01
8.000000000000000000e+00
2.200000000000000000e+01
1.800000000000000000e+01
-1.000000000000000000e+00
-9.000000000000000000e+00
-9.000000000000000000e+00
-2.300000000000000000e+01
-9.000000000000000000e+00
-9.000000000000000000e+00
-6.000000000000000000e+00
-1.300000000000000000e+01
2.200000000000000000e+01
6.000000000000000000e+00
5.000000000000000000e+00
1.200000000000000000e+01
1.600000000000000000e+01
-2.100000000000000000e+01
1.000000000000000000e+01
-1.000000000000000000e+00
2.000000000000000000e+01
1.100000000000000000e+01
-1.700000000000000000e+01
3.700000000000000000e+01
1.000000000000000000e+00
8.000000000000000000e+00
-1.000000000000000000e+01
2.400000000000000000e+01
1.200000000000000000e+01
-2.000000000000000000e+00
-3.000000000000000000e+00
-1.900000000000000000e+01
4.000000000000000000e+00
1.800000000000000000e+01
-3.000000000000000000e+00
-1.100000000000000000e+01
-5.000000000000000000e+00
-7.000000000000000000e+00
2.200000000000000000e+01
-1.400000000000000000e+01
7.000000000000000000e+00
-6.000000000000000000e+00
4.000000000000000000e+00
8.000000000000000000e+00
2.000000000000000000e+00
-1.600000000000000000e+01
9.000000000000000000e+00
-7.000000000000000000e+00
1.000000000000000000e+00
2.400000000000000000e+01
-1.300000000000000000e+01
6.000000000000000000e+00
-4.000000000000000000e+00
-3.000000000000000000e+01
1.500000000000000000e+01
9.000000000000000000e+00
-4.000000000000000000e+00
0.000000000000000000e+00
2.700000000000000000e+01
1.500000000000000000e+01
1.500000000000000000e+01
0.000000000000000000e+00
-1.000000000000000000e+00
1.300000000000000000e+01
-6.000000000000000000e+00
3.100000000000000000e+01
-7.000000000000000000e+00
2.700000000000000000e+01
2.300000000000000000e+01
-1.500000000000000000e+01
-7.000000000000000000e+00
2.200000000000000000e+01
-7.000000000000000000e+00
2.700000000000000000e+01
-2.000000000000000000e+01
8.000000000000000000e+00
4.000000000000000000e+00
2.300000000000000000e+01
3.300000000000000000e+01
7.000000000000000000e+00
0.000000000000000000e+00
-1.000000000000000000e+00
3.000000000000000000e+00
-2.000000000000000000e+00
2.000000000000000000e+01
1.000000000000000000e+00
1.000000000000000000e+01
-4.000000000000000000e+00
3.000000000000000000e+00
2.000000000000000000e+01
2.000000000000000000e+01
1.200000000000000000e+01
3.200000000000000000e+01
2.500000000000000000e+01
-8.000000000000000000e+00
1.300000000000000000e+01
3.000000000000000000e+00
-4.000000000000000000e+00
9.000000000000000000e+00
1.000000000000000000e+01
1.000000000000000000e+01
5.000000000000000000e+00
8.000000000000000000e+00
2.000000000000000000e+01
2.700000000000000000e+01
-2.400000000000000000e+01
7.000000000000000000e+00
-1.000000000000000000e+00
3.100000000000000000e+01
1.100000000000000000e+01
-2.700000000000000000e+01
6.000000000000000000e+00
-2.200000000000000000e+01
-8.000000000000000000e+00
-1.900000000000000000e+01
-2.500000000000000000e+01
2.400000000000000000e+01
-1.000000000000000000e+00
-2.000000000000000000e+00
-3.000000000000000000e+00
-1.100000000000000000e+01
-2.400000000000000000e+01
1.700000000000000000e+01
-1.800000000000000000e+01
2.100000000000000000e+01
-1.200000000000000000e+01
-1.000000000000000000e+00
-9.000000000000000000e+00
2.800000000000000000e+01
3.000000000000000000e+00
0.000000000000000000e+00
5.000000000000000000e+00
1.000000000000000000e+00
-1.300000000000000000e+01
1.100000000000000000e+01
-6.000000000000000000e+00
9.000000000000000000e+00
-1.800000000000000000e+01
-5.000000000000000000e+00
5.000000000000000000e+00
3.000000000000000000e+00
-1.300000000000000000e+01
-1.000000000000000000e+01
-6.000000000000000000e+00
-3.000000000000000000e+00
0.000000000000000000e+00
1.400000000000000000e+01
7.000000000000000000e+00
2.600000000000000000e+01
-7.000000000000000000e+00
2.200000000000000000e+01
-1.300000000000000000e+01
7.000000000000000000e+00
4.000000000000000000e+00
5.000000000000000000e+00
6.000000000000000000e+00
-2.600000000000000000e+01
-1.100000000000000000e+01
-1.000000000000000000e+00
-5.000000000000000000e+00
0.000000000000000000e+00
-1.200000000000000000e+01
1.300000000000000000e+01
2.000000000000000000e+00
1.700000000000000000e+01
2.100000000000000000e+01
-3.000000000000000000e+00
-1.000000000000000000e+00
-1.300000000000000000e+01
1.800000000000000000e+01
-8.000000000000000000e+00
1.700000000000000000e+01
1.000000000000000000e+01
1.000000000000000000e+01
5.000000000000000000e+00
-1.200000000000000000e+01
-3.000000000000000000e+00
2.300000000000000000e+01
2.900000000000000000e+01
5.000000000000000000e+00
2.900000000000000000e+01
0.000000000000000000e+00
9.000000000000000000e+00
-3.200000000000000000e+01
2.000000000000000000e+01
6.000000000000000000e+00
-1.300000000000000000e+01
-2.100000000000000000e+01
4.400000000000000000e+01
8.000000000000000000e+00
1.900000000000000000e+01
6.000000000000000000e+00
1.800000000000000000e+01
1.500000000000000000e+01
3.700000000000000000e+01
0.000000000000000000e+00
5.000000000000000000e+00
-1.300000000000000000e+01
-1.000000000000000000e+00
2.600000000000000000e+01
4.000000000000000000e+00
-1.900000000000000000e+01
2.100000000000000000e+01
-1.400000000000000000e+01
-5.000000000000000000e+00
1.300000000000000000e+01
3.000000000000000000e+00
1.000000000000000000e+01
7.000000000000000000e+00
0.000000000000000000e+00
2.900000000000000000e+01
3.000000000000000000e+00
-2.800000000000000000e+01
-1.000000000000000000e+00
-1.400000000000000000e+01
2.500000000000000000e+01
-7.000000000000000000e+00
-2.100000000000000000e+01
-9.000000000000000000e+00
1.000000000000000000e+00
1.400000000000000000e+01
1.000000000000000000e+01
1.600000000000000000e+01
1.200000000000000000e+01
1.200000000000000000e+01
-1.000000000000000000e+00
-3.300000000000000000e+01
6.000000000000000000e+00
2.400000000000000000e+01
5.000000000000000000e+00
-2.000000000000000000e+01
1.200000000000000000e+01
-1.700000000000000000e+01
8.000000000000000000e+00
8.000000000000000000e+00
1.300000000000000000e+01
-2.400000000000000000e+01
3.000000000000000000e+00
-2.000000000000000000e+01
-1.600000000000000000e+01
6.000000000000000000e+00
1.000000000000000000e+01
6.000000000000000000e+00
5.000000000000000000e+00
-2.700000000000000000e+01
2.200000000000000000e+01
5.000000000000000000e+00
4.000000000000000000e+00
-1.900000000000000000e+01
1.900000000000000000e+01
-1.500000000000000000e+01
8.000000000000000000e+00
-1.000000000000000000e+01
8.000000000000000000e+00
0.000000000000000000e+00
1.400000000000000000e+01
8.000000000000000000e+00
-2.700000000000000000e+01
2.200000000000000000e+01
-2.300000000000000000e+01
-2.100000000000000000e+01
3.000000000000000000e+00
3.200000000000000000e+01
1.000000000000000000e+00
3.000000000000000000e+00
2.000000000000000000e+00
4.100000000000000000e+01
6.000000000000000000e+00
8.000000000000000000e+00
-4.000000000000000000e+00
-1.600000000000000000e+01
2.000000000000000000e+00
-2.400000000000000000e+01
-1.100000000000000000e+01
8.000000000000000000e+00
1.400000000000000000e+01
1.000000000000000000e+00
4.000000000000000000e+00
-2.000000000000000000e+00
2.500000000000000000e+01
-3.000000000000000000e+00
2.500000000000000000e+01
1.000000000000000000e+01
-1.400000000000000000e+01
7.000000000000000000e+00
-1.300000000000000000e+01
1.000000000000000000e+00
8.000000000000000000e+00
1.800000000000000000e+01
-6.000000000000000000e+00
-3.300000000000000000e+01
-1.400000000000000000e+01
4.000000000000000000e+00
-1.600000000000000000e+01
-1.900000000000000000e+01
4.000000000000000000e+00
-4.000000000000000000e+00
-1.000000000000000000e+01
1.400000000000000000e+01
1.000000000000000000e+00
1.100000000000000000e+01
3.000000000000000000e+00
-6.000000000000000000e+00
-3.000000000000000000e+00
-5.400000000000000000e+01
7.000000000000000000e+00
-1.600000000000000000e+01
-1.000000000000000000e+00
2.800000000000000000e+01
-2.600000000000000000e+01
-4.000000000000000000e+00
-1.900000000000000000e+01
8.000000000000000000e+00
6.000000000000000000e+00
1.400000000000000000e+01
3.000000000000000000e+00
5.000000000000000000e+00
2.900000000000000000e+01
-7.000000000000000000e+00
3.800000000000000000e+01
-7.000000000000000000e+00
-1.100000000000000000e+01
2.000000000000000000e+00
-1.300000000000000000e+01
4.000000000000000000e+00
-3.000000000000000000e+00
-1.500000000000000000e+01
-7.000000000000000000e+00
2.500000000000000000e+01
2.900000000000000000e+01
3.000000000000000000e+00
1.700000000000000000e+01
-1.400000000000000000e+01
9.000000000000000000e+00
-7.000000000000000000e+00
-8.000000000000000000e+00
1.000000000000000000e+00
-6.000000000000000000e+00
-2.500000000000000000e+01
-2.000000000000000000e+00
-2.700000000000000000e+01
6.000000000000000000e+00
1.000000000000000000e+00
6.000000000000000000e+00
1.000000000000000000e+00
1.600000000000000000e+01
1.700000000000000000e+01
5.000000000000000000e+00
-7.000000000000000000e+00
1.000000000000000000e+00
0.000000000000000000e+00
-8.000000000000000000e+00
-2.000000000000000000e+00
0.000000000000000000e+00
-4.000000000000000000e+00
4.000000000000000000e+00
1.000000000000000000e+01
-1.200000000000000000e+01
2.000000000000000000e+01
0.000000000000000000e+00
-3.300000000000000000e+01
1.400000000000000000e+01
-4.200000000000000000e+01
-1.000000000000000000e+01
-1.000000000000000000e+00
2.700000000000000000e+01
1.200000000000000000e+01
4.000000000000000000e+00
2.500000000000000000e+01
3.000000000000000000e+01
3.000000000000000000e+00
8.000000000000000000e+00
-1.100000000000000000e+01
7.000000000000000000e+00
2.000000000000000000e+00
1.000000000000000000e+01
-2.800000000000000000e+01
-9.000000000000000000e+00
2.600000000000000000e+01
5.000000000000000000e+00
-1.100000000000000000e+01
1.200000000000000000e+01
6.000000000000000000e+00
-1.000000000000000000e+01
2.200000000000000000e+01
-5.000000000000000000e+00
1.900000000000000000e+01
3.000000000000000000e+00
7.000000000000000000e+00
2.700000000000000000e+01
1.500000000000000000e+01
-3.000000000000000000e+00
-5.000000000000000000e+00
-1.700000000000000000e+01
3.000000000000000000e+01
4.000000000000000000e+00
-6.000000000000000000e+00
2.500000000000000000e+01
1.600000000000000000e+01
-3.600000000000000000e+01
2.000000000000000000e+00
-1.500000000000000000e+01
1.000000000000000000e+00
-1.800000000000000000e+01
-6.000000000000000000e+00
-5.000000000000000000e+00
1.000000000000000000e+01
7.000000000000000000e+00
-1.600000000000000000e+01
-3.000000000000000000e+00
1.000000000000000000e+00
6.000000000000000000e+00
1.000000000000000000e+01
0.000000000000000000e+00
2.000000000000000000e+00
-2.100000000000000000e+01
-1.400000000000000000e+01
0.000000000000000000e+00
8.000000000000000000e+00
-1.400000000000000000e+01
-5.000000000000000000e+00
1.000000000000000000e+01
-5.000000000000000000e+00
-8.000000000000000000e+00
5.000000000000000000e+00
-2.000000000000000000e+00
1.200000000000000000e+01
-2.300000000000000000e+01
1.500000000000000000e+01
2.000000000000000000e+00
-9.000000000000000000e+00
1.500000000000000000e+01
5.000000000000000000e+00
-1.200000000000000000e+01
1.200000000000000000e+01
-8.000000000000000000e+00
-1.000000000000000000e+01
2.000000000000000000e+00
4.000000000000000000e+00
2.000000000000000000e+01
-7.000000000000000000e+00
-1.800000000000000000e+01
-3.900000000000000000e+01
-4.000000000000000000e+00
-1.400000000000000000e+01
-4.000000000000000000e+00
1.800000000000000000e+01
-1.000000000000000000e+01
4.000000000000000000e+00
2.100000000000000000e+01
-1.100000000000000000e+01
1.100000000000000000e+01
-1.100000000000000000e+01
8.000000000000000000e+00
-3.000000000000000000e+00
1.500000000000000000e+01
-2.800000000000000000e+01
-7.000000000000000000e+00
-1.300000000000000000e+01
4.000000000000000000e+00
-7.000000000000000000e+00
-4.000000000000000000e+00
1.500000000000000000e+01
-1.000000000000000000e+00
-2.200000000000000000e+01
1.600000000000000000e+01
-1.300000000000000000e+01
5.000000000000000000e+00
-4.000000000000000000e+00
1.000000000000000000e+00
-1.000000000000000000e+00
-2.000000000000000000e+00
-2.000000000000000000e+01
-2.000000000000000000e+00
-3.300000000000000000e+01
-8.000000000000000000e+00
2.600000000000000000e+01
-2.500000000000000000e+01
2.000000000000000000e+00
-7.000000000000000000e+00
1.700000000000000000e+01
1.000000000000000000e+01
9.000000000000000000e+00
-1.200000000000000000e+01
-1.400000000000000000e+01
-1.700000000000000000e+01
-1.000000000000000000e+00
-8.000000000000000000e+00
3.000000000000000000e+00
-2.300000000000000000e+01
4.000000000000000000e+00
2.100000000000000000e+01
-2.000000000000000000e+01
-2.100000000000000000e+01
-8.000000000000000000e+00
-2.800000000000000000e+01
3.000000000000000000e+00
-3.300000000000000000e+01
3.000000000000000000e+00
-2.700000000000000000e+01
1.800000000000000000e+01
-1.900000000000000000e+01
3.100000000000000000e+01
-2.400000000000000000e+01
8.000000000000000000e+00
-1.500000000000000000e+01
1.000000000000000000e+01
6.000000000000000000e+00
-1.000000000000000000e+00
2.700000000000000000e+01
1.300000000000000000e+01
-1.100000000000000000e+01
2.800000000000000000e+01
1.800000000000000000e+01
-6.000000000000000000e+00
1.000000000000000000e+01
1.100000000000000000e+01
-1.000000000000000000e+01
1.800000000000000000e+01
-2.400000000000000000e+01
-3.400000000000000000e+01
1.000000000000000000e+01
2.000000000000000000e+00
-6.000000000000000000e+00
1.400000000000000000e+01
8.000000000000000000e+00
-1.300000000000000000e+01
2.000000000000000000e+01
1.900000000000000000e+01
-2.900000000000000000e+01
-3.000000000000000000e+00
-3.000000000000000000e+00
-6.000000000000000000e+00
-1.700000000000000000e+01
3.000000000000000000e+00
7.000000000000000000e+00
-2.200000000000000000e+01
-1.700000000000000000e+01
1.200000000000000000e+01
-2.000000000000000000e+00
1.200000000000000000e+01
-2.000000000000000000e+00
2.200000000000000000e+01
-7.000000000000000000e+00
-1.000000000000000000e+01
3.800000000000000000e+01
1.000000000000000000e+00
1.700000000000000000e+01
1.000000000000000000e+00
-1.000000000000000000e+01
-1.000000000000000000e+00
-3.000000000000000000e+00
4.000000000000000000e+00
-1.000000000000000000e+00
1.700000000000000000e+01
2.400000000000000000e+01
-7.000000000000000000e+00
4.100000000000000000e+01
1.400000000000000000e+01
1.400000000000000000e+01
2.100000000000000000e+01
9.000000000000000000e+00
1.000000000000000000e+00
3.000000000000000000e+01
1.500000000000000000e+01
1.200000000000000000e+01
-1.500000000000000000e+01
2.600000000000000000e+01
3.100000000000000000e+01
4.000000000000000000e+00
1.600000000000000000e+01
4.400000000000000000e+01
3.500000000000000000e+01
3.600000000000000000e+01
4.000000000000000000e+01
2.700000000000000000e+01
5.300000000000000000e+01
4.800000000000000000e+01
6.400000000000000000e+01
2.600000000000000000e+01
5.900000000000000000e+01
6.000000000000000000e+01
7.400000000000000000e+01
5.200000000000000000e+01
6.000000000000000000e+01
6.100000000000000000e+01
6.300000000000000000e+01
7.300000000000000000e+01
8.900000000000000000e+01
7.900000000000000000e+01
8.200000000000000000e+01
8.700000000000000000e+01
1.030000000000000000e+02
7.700000000000000000e+01
8.900000000000000000e+01
1.110000000000000000e+02
1.250000000000000000e+02
9.800000000000000000e+01
1.630000000000000000e+02
1.390000000000000000e+02
1.470000000000000000e+02
1.400000000000000000e+02
1.390000000000000000e+02
1.940000000000000000e+02
1.630000000000000000e+02
1.690000000000000000e+02
1.770000000000000000e+02
2.230000000000000000e+02
2.240000000000000000e+02
2.300000000000000000e+02
2.250000000000000000e+02
2.670000000000000000e+02
2.840000000000000000e+02
3.260000000000000000e+02
3.370000000000000000e+02
3.250000000000000000e+02
3.820000000000000000e+02
3.570000000000000000e+02
3.820000000000000000e+02
4.220000000000000000e+02
3.890000000000000000e+02
4.620000000000000000e+02
4.380000000000000000e+02
4.630000000000000000e+02
4.830000000000000000e+02
4.640000000000000000e+02
5.290000000000000000e+02
5.420000000000000000e+02
5.340000000000000000e+02
6.130000000000000000e+02
5.900000000000000000e+02
6.230000000000000000e+02
6.480000000000000000e+02
7.090000000000000000e+02
7.100000000000000000e+02
7.570000000000000000e+02
7.640000000000000000e+02
7.950000000000000000e+02
8.280000000000000000e+02
8.400000000000000000e+02
8.820000000000000000e+02
9.060000000000000000e+02
9.390000000000000000e+02
9.110000000000000000e+02
9.890000000000000000e+02
9.750000000000000000e+02
1.021000000000000000e+03
1.079000000000000000e+03
1.063000000000000000e+03
1.091000000000000000e+03
1.133000000000000000e+03
1.122000000000000000e+03
1.155000000000000000e+03
1.160000000000000000e+03
1.208000000000000000e+03
1.221000000000000000e+03
1.269000000000000000e+03
1.247000000000000000e+03
1.302000000000000000e+03
1.299000000000000000e+03
1.296000000000000000e+03
1.301000000000000000e+03
1.374000000000000000e+03
1.365000000000000000e+03
1.387000000000000000e+03
1.448000000000000000e+03
1.406000000000000000e+03
1.443000000000000000e+03
1.448000000000000000e+03
1.465000000000000000e+03
1.561000000000000000e+03
1.564000000000000000e+03
1.537000000000000000e+03
1.541000000000000000e+03
1.538000000000000000e+03
1.563000000000000000e+03
1.619000000000000000e+03
1.609000000000000000e+03
1.584000000000000000e+03
1.558000000000000000e+03
1.553000000000000000e+03
1.582000000000000000e+03
1.576000000000000000e+03
1.541000000000000000e+03
1.522000000000000000e+03
1.505000000000000000e+03
1.511000000000000000e+03
1.493000000000000000e+03
1.424000000000000000e+03
1.417000000000000000e+03
1.414000000000000000e+03
1.414000000000000000e+03
1.356000000000000000e+03
1.349000000000000000e+03
1.374000000000000000e+03
1.374000000000000000e+03
1.301000000000000000e+03
1.342000000000000000e+03
1.316000000000000000e+03
1.326000000000000000e+03
1.302000000000000000e+03
1.338000000000000000e+03
1.285000000000000000e+03
1.280000000000000000e+03
1.230000000000000000e+03
1.255000000000000000e+03
1.200000000000000000e+03
1.222000000000000000e+03
1.167000000000000000e+03
1.176000000000000000e+03
1.121000000000000000e+03
1.150000000000000000e+03
1.072000000000000000e+03
1.047000000000000000e+03
9.910000000000000000e+02
9.960000000000000000e+02
9.540000000000000000e+02
9.990000000000000000e+02
9.510000000000000000e+02
9.340000000000000000e+02
8.680000000000000000e+02
9.000000000000000000e+02
8.240000000000000000e+02
8.290000000000000000e+02
7.820000000000000000e+02
7.710000000000000000e+02
7.430000000000000000e+02
7.000000000000000000e+02
7.090000000000000000e+02
6.920000000000000000e+02
6.590000000000000000e+02
6.240000000000000000e+02
6.520000000000000000e+02
5.980000000000000000e+02
5.550000000000000000e+02
5.780000000000000000e+02
5.680000000000000000e+02
5.530000000000000000e+02
5.020000000000000000e+02
4.930000000000000000e+02
4.760000000000000000e+02
4.360000000000000000e+02
4.810000000000000000e+02
4.420000000000000000e+02
4.130000000000000000e+02
3.660000000000000000e+02
3.940000000000000000e+02
3.800000000000000000e+02
3.190000000000000000e+02
3.300000000000000000e+02
2.880000000000000000e+02
2.550000000000000000e+02
2.770000000000000000e+02
2.670000000000000000e+02
2.450000000000000000e+02
2.530000000000000000e+02
2.050000000000000000e+02
1.990000000000000000e+02
2.180000000000000000e+02
2.320000000000000000e+02
2.040000000000000000e+02
1.850000000000000000e+02
2.010000000000000000e+02
1.700000000000000000e+02
1.740000000000000000e+02
1.480000000000000000e+02
1.520000000000000000e+02
1.470000000000000000e+02
1.460000000000000000e+02
1.310000000000000000e+02
1.070000000000000000e+02
1.000000000000000000e+02
1.310000000000000000e+02
8.300000000000000000e+01
7.400000000000000000e+01
1.110000000000000000e+02
8.600000000000000000e+01
1.000000000000000000e+02
6.500000000000000000e+01
8.800000000000000000e+01
8.000000000000000000e+01
8.500000000000000000e+01
3.200000000000000000e+01
8.800000000000000000e+01
4.800000000000000000e+01
6.400000000000000000e+01
1.000000000000000000e+01
3.200000000000000000e+01
1.400000000000000000e+01
2.600000000000000000e+01
3.200000000000000000e+01
4.000000000000000000e+01
4.300000000000000000e+01
3.100000000000000000e+01
3.000000000000000000e+01
3.800000000000000000e+01
2.400000000000000000e+01
-1.700000000000000000e+01
1.500000000000000000e+01
4.000000000000000000e+01
1.000000000000000000e+01
8.000000000000000000e+00
-7.000000000000000000e+00
6.000000000000000000e+00
3.500000000000000000e+01
3.100000000000000000e+01
-1.700000000000000000e+01
2.300000000000000000e+01
-4.000000000000000000e+00
2.100000000000000000e+01
1.100000000000000000e+01
-3.000000000000000000e+00
-2.000000000000000000e+00
0.000000000000000000e+00
3.000000000000000000e+01
2.300000000000000000e+01
-7.000000000000000000e+00
-3.000000000000000000e+00
-3.000000000000000000e+00
2.200000000000000000e+01
3.600000000000000000e+01
-7.000000000000000000e+00
1.400000000000000000e+01
-4.000000000000000000e+00
-9.000000000000000000e+00
2.900000000000000000e+01
1.000000000000000000e+01
8.000000000000000000e+00
1.600000000000000000e+01
-5.000000000000000000e+00
3.200000000000000000e+01
2.100000000000000000e+01
-1.000000000000000000e+01
2.100000000000000000e+01
-1.000000000000000000e+00
4.000000000000000000e+00
2.800000000000000000e+01
-4.000000000000000000e+00
-1.000000000000000000e+00
-1.200000000000000000e+01
1.400000000000000000e+01
-1.200000000000000000e+01
-1.200000000000000000e+01
2.000000000000000000e+00
2.000000000000000000e+01
-3.700000000000000000e+01
-8.000000000000000000e+00
1.400000000000000000e+01
4.200000000000000000e+01
1.000000000000000000e+01
4.000000000000000000e+00
-8.000000000000000000e+00
-9.000000000000000000e+00
-3.000000000000000000e+01
-1.300000000000000000e+01
3.000000000000000000e+00
8.000000000000000000e+00
1.000000000000000000e+01
0.000000000000000000e+00
1.400000000000000000e+01
-1.200000000000000000e+01
1.100000000000000000e+01
1.000000000000000000e+00
3.000000000000000000e+00
-1.000000000000000000e+00
-2.100000000000000000e+01
-6.000000000000000000e+00
2.000000000000000000e+00
-3.000000000000000000e+00
-6.000000000000000000e+00
1.000000000000000000e+01
-1.500000000000000000e+01
2.000000000000000000e+01
2.300000000000000000e+01
-1.600000000000000000e+01
1.300000000000000000e+01
-3.000000000000000000e+00
1.800000000000000000e+01
6.000000000000000000e+00
3.200000000000000000e+01
3.000000000000000000e+00
3.000000000000000000e+00
-1.000000000000000000e+00
4.000000000000000000e+00
