1.000000000000000000e+00
-5.000000000000000000e+00
1.000000000000000000e+00
-2.000000000000000000e+00
2.000000000000000000e+00
-2.000000000000000000e+01
-2.200000000000000000e+01
-3.000000000000000000e+00
-6.000000000000000000e+00
-2.000000000000000000e+00
1.100000000000000000e+01
0.000000000000000000e+00
-6.000000000000000000e+00
-4.000000000000000000e+00
-5.000000000000000000e+00
-6.000000000000000000e+00
4.000000000000000000e+00
1.500000000000000000e+01
-1.000000000000000000e+01
2.200000000000000000e+01
2.100000000000000000e+01
-1.000000000000000000e+00
1.100000000000000000e+01
-2.000000000000000000e+00
-2.000000000000000000e+00
7.000000000000000000e+00
-7.000000000000000000e+00
-1.000000000000000000e+01
-1.200000000000000000e+01
6.000000000000000000e+00
-2.200000000000000000e+01
6.000000000000000000e+00
8.000000000000000000e+00
1.400000000000000000e+01
-5.000000000000000000e+00
-1.200000000000000000e+01
-1.300000000000000000e+01
5.000000000000000000e+00
6.000000000000000000e+00
2.200000000000000000e+01
-2.600000000000000000e+01
-2.000000000000000000e+00
2.000000000000000000e+00
-1.300000000000000000e+01
1.100000000000000000e+01
-2.000000000000000000e+01
-4.000000000000000000e+00
0.000000000000000000e+00
-1.000000000000000000e+01
-1.300000000000000000e+01
1.000000000000000000e+00
-1.900000000000000000e+01
-3.000000000000000000e+00
-4.000000000000000000e+00
4.000000000000000000e+00
2.600000000000000000e+01
-1.600000000000000000e+01
-2.900000000000000000e+01
2.000000000000000000e+00
-3.200000000000000000e+01
-6.000000000000000000e+00
1.200000000000000000e+01
-2.300000000000000000e+01
2.000000000000000000e+01
-8.000000000000000000e+00
2.000000000000000000e+00
-2.900000000000000000e+01
1.300000000000000000e+01
1.400000000000000000e+01
0.000000000000000000e+00
2.000000000000000000e+00
1.100000000000000000e+01
1.500000000000000000e+01
-3.500000000000000000e+01
-1.200000000000000000e+01
3.100000000000000000e+01
0.000000000000000000e+00
2.000000000000000000e+01
-1.400000000000000000e+01
-4.000000000000000000e+00
-2.000000000000000000e+00
1.800000000000000000e+01
-2.500000000000000000e+01
2.700000000000000000e+01
6.000000000000000000e+00
-1.600000000000000000e+01
1.100000000000000000e+01
4.000000000000000000e+00
1.100000000000000000e+01
-9.000000000000000000e+00
-1.800000000000000000e+01
-2.000000000000000000e+01
8.000000000000000000e+00
1.000000000000000000e+01
-4.000000000000000000e+00
1.100000000000000000e+01
-4.000000000000000000e+00
3.000000000000000000e+00
-2.300000000000000000e+01
1.000000000000000000e+01
5.000000000000000000e+00
1.100000000000000000e+01
4.000000000000000000e+00
-4.500000000000000000e+01
-1.000000000000000000e+00
1.000000000000000000e+00
-9.000000000000000000e+00
1.000000000000000000e+01
-1.600000000000000000e+01
1.100000000000000000e+01
-8.000000000000000000e+00
1.600000000000000000e+01
2.900000000000000000e+01
-1.000000000000000000e+00
0.000000000000000000e+00
1.500000000000000000e+01
-1.800000000000000000e+01
1.600000000000000000e+01
-1.500000000000000000e+01
5.000000000000000000e+00
-2.400000000000000000e+01
0.000000000000000000e+00
1.300000000000000000e+01
-4.000000000000000000e+00
7.000000000000000000e+00
-4.400000000000000000e+01
-1.400000000000000000e+01
3.000000000000000000e+00
-6.000000000000000000e+00
1.500000000000000000e+01
1.100000000000000000e+01
2.500000000000000000e+01
1.600000000000000000e+01
-9.000000000000000000e+00
-2.400000000000000000e+01
2.500000000000000000e+01
2.200000000000000000e+01
3.000000000000000000e+00
5.000000000000000000e+00
1.200000000000000000e+01
-6.000000000000000000e+00
-1.100000000000000000e+01
-5.000000000000000000e+00
5.000000000000000000e+00
1.400000000000000000e+01
0.000000000000000000e+00
-2.000000000000000000e+01
-2.800000000000000000e+01
5.000000000000000000e+00
-5.000000000000000000e+00
-8.000000000000000000e+00
3.200000000000000000e+01
-1.200000000000000000e+01
1.400000000000000000e+01
2.500000000000000000e+01
-8.000000000000000000e+00
1.500000000000000000e+01
2.000000000000000000e+00
-6.000000000000000000e+00
-2.000000000000000000e+01
4.000000000000000000e+00
-1.900000000000000000e+01
-1.700000000000000000e+01
-1.200000000000000000e+01
-8.000000000000000000e+00
-2.800000000000000000e+01
8.000000000000000000e+00
-1.600000000000000000e+01
2.400000000000000000e+01
-1.900000000000000000e+01
1.000000000000000000e+01
2.100000000000000000e+01
2.000000000000000000e+01
9.000000000000000000e+00
1.600000000000000000e+01
2.000000000000000000e+00
1.100000000000000000e+01
-3.000000000000000000e+00
-8.000000000000000000e+00
4.000000000000000000e+00
-1.700000000000000000e+01
-3.000000000000000000e+00
-4.000000000000000000e+00
1.000000000000000000e+01
2.300000000000000000e+01
-3.500000000000000000e+01
0.000000000000000000e+00
-1.000000000000000000e+01
2.900000000000000000e+01
2.300000000000000000e+01
-2.000000000000000000e+00
-1.200000000000000000e+01
-1.500000000000000000e+01
3.000000000000000000e+00
1.900000000000000000e+01
1.000000000000000000e+00
2.400000000000000000e+01
-6.000000000000000000e+00
-9.000000000000000000e+00
1.400000000000000000e+01
-5.000000000000000000e+00
1.200000000000000000e+01
-1.200000000000000000e+01
2.000000000000000000e+01
-1.600000000000000000e+01
-2.400000000000000000e+01
1.100000000000000000e+01
-2.000000000000000000e+01
-1.500000000000000000e+01
-8.000000000000000000e+00
1.100000000000000000e+01
-1.900000000000000000e+01
-8.000000000000000000e+00
1.800000000000000000e+01
1.300000000000000000e+01
2.000000000000000000e+00
1.600000000000000000e+01
1.600000000000000000e+01
3.000000000000000000e+00
1.200000000000000000e+01
1.700000000000000000e+01
-8.000000000000000000e+00
-8.000000000000000000e+00
0.000000000000000000e+00
-3.300000000000000000e+01
9.000000000000000000e+00
-1.800000000000000000e+01
-2.600000000000000000e+01
1.800000000000000000e+01
1.000000000000000000e+00
-1.300000000000000000e+01
-8.000000000000000000e+00
1.300000000000000000e+01
2.000000000000000000e+01
-1.600000000000000000e+01
0.000000000000000000e+00
-2.000000000000000000e+01
-7.000000000000000000e+00
6.000000000000000000e+00
-1.000000000000000000e+01
9.000000000000000000e+00
-2.900000000000000000e+01
1.400000000000000000e+01
1.200000000000000000e+01
9.000000000000000000e+00
2.300000000000000000e+01
2.000000000000000000e+00
7.000000000000000000e+00
-1.800000000000000000e+01
1.900000000000000000e+01
1.000000000000000000e+00
-2.200000000000000000e+01
-2.200000000000000000e+01
-2.500000000000000000e+01
-5.000000000000000000e+00
-2.300000000000000000e+01
7.000000000000000000e+00
-1.900000000000000000e+01
-3.600000000000000000e+01
-2.600000000000000000e+01
-7.000000000000000000e+00
1.100000000000000000e+01
1.500000000000000000e+01
-1.000000000000000000e+00
2.600000000000000000e+01
3.000000000000000000e+01
-2.000000000000000000e+00
1.200000000000000000e+01
1.600000000000000000e+01
0.000000000000000000e+00
9.000000000000000000e+00
1.300000000000000000e+01
-3.500000000000000000e+01
-8.000000000000000000e+00
2.000000000000000000e+01
1.000000000000000000e+00
3.000000000000000000e+00
-1.000000000000000000e+00
-1.200000000000000000e+01
1.200000000000000000e+01
-5.000000000000000000e+00
-3.000000000000000000e+00
1.400000000000000000e+01
9.000000000000000000e+00
1.200000000000000000e+01
1.500000000000000000e+01
0.000000000000000000e+00
-1.600000000000000000e+01
-3.900000000000000000e+01
8.000000000000000000e+00
-2.800000000000000000e+01
1.900000000000000000e+01
3.000000000000000000e+00
1.700000000000000000e+01
1.300000000000000000e+01
1.800000000000000000e+01
-7.000000000000000000e+00
-3.000000000000000000e+00
-7.000000000000000000e+00
2.300000000000000000e+01
-1.300000000000000000e+01
-2.600000000000000000e+01
-2.200000000000000000e+01
1.600000000000000000e+01
-2.100000000000000000e+01
-2.200000000000000000e+01
-2.400000000000000000e+01
-1.500000000000000000e+01
-1.700000000000000000e+01
1.100000000000000000e+01
-3.300000000000000000e+01
2.600000000000000000e+01
2.200000000000000000e+01
-7.000000000000000000e+00
-8.000000000000000000e+00
0.000000000000000000e+00
-1.200000000000000000e+01
1.500000000000000000e+01
8.000000000000000000e+00
-1.800000000000000000e+01
-2.300000000000000000e+01
8.000000000000000000e+00
-1.300000000000000000e+01
5.000000000000000000e+00
2.900000000000000000e+01
-1.000000000000000000e+01
8.000000000000000000e+00
-3.200000000000000000e+01
-6.000000000000000000e+00
1.000000000000000000e+01
-4.000000000000000000e+00
5.700000000000000000e+01
-1.600000000000000000e+01
-6.000000000000000000e+00
-1.400000000000000000e+01
-8.000000000000000000e+00
3.300000000000000000e+01
2.000000000000000000e+00
1.900000000000000000e+01
1.200000000000000000e+01
4.000000000000000000e+00
6.000000000000000000e+00
-1.100000000000000000e+01
1.000000000000000000e+00
2.300000000000000000e+01
-3.000000000000000000e+00
-1.800000000000000000e+01
-1.700000000000000000e+01
6.000000000000000000e+00
-2.300000000000000000e+01
0.000000000000000000e+00
3.000000000000000000e+00
2.000000000000000000e+00
-7.000000000000000000e+00
1.700000000000000000e+01
1.500000000000000000e+01
6.000000000000000000e+00
-3.000000000000000000e+00
7.000000000000000000e+00
2.000000000000000000e+00
-1.500000000000000000e+01
1.500000000000000000e+01
0.000000000000000000e+00
1.100000000000000000e+01
6.000000000000000000e+00
1.200000000000000000e+01
-8.000000000000000000e+00
1.000000000000000000e+00
-3.000000000000000000e+00
-2.400000000000000000e+01
-4.000000000000000000e+00
1.100000000000000000e+01
-4.000000000000000000e+00
-1.700000000000000000e+01
7.000000000000000000e+00
-1.000000000000000000e+01
-1.400000000000000000e+01
-8.000000000000000000e+00
-2.600000000000000000e+01
2.400000000000000000e+01
3.700000000000000000e+01
-1.100000000000000000e+01
-1.600000000000000000e+01
4.000000000000000000e+00
-2.500000000000000000e+01
3.300000000000000000e+01
3.000000000000000000e+00
-2.000000000000000000e+01
6.000000000000000000e+00
2.500000000000000000e+01
9.000000000000000000e+00
-1.700000000000000000e+01
-9.000000000000000000e+00
-9.000000000000000000e+00
-1.300000000000000000e+01
1.300000000000000000e+01
5.000000000000000000e+00
1.300000000000000000e+01
-1.400000000000000000e+01
1.900000000000000000e+01
8.000000000000000000e+00
-1.600000000000000000e+01
1.900000000000000000e+01
-1.100000000000000000e+01
-3.100000000000000000e+01
1.100000000000000000e+01
1.100000000000000000e+01
-6.000000000000000000e+00
-9.000000000000000000e+00
-2.200000000000000000e+01
5.000000000000000000e+00
-1.300000000000000000e+01
-6.000000000000000000e+00
-2.000000000000000000e+00
1.600000000000000000e+01
-5.000000000000000000e+00
-1.000000000000000000e+00
-1.500000000000000000e+01
-2.500000000000000000e+01
-1.300000000000000000e+01
-3.000000000000000000e+00
1.100000000000000000e+01
-1.900000000000000000e+01
1.400000000000000000e+01
7.000000000000000000e+00
-3.000000000000000000e+00
-9.000000000000000000e+00
1.100000000000000000e+01
-2.300000000000000000e+01
5.000000000000000000e+00
7.000000000000000000e+00
1.400000000000000000e+01
-1.100000000000000000e+01
1.000000000000000000e+00
-1.000000000000000000e+01
-1.400000000000000000e+01
-2.100000000000000000e+01
-1.900000000000000000e+01
5.000000000000000000e+00
-7.000000000000000000e+00
1.400000000000000000e+01
-1.000000000000000000e+01
1.300000000000000000e+01
7.000000000000000000e+00
3.000000000000000000e+01
8.000000000000000000e+00
2.000000000000000000e+01
-8.000000000000000000e+00
-1.900000000000000000e+01
1.700000000000000000e+01
4.000000000000000000e+00
2.100000000000000000e+01
-3.000000000000000000e+00
2.200000000000000000e+01
-1.000000000000000000e+01
1.000000000000000000e+00
2.100000000000000000e+01
8.000000000000000000e+00
-1.800000000000000000e+01
-1.200000000000000000e+01
-1.100000000000000000e+01
-3.500000000000000000e+01
4.000000000000000000e+00
-3.800000000000000000e+01
2.200000000000000000e+01
-2.000000000000000000e+00
6.000000000000000000e+00
8.000000000000000000e+00
-6.000000000000000000e+00
7.000000000000000000e+00
1.000000000000000000e+00
-1.400000000000000000e+01
7.800000000000000000e+01
1.600000000000000000e+01
-2.500000000000000000e+01
1.000000000000000000e+00
1.900000000000000000e+01
1.000000000000000000e+00
1.300000000000000000e+01
-5.000000000000000000e+00
1.000000000000000000e+00
4.000000000000000000e+00
1.300000000000000000e+01
-1.000000000000000000e+00
-1.900000000000000000e+01
5.000000000000000000e+00
-1.700000000000000000e+01
2.000000000000000000e+01
1.300000000000000000e+01
2.400000000000000000e+01
3.700000000000000000e+01
2.000000000000000000e+00
-2.200000000000000000e+01
1.700000000000000000e+01
4.000000000000000000e+00
-7.000000000000000000e+00
1.200000000000000000e+01
-7.000000000000000000e+00
-1.400000000000000000e+01
-1.000000000000000000e+01
1.700000000000000000e+01
1.600000000000000000e+01
0.000000000000000000e+00
2.500000000000000000e+01
-1.900000000000000000e+01
8.000000000000000000e+00
3.000000000000000000e+00
-2.100000000000000000e+01
-2.700000000000000000e+01
6.000000000000000000e+00
-4.000000000000000000e+00
-1.500000000000000000e+01
-1.000000000000000000e+00
-6.000000000000000000e+00
3.900000000000000000e+01
-1.000000000000000000e+00
1.000000000000000000e+00
1.500000000000000000e+01
3.000000000000000000e+01
5.000000000000000000e+00
1.000000000000000000e+00
-2.000000000000000000e+00
-2.300000000000000000e+01
7.000000000000000000e+00
1.200000000000000000e+01
-2.200000000000000000e+01
1.700000000000000000e+01
-1.900000000000000000e+01
1.600000000000000000e+01
-1.000000000000000000e+01
6.000000000000000000e+00
6.000000000000000000e+00
2.700000000000000000e+01
3.300000000000000000e+01
4.000000000000000000e+01
-1.600000000000000000e+01
-2.000000000000000000e+01
8.000000000000000000e+00
1.000000000000000000e+01
8.000000000000000000e+00
3.300000000000000000e+01
1.000000000000000000e+00
3.000000000000000000e+01
-1.400000000000000000e+01
3.300000000000000000e+01
2.000000000000000000e+00
3.000000000000000000e+01
-2.000000000000000000e+00
-1.000000000000000000e+01
1.000000000000000000e+00
-9.000000000000000000e+00
-9.000000000000000000e+00
1.900000000000000000e+01
5.000000000000000000e+00
3.100000000000000000e+01
-7.000000000000000000e+00
2.200000000000000000e+01
1.700000000000000000e+01
9.000000000000000000e+00
-3.000000000000000000e+00
4.000000000000000000e+00
-5.000000000000000000e+00
1.900000000000000000e+01
1.400000000000000000e+01
-2.000000000000000000e+00
-4.000000000000000000e+00
1.900000000000000000e+01
0.000000000000000000e+00
-2.000000000000000000e+00
1.500000000000000000e+01
3.000000000000000000e+00
1.800000000000000000e+01
1.000000000000000000e+00
-1.000000000000000000e+00
7.000000000000000000e+00
4.000000000000000000e+01
-4.000000000000000000e+01
-5.000000000000000000e+00
4.300000000000000000e+01
-1.500000000000000000e+01
-2.300000000000000000e+01
3.000000000000000000e+00
1.100000000000000000e+01
-1.400000000000000000e+01
-1.400000000000000000e+01
3.500000000000000000e+01
1.500000000000000000e+01
6.000000000000000000e+00
-2.300000000000000000e+01
5.000000000000000000e+00
-1.500000000000000000e+01
-5.000000000000000000e+00
4.000000000000000000e+00
4.000000000000000000e+00
-1.000000000000000000e+00
3.000000000000000000e+00
-9.000000000000000000e+00
-1.500000000000000000e+01
2.100000000000000000e+01
2.000000000000000000e+01
-3.000000000000000000e+00
-1.000000000000000000e+01
0.000000000000000000e+00
6.000000000000000000e+00
1.500000000000000000e+01
-1.600000000000000000e+01
1.300000000000000000e+01
6.000000000000000000e+00
-1.400000000000000000e+01
0.000000000000000000e+00
2.000000000000000000e+01
5.000000000000000000e+00
-2.000000000000000000e+01
1.000000000000000000e+00
7.000000000000000000e+00
-9.000000000000000000e+00
8.000000000000000000e+00
-1.800000000000000000e+01
-2.000000000000000000e+00
-5.000000000000000000e+00
3.100000000000000000e+01
-1.200000000000000000e+01
-1.700000000000000000e+01
-1.300000000000000000e+01
4.000000000000000000e+00
-1.800000000000000000e+01
1.600000000000000000e+01
2.800000000000000000e+01
2.000000000000000000e+00
-1.900000000000000000e+01
2.300000000000000000e+01
3.500000000000000000e+01
7.000000000000000000e+00
-1.000000000000000000e+01
-2.000000000000000000e+01
1.300000000000000000e+01
-8.000000000000000000e+00
2.000000000000000000e+01
9.000000000000000000e+00
1.000000000000000000e+01
5.400000000000000000e+01
-3.100000000000000000e+01
7.000000000000000000e+00
-1.000000000000000000e+01
-9.000000000000000000e+00
1.200000000000000000e+01
-2.400000000000000000e+01
-1.000000000000000000e+00
5.000000000000000000e+00
-1.300000000000000000e+01
1.400000000000000000e+01
-2.200000000000000000e+01
3.300000000000000000e+01
3.800000000000000000e+01
1.400000000000000000e+01
-1.600000000000000000e+01
3.200000000000000000e+01
-3.000000000000000000e+00
2.500000000000000000e+01
1.900000000000000000e+01
3.200000000000000000e+01
1.500000000000000000e+01
-1.300000000000000000e+01
7.000000000000000000e+00
-3.000000000000000000e+00
0.000000000000000000e+00
-7.000000000000000000e+00
2.900000000000000000e+01
1.700000000000000000e+01
2.000000000000000000e+00
-2.200000000000000000e+01
-2.600000000000000000e+01
3.900000000000000000e+01
-5.000000000000000000e+00
5.000000000000000000e+00
-4.700000000000000000e+01
2.200000000000000000e+01
2.700000000000000000e+01
5.000000000000000000e+00
-3.300000000000000000e+01
-9.000000000000000000e+00
1.100000000000000000e+01
-1.300000000000000000e+01
6.000000000000000000e+00
1.300000000000000000e+01
-1.000000000000000000e+00
6.300000000000000000e+01
-1.700000000000000000e+01
8.000000000000000000e+00
-3.000000000000000000e+00
-1.000000000000000000e+00
-3.000000000000000000e+00
3.000000000000000000e+00
-1.000000000000000000e+01
1.500000000000000000e+01
5.000000000000000000e+00
4.000000000000000000e+00
2.400000000000000000e+01
3.000000000000000000e+00
2.400000000000000000e+01
-2.000000000000000000e+00
3.700000000000000000e+01
-6.000000000000000000e+00
1.000000000000000000e+00
-6.000000000000000000e+00
2.200000000000000000e+01
7.000000000000000000e+00
3.000000000000000000e+00
-1.600000000000000000e+01
3.100000000000000000e+01
9.000000000000000000e+00
-1.200000000000000000e+01
1.900000000000000000e+01
3.000000000000000000e+01
2.400000000000000000e+01
-5.000000000000000000e+00
2.400000000000000000e+01
-1.500000000000000000e+01
7.000000000000000000e+00
4.000000000000000000e+01
-1.300000000000000000e+01
2.000000000000000000e+00
3.400000000000000000e+01
-2.100000000000000000e+01
6.000000000000000000e+00
-5.000000000000000000e+00
-1.300000000000000000e+01
1.700000000000000000e+01
2.000000000000000000e+00
3.900000000000000000e+01
4.100000000000000000e+01
0.000000000000000000e+00
2.000000000000000000e+00
-5.000000000000000000e+00
2.000000000000000000e+00
1.900000000000000000e+01
-4.000000000000000000e+00
2.100000000000000000e+01
5.000000000000000000e+01
3.100000000000000000e+01
2.300000000000000000e+01
-3.000000000000000000e+00
2.100000000000000000e+01
1.500000000000000000e+01
-3.200000000000000000e+01
-2.000000000000000000e+00
1.400000000000000000e+01
1.500000000000000000e+01
5.000000000000000000e+00
-1.100000000000000000e+01
1.800000000000000000e+01
1.600000000000000000e+01
1.000000000000000000e+01
5.900000000000000000e+01
4.600000000000000000e+01
1.900000000000000000e+01
1.900000000000000000e+01
-2.200000000000000000e+01
-3.000000000000000000e+00
9.000000000000000000e+00
1.400000000000000000e+01
2.600000000000000000e+01
4.000000000000000000e+00
1.300000000000000000e+01
3.300000000000000000e+01
2.100000000000000000e+01
-6.000000000000000000e+00
1.400000000000000000e+01
-4.000000000000000000e+00
-3.000000000000000000e+00
1.600000000000000000e+01
1.000000000000000000e+01
1.200000000000000000e+01
3.200000000000000000e+01
-1.000000000000000000e+00
3.100000000000000000e+01
-6.000000000000000000e+00
2.800000000000000000e+01
2.500000000000000000e+01
1.700000000000000000e+01
1.500000000000000000e+01
2.900000000000000000e+01
3.500000000000000000e+01
2.700000000000000000e+01
2.600000000000000000e+01
2.000000000000000000e+01
-5.000000000000000000e+00
1.900000000000000000e+01
0.000000000000000000e+00
2.300000000000000000e+01
2.500000000000000000e+01
2.300000000000000000e+01
1.400000000000000000e+01
-1.100000000000000000e+01
1.500000000000000000e+01
1.500000000000000000e+01
1.800000000000000000e+01
3.200000000000000000e+01
1.200000000000000000e+01
2.900000000000000000e+01
9.000000000000000000e+00
5.600000000000000000e+01
0.000000000000000000e+00
0.000000000000000000e+00
7.000000000000000000e+00
3.000000000000000000e+00
3.600000000000000000e+01
-3.000000000000000000e+00
1.300000000000000000e+01
5.000000000000000000e+01
2.200000000000000000e+01
4.100000000000000000e+01
-2.000000000000000000e+00
1.000000000000000000e+00
6.000000000000000000e+00
3.300000000000000000e+01
1.300000000000000000e+01
1.400000000000000000e+01
1.600000000000000000e+01
-9.000000000000000000e+00
1.200000000000000000e+01
1.300000000000000000e+01
5.000000000000000000e+00
1.200000000000000000e+01
2.500000000000000000e+01
1.000000000000000000e+01
8.000000000000000000e+00
1.000000000000000000e+01
-2.000000000000000000e+00
8.000000000000000000e+00
2.900000000000000000e+01
1.000000000000000000e+00
-3.000000000000000000e+01
-1.000000000000000000e+01
2.000000000000000000e+01
1.000000000000000000e+01
1.000000000000000000e+00
5.000000000000000000e+00
3.000000000000000000e+01
5.100000000000000000e+01
7.000000000000000000e+00
2.200000000000000000e+01
-2.400000000000000000e+01
5.600000000000000000e+01
3.000000000000000000e+00
3.000000000000000000e+01
1.800000000000000000e+01
4.300000000000000000e+01
9.000000000000000000e+00
2.400000000000000000e+01
1.800000000000000000e+01
9.000000000000000000e+00
-2.000000000000000000e+00
5.000000000000000000e+01
5.000000000000000000e+00
1.000000000000000000e+00
2.300000000000000000e+01
3.600000000000000000e+01
1.700000000000000000e+01
1.000000000000000000e+01
2.500000000000000000e+01
6.000000000000000000e+00
5.000000000000000000e+00
1.500000000000000000e+01
1.600000000000000000e+01
2.000000000000000000e+01
2.400000000000000000e+01
1.500000000000000000e+01
2.500000000000000000e+01
1.900000000000000000e+01
3.600000000000000000e+01
3.600000000000000000e+01
9.000000000000000000e+00
3.400000000000000000e+01
3.600000000000000000e+01
5.100000000000000000e+01
3.100000000000000000e+01
6.000000000000000000e+01
6.100000000000000000e+01
3.800000000000000000e+01
6.600000000000000000e+01
2.000000000000000000e+01
6.100000000000000000e+01
7.400000000000000000e+01
8.700000000000000000e+01
3.500000000000000000e+01
1.060000000000000000e+02
8.200000000000000000e+01
1.070000000000000000e+02
1.630000000000000000e+02
1.430000000000000000e+02
1.510000000000000000e+02
1.920000000000000000e+02
2.120000000000000000e+02
2.530000000000000000e+02
2.720000000000000000e+02
2.940000000000000000e+02
3.910000000000000000e+02
4.160000000000000000e+02
5.050000000000000000e+02
5.430000000000000000e+02
6.110000000000000000e+02
6.930000000000000000e+02
7.800000000000000000e+02
9.230000000000000000e+02
9.670000000000000000e+02
1.128000000000000000e+03
1.249000000000000000e+03
1.379000000000000000e+03
1.513000000000000000e+03
1.650000000000000000e+03
1.781000000000000000e+03
1.941000000000000000e+03
2.123000000000000000e+03
2.246000000000000000e+03
2.454000000000000000e+03
2.560000000000000000e+03
2.745000000000000000e+03
2.914000000000000000e+03
3.014000000000000000e+03
3.222000000000000000e+03
3.339000000000000000e+03
3.450000000000000000e+03
3.536000000000000000e+03
3.686000000000000000e+03
3.811000000000000000e+03
3.919000000000000000e+03
3.932000000000000000e+03
3.990000000000000000e+03
4.063000000000000000e+03
4.071000000000000000e+03
4.021000000000000000e+03
4.101000000000000000e+03
4.115000000000000000e+03
4.117000000000000000e+03
3.901000000000000000e+03
4.027000000000000000e+03
3.809000000000000000e+03
3.831000000000000000e+03
3.720000000000000000e+03
3.605000000000000000e+03
3.499000000000000000e+03
3.336000000000000000e+03
3.272000000000000000e+03
3.093000000000000000e+03
2.967000000000000000e+03
2.877000000000000000e+03
2.649000000000000000e+03
2.483000000000000000e+03
2.335000000000000000e+03
2.238000000000000000e+03
2.037000000000000000e+03
1.883000000000000000e+03
1.765000000000000000e+03
1.647000000000000000e+03
1.476000000000000000e+03
1.404000000000000000e+03
1.258000000000000000e+03
1.149000000000000000e+03
1.054000000000000000e+03
9.410000000000000000e+02
8.270000000000000000e+02
7.530000000000000000e+02
6.950000000000000000e+02
6.110000000000000000e+02
5.320000000000000000e+02
4.640000000000000000e+02
4.120000000000000000e+02
3.380000000000000000e+02
3.130000000000000000e+02
2.650000000000000000e+02
2.230000000000000000e+02
2.080000000000000000e+02
1.830000000000000000e+02
1.180000000000000000e+02
1.160000000000000000e+02
9.700000000000000000e+01
1.040000000000000000e+02
7.900000000000000000e+01
6.300000000000000000e+01
8.100000000000000000e+01
7.100000000000000000e+01
2.900000000000000000e+01
4.000000000000000000e+01
4.200000000000000000e+01
1.200000000000000000e+01
4.100000000000000000e+01
4.000000000000000000e+01
8.000000000000000000e+00
7.000000000000000000e+00
3.200000000000000000e+01
1.900000000000000000e+01
1.900000000000000000e+01
2.600000000000000000e+01
9.000000000000000000e+00
2.200000000000000000e+01
2.600000000000000000e+01
4.900000000000000000e+01
1.800000000000000000e+01
3.300000000000000000e+01
2.000000000000000000e+01
-1.200000000000000000e+01
1.700000000000000000e+01
-1.300000000000000000e+01
1.700000000000000000e+01
1.000000000000000000e+01
-5.000000000000000000e+00
-9.000000000000000000e+00
1.700000000000000000e+01
3.800000000000000000e+01
1.000000000000000000e+01
4.400000000000000000e+01
-2.200000000000000000e+01
1.700000000000000000e+01
4.200000000000000000e+01
4.000000000000000000e+01
4.000000000000000000e+00
1.300000000000000000e+01
2.200000000000000000e+01
-2.000000000000000000e+00
0.000000000000000000e+00
3.800000000000000000e+01
1.800000000000000000e+01
-1.000000000000000000e+01
7.000000000000000000e+00
1.100000000000000000e+01
3.000000000000000000e+01
-1.800000000000000000e+01
1.800000000000000000e+01
-9.000000000000000000e+00
7.000000000000000000e+00
2.900000000000000000e+01
-9.000000000000000000e+00
6.000000000000000000e+00
1.000000000000000000e+00
5.000000000000000000e+00
2.700000000000000000e+01
3.100000000000000000e+01
-1.100000000000000000e+01
2.500000000000000000e+01
1.000000000000000000e+01
3.400000000000000000e+01
-2.700000000000000000e+01
9.000000000000000000e+00
9.000000000000000000e+00
-3.800000000000000000e+01
5.000000000000000000e+00
3.000000000000000000e+00
2.800000000000000000e+01
2.500000000000000000e+01
3.400000000000000000e+01
2.300000000000000000e+01
1.800000000000000000e+01
2.300000000000000000e+01
2.100000000000000000e+01
3.800000000000000000e+01
4.200000000000000000e+01
1.600000000000000000e+01
1.400000000000000000e+01
2.000000000000000000e+00
1.700000000000000000e+01
1.300000000000000000e+01
1.900000000000000000e+01
1.100000000000000000e+01
-6.000000000000000000e+00
8.000000000000000000e+00
3.000000000000000000e+00
2.200000000000000000e+01
2.600000000000000000e+01
-1.100000000000000000e+01
2.000000000000000000e+00
-6.000000000000000000e+00
1.500000000000000000e+01
1.800000000000000000e+01
1.100000000000000000e+01
2.000000000000000000e+01
4.000000000000000000e+00
2.100000000000000000e+01
4.600000000000000000e+01
4.500000000000000000e+01
-1.100000000000000000e+01
2.900000000000000000e+01
-1.100000000000000000e+01
2.900000000000000000e+01
7.000000000000000000e+00
1.000000000000000000e+01
2.600000000000000000e+01
-1.000000000000000000e+00
2.900000000000000000e+01
2.700000000000000000e+01
2.300000000000000000e+01
2.800000000000000000e+01
-2.600000000000000000e+01
8.000000000000000000e+00
1.600000000000000000e+01
-1.500000000000000000e+01
1.700000000000000000e+01
4.000000000000000000e+00
3.300000000000000000e+01
1.800000000000000000e+01
-4.000000000000000000e+00
2.800000000000000000e+01
2.800000000000000000e+01
-1.000000000000000000e+01
3.300000000000000000e+01
1.200000000000000000e+01
4.800000000000000000e+01
0.000000000000000000e+00
7.000000000000000000e+00
9.000000000000000000e+00
2.200000000000000000e+01
-7.000000000000000000e+00
-1.000000000000000000e+01
-1.300000000000000000e+01
2.100000000000000000e+01
1.800000000000000000e+01
2.600000000000000000e+01
1.700000000000000000e+01
1.200000000000000000e+01
-3.000000000000000000e+00
4.300000000000000000e+01
3.000000000000000000e+00
-3.500000000000000000e+01
6.000000000000000000e+00
1.000000000000000000e+01
-3.000000000000000000e+00
-1.500000000000000000e+01
7.000000000000000000e+00
1.000000000000000000e+01
1.400000000000000000e+01
4.000000000000000000e+00
-1.500000000000000000e+01
-1.500000000000000000e+01
1.000000000000000000e+01
1.300000000000000000e+01
1.600000000000000000e+01
-1.900000000000000000e+01
1.300000000000000000e+01
1.300000000000000000e+01
0.000000000000000000e+00
-1.100000000000000000e+01
-3.000000000000000000e+00
-6.000000000000000000e+00
1.000000000000000000e+00
2.300000000000000000e+01
-3.000000000000000000e+00
2.400000000000000000e+01
2.200000000000000000e+01
-1.500000000000000000e+01
6.000000000000000000e+00
1.000000000000000000e+00
9.000000000000000000e+00
3.600000000000000000e+01
2.800000000000000000e+01
6.000000000000000000e+00
-2.600000000000000000e+01
2.000000000000000000e+01
3.300000000000000000e+01
1.000000000000000000e+01
-3.000000000000000000e+01
3.600000000000000000e+01
8.000000000000000000e+00
1.300000000000000000e+01
4.000000000000000000e+00
1.200000000000000000e+01
2.700000000000000000e+01
1.000000000000000000e+00
1.900000000000000000e+01
3.100000000000000000e+01
6.000000000000000000e+00
-7.000000000000000000e+00
3.500000000000000000e+01
2.000000000000000000e+00
-2.200000000000000000e+01
3.200000000000000000e+01
-2.000000000000000000e+00
2.300000000000000000e+01
-2.600000000000000000e+01
-1.200000000000000000e+01
5.000000000000000000e+00
1.000000000000000000e+00
0.000000000000000000e+00
2.000000000000000000e+01
5.300000000000000000e+01
2.300000000000000000e+01
1.600000000000000000e+01
1.500000000000000000e+01
1.800000000000000000e+01
2.800000000000000000e+01
-3.100000000000000000e+01
-1.000000000000000000e+00
7.000000000000000000e+00
-1.000000000000000000e+01
9.000000000000000000e+00
-5.000000000000000000e+00
4.000000000000000000e+00
1.700000000000000000e+01
2.200000000000000000e+01
3.800000000000000000e+01
4.000000000000000000e+00
2.200000000000000000e+01
-1.100000000000000000e+01
2.000000000000000000e+00
-5.000000000000000000e+00
1.700000000000000000e+01
6.000000000000000000e+00
4.000000000000000000e+00
3.200000000000000000e+01
-7.000000000000000000e+00
-6.000000000000000000e+00
-1.000000000000000000e+00
-1.800000000000000000e+01
2.200000000000000000e+01
1.700000000000000000e+01
-1.000000000000000000e+01
-1.300000000000000000e+01
-6.000000000000000000e+00
1.600000000000000000e+01
8.000000000000000000e+00
-9.000000000000000000e+00
2.400000000000000000e+01
1.700000000000000000e+01
4.500000000000000000e+01
-9.000000000000000000e+00
-5.000000000000000000e+00
-4.000000000000000000e+00
4.000000000000000000e+00
-1.900000000000000000e+01
9.000000000000000000e+00
-1.500000000000000000e+01
-5.000000000000000000e+00
1.000000000000000000e+01
1.100000000000000000e+01
1.200000000000000000e+01
-3.000000000000000000e+00
4.000000000000000000e+00
-1.000000000000000000e+00
1.500000000000000000e+01
1.300000000000000000e+01
2.900000000000000000e+01
2.400000000000000000e+01
1.300000000000000000e+01
5.100000000000000000e+01
1.300000000000000000e+01
2.900000000000000000e+01
-2.600000000000000000e+01
-6.000000000000000000e+00
0.000000000000000000e+00
5.000000000000000000e+00
1.400000000000000000e+01
-2.000000000000000000e+01
1.000000000000000000e+01
5.000000000000000000e+00
-1.200000000000000000e+01
-2.300000000000000000e+01
-7.000000000000000000e+00
-1.300000000000000000e+01
1.300000000000000000e+01
-9.000000000000000000e+00
3.000000000000000000e+00
6.000000000000000000e+00
2.200000000000000000e+01
2.100000000000000000e+01
2.400000000000000000e+01
7.000000000000000000e+00
-5.000000000000000000e+00
1.600000000000000000e+01
1.000000000000000000e+00
-1.000000000000000000e+01
1.500000000000000000e+01
-7.000000000000000000e+00
-5.000000000000000000e+00
-2.100000000000000000e+01
1.600000000000000000e+01
-1.500000000000000000e+01
-1.000000000000000000e+00
2.200000000000000000e+01
1.500000000000000000e+01
-1.000000000000000000e+00
2.300000000000000000e+01
9.000000000000000000e+00
4.000000000000000000e+00
5.000000000000000000e+00
1.600000000000000000e+01
-6.000000000000000000e+00
0.000000000000000000e+00
-8.000000000000000000e+00
2.000000000000000000e+01
-4.000000000000000000e+00
7.000000000000000000e+00
2.600000000000000000e+01
2.200000000000000000e+01
-9.000000000000000000e+00
1.600000000000000000e+01
7.000000000000000000e+00
-5.000000000000000000e+00
-1.100000000000000000e+01
9.000000000000000000e+00
-1.500000000000000000e+01
-5.000000000000000000e+00
-1.000000000000000000e+00
3.000000000000000000e+00
3.000000000000000000e+00
2.000000000000000000e+00
1.400000000000000000e+01
3.000000000000000000e+00
-7.000000000000000000e+00
-2.600000000000000000e+01
3.800000000000000000e+01
-1.000000000000000000e+00
-3.000000000000000000e+00
1.200000000000000000e+01
2.000000000000000000e+00
5.000000000000000000e+00
2.100000000000000000e+01
-1.300000000000000000e+01
1.000000000000000000e+00
-2.800000000000000000e+01
-2.000000000000000000e+00
-1.400000000000000000e+01
6.000000000000000000e+00
-2.300000000000000000e+01
-4.000000000000000000e+00
-1.000000000000000000e+00
1.000000000000000000e+01
-1.400000000000000000e+01
-4.000000000000000000e+00
1.000000000000000000e+00
-8.000000000000000000e+00
5.000000000000000000e+00
6.000000000000000000e+00
2.500000000000000000e+01
1.600000000000000000e+01
1.600000000000000000e+01
1.000000000000000000e+00
-7.000000000000000000e+00
-8.000000000000000000e+00
1.000000000000000000e+00
1.400000000000000000e+01
1.000000000000000000e+00
8.000000000000000000e+00
3.000000000000000000e+00
3.000000000000000000e+00
-2.600000000000000000e+01
8.000000000000000000e+00
-2.700000000000000000e+01
-7.000000000000000000e+00
5.000000000000000000e+00
1.300000000000000000e+01
1.100000000000000000e+01
-1.100000000000000000e+01
-2.000000000000000000e+00
-3.000000000000000000e+00
9.000000000000000000e+00
-1.400000000000000000e+01
1.500000000000000000e+01
-4.000000000000000000e+00
-1.000000000000000000e+00
-3.600000000000000000e+01
-1.900000000000000000e+01
-2.100000000000000000e+01
1.900000000000000000e+01
3.000000000000000000e+01
-9.000000000000000000e+00
3.000000000000000000e+00
1.000000000000000000e+00
2.200000000000000000e+01
-6.000000000000000000e+00
7.000000000000000000e+00
-5.000000000000000000e+00
-1.400000000000000000e+01
1.000000000000000000e+01
4.500000000000000000e+01
1.200000000000000000e+01
-1.000000000000000000e+01
1.100000000000000000e+01
1.800000000000000000e+01
1.300000000000000000e+01
1.600000000000000000e+01
8.000000000000000000e+00
2.600000000000000000e+01
-5.000000000000000000e+00
-5.000000000000000000e+00
1.000000000000000000e+01
9.000000000000000000e+00
-1.900000000000000000e+01
8.000000000000000000e+00
1.500000000000000000e+01
1.900000000000000000e+01
3.000000000000000000e+00
1.200000000000000000e+01
-2.100000000000000000e+01
1.600000000000000000e+01
1.400000000000000000e+01
3.600000000000000000e+01
1.200000000000000000e+01
1.000000000000000000e+00
1.000000000000000000e+00
-1.300000000000000000e+01
4.000000000000000000e+00
-1.900000000000000000e+01
4.000000000000000000e+00
2.200000000000000000e+01
-4.000000000000000000e+00
-2.600000000000000000e+01
1.400000000000000000e+01
-5.000000000000000000e+00
1.000000000000000000e+01
-2.000000000000000000e+00
-1.000000000000000000e+00
-3.400000000000000000e+01
-6.000000000000000000e+00
8.000000000000000000e+00
-1.000000000000000000e+01
-2.000000000000000000e+01
2.700000000000000000e+01
-1.600000000000000000e+01
-1.300000000000000000e+01
1.500000000000000000e+01
1.100000000000000000e+01
-2.000000000000000000e+00
1.400000000000000000e+01
0.000000000000000000e+00
-1.100000000000000000e+01
-1.000000000000000000e+00
1.000000000000000000e+00
-2.000000000000000000e+00
-4.000000000000000000e+00
-3.200000000000000000e+01
2.100000000000000000e+01
-1.900000000000000000e+01
-7.000000000000000000e+00
-3.000000000000000000e+00
-1.800000000000000000e+01
-1.600000000000000000e+01
2.000000000000000000e+00
-2.200000000000000000e+01
1.400000000000000000e+01
-3.000000000000000000e+00
-2.000000000000000000e+01
3.000000000000000000e+00
-1.400000000000000000e+01
7.000000000000000000e+00
-2.500000000000000000e+01
-3.400000000000000000e+01
1.300000000000000000e+01
1.000000000000000000e+00
-2.000000000000000000e+00
1.000000000000000000e+01
-9.000000000000000000e+00
2.000000000000000000e+01
1.500000000000000000e+01
4.000000000000000000e+00
3.000000000000000000e+00
7.000000000000000000e+00
2.700000000000000000e+01
-3.500000000000000000e+01
1.800000000000000000e+01
-2.000000000000000000e+00
-1.900000000000000000e+01
-2.600000000000000000e+01
-1.400000000000000000e+01
2.000000000000000000e+00
6.000000000000000000e+00
-7.000000000000000000e+00
7.000000000000000000e+00
7.000000000000000000e+00
-2.400000000000000000e+01
5.000000000000000000e+00
-9.000000000000000000e+00
-1.100000000000000000e+01
-1.500000000000000000e+01
5.000000000000000000e+00
1.300000000000000000e+01
-1.800000000000000000e+01
-2.200000000000000000e+01
-1.500000000000000000e+01
-3.000000000000000000e+00
-9.000000000000000000e+00
1.400000000000000000e+01
-1.800000000000000000e+01
-1.600000000000000000e+01
0.000000000000000000e+00
-1.300000000000000000e+01
-2.000000000000000000e+00
-4.000000000000000000e+00
-1.300000000000000000e+01
-4.000000000000000000e+00
-3.000000000000000000e+01
3.000000000000000000e+00
-1.900000000000000000e+01
4.000000000000000000e+00
1.900000000000000000e+01
-8.000000000000000000e+00
-1.000000000000000000e+01
0.000000000000000000e+00
7.000000000000000000e+00
-2.900000000000000000e+01
3.100000000000000000e+01
0.000000000000000000e+00
-4.000000000000000000e+00
1.500000000000000000e+01
-1.400000000000000000e+01
4.100000000000000000e+01
1.200000000000000000e+01
2.300000000000000000e+01
-1.400000000000000000e+01
2.400000000000000000e+01
-3.000000000000000000e+00
-1.800000000000000000e+01
5.000000000000000000e+00
6.000000000000000000e+00
2.300000000000000000e+01
3.300000000000000000e+01
2.200000000000000000e+01
-2.200000000000000000e+01
6.000000000000000000e+00
1.100000000000000000e+01
-1.100000000000000000e+01
-1.000000000000000000e+00
-6.000000000000000000e+00
-3.700000000000000000e+01
1.000000000000000000e+01
-1.700000000000000000e+01
-8.000000000000000000e+00
1.200000000000000000e+01
-5.000000000000000000e+00
3.000000000000000000e+00
-2.400000000000000000e+01
2.000000000000000000e+00
2.000000000000000000e+00
1.300000000000000000e+01
1.600000000000000000e+01
-9.000000000000000000e+00
-7.000000000000000000e+00
2.500000000000000000e+01
-1.700000000000000000e+01
4.000000000000000000e+00
-7.000000000000000000e+00
-4.000000000000000000e+00
1.600000000000000000e+01
-6.000000000000000000e+00
-1.300000000000000000e+01
4.000000000000000000e+00
-1.000000000000000000e+01
6.000000000000000000e+00
-1.100000000000000000e+01
-1.200000000000000000e+01
6.000000000000000000e+00
2.400000000000000000e+01
2.000000000000000000e+01
-4.000000000000000000e+00
8.000000000000000000e+00
2.100000000000000000e+01
-3.000000000000000000e+00
2.000000000000000000e+01
-1.200000000000000000e+01
1.800000000000000000e+01
1.200000000000000000e+01
-5.000000000000000000e+00
-1.400000000000000000e+01
1.700000000000000000e+01
-3.000000000000000000e+00
1.000000000000000000e+01
-1.000000000000000000e+00
-4.000000000000000000e+00
-1.300000000000000000e+01
-3.000000000000000000e+00
0.000000000000000000e+00
1.300000000000000000e+01
1.400000000000000000e+01
-2.500000000000000000e+01
1.000000000000000000e+00
9.000000000000000000e+00
-1.600000000000000000e+01
-5.000000000000000000e+00
3.000000000000000000e+01
-9.000000000000000000e+00
5.000000000000000000e+00
8.000000000000000000e+00
9.000000000000000000e+00
1.700000000000000000e+01
1.000000000000000000e+00
-8.000000000000000000e+00
1.000000000000000000e+00
-1.200000000000000000e+01
1.300000000000000000e+01
-4.000000000000000000e+00
4.000000000000000000e+00
4.000000000000000000e+00
-1.000000000000000000e+01
3.000000000000000000e+00
-6.000000000000000000e+00
-1.600000000000000000e+01
-1.500000000000000000e+01
4.000000000000000000e+00
-1.000000000000000000e+00
-1.500000000000000000e+01
9.000000000000000000e+00
-9.000000000000000000e+00
-5.000000000000000000e+00
2.100000000000000000e+01
2.700000000000000000e+01
0.000000000000000000e+00
-9.000000000000000000e+00
1.200000000000000000e+01
-1.500000000000000000e+01
1.700000000000000000e+01
1.000000000000000000e+01
-8.000000000000000000e+00
1.600000000000000000e+01
9.000000000000000000e+00
2.300000000000000000e+01
9.000000000000000000e+00
-2.100000000000000000e+01
1.200000000000000000e+01
1.800000000000000000e+01
-4.200000000000000000e+01
2.400000000000000000e+01
8.000000000000000000e+00
-7.000000000000000000e+00
-1.800000000000000000e+01
2.700000000000000000e+01
8.000000000000000000e+00
8.000000000000000000e+00
1.000000000000000000e+00
-1.800000000000000000e+01
0.000000000000000000e+00
-2.800000000000000000e+01
1.300000000000000000e+01
-1.000000000000000000e+00
-1.700000000000000000e+01
-1.000000000000000000e+01
1.700000000000000000e+01
5.000000000000000000e+00
1.000000000000000000e+00
-9.000000000000000000e+00
8.000000000000000000e+00
4.000000000000000000e+00
9.000000000000000000e+00
-2.000000000000000000e+01
5.000000000000000000e+00
-4.000000000000000000e+00
2.300000000000000000e+01
-2.000000000000000000e+00
-1.000000000000000000e+00
1.700000000000000000e+01
5.000000000000000000e+00
-1.600000000000000000e+01
1.800000000000000000e+01
-6.000000000000000000e+00
6.000000000000000000e+00
9.000000000000000000e+00
1.100000000000000000e+01
1.900000000000000000e+01
2.000000000000000000e+00
-1.100000000000000000e+01
1.900000000000000000e+01
0.000000000000000000e+00
-4.000000000000000000e+00
3.100000000000000000e+01
-9.000000000000000000e+00
-5.000000000000000000e+00
-6.000000000000000000e+00
-5.000000000000000000e+00
5.000000000000000000e+00
3.300000000000000000e+01
-1.000000000000000000e+00
1.200000000000000000e+01
-2.700000000000000000e+01
2.000000000000000000e+00
7.000000000000000000e+00
-1.500000000000000000e+01
-1.700000000000000000e+01
1.600000000000000000e+01
7.000000000000000000e+00
5.000000000000000000e+00
-4.300000000000000000e+01
-7.000000000000000000e+00
9.000000000000000000e+00
-5.000000000000000000e+00
-2.900000000000000000e+01
-7.000000000000000000e+00
-7.000000000000000000e+00
1.600000000000000000e+01
-1.500000000000000000e+01
1.800000000000000000e+01
-2.300000000000000000e+01
1.100000000000000000e+01
-1.200000000000000000e+01
-1.000000000000000000e+00
2.900000000000000000e+01
1.600000000000000000e+01
1.900000000000000000e+01
-4.000000000000000000e+00
-1.100000000000000000e+01
2.700000000000000000e+01
-5.000000000000000000e+00
-2.400000000000000000e+01
1.900000000000000000e+01
1.200000000000000000e+01
-2.900000000000000000e+01
2.700000000000000000e+01
-2.300000000000000000e+01
-2.000000000000000000e+01
6.000000000000000000e+00
-7.000000000000000000e+00
-4.000000000000000000e+00
-4.000000000000000000e+00
1.100000000000000000e+01
1.900000000000000000e+01
2.200000000000000000e+01
2.300000000000000000e+01
2.200000000000000000e+01
5.000000000000000000e+00
-5.000000000000000000e+00
-1.700000000000000000e+01
-1.100000000000000000e+01
-1.000000000000000000e+00
2.300000000000000000e+01
-1.600000000000000000e+01
-6.000000000000000000e+00
2.800000000000000000e+01
0.000000000000000000e+00
1.300000000000000000e+01
6.000000000000000000e+00
2.300000000000000000e+01
-5.000000000000000000e+00
3.000000000000000000e+00
2.600000000000000000e+01
-8.000000000000000000e+00
-1.000000000000000000e+01
1.300000000000000000e+01
1.300000000000000000e+01
1.100000000000000000e+01
3.000000000000000000e+00
1.600000000000000000e+01
-1.500000000000000000e+01
7.000000000000000000e+00
2.100000000000000000e+01
-8.000000000000000000e+00
1.400000000000000000e+01
1.100000000000000000e+01
8.000000000000000000e+00
1.700000000000000000e+01
5.000000000000000000e+00
1.000000000000000000e+01
1.700000000000000000e+01
6.000000000000000000e+00
8.000000000000000000e+00
5.000000000000000000e+00
-4.000000000000000000e+00
1.800000000000000000e+01
-1.500000000000000000e+01
7.000000000000000000e+00
1.600000000000000000e+01
2.700000000000000000e+01
4.600000000000000000e+01
3.500000000000000000e+01
2.200000000000000000e+01
3.500000000000000000e+01
5.800000000000000000e+01
3.300000000000000000e+01
4.100000000000000000e+01
2.600000000000000000e+01
4.800000000000000000e+01
6.200000000000000000e+01
2.100000000000000000e+01
3.000000000000000000e+01
3.900000000000000000e+01
4.300000000000000000e+01
7.100000000000000000e+01
5.500000000000000000e+01
6.100000000000000000e+01
5.400000000000000000e+01
4.300000000000000000e+01
6.300000000000000000e+01
4.600000000000000000e+01
6.800000000000000000e+01
8.000000000000000000e+01
9.900000000000000000e+01
7.500000000000000000e+01
1.070000000000000000e+02
7.800000000000000000e+01
1.070000000000000000e+02
9.500000000000000000e+01
1.090000000000000000e+02
1.430000000000000000e+02
1.540000000000000000e+02
1.220000000000000000e+02
1.410000000000000000e+02
1.400000000000000000e+02
1.480000000000000000e+02
1.890000000000000000e+02
1.810000000000000000e+02
2.200000000000000000e+02
2.080000000000000000e+02
2.510000000000000000e+02
2.300000000000000000e+02
2.530000000000000000e+02
2.910000000000000000e+02
2.770000000000000000e+02
3.150000000000000000e+02
2.910000000000000000e+02
3.300000000000000000e+02
3.650000000000000000e+02
3.440000000000000000e+02
3.360000000000000000e+02
3.660000000000000000e+02
4.120000000000000000e+02
4.180000000000000000e+02
4.370000000000000000e+02
4.400000000000000000e+02
4.810000000000000000e+02
4.740000000000000000e+02
5.100000000000000000e+02
5.150000000000000000e+02
5.870000000000000000e+02
5.610000000000000000e+02
5.960000000000000000e+02
6.280000000000000000e+02
6.700000000000000000e+02
6.680000000000000000e+02
6.920000000000000000e+02
7.500000000000000000e+02
7.150000000000000000e+02
7.890000000000000000e+02
7.870000000000000000e+02
8.070000000000000000e+02
8.180000000000000000e+02
9.030000000000000000e+02
9.170000000000000000e+02
9.070000000000000000e+02
9.370000000000000000e+02
9.560000000000000000e+02
9.760000000000000000e+02
1.000000000000000000e+03
9.830000000000000000e+02
1.050000000000000000e+03
9.970000000000000000e+02
1.082000000000000000e+03
1.086000000000000000e+03
1.130000000000000000e+03
1.135000000000000000e+03
1.097000000000000000e+03
1.160000000000000000e+03
1.153000000000000000e+03
1.216000000000000000e+03
1.189000000000000000e+03
1.207000000000000000e+03
1.193000000000000000e+03
1.198000000000000000e+03
1.293000000000000000e+03
1.311000000000000000e+03
1.287000000000000000e+03
1.291000000000000000e+03
1.269000000000000000e+03
1.305000000000000000e+03
1.366000000000000000e+03
1.314000000000000000e+03
1.316000000000000000e+03
1.372000000000000000e+03
1.334000000000000000e+03
1.330000000000000000e+03
1.335000000000000000e+03
1.378000000000000000e+03
1.379000000000000000e+03
1.315000000000000000e+03
1.297000000000000000e+03
1.288000000000000000e+03
1.304000000000000000e+03
1.250000000000000000e+03
1.216000000000000000e+03
1.202000000000000000e+03
1.174000000000000000e+03
1.183000000000000000e+03
1.159000000000000000e+03
1.147000000000000000e+03
1.124000000000000000e+03
1.102000000000000000e+03
1.106000000000000000e+03
1.075000000000000000e+03
1.089000000000000000e+03
1.087000000000000000e+03
1.079000000000000000e+03
1.089000000000000000e+03
1.081000000000000000e+03
1.034000000000000000e+03
1.041000000000000000e+03
1.015000000000000000e+03
1.017000000000000000e+03
1.009000000000000000e+03
9.730000000000000000e+02
9.850000000000000000e+02
9.630000000000000000e+02
9.480000000000000000e+02
8.950000000000000000e+02
8.830000000000000000e+02
8.810000000000000000e+02
8.290000000000000000e+02
8.320000000000000000e+02
7.800000000000000000e+02
7.970000000000000000e+02
7.860000000000000000e+02
7.290000000000000000e+02
7.120000000000000000e+02
6.910000000000000000e+02
6.760000000000000000e+02
6.430000000000000000e+02
6.230000000000000000e+02
5.980000000000000000e+02
5.280000000000000000e+02
5.900000000000000000e+02
5.420000000000000000e+02
5.210000000000000000e+02
4.850000000000000000e+02
5.370000000000000000e+02
4.770000000000000000e+02
4.620000000000000000e+02
4.690000000000000000e+02
5.090000000000000000e+02
4.460000000000000000e+02
3.860000000000000000e+02
3.950000000000000000e+02
4.130000000000000000e+02
3.590000000000000000e+02
3.910000000000000000e+02
3.350000000000000000e+02
3.380000000000000000e+02
2.970000000000000000e+02
3.000000000000000000e+02
3.070000000000000000e+02
2.740000000000000000e+02
2.520000000000000000e+02
2.500000000000000000e+02
2.390000000000000000e+02
2.520000000000000000e+02
2.190000000000000000e+02
2.140000000000000000e+02
2.070000000000000000e+02
1.910000000000000000e+02
1.660000000000000000e+02
1.870000000000000000e+02
1.720000000000000000e+02
1.750000000000000000e+02
1.660000000000000000e+02
1.580000000000000000e+02
1.480000000000000000e+02
1.450000000000000000e+02
1.130000000000000000e+02
1.380000000000000000e+02
1.280000000000000000e+02
1.150000000000000000e+02
1.100000000000000000e+02
8.100000000000000000e+01
9.000000000000000000e+01
1.080000000000000000e+02
8.500000000000000000e+01
6.200000000000000000e+01
6.200000000000000000e+01
8.400000000000000000e+01
7.200000000000000000e+01
9.600000000000000000e+01
5.300000000000000000e+01
6.500000000000000000e+01
7.200000000000000000e+01
5.600000000000000000e+01
4.900000000000000000e+01
3.900000000000000000e+01
6.300000000000000000e+01
1.700000000000000000e+01
3.300000000000000000e+01
1.100000000000000000e+01
3.400000000000000000e+01
1.400000000000000000e+01
2.100000000000000000e+01
3.200000000000000000e+01
2.700000000000000000e+01
2.200000000000000000e+01
3.600000000000000000e+01
2.500000000000000000e+01
-1.800000000000000000e+01
1.800000000000000000e+01
2.600000000000000000e+01
-2.000000000000000000e+00
4.000000000000000000e+00
1.900000000000000000e+01
2.100000000000000000e+01
3.100000000000000000e+01
2.900000000000000000e+01
-8.000000000000000000e+00
1.200000000000000000e+01
1.400000000000000000e+01
7.000000000000000000e+00
1.000000000000000000e+00
3.100000000000000000e+01
4.000000000000000000e+00
-2.800000000000000000e+01
7.000000000000000000e+00
2.600000000000000000e+01
1.300000000000000000e+01
5.000000000000000000e+00
3.000000000000000000e+00
1.700000000000000000e+01
2.900000000000000000e+01
2.000000000000000000e+00
-8.000000000000000000e+00
3.000000000000000000e+01
-1.500000000000000000e+01
3.300000000000000000e+01
4.000000000000000000e+00
-3.000000000000000000e+00
3.500000000000000000e+01
1.700000000000000000e+01
1.800000000000000000e+01
1.500000000000000000e+01
2.800000000000000000e+01
1.700000000000000000e+01
7.000000000000000000e+00
8.000000000000000000e+00
2.900000000000000000e+01
-5.000000000000000000e+00
-3.600000000000000000e+01
-2.000000000000000000e+00
-8.000000000000000000e+00
1.500000000000000000e+01
-9.000000000000000000e+00
-2.000000000000000000e+01
1.700000000000000000e+01
-1.200000000000000000e+01
-1.800000000000000000e+01
1.100000000000000000e+01
2.600000000000000000e+01
7.000000000000000000e+00
3.000000000000000000e+00
-9.000000000000000000e+00
-6.000000000000000000e+00
-7.000000000000000000e+00
-8.000000000000000000e+00
4.000000000000000000e+00
6.000000000000000000e+00
3.000000000000000000e+00
-1.200000000000000000e+01
-1.100000000000000000e+01
-4.000000000000000000e+00
1.200000000000000000e+01
-4.000000000000000000e+00
4.000000000000000000e+00
-1.700000000000000000e+01
-8.300000000000000000e+01
7.000000000000000000e+00
6.000000000000000000e+00
0.000000000000000000e+00
2.200000000000000000e+01
-1.200000000000000000e+01
-4.000000000000000000e+00
1.000000000000000000e+01
6.000000000000000000e+00
-1.000000000000000000e+01
1.600000000000000000e+01
-4.000000000000000000e+00
1.600000000000000000e+01
8.000000000000000000e+00
3.100000000000000000e+01
-1.000000000000000000e+00
-1.000000000000000000e+00
1.000000000000000000e+00
1.000000000000000000e+00
