-1.000000000000000000e+00
-2.000000000000000000e+00
-1.000000000000000000e+00
-1.000000000000000000e+00
-2.200000000000000000e+01
1.000000000000000000e+00
-2.100000000000000000e+01
1.200000000000000000e+01
0.000000000000000000e+00
-2.600000000000000000e+01
-1.300000000000000000e+01
3.000000000000000000e+00
-9.000000000000000000e+00
3.000000000000000000e+00
-4.000000000000000000e+00
-8.000000000000000000e+00
5.000000000000000000e+00
-1.300000000000000000e+01
2.200000000000000000e+01
-6.000000000000000000e+00
3.000000000000000000e+00
-3.000000000000000000e+00
0.000000000000000000e+00
-1.000000000000000000e+00
-2.800000000000000000e+01
-1.500000000000000000e+01
1.100000000000000000e+01
1.000000000000000000e+00
-2.700000000000000000e+01
-2.800000000000000000e+01
-3.400000000000000000e+01
0.000000000000000000e+00
3.900000000000000000e+01
-1.900000000000000000e+01
-9.000000000000000000e+00
-9.000000000000000000e+00
1.000000000000000000e+01
-1.200000000000000000e+01
-1.400000000000000000e+01
2.000000000000000000e+01
-1.100000000000000000e+01
-5.000000000000000000e+00
-2.800000000000000000e+01
0.000000000000000000e+00
2.000000000000000000e+01
-2.400000000000000000e+01
-9.000000000000000000e+00
-2.500000000000000000e+01
-7.000000000000000000e+00
-2.200000000000000000e+01
1.100000000000000000e+01
-9.000000000000000000e+00
-2.100000000000000000e+01
-1.000000000000000000e+01
-4.400000000000000000e+01
-1.000000000000000000e+01
-1.800000000000000000e+01
-1.400000000000000000e+01
7.000000000000000000e+00
1.000000000000000000e+00
-1.000000000000000000e+00
1.500000000000000000e+01
-1.900000000000000000e+01
-2.500000000000000000e+01
1.000000000000000000e+00
-1.000000000000000000e+00
5.000000000000000000e+00
1.700000000000000000e+01
7.000000000000000000e+00
-6.000000000000000000e+00
1.200000000000000000e+01
-4.000000000000000000e+00
-8.000000000000000000e+00
-2.300000000000000000e+01
-7.000000000000000000e+00
6.000000000000000000e+00
1.000000000000000000e+00
-9.000000000000000000e+00
-1.600000000000000000e+01
2.300000000000000000e+01
-2.100000000000000000e+01
1.800000000000000000e+01
1.000000000000000000e+00
7.000000000000000000e+00
-1.100000000000000000e+01
-2.300000000000000000e+01
-2.400000000000000000e+01
-9.000000000000000000e+00
-1.100000000000000000e+01
6.000000000000000000e+00
1.000000000000000000e+00
5.000000000000000000e+00
3.000000000000000000e+00
-1.000000000000000000e+01
-1.800000000000000000e+01
2.000000000000000000e+00
3.000000000000000000e+00
-9.000000000000000000e+00
2.500000000000000000e+01
6.000000000000000000e+00
-6.000000000000000000e+00
-1.100000000000000000e+01
-1.000000000000000000e+01
-1.100000000000000000e+01
-1.000000000000000000e+00
3.200000000000000000e+01
-1.900000000000000000e+01
2.700000000000000000e+01
-2.000000000000000000e+01
-1.000000000000000000e+01
-7.000000000000000000e+00
3.100000000000000000e+01
-2.000000000000000000e+00
1.000000000000000000e+01
3.000000000000000000e+00
2.700000000000000000e+01
1.600000000000000000e+01
4.800000000000000000e+01
2.200000000000000000e+01
-1.800000000000000000e+01
1.600000000000000000e+01
2.900000000000000000e+01
1.900000000000000000e+01
2.000000000000000000e+00
-2.900000000000000000e+01
4.000000000000000000e+00
1.200000000000000000e+01
-7.000000000000000000e+00
-2.500000000000000000e+01
3.100000000000000000e+01
-2.400000000000000000e+01
1.900000000000000000e+01
4.000000000000000000e+00
4.100000000000000000e+01
-1.000000000000000000e+00
2.400000000000000000e+01
-4.500000000000000000e+01
3.000000000000000000e+01
-1.200000000000000000e+01
1.200000000000000000e+01
3.000000000000000000e+00
-1.600000000000000000e+01
-2.100000000000000000e+01
-1.600000000000000000e+01
2.300000000000000000e+01
-4.000000000000000000e+00
2.000000000000000000e+01
-1.500000000000000000e+01
2.100000000000000000e+01
1.300000000000000000e+01
-4.000000000000000000e+00
-5.000000000000000000e+00
1.100000000000000000e+01
1.800000000000000000e+01
-6.000000000000000000e+00
-2.600000000000000000e+01
-4.000000000000000000e+00
6.000000000000000000e+00
-1.100000000000000000e+01
8.000000000000000000e+00
5.000000000000000000e+00
1.700000000000000000e+01
-1.900000000000000000e+01
2.000000000000000000e+00
3.000000000000000000e+00
-2.600000000000000000e+01
-2.200000000000000000e+01
8.000000000000000000e+00
-2.200000000000000000e+01
-1.000000000000000000e+00
1.700000000000000000e+01
2.100000000000000000e+01
0.000000000000000000e+00
1.800000000000000000e+01
1.900000000000000000e+01
-4.000000000000000000e+00
-5.000000000000000000e+00
-4.000000000000000000e+00
-9.000000000000000000e+00
1.500000000000000000e+01
-3.000000000000000000e+01
4.000000000000000000e+00
-1.000000000000000000e+00
1.900000000000000000e+01
9.000000000000000000e+00
-2.800000000000000000e+01
-3.100000000000000000e+01
-1.600000000000000000e+01
-2.000000000000000000e+00
1.000000000000000000e+01
-1.800000000000000000e+01
-8.000000000000000000e+00
-1.000000000000000000e+00
-1.500000000000000000e+01
-3.200000000000000000e+01
-9.000000000000000000e+00
-2.000000000000000000e+00
3.500000000000000000e+01
1.100000000000000000e+01
-1.200000000000000000e+01
-9.000000000000000000e+00
-4.000000000000000000e+00
-3.300000000000000000e+01
-1.400000000000000000e+01
-4.100000000000000000e+01
-2.800000000000000000e+01
-1.500000000000000000e+01
-2.200000000000000000e+01
8.000000000000000000e+00
-6.000000000000000000e+00
-3.000000000000000000e+00
1.000000000000000000e+00
2.700000000000000000e+01
1.300000000000000000e+01
-5.000000000000000000e+00
1.100000000000000000e+01
1.100000000000000000e+01
-1.300000000000000000e+01
-1.800000000000000000e+01
-1.900000000000000000e+01
-1.000000000000000000e+01
-1.900000000000000000e+01
7.000000000000000000e+00
-2.000000000000000000e+01
-3.000000000000000000e+00
-4.000000000000000000e+00
-1.000000000000000000e+01
-1.800000000000000000e+01
1.600000000000000000e+01
3.000000000000000000e+00
-3.000000000000000000e+01
-1.000000000000000000e+01
1.000000000000000000e+01
-9.000000000000000000e+00
-1.000000000000000000e+00
-1.000000000000000000e+01
7.000000000000000000e+00
4.000000000000000000e+00
-1.400000000000000000e+01
1.800000000000000000e+01
-1.200000000000000000e+01
8.000000000000000000e+00
1.600000000000000000e+01
0.000000000000000000e+00
5.000000000000000000e+00
1.900000000000000000e+01
-1.500000000000000000e+01
-2.100000000000000000e+01
2.000000000000000000e+01
1.300000000000000000e+01
-1.200000000000000000e+01
-7.000000000000000000e+00
-4.400000000000000000e+01
-1.800000000000000000e+01
2.000000000000000000e+00
-5.000000000000000000e+00
4.000000000000000000e+00
-1.600000000000000000e+01
-3.000000000000000000e+01
-1.100000000000000000e+01
-2.000000000000000000e+00
-3.000000000000000000e+01
-8.000000000000000000e+00
-2.600000000000000000e+01
-1.000000000000000000e+00
0.000000000000000000e+00
-1.600000000000000000e+01
3.000000000000000000e+01
-5.000000000000000000e+00
-1.400000000000000000e+01
1.100000000000000000e+01
5.000000000000000000e+00
-2.800000000000000000e+01
-1.500000000000000000e+01
-9.000000000000000000e+00
4.000000000000000000e+00
1.700000000000000000e+01
2.600000000000000000e+01
-1.900000000000000000e+01
-1.000000000000000000e+00
9.000000000000000000e+00
-2.000000000000000000e+00
-4.000000000000000000e+00
-1.400000000000000000e+01
-9.000000000000000000e+00
3.600000000000000000e+01
2.600000000000000000e+01
-1.100000000000000000e+01
1.400000000000000000e+01
-1.600000000000000000e+01
3.100000000000000000e+01
-1.400000000000000000e+01
-2.300000000000000000e+01
-1.300000000000000000e+01
-1.700000000000000000e+01
-1.000000000000000000e+01
4.000000000000000000e+00
-6.000000000000000000e+00
1.700000000000000000e+01
8.000000000000000000e+00
-1.700000000000000000e+01
3.000000000000000000e+01
-9.000000000000000000e+00
7.000000000000000000e+00
7.000000000000000000e+00
5.000000000000000000e+00
1.000000000000000000e+00
1.000000000000000000e+00
-4.000000000000000000e+00
-9.000000000000000000e+00
-5.000000000000000000e+00
1.200000000000000000e+01
-1.100000000000000000e+01
8.000000000000000000e+00
-9.000000000000000000e+00
-2.900000000000000000e+01
-1.000000000000000000e+00
1.000000000000000000e+01
2.700000000000000000e+01
-1.800000000000000000e+01
-1.900000000000000000e+01
-1.300000000000000000e+01
-2.000000000000000000e+00
1.300000000000000000e+01
1.100000000000000000e+01
3.400000000000000000e+01
-1.500000000000000000e+01
1.000000000000000000e+00
8.000000000000000000e+00
1.100000000000000000e+01
-2.000000000000000000e+00
-2.100000000000000000e+01
-2.800000000000000000e+01
-2.500000000000000000e+01
-1.300000000000000000e+01
-7.000000000000000000e+00
-9.000000000000000000e+00
-1.000000000000000000e+00
1.700000000000000000e+01
-2.200000000000000000e+01
1.400000000000000000e+01
-1.000000000000000000e+00
-1.000000000000000000e+00
-5.000000000000000000e+00
-2.400000000000000000e+01
-1.500000000000000000e+01
1.300000000000000000e+01
-1.200000000000000000e+01
-7.000000000000000000e+00
1.100000000000000000e+01
-4.000000000000000000e+00
-2.200000000000000000e+01
-1.200000000000000000e+01
1.100000000000000000e+01
4.000000000000000000e+00
-1.900000000000000000e+01
7.000000000000000000e+00
2.200000000000000000e+01
3.200000000000000000e+01
-7.000000000000000000e+00
2.400000000000000000e+01
1.700000000000000000e+01
1.000000000000000000e+00
8.000000000000000000e+00
6.000000000000000000e+00
-1.400000000000000000e+01
-1.500000000000000000e+01
1.000000000000000000e+01
1.200000000000000000e+01
-1.800000000000000000e+01
-1.100000000000000000e+01
1.000000000000000000e+01
-2.900000000000000000e+01
4.000000000000000000e+00
-3.000000000000000000e+00
-1.500000000000000000e+01
-1.000000000000000000e+01
8.000000000000000000e+00
3.000000000000000000e+01
-7.000000000000000000e+00
1.100000000000000000e+01
0.000000000000000000e+00
2.600000000000000000e+01
-4.100000000000000000e+01
-1.300000000000000000e+01
5.000000000000000000e+00
2.000000000000000000e+01
3.900000000000000000e+01
6.000000000000000000e+00
8.000000000000000000e+00
-1.300000000000000000e+01
5.000000000000000000e+00
1.200000000000000000e+01
2.400000000000000000e+01
3.100000000000000000e+01
-8.000000000000000000e+00
1.000000000000000000e+00
2.800000000000000000e+01
3.600000000000000000e+01
9.000000000000000000e+00
-6.000000000000000000e+00
9.000000000000000000e+00
-8.000000000000000000e+00
7.000000000000000000e+00
-5.000000000000000000e+00
4.000000000000000000e+00
-1.600000000000000000e+01
2.400000000000000000e+01
-3.000000000000000000e+00
1.100000000000000000e+01
-1.000000000000000000e+00
-7.000000000000000000e+00
1.000000000000000000e+00
-2.700000000000000000e+01
6.000000000000000000e+00
1.700000000000000000e+01
5.000000000000000000e+00
-2.300000000000000000e+01
-4.000000000000000000e+00
-1.800000000000000000e+01
0.000000000000000000e+00
-1.600000000000000000e+01
3.300000000000000000e+01
-4.000000000000000000e+00
-7.000000000000000000e+00
-1.100000000000000000e+01
-2.900000000000000000e+01
1.200000000000000000e+01
2.100000000000000000e+01
2.000000000000000000e+00
2.000000000000000000e+01
1.100000000000000000e+01
4.300000000000000000e+01
-6.000000000000000000e+00
-7.000000000000000000e+00
-6.000000000000000000e+00
-1.000000000000000000e+01
1.200000000000000000e+01
-3.200000000000000000e+01
-9.000000000000000000e+00
-2.400000000000000000e+01
1.400000000000000000e+01
1.000000000000000000e+00
-8.000000000000000000e+00
1.000000000000000000e+00
2.000000000000000000e+00
1.900000000000000000e+01
3.000000000000000000e+00
3.000000000000000000e+00
1.000000000000000000e+01
-3.000000000000000000e+01
1.000000000000000000e+00
-2.100000000000000000e+01
3.500000000000000000e+01
-9.000000000000000000e+00
-1.000000000000000000e+01
1.000000000000000000e+01
-8.000000000000000000e+00
1.100000000000000000e+01
-8.000000000000000000e+00
9.000000000000000000e+00
2.200000000000000000e+01
1.900000000000000000e+01
9.000000000000000000e+00
-1.800000000000000000e+01
2.400000000000000000e+01
7.000000000000000000e+00
1.600000000000000000e+01
-3.000000000000000000e+00
-1.800000000000000000e+01
-5.000000000000000000e+00
2.000000000000000000e+00
-3.000000000000000000e+00
1.400000000000000000e+01
-3.900000000000000000e+01
-2.300000000000000000e+01
1.000000000000000000e+00
1.300000000000000000e+01
-1.100000000000000000e+01
4.000000000000000000e+00
-8.000000000000000000e+00
1.300000000000000000e+01
-1.100000000000000000e+01
-1.000000000000000000e+00
7.000000000000000000e+00
1.300000000000000000e+01
2.000000000000000000e+00
-2.300000000000000000e+01
-2.100000000000000000e+01
2.700000000000000000e+01
-1.900000000000000000e+01
-2.400000000000000000e+01
1.200000000000000000e+01
-4.000000000000000000e+00
-1.900000000000000000e+01
-2.000000000000000000e+01
0.000000000000000000e+00
-2.000000000000000000e+00
1.500000000000000000e+01
1.000000000000000000e+01
-3.500000000000000000e+01
-3.200000000000000000e+01
1.200000000000000000e+01
-2.800000000000000000e+01
-6.000000000000000000e+00
2.000000000000000000e+00
0.000000000000000000e+00
-9.000000000000000000e+00
2.600000000000000000e+01
-4.000000000000000000e+00
9.000000000000000000e+00
-3.000000000000000000e+00
-3.600000000000000000e+01
-3.000000000000000000e+00
9.000000000000000000e+00
1.500000000000000000e+01
-1.300000000000000000e+01
4.000000000000000000e+00
4.100000000000000000e+01
4.000000000000000000e+00
1.000000000000000000e+00
5.000000000000000000e+00
-3.000000000000000000e+00
-2.000000000000000000e+00
2.100000000000000000e+01
2.300000000000000000e+01
1.000000000000000000e+01
2.400000000000000000e+01
-1.000000000000000000e+00
1.600000000000000000e+01
-2.200000000000000000e+01
2.400000000000000000e+01
4.900000000000000000e+01
2.000000000000000000e+00
4.000000000000000000e+00
1.900000000000000000e+01
1.900000000000000000e+01
3.000000000000000000e+00
2.400000000000000000e+01
1.500000000000000000e+01
2.000000000000000000e+00
-1.400000000000000000e+01
1.000000000000000000e+00
1.000000000000000000e+01
3.100000000000000000e+01
3.400000000000000000e+01
-7.000000000000000000e+00
4.000000000000000000e+00
-1.600000000000000000e+01
2.900000000000000000e+01
-3.100000000000000000e+01
2.000000000000000000e+01
0.000000000000000000e+00
-1.600000000000000000e+01
1.800000000000000000e+01
-3.100000000000000000e+01
-4.000000000000000000e+01
3.400000000000000000e+01
0.000000000000000000e+00
-1.100000000000000000e+01
-2.000000000000000000e+00
7.000000000000000000e+00
-6.000000000000000000e+00
6.000000000000000000e+00
8.000000000000000000e+00
-2.400000000000000000e+01
2.000000000000000000e+00
-1.800000000000000000e+01
-1.500000000000000000e+01
2.000000000000000000e+01
-2.000000000000000000e+00
6.000000000000000000e+00
4.000000000000000000e+00
1.700000000000000000e+01
2.000000000000000000e+00
1.700000000000000000e+01
6.000000000000000000e+00
1.000000000000000000e+00
-1.600000000000000000e+01
2.000000000000000000e+00
-8.000000000000000000e+00
5.000000000000000000e+00
-3.000000000000000000e+00
1.800000000000000000e+01
-3.000000000000000000e+00
-2.000000000000000000e+00
-2.200000000000000000e+01
-9.000000000000000000e+00
-9.000000000000000000e+00
-2.600000000000000000e+01
1.500000000000000000e+01
-6.000000000000000000e+00
2.100000000000000000e+01
1.200000000000000000e+01
-1.100000000000000000e+01
-3.400000000000000000e+01
-3.000000000000000000e+00
-3.300000000000000000e+01
6.000000000000000000e+00
-1.800000000000000000e+01
-2.100000000000000000e+01
2.000000000000000000e+00
-6.000000000000000000e+00
9.000000000000000000e+00
0.000000000000000000e+00
-3.000000000000000000e+00
1.200000000000000000e+01
-2.200000000000000000e+01
-1.500000000000000000e+01
2.400000000000000000e+01
4.000000000000000000e+00
-2.600000000000000000e+01
0.000000000000000000e+00
8.000000000000000000e+00
6.000000000000000000e+00
1.000000000000000000e+01
6.000000000000000000e+00
1.100000000000000000e+01
2.000000000000000000e+01
1.200000000000000000e+01
1.900000000000000000e+01
-7.000000000000000000e+00
5.000000000000000000e+00
3.200000000000000000e+01
-8.000000000000000000e+00
1.000000000000000000e+01
2.400000000000000000e+01
-1.200000000000000000e+01
3.000000000000000000e+00
1.400000000000000000e+01
-1.300000000000000000e+01
-1.500000000000000000e+01
1.500000000000000000e+01
4.000000000000000000e+00
-1.000000000000000000e+01
4.000000000000000000e+01
1.600000000000000000e+01
-8.000000000000000000e+00
-3.800000000000000000e+01
-8.000000000000000000e+00
2.400000000000000000e+01
5.000000000000000000e+00
2.400000000000000000e+01
1.500000000000000000e+01
2.800000000000000000e+01
9.000000000000000000e+00
-1.200000000000000000e+01
-3.000000000000000000e+00
-2.000000000000000000e+01
4.600000000000000000e+01
1.000000000000000000e+01
-1.800000000000000000e+01
1.800000000000000000e+01
7.000000000000000000e+00
2.200000000000000000e+01
1.200000000000000000e+01
-8.000000000000000000e+00
3.000000000000000000e+01
3.800000000000000000e+01
2.300000000000000000e+01
1.600000000000000000e+01
1.700000000000000000e+01
2.000000000000000000e+01
1.300000000000000000e+01
1.000000000000000000e+01
2.100000000000000000e+01
2.300000000000000000e+01
7.000000000000000000e+00
2.400000000000000000e+01
1.900000000000000000e+01
7.000000000000000000e+00
1.000000000000000000e+01
1.500000000000000000e+01
1.400000000000000000e+01
-8.000000000000000000e+00
2.600000000000000000e+01
-1.000000000000000000e+01
2.000000000000000000e+01
2.000000000000000000e+00
1.600000000000000000e+01
-6.000000000000000000e+00
-8.000000000000000000e+00
1.400000000000000000e+01
-4.000000000000000000e+00
-1.800000000000000000e+01
1.000000000000000000e+00
7.000000000000000000e+00
2.000000000000000000e+01
7.000000000000000000e+00
1.200000000000000000e+01
1.600000000000000000e+01
3.000000000000000000e+00
8.000000000000000000e+00
1.200000000000000000e+01
2.200000000000000000e+01
9.000000000000000000e+00
2.200000000000000000e+01
-1.100000000000000000e+01
1.100000000000000000e+01
-2.200000000000000000e+01
-3.000000000000000000e+00
1.600000000000000000e+01
1.400000000000000000e+01
-1.000000000000000000e+01
1.000000000000000000e+00
-2.900000000000000000e+01
0.000000000000000000e+00
8.000000000000000000e+00
2.000000000000000000e+00
-2.400000000000000000e+01
-1.600000000000000000e+01
7.000000000000000000e+00
3.100000000000000000e+01
3.000000000000000000e+00
1.100000000000000000e+01
1.500000000000000000e+01
-2.500000000000000000e+01
-1.400000000000000000e+01
6.000000000000000000e+00
5.000000000000000000e+00
-9.000000000000000000e+00
1.000000000000000000e+01
1.900000000000000000e+01
-4.000000000000000000e+00
2.400000000000000000e+01
4.300000000000000000e+01
-1.600000000000000000e+01
-1.000000000000000000e+01
1.000000000000000000e+01
-1.500000000000000000e+01
3.400000000000000000e+01
0.000000000000000000e+00
1.000000000000000000e+01
1.400000000000000000e+01
1.000000000000000000e+00
0.000000000000000000e+00
2.700000000000000000e+01
1.500000000000000000e+01
-1.400000000000000000e+01
1.200000000000000000e+01
3.200000000000000000e+01
2.100000000000000000e+01
2.500000000000000000e+01
1.700000000000000000e+01
-6.000000000000000000e+00
3.100000000000000000e+01
4.000000000000000000e+00
2.200000000000000000e+01
1.300000000000000000e+01
3.000000000000000000e+00
-4.000000000000000000e+00
1.700000000000000000e+01
3.100000000000000000e+01
3.300000000000000000e+01
3.000000000000000000e+01
-3.200000000000000000e+01
2.500000000000000000e+01
2.900000000000000000e+01
2.000000000000000000e+01
2.100000000000000000e+01
1.900000000000000000e+01
-1.200000000000000000e+01
3.100000000000000000e+01
-2.000000000000000000e+00
1.800000000000000000e+01
3.800000000000000000e+01
3.600000000000000000e+01
1.600000000000000000e+01
-5.000000000000000000e+00
1.800000000000000000e+01
-7.000000000000000000e+00
4.000000000000000000e+01
-1.000000000000000000e+00
2.300000000000000000e+01
1.000000000000000000e+00
2.000000000000000000e+01
1.700000000000000000e+01
2.000000000000000000e+00
2.200000000000000000e+01
4.000000000000000000e+00
1.200000000000000000e+01
3.800000000000000000e+01
2.500000000000000000e+01
2.200000000000000000e+01
4.600000000000000000e+01
1.400000000000000000e+01
1.000000000000000000e+01
1.300000000000000000e+01
-8.000000000000000000e+00
2.000000000000000000e+00
-4.000000000000000000e+00
-4.000000000000000000e+00
5.400000000000000000e+01
4.500000000000000000e+01
2.500000000000000000e+01
-1.400000000000000000e+01
1.200000000000000000e+01
1.200000000000000000e+01
-5.000000000000000000e+00
-1.600000000000000000e+01
2.200000000000000000e+01
2.400000000000000000e+01
-8.000000000000000000e+00
2.000000000000000000e+01
2.000000000000000000e+01
4.500000000000000000e+01
-1.800000000000000000e+01
4.500000000000000000e+01
8.000000000000000000e+00
3.900000000000000000e+01
-1.800000000000000000e+01
2.900000000000000000e+01
-1.800000000000000000e+01
8.000000000000000000e+00
1.600000000000000000e+01
2.000000000000000000e+01
1.200000000000000000e+01
-3.000000000000000000e+00
1.800000000000000000e+01
3.600000000000000000e+01
4.000000000000000000e+00
4.200000000000000000e+01
9.000000000000000000e+00
3.400000000000000000e+01
4.200000000000000000e+01
-1.800000000000000000e+01
1.400000000000000000e+01
4.300000000000000000e+01
3.700000000000000000e+01
5.100000000000000000e+01
2.400000000000000000e+01
-3.000000000000000000e+01
1.400000000000000000e+01
1.200000000000000000e+01
2.800000000000000000e+01
1.500000000000000000e+01
2.800000000000000000e+01
2.200000000000000000e+01
1.200000000000000000e+01
3.400000000000000000e+01
2.700000000000000000e+01
2.000000000000000000e+01
3.100000000000000000e+01
2.400000000000000000e+01
6.000000000000000000e+00
5.600000000000000000e+01
2.100000000000000000e+01
6.000000000000000000e+01
1.000000000000000000e+01
2.100000000000000000e+01
1.500000000000000000e+01
5.000000000000000000e+00
1.100000000000000000e+01
2.200000000000000000e+01
2.900000000000000000e+01
2.000000000000000000e+00
3.800000000000000000e+01
1.200000000000000000e+01
1.600000000000000000e+01
2.900000000000000000e+01
2.800000000000000000e+01
9.000000000000000000e+00
2.600000000000000000e+01
5.400000000000000000e+01
2.600000000000000000e+01
1.400000000000000000e+01
-1.600000000000000000e+01
3.000000000000000000e+00
4.200000000000000000e+01
4.800000000000000000e+01
1.500000000000000000e+01
2.900000000000000000e+01
4.200000000000000000e+01
3.600000000000000000e+01
4.700000000000000000e+01
4.900000000000000000e+01
3.100000000000000000e+01
4.100000000000000000e+01
7.200000000000000000e+01
5.200000000000000000e+01
4.300000000000000000e+01
5.000000000000000000e+01
7.900000000000000000e+01
7.400000000000000000e+01
1.050000000000000000e+02
6.500000000000000000e+01
9.300000000000000000e+01
1.310000000000000000e+02
1.420000000000000000e+02
1.340000000000000000e+02
1.600000000000000000e+02
1.970000000000000000e+02
2.330000000000000000e+02
2.240000000000000000e+02
2.550000000000000000e+02
2.780000000000000000e+02
3.200000000000000000e+02
3.820000000000000000e+02
4.070000000000000000e+02
4.860000000000000000e+02
5.080000000000000000e+02
5.940000000000000000e+02
6.370000000000000000e+02
7.330000000000000000e+02
8.530000000000000000e+02
8.720000000000000000e+02
9.860000000000000000e+02
1.140000000000000000e+03
1.234000000000000000e+03
1.355000000000000000e+03
1.467000000000000000e+03
1.601000000000000000e+03
1.754000000000000000e+03
1.910000000000000000e+03
2.085000000000000000e+03
2.175000000000000000e+03
2.340000000000000000e+03
2.452000000000000000e+03
2.577000000000000000e+03
2.764000000000000000e+03
2.891000000000000000e+03
3.039000000000000000e+03
3.118000000000000000e+03
3.247000000000000000e+03
3.333000000000000000e+03
3.517000000000000000e+03
3.544000000000000000e+03
3.629000000000000000e+03
3.766000000000000000e+03
3.733000000000000000e+03
3.818000000000000000e+03
3.852000000000000000e+03
3.841000000000000000e+03
3.859000000000000000e+03
3.782000000000000000e+03
3.824000000000000000e+03
3.849000000000000000e+03
3.674000000000000000e+03
3.643000000000000000e+03
3.527000000000000000e+03
3.493000000000000000e+03
3.351000000000000000e+03
3.300000000000000000e+03
3.217000000000000000e+03
3.063000000000000000e+03
2.909000000000000000e+03
2.748000000000000000e+03
2.570000000000000000e+03
2.479000000000000000e+03
2.430000000000000000e+03
2.220000000000000000e+03
2.126000000000000000e+03
1.982000000000000000e+03
1.791000000000000000e+03
1.725000000000000000e+03
1.599000000000000000e+03
1.451000000000000000e+03
1.366000000000000000e+03
1.221000000000000000e+03
1.101000000000000000e+03
1.024000000000000000e+03
9.140000000000000000e+02
8.690000000000000000e+02
7.210000000000000000e+02
7.090000000000000000e+02
6.320000000000000000e+02
5.340000000000000000e+02
4.760000000000000000e+02
4.080000000000000000e+02
3.780000000000000000e+02
3.450000000000000000e+02
2.990000000000000000e+02
2.490000000000000000e+02
1.910000000000000000e+02
2.080000000000000000e+02
1.780000000000000000e+02
1.630000000000000000e+02
1.270000000000000000e+02
1.280000000000000000e+02
9.100000000000000000e+01
9.000000000000000000e+01
6.600000000000000000e+01
5.000000000000000000e+01
6.500000000000000000e+01
7.300000000000000000e+01
4.500000000000000000e+01
4.700000000000000000e+01
2.500000000000000000e+01
2.700000000000000000e+01
3.500000000000000000e+01
2.200000000000000000e+01
1.900000000000000000e+01
4.500000000000000000e+01
-3.000000000000000000e+00
-7.000000000000000000e+00
1.200000000000000000e+01
3.300000000000000000e+01
2.800000000000000000e+01
-9.000000000000000000e+00
2.700000000000000000e+01
5.000000000000000000e+00
1.600000000000000000e+01
1.900000000000000000e+01
4.200000000000000000e+01
3.000000000000000000e+00
1.000000000000000000e+01
6.000000000000000000e+00
7.000000000000000000e+00
3.000000000000000000e+00
1.100000000000000000e+01
3.300000000000000000e+01
5.000000000000000000e+00
1.500000000000000000e+01
1.300000000000000000e+01
2.000000000000000000e+01
1.700000000000000000e+01
1.900000000000000000e+01
-1.500000000000000000e+01
-4.400000000000000000e+01
1.000000000000000000e+01
3.200000000000000000e+01
1.100000000000000000e+01
2.000000000000000000e+01
-3.000000000000000000e+00
2.300000000000000000e+01
-3.000000000000000000e+01
3.000000000000000000e+01
1.600000000000000000e+01
-9.000000000000000000e+00
2.900000000000000000e+01
8.000000000000000000e+00
3.900000000000000000e+01
2.700000000000000000e+01
-3.000000000000000000e+00
2.900000000000000000e+01
1.000000000000000000e+01
4.900000000000000000e+01
1.200000000000000000e+01
3.200000000000000000e+01
1.700000000000000000e+01
1.000000000000000000e+00
3.400000000000000000e+01
-2.200000000000000000e+01
9.000000000000000000e+00
2.200000000000000000e+01
2.900000000000000000e+01
2.000000000000000000e+01
-7.000000000000000000e+00
-7.000000000000000000e+00
8.000000000000000000e+00
8.000000000000000000e+00
4.200000000000000000e+01
3.100000000000000000e+01
0.000000000000000000e+00
4.100000000000000000e+01
2.000000000000000000e+00
4.600000000000000000e+01
2.400000000000000000e+01
-5.000000000000000000e+00
1.500000000000000000e+01
2.000000000000000000e+01
2.000000000000000000e+00
9.000000000000000000e+00
1.000000000000000000e+01
4.200000000000000000e+01
1.800000000000000000e+01
8.000000000000000000e+00
2.400000000000000000e+01
1.200000000000000000e+01
3.700000000000000000e+01
2.000000000000000000e+01
-9.000000000000000000e+00
1.800000000000000000e+01
-2.200000000000000000e+01
-1.500000000000000000e+01
-1.300000000000000000e+01
2.000000000000000000e+00
-2.300000000000000000e+01
1.300000000000000000e+01
5.000000000000000000e+00
-1.800000000000000000e+01
1.700000000000000000e+01
1.000000000000000000e+00
-6.000000000000000000e+00
3.200000000000000000e+01
1.900000000000000000e+01
8.000000000000000000e+00
2.500000000000000000e+01
3.700000000000000000e+01
-3.000000000000000000e+00
0.000000000000000000e+00
-1.800000000000000000e+01
1.700000000000000000e+01
2.000000000000000000e+01
-5.000000000000000000e+00
1.900000000000000000e+01
1.600000000000000000e+01
1.900000000000000000e+01
1.600000000000000000e+01
6.000000000000000000e+00
-5.000000000000000000e+00
9.000000000000000000e+00
9.000000000000000000e+00
1.700000000000000000e+01
-4.000000000000000000e+00
-4.000000000000000000e+00
9.000000000000000000e+00
2.100000000000000000e+01
-7.000000000000000000e+00
2.000000000000000000e+01
1.000000000000000000e+01
9.000000000000000000e+00
2.800000000000000000e+01
6.000000000000000000e+00
3.100000000000000000e+01
1.100000000000000000e+01
7.000000000000000000e+00
2.200000000000000000e+01
-2.000000000000000000e+00
-8.000000000000000000e+00
4.500000000000000000e+01
2.000000000000000000e+00
2.000000000000000000e+01
0.000000000000000000e+00
2.100000000000000000e+01
2.100000000000000000e+01
2.000000000000000000e+00
-1.200000000000000000e+01
1.900000000000000000e+01
5.000000000000000000e+00
-5.000000000000000000e+00
-9.000000000000000000e+00
2.500000000000000000e+01
1.000000000000000000e+01
5.000000000000000000e+00
4.000000000000000000e+00
1.000000000000000000e+01
-9.000000000000000000e+00
2.200000000000000000e+01
9.000000000000000000e+00
-1.300000000000000000e+01
2.300000000000000000e+01
2.500000000000000000e+01
1.300000000000000000e+01
1.000000000000000000e+00
9.000000000000000000e+00
1.700000000000000000e+01
-1.000000000000000000e+00
3.500000000000000000e+01
7.000000000000000000e+00
4.000000000000000000e+00
1.000000000000000000e+00
1.000000000000000000e+01
4.000000000000000000e+00
-8.000000000000000000e+00
-1.800000000000000000e+01
1.200000000000000000e+01
-3.000000000000000000e+00
-8.000000000000000000e+00
1.200000000000000000e+01
2.400000000000000000e+01
2.400000000000000000e+01
3.000000000000000000e+00
-8.000000000000000000e+00
8.000000000000000000e+00
1.100000000000000000e+01
2.400000000000000000e+01
3.000000000000000000e+01
2.200000000000000000e+01
1.000000000000000000e+01
1.400000000000000000e+01
1.100000000000000000e+01
6.000000000000000000e+00
-9.000000000000000000e+00
1.000000000000000000e+00
-2.500000000000000000e+01
-1.200000000000000000e+01
2.600000000000000000e+01
9.000000000000000000e+00
9.000000000000000000e+00
3.800000000000000000e+01
-1.000000000000000000e+01
-1.300000000000000000e+01
1.800000000000000000e+01
-4.000000000000000000e+00
9.000000000000000000e+00
-1.500000000000000000e+01
-6.000000000000000000e+00
3.500000000000000000e+01
2.500000000000000000e+01
-2.900000000000000000e+01
-1.200000000000000000e+01
4.000000000000000000e+00
-3.900000000000000000e+01
4.200000000000000000e+01
1.800000000000000000e+01
1.200000000000000000e+01
3.000000000000000000e+00
-1.700000000000000000e+01
-1.000000000000000000e+00
5.000000000000000000e+00
1.700000000000000000e+01
1.800000000000000000e+01
1.200000000000000000e+01
3.000000000000000000e+00
0.000000000000000000e+00
-1.000000000000000000e+01
7.000000000000000000e+00
1.900000000000000000e+01
2.400000000000000000e+01
-8.000000000000000000e+00
7.000000000000000000e+00
-6.000000000000000000e+00
-3.000000000000000000e+00
2.600000000000000000e+01
1.800000000000000000e+01
-1.500000000000000000e+01
1.000000000000000000e+00
-1.200000000000000000e+01
-4.000000000000000000e+00
-5.000000000000000000e+00
2.500000000000000000e+01
-4.000000000000000000e+00
-1.300000000000000000e+01
2.900000000000000000e+01
1.700000000000000000e+01
-2.000000000000000000e+01
-1.300000000000000000e+01
-2.000000000000000000e+01
-1.000000000000000000e+01
-2.400000000000000000e+01
-4.000000000000000000e+00
1.000000000000000000e+01
1.800000000000000000e+01
2.500000000000000000e+01
-3.000000000000000000e+00
1.200000000000000000e+01
1.000000000000000000e+00
-9.000000000000000000e+00
-1.000000000000000000e+00
1.300000000000000000e+01
-1.500000000000000000e+01
1.100000000000000000e+01
3.500000000000000000e+01
6.000000000000000000e+00
1.000000000000000000e+00
2.400000000000000000e+01
1.800000000000000000e+01
2.800000000000000000e+01
-1.700000000000000000e+01
1.400000000000000000e+01
-5.000000000000000000e+00
-3.000000000000000000e+00
1.100000000000000000e+01
-1.000000000000000000e+00
1.300000000000000000e+01
-3.000000000000000000e+00
-1.300000000000000000e+01
2.800000000000000000e+01
2.800000000000000000e+01
9.000000000000000000e+00
6.000000000000000000e+00
1.200000000000000000e+01
5.000000000000000000e+00
-1.700000000000000000e+01
1.000000000000000000e+01
7.000000000000000000e+00
2.000000000000000000e+00
3.000000000000000000e+01
-1.900000000000000000e+01
2.400000000000000000e+01
8.000000000000000000e+00
5.000000000000000000e+00
-1.200000000000000000e+01
0.000000000000000000e+00
7.000000000000000000e+00
-1.700000000000000000e+01
-1.100000000000000000e+01
4.000000000000000000e+00
2.500000000000000000e+01
1.400000000000000000e+01
-1.000000000000000000e+01
-2.000000000000000000e+01
-9.000000000000000000e+00
-7.000000000000000000e+00
8.000000000000000000e+00
1.200000000000000000e+01
8.000000000000000000e+00
2.200000000000000000e+01
-9.000000000000000000e+00
-3.000000000000000000e+00
-1.800000000000000000e+01
1.300000000000000000e+01
2.400000000000000000e+01
4.600000000000000000e+01
6.000000000000000000e+00
1.600000000000000000e+01
1.000000000000000000e+01
1.200000000000000000e+01
-1.700000000000000000e+01
7.000000000000000000e+00
-1.700000000000000000e+01
-2.700000000000000000e+01
2.000000000000000000e+01
2.900000000000000000e+01
-6.000000000000000000e+00
-2.600000000000000000e+01
0.000000000000000000e+00
-2.200000000000000000e+01
-9.000000000000000000e+00
-8.000000000000000000e+00
1.100000000000000000e+01
1.600000000000000000e+01
-8.000000000000000000e+00
-1.300000000000000000e+01
-2.300000000000000000e+01
-3.000000000000000000e+00
3.000000000000000000e+00
-4.000000000000000000e+00
-9.000000000000000000e+00
-9.000000000000000000e+00
-9.000000000000000000e+00
-1.200000000000000000e+01
1.900000000000000000e+01
1.000000000000000000e+00
1.500000000000000000e+01
-3.200000000000000000e+01
-1.500000000000000000e+01
1.900000000000000000e+01
-2.700000000000000000e+01
-7.000000000000000000e+00
2.000000000000000000e+00
9.000000000000000000e+00
-7.000000000000000000e+00
-3.000000000000000000e+00
-1.800000000000000000e+01
-2.600000000000000000e+01
1.200000000000000000e+01
5.000000000000000000e+00
-2.400000000000000000e+01
1.500000000000000000e+01
-2.200000000000000000e+01
2.000000000000000000e+00
-1.100000000000000000e+01
5.000000000000000000e+00
1.110000000000000000e+02
-4.000000000000000000e+00
0.000000000000000000e+00
-1.400000000000000000e+01
8.000000000000000000e+00
7.000000000000000000e+00
-1.700000000000000000e+01
1.000000000000000000e+01
-2.000000000000000000e+01
3.000000000000000000e+00
0.000000000000000000e+00
3.000000000000000000e+00
3.600000000000000000e+01
-1.800000000000000000e+01
1.600000000000000000e+01
2.000000000000000000e+00
-7.000000000000000000e+00
2.000000000000000000e+00
-8.000000000000000000e+00
2.000000000000000000e+01
-1.100000000000000000e+01
1.900000000000000000e+01
-1.500000000000000000e+01
-1.000000000000000000e+00
9.000000000000000000e+00
1.000000000000000000e+00
-1.200000000000000000e+01
-4.000000000000000000e+00
0.000000000000000000e+00
0.000000000000000000e+00
-2.300000000000000000e+01
1.300000000000000000e+01
-5.000000000000000000e+00
2.000000000000000000e+00
2.100000000000000000e+01
1.000000000000000000e+01
-1.100000000000000000e+01
-6.000000000000000000e+00
-1.200000000000000000e+01
-3.000000000000000000e+00
1.000000000000000000e+01
-1.200000000000000000e+01
-4.000000000000000000e+00
-1.400000000000000000e+01
1.000000000000000000e+00
-6.000000000000000000e+00
8.000000000000000000e+00
8.000000000000000000e+00
0.000000000000000000e+00
8.000000000000000000e+00
4.000000000000000000e+00
-1.000000000000000000e+00
-8.000000000000000000e+00
0.000000000000000000e+00
-3.400000000000000000e+01
1.600000000000000000e+01
-4.100000000000000000e+01
1.000000000000000000e+01
-2.000000000000000000e+01
-4.000000000000000000e+00
0.000000000000000000e+00
1.200000000000000000e+01
1.500000000000000000e+01
6.000000000000000000e+00
2.400000000000000000e+01
4.000000000000000000e+00
-1.000000000000000000e+01
-8.000000000000000000e+00
2.100000000000000000e+01
-3.200000000000000000e+01
-1.000000000000000000e+01
1.000000000000000000e+01
-1.000000000000000000e+00
-8.000000000000000000e+00
-2.900000000000000000e+01
-3.000000000000000000e+00
-1.100000000000000000e+01
-1.400000000000000000e+01
-2.000000000000000000e+00
-1.900000000000000000e+01
-1.300000000000000000e+01
6.000000000000000000e+00
-1.200000000000000000e+01
7.000000000000000000e+00
1.600000000000000000e+01
1.600000000000000000e+01
1.000000000000000000e+00
1.800000000000000000e+01
-8.000000000000000000e+00
1.400000000000000000e+01
-8.000000000000000000e+00
2.000000000000000000e+01
4.000000000000000000e+00
-3.100000000000000000e+01
3.000000000000000000e+00
-2.400000000000000000e+01
2.200000000000000000e+01
7.000000000000000000e+00
-9.000000000000000000e+00
-1.500000000000000000e+01
-5.000000000000000000e+00
2.300000000000000000e+01
-1.800000000000000000e+01
-9.000000000000000000e+00
2.600000000000000000e+01
-2.200000000000000000e+01
4.000000000000000000e+00
4.000000000000000000e+00
-1.900000000000000000e+01
-2.200000000000000000e+01
-1.100000000000000000e+01
-2.000000000000000000e+00
-2.500000000000000000e+01
-7.000000000000000000e+00
1.500000000000000000e+01
3.000000000000000000e+00
-1.100000000000000000e+01
2.000000000000000000e+00
-3.000000000000000000e+00
3.000000000000000000e+00
-5.000000000000000000e+00
2.000000000000000000e+00
-4.000000000000000000e+00
9.000000000000000000e+00
-4.000000000000000000e+00
-2.000000000000000000e+00
-8.000000000000000000e+00
-2.400000000000000000e+01
1.800000000000000000e+01
1.900000000000000000e+01
-7.000000000000000000e+00
-1.000000000000000000e+00
6.000000000000000000e+00
1.000000000000000000e+00
2.600000000000000000e+01
-3.400000000000000000e+01
0.000000000000000000e+00
-1.300000000000000000e+01
-2.300000000000000000e+01
1.500000000000000000e+01
-2.200000000000000000e+01
1.800000000000000000e+01
-1.200000000000000000e+01
-1.900000000000000000e+01
-4.000000000000000000e+00
2.600000000000000000e+01
-1.900000000000000000e+01
-2.000000000000000000e+00
1.100000000000000000e+01
-1.100000000000000000e+01
1.700000000000000000e+01
1.900000000000000000e+01
-2.200000000000000000e+01
-5.000000000000000000e+00
-1.400000000000000000e+01
-1.700000000000000000e+01
2.400000000000000000e+01
-1.000000000000000000e+00
-1.400000000000000000e+01
-1.800000000000000000e+01
-5.000000000000000000e+00
1.300000000000000000e+01
4.000000000000000000e+00
1.000000000000000000e+00
2.500000000000000000e+01
5.000000000000000000e+00
1.000000000000000000e+00
-2.400000000000000000e+01
2.900000000000000000e+01
1.200000000000000000e+01
2.200000000000000000e+01
4.000000000000000000e+00
-1.000000000000000000e+00
-4.000000000000000000e+00
8.000000000000000000e+00
-1.700000000000000000e+01
-1.100000000000000000e+01
8.000000000000000000e+00
1.600000000000000000e+01
-4.000000000000000000e+00
-1.600000000000000000e+01
-1.400000000000000000e+01
-4.000000000000000000e+00
-2.500000000000000000e+01
-2.000000000000000000e+00
1.800000000000000000e+01
1.700000000000000000e+01
-1.100000000000000000e+01
7.000000000000000000e+00
-2.100000000000000000e+01
-6.000000000000000000e+00
2.000000000000000000e+00
-3.000000000000000000e+00
1.000000000000000000e+01
1.900000000000000000e+01
-1.100000000000000000e+01
-2.200000000000000000e+01
3.500000000000000000e+01
-1.700000000000000000e+01
4.000000000000000000e+00
-6.000000000000000000e+00
2.000000000000000000e+00
-7.000000000000000000e+00
2.500000000000000000e+01
-4.000000000000000000e+00
0.000000000000000000e+00
4.000000000000000000e+00
1.500000000000000000e+01
2.100000000000000000e+01
-8.000000000000000000e+00
1.000000000000000000e+00
-8.000000000000000000e+00
1.500000000000000000e+01
1.300000000000000000e+01
1.100000000000000000e+01
1.000000000000000000e+01
-7.000000000000000000e+00
-2.300000000000000000e+01
1.100000000000000000e+01
-2.000000000000000000e+00
-6.000000000000000000e+00
0.000000000000000000e+00
-2.800000000000000000e+01
1.100000000000000000e+01
4.000000000000000000e+00
6.000000000000000000e+00
-1.800000000000000000e+01
-2.800000000000000000e+01
-1.000000000000000000e+01
5.000000000000000000e+00
-4.000000000000000000e+00
8.000000000000000000e+00
-2.000000000000000000e+00
2.000000000000000000e+01
-1.500000000000000000e+01
-1.300000000000000000e+01
1.500000000000000000e+01
-1.400000000000000000e+01
-2.000000000000000000e+00
-2.000000000000000000e+00
-1.600000000000000000e+01
-3.200000000000000000e+01
2.000000000000000000e+00
1.300000000000000000e+01
-1.500000000000000000e+01
-3.000000000000000000e+01
1.800000000000000000e+01
-2.700000000000000000e+01
-2.600000000000000000e+01
-1.000000000000000000e+01
-8.000000000000000000e+00
-1.300000000000000000e+01
-1.900000000000000000e+01
-3.000000000000000000e+01
1.800000000000000000e+01
-1.800000000000000000e+01
1.600000000000000000e+01
2.000000000000000000e+00
-5.000000000000000000e+00
1.700000000000000000e+01
5.000000000000000000e+00
9.000000000000000000e+00
2.000000000000000000e+00
-8.000000000000000000e+00
9.000000000000000000e+00
5.000000000000000000e+00
-1.200000000000000000e+01
-8.000000000000000000e+00
-1.400000000000000000e+01
-1.100000000000000000e+01
4.000000000000000000e+00
-6.000000000000000000e+00
-7.000000000000000000e+00
0.000000000000000000e+00
-1.100000000000000000e+01
1.100000000000000000e+01
-2.900000000000000000e+01
2.000000000000000000e+00
1.300000000000000000e+01
-2.300000000000000000e+01
-8.000000000000000000e+00
-1.900000000000000000e+01
7.000000000000000000e+00
2.000000000000000000e+00
1.000000000000000000e+01
-1.500000000000000000e+01
1.300000000000000000e+01
-5.000000000000000000e+00
2.000000000000000000e+00
1.000000000000000000e+00
-1.500000000000000000e+01
-1.400000000000000000e+01
-1.700000000000000000e+01
-1.600000000000000000e+01
-9.000000000000000000e+00
-7.000000000000000000e+00
-2.500000000000000000e+01
5.000000000000000000e+00
8.000000000000000000e+00
-1.000000000000000000e+00
3.600000000000000000e+01
1.100000000000000000e+01
-1.800000000000000000e+01
-1.000000000000000000e+00
2.000000000000000000e+00
-2.200000000000000000e+01
1.000000000000000000e+01
-2.500000000000000000e+01
-8.000000000000000000e+00
-1.700000000000000000e+01
3.000000000000000000e+00
-2.500000000000000000e+01
4.000000000000000000e+00
-1.700000000000000000e+01
-7.000000000000000000e+00
-6.000000000000000000e+00
2.100000000000000000e+01
-1.800000000000000000e+01
8.000000000000000000e+00
8.000000000000000000e+00
-2.100000000000000000e+01
1.300000000000000000e+01
2.000000000000000000e+00
5.000000000000000000e+00
-6.000000000000000000e+00
-3.000000000000000000e+00
-2.700000000000000000e+01
-2.400000000000000000e+01
-4.000000000000000000e+00
1.100000000000000000e+01
-1.000000000000000000e+00
-1.000000000000000000e+00
2.300000000000000000e+01
7.000000000000000000e+00
8.000000000000000000e+00
-2.500000000000000000e+01
-1.000000000000000000e+00
4.000000000000000000e+00
-1.600000000000000000e+01
1.300000000000000000e+01
2.400000000000000000e+01
3.000000000000000000e+00
1.500000000000000000e+01
3.100000000000000000e+01
-1.000000000000000000e+00
4.000000000000000000e+00
-6.000000000000000000e+00
-2.900000000000000000e+01
-2.100000000000000000e+01
1.200000000000000000e+01
-1.000000000000000000e+01
1.500000000000000000e+01
6.000000000000000000e+00
3.300000000000000000e+01
-3.000000000000000000e+00
-1.700000000000000000e+01
-2.400000000000000000e+01
1.100000000000000000e+01
1.600000000000000000e+01
-9.000000000000000000e+00
2.000000000000000000e+00
-2.000000000000000000e+01
1.800000000000000000e+01
1.900000000000000000e+01
1.200000000000000000e+01
-7.000000000000000000e+00
1.000000000000000000e+00
-3.000000000000000000e+01
3.800000000000000000e+01
-7.000000000000000000e+00
1.000000000000000000e+01
4.000000000000000000e+00
2.400000000000000000e+01
1.100000000000000000e+01
1.000000000000000000e+01
5.000000000000000000e+00
-1.000000000000000000e+00
1.700000000000000000e+01
-1.100000000000000000e+01
-1.100000000000000000e+01
2.100000000000000000e+01
2.300000000000000000e+01
2.800000000000000000e+01
1.300000000000000000e+01
2.800000000000000000e+01
3.700000000000000000e+01
2.000000000000000000e+01
-2.400000000000000000e+01
7.000000000000000000e+00
-1.600000000000000000e+01
3.900000000000000000e+01
-4.000000000000000000e+00
1.900000000000000000e+01
2.000000000000000000e+00
2.000000000000000000e+00
1.500000000000000000e+01
-9.000000000000000000e+00
1.600000000000000000e+01
4.800000000000000000e+01
4.000000000000000000e+00
1.300000000000000000e+01
-6.000000000000000000e+00
2.400000000000000000e+01
2.900000000000000000e+01
0.000000000000000000e+00
-2.400000000000000000e+01
3.200000000000000000e+01
1.200000000000000000e+01
3.100000000000000000e+01
1.700000000000000000e+01
-8.000000000000000000e+00
1.600000000000000000e+01
2.800000000000000000e+01
1.000000000000000000e+01
5.800000000000000000e+01
2.300000000000000000e+01
4.400000000000000000e+01
2.500000000000000000e+01
3.200000000000000000e+01
3.200000000000000000e+01
3.200000000000000000e+01
2.700000000000000000e+01
5.900000000000000000e+01
7.200000000000000000e+01
4.200000000000000000e+01
5.200000000000000000e+01
3.500000000000000000e+01
5.200000000000000000e+01
5.800000000000000000e+01
7.300000000000000000e+01
8.100000000000000000e+01
8.900000000000000000e+01
1.010000000000000000e+02
9.400000000000000000e+01
8.800000000000000000e+01
1.350000000000000000e+02
1.030000000000000000e+02
1.210000000000000000e+02
1.030000000000000000e+02
1.380000000000000000e+02
1.340000000000000000e+02
1.610000000000000000e+02
1.490000000000000000e+02
1.580000000000000000e+02
1.830000000000000000e+02
2.010000000000000000e+02
1.980000000000000000e+02
2.200000000000000000e+02
2.030000000000000000e+02
2.380000000000000000e+02
2.660000000000000000e+02
2.300000000000000000e+02
2.730000000000000000e+02
2.730000000000000000e+02
3.070000000000000000e+02
3.420000000000000000e+02
3.440000000000000000e+02
3.240000000000000000e+02
3.320000000000000000e+02
3.740000000000000000e+02
3.710000000000000000e+02
3.880000000000000000e+02
4.350000000000000000e+02
4.310000000000000000e+02
4.430000000000000000e+02
4.590000000000000000e+02
5.380000000000000000e+02
4.930000000000000000e+02
5.370000000000000000e+02
5.510000000000000000e+02
5.890000000000000000e+02
5.980000000000000000e+02
6.480000000000000000e+02
6.500000000000000000e+02
6.790000000000000000e+02
7.060000000000000000e+02
7.030000000000000000e+02
7.920000000000000000e+02
7.920000000000000000e+02
8.050000000000000000e+02
8.150000000000000000e+02
8.560000000000000000e+02
8.810000000000000000e+02
9.140000000000000000e+02
9.200000000000000000e+02
9.420000000000000000e+02
9.740000000000000000e+02
9.920000000000000000e+02
1.035000000000000000e+03
1.062000000000000000e+03
1.023000000000000000e+03
1.109000000000000000e+03
1.101000000000000000e+03
1.057000000000000000e+03
1.154000000000000000e+03
1.146000000000000000e+03
1.139000000000000000e+03
1.217000000000000000e+03
1.204000000000000000e+03
1.231000000000000000e+03
1.195000000000000000e+03
1.255000000000000000e+03
1.251000000000000000e+03
1.269000000000000000e+03
1.293000000000000000e+03
1.319000000000000000e+03
1.335000000000000000e+03
1.318000000000000000e+03
1.397000000000000000e+03
1.376000000000000000e+03
1.367000000000000000e+03
1.391000000000000000e+03
1.394000000000000000e+03
1.372000000000000000e+03
1.435000000000000000e+03
1.402000000000000000e+03
1.394000000000000000e+03
1.427000000000000000e+03
1.404000000000000000e+03
1.406000000000000000e+03
1.386000000000000000e+03
1.409000000000000000e+03
1.362000000000000000e+03
1.344000000000000000e+03
1.383000000000000000e+03
1.299000000000000000e+03
1.324000000000000000e+03
1.254000000000000000e+03
1.228000000000000000e+03
1.243000000000000000e+03
1.244000000000000000e+03
1.205000000000000000e+03
1.217000000000000000e+03
1.195000000000000000e+03
1.193000000000000000e+03
1.174000000000000000e+03
1.140000000000000000e+03
1.146000000000000000e+03
1.149000000000000000e+03
1.118000000000000000e+03
1.114000000000000000e+03
1.114000000000000000e+03
1.075000000000000000e+03
1.072000000000000000e+03
1.049000000000000000e+03
1.048000000000000000e+03
1.051000000000000000e+03
9.860000000000000000e+02
1.013000000000000000e+03
9.890000000000000000e+02
9.590000000000000000e+02
8.980000000000000000e+02
9.390000000000000000e+02
8.850000000000000000e+02
8.440000000000000000e+02
8.450000000000000000e+02
8.260000000000000000e+02
8.160000000000000000e+02
7.680000000000000000e+02
7.690000000000000000e+02
7.390000000000000000e+02
6.930000000000000000e+02
6.840000000000000000e+02
6.660000000000000000e+02
6.450000000000000000e+02
6.410000000000000000e+02
6.030000000000000000e+02
5.840000000000000000e+02
5.370000000000000000e+02
5.410000000000000000e+02
5.630000000000000000e+02
5.230000000000000000e+02
4.890000000000000000e+02
4.820000000000000000e+02
4.830000000000000000e+02
4.220000000000000000e+02
4.450000000000000000e+02
3.980000000000000000e+02
4.100000000000000000e+02
3.740000000000000000e+02
4.040000000000000000e+02
3.580000000000000000e+02
3.460000000000000000e+02
3.370000000000000000e+02
3.460000000000000000e+02
2.990000000000000000e+02
2.920000000000000000e+02
2.670000000000000000e+02
2.490000000000000000e+02
2.520000000000000000e+02
2.240000000000000000e+02
2.330000000000000000e+02
2.280000000000000000e+02
2.270000000000000000e+02
2.190000000000000000e+02
1.640000000000000000e+02
1.780000000000000000e+02
1.930000000000000000e+02
1.640000000000000000e+02
1.500000000000000000e+02
1.520000000000000000e+02
1.530000000000000000e+02
1.550000000000000000e+02
1.190000000000000000e+02
1.440000000000000000e+02
1.130000000000000000e+02
9.500000000000000000e+01
1.070000000000000000e+02
1.270000000000000000e+02
6.300000000000000000e+01
8.900000000000000000e+01
8.600000000000000000e+01
8.700000000000000000e+01
8.500000000000000000e+01
8.700000000000000000e+01
4.900000000000000000e+01
8.600000000000000000e+01
4.900000000000000000e+01
7.000000000000000000e+01
7.000000000000000000e+01
2.500000000000000000e+01
3.900000000000000000e+01
4.500000000000000000e+01
3.200000000000000000e+01
5.000000000000000000e+01
1.900000000000000000e+01
3.500000000000000000e+01
3.200000000000000000e+01
3.400000000000000000e+01
2.100000000000000000e+01
1.200000000000000000e+01
2.200000000000000000e+01
3.200000000000000000e+01
3.300000000000000000e+01
2.100000000000000000e+01
2.300000000000000000e+01
-1.900000000000000000e+01
3.400000000000000000e+01
1.500000000000000000e+01
1.800000000000000000e+01
8.000000000000000000e+00
2.100000000000000000e+01
4.000000000000000000e+00
1.200000000000000000e+01
2.000000000000000000e+01
1.200000000000000000e+01
3.100000000000000000e+01
4.100000000000000000e+01
1.200000000000000000e+01
1.600000000000000000e+01
-7.000000000000000000e+00
-1.000000000000000000e+00
3.900000000000000000e+01
3.600000000000000000e+01
1.300000000000000000e+01
2.000000000000000000e+00
3.400000000000000000e+01
-6.000000000000000000e+00
9.000000000000000000e+00
3.300000000000000000e+01
5.000000000000000000e+00
4.000000000000000000e+01
3.500000000000000000e+01
-2.300000000000000000e+01
1.200000000000000000e+01
-5.000000000000000000e+00
1.200000000000000000e+01
1.200000000000000000e+01
2.200000000000000000e+01
5.000000000000000000e+00
-5.000000000000000000e+00
8.000000000000000000e+00
-7.000000000000000000e+00
3.000000000000000000e+00
-9.000000000000000000e+00
-2.400000000000000000e+01
1.700000000000000000e+01
6.000000000000000000e+00
2.000000000000000000e+00
1.000000000000000000e+01
1.600000000000000000e+01
-1.800000000000000000e+01
-4.000000000000000000e+00
-1.200000000000000000e+01
-1.000000000000000000e+01
-2.500000000000000000e+01
8.000000000000000000e+00
-2.000000000000000000e+00
-4.000000000000000000e+00
-2.000000000000000000e+00
1.600000000000000000e+01
-7.000000000000000000e+00
2.900000000000000000e+01
-6.000000000000000000e+00
7.000000000000000000e+00
1.600000000000000000e+01
8.000000000000000000e+00
0.000000000000000000e+00
5.000000000000000000e+00
-1.000000000000000000e+01
-2.600000000000000000e+01
1.700000000000000000e+01
-2.100000000000000000e+01
-3.000000000000000000e+00
1.300000000000000000e+01
-2.400000000000000000e+01
-6.000000000000000000e+00
3.000000000000000000e+00
-1.000000000000000000e+00
0.000000000000000000e+00
-2.600000000000000000e+01
-2.300000000000000000e+01
-1.000000000000000000e+01
2.000000000000000000e+00
1.000000000000000000e+01
-8.000000000000000000e+00
-3.000000000000000000e+00
4.000000000000000000e+00
7.000000000000000000e+00
-1.000000000000000000e+00
0.000000000000000000e+00
-3.000000000000000000e+00
0.000000000000000000e+00
