1.000000000000000000e+00
-2.000000000000000000e+00
-1.000000000000000000e+00
2.000000000000000000e+00
-9.000000000000000000e+00
-6.000000000000000000e+00
2.000000000000000000e+00
1.400000000000000000e+01
-5.000000000000000000e+00
-1.400000000000000000e+01
-1.000000000000000000e+00
1.000000000000000000e+00
-1.800000000000000000e+01
1.400000000000000000e+01
-1.400000000000000000e+01
1.000000000000000000e+00
4.000000000000000000e+00
-2.500000000000000000e+01
2.900000000000000000e+01
-7.000000000000000000e+00
-1.300000000000000000e+01
1.700000000000000000e+01
9.000000000000000000e+00
3.000000000000000000e+01
-1.500000000000000000e+01
0.000000000000000000e+00
1.900000000000000000e+01
8.000000000000000000e+00
5.000000000000000000e+00
1.100000000000000000e+01
-2.800000000000000000e+01
1.800000000000000000e+01
2.300000000000000000e+01
-1.400000000000000000e+01
1.600000000000000000e+01
-6.000000000000000000e+00
-4.000000000000000000e+00
-4.000000000000000000e+00
-2.900000000000000000e+01
-1.100000000000000000e+01
-1.000000000000000000e+01
5.000000000000000000e+00
-5.000000000000000000e+00
5.000000000000000000e+00
4.100000000000000000e+01
-1.400000000000000000e+01
-4.000000000000000000e+00
-3.000000000000000000e+01
1.100000000000000000e+01
-2.400000000000000000e+01
1.400000000000000000e+01
2.200000000000000000e+01
-5.200000000000000000e+01
8.000000000000000000e+00
-1.200000000000000000e+01
-1.400000000000000000e+01
1.000000000000000000e+01
1.100000000000000000e+01
1.200000000000000000e+01
-7.000000000000000000e+00
-9.000000000000000000e+00
-7.000000000000000000e+00
9.000000000000000000e+00
-4.000000000000000000e+00
-4.000000000000000000e+00
-8.000000000000000000e+00
1.200000000000000000e+01
1.700000000000000000e+01
-6.000000000000000000e+00
-1.700000000000000000e+01
-1.500000000000000000e+01
1.000000000000000000e+01
-7.000000000000000000e+00
-2.100000000000000000e+01
-2.000000000000000000e+00
0.000000000000000000e+00
1.800000000000000000e+01
6.000000000000000000e+00
8.000000000000000000e+00
4.000000000000000000e+00
-1.600000000000000000e+01
1.000000000000000000e+00
-1.900000000000000000e+01
-1.100000000000000000e+01
1.000000000000000000e+00
-9.000000000000000000e+00
-3.400000000000000000e+01
-1.000000000000000000e+00
-1.000000000000000000e+00
9.000000000000000000e+00
-1.700000000000000000e+01
2.000000000000000000e+01
1.300000000000000000e+01
3.000000000000000000e+00
-4.000000000000000000e+00
0.000000000000000000e+00
7.000000000000000000e+00
1.700000000000000000e+01
3.500000000000000000e+01
1.000000000000000000e+00
-1.900000000000000000e+01
-1.600000000000000000e+01
9.000000000000000000e+00
-4.300000000000000000e+01
-1.600000000000000000e+01
5.000000000000000000e+00
-1.700000000000000000e+01
1.000000000000000000e+00
1.200000000000000000e+01
2.300000000000000000e+01
-2.000000000000000000e+00
1.000000000000000000e+01
0.000000000000000000e+00
9.000000000000000000e+00
-1.000000000000000000e+00
2.800000000000000000e+01
-4.000000000000000000e+00
2.100000000000000000e+01
-6.000000000000000000e+00
-1.100000000000000000e+01
-1.200000000000000000e+01
4.000000000000000000e+00
-3.000000000000000000e+00
4.000000000000000000e+00
-3.600000000000000000e+01
-1.500000000000000000e+01
1.900000000000000000e+01
-7.000000000000000000e+00
-2.900000000000000000e+01
1.500000000000000000e+01
-2.700000000000000000e+01
1.600000000000000000e+01
9.000000000000000000e+00
2.600000000000000000e+01
-1.900000000000000000e+01
1.800000000000000000e+01
-3.100000000000000000e+01
2.100000000000000000e+01
-8.000000000000000000e+00
-4.000000000000000000e+00
-3.000000000000000000e+01
-3.000000000000000000e+00
-1.000000000000000000e+00
9.000000000000000000e+00
-7.000000000000000000e+00
-2.000000000000000000e+01
-2.700000000000000000e+01
2.000000000000000000e+00
0.000000000000000000e+00
2.000000000000000000e+01
-1.100000000000000000e+01
9.000000000000000000e+00
-1.500000000000000000e+01
2.800000000000000000e+01
5.000000000000000000e+00
-3.300000000000000000e+01
3.000000000000000000e+00
3.000000000000000000e+01
-7.000000000000000000e+00
9.000000000000000000e+00
-4.000000000000000000e+00
1.400000000000000000e+01
-1.400000000000000000e+01
0.000000000000000000e+00
-5.000000000000000000e+00
-7.000000000000000000e+00
-1.000000000000000000e+01
1.400000000000000000e+01
-1.100000000000000000e+01
1.000000000000000000e+01
1.000000000000000000e+00
-3.000000000000000000e+00
-8.000000000000000000e+00
-1.900000000000000000e+01
-4.000000000000000000e+00
-1.700000000000000000e+01
-1.000000000000000000e+01
1.100000000000000000e+01
5.000000000000000000e+00
-1.000000000000000000e+00
-6.000000000000000000e+00
1.800000000000000000e+01
-9.000000000000000000e+00
-5.000000000000000000e+00
0.000000000000000000e+00
-2.400000000000000000e+01
-1.600000000000000000e+01
-1.000000000000000000e+00
-1.500000000000000000e+01
-6.000000000000000000e+00
-2.600000000000000000e+01
-4.000000000000000000e+00
7.000000000000000000e+00
-2.200000000000000000e+01
1.000000000000000000e+01
6.000000000000000000e+00
-2.000000000000000000e+00
2.100000000000000000e+01
2.500000000000000000e+01
1.700000000000000000e+01
3.000000000000000000e+00
-1.600000000000000000e+01
-3.200000000000000000e+01
-3.200000000000000000e+01
-3.700000000000000000e+01
-6.000000000000000000e+00
-7.000000000000000000e+00
-4.000000000000000000e+00
-5.000000000000000000e+00
-5.000000000000000000e+00
-1.000000000000000000e+00
-1.000000000000000000e+00
-2.000000000000000000e+00
-5.000000000000000000e+00
-9.000000000000000000e+00
1.500000000000000000e+01
-2.500000000000000000e+01
5.000000000000000000e+00
-2.700000000000000000e+01
-2.500000000000000000e+01
-1.200000000000000000e+01
-1.600000000000000000e+01
9.000000000000000000e+00
-2.300000000000000000e+01
-1.000000000000000000e+00
0.000000000000000000e+00
-7.000000000000000000e+00
-8.000000000000000000e+00
1.400000000000000000e+01
-1.300000000000000000e+01
-1.100000000000000000e+01
-2.000000000000000000e+00
4.000000000000000000e+00
3.100000000000000000e+01
-5.000000000000000000e+00
-1.400000000000000000e+01
9.000000000000000000e+00
-1.700000000000000000e+01
-9.000000000000000000e+00
1.600000000000000000e+01
-2.400000000000000000e+01
-1.500000000000000000e+01
2.000000000000000000e+00
-1.000000000000000000e+00
-3.000000000000000000e+00
2.300000000000000000e+01
-1.000000000000000000e+01
-7.000000000000000000e+00
1.200000000000000000e+01
-1.000000000000000000e+01
-1.100000000000000000e+01
0.000000000000000000e+00
-3.300000000000000000e+01
-1.500000000000000000e+01
-3.000000000000000000e+00
-2.000000000000000000e+00
6.000000000000000000e+00
-1.000000000000000000e+01
-1.500000000000000000e+01
7.000000000000000000e+00
-1.000000000000000000e+01
3.000000000000000000e+00
-7.000000000000000000e+00
-8.000000000000000000e+00
6.000000000000000000e+00
-1.000000000000000000e+01
-2.000000000000000000e+00
5.000000000000000000e+00
-9.000000000000000000e+00
-1.000000000000000000e+01
1.500000000000000000e+01
-9.000000000000000000e+00
0.000000000000000000e+00
-2.300000000000000000e+01
1.000000000000000000e+00
1.000000000000000000e+00
-7.000000000000000000e+00
7.000000000000000000e+00
-3.600000000000000000e+01
1.300000000000000000e+01
6.000000000000000000e+00
-1.100000000000000000e+01
-3.000000000000000000e+00
6.000000000000000000e+00
-4.000000000000000000e+00
1.500000000000000000e+01
2.400000000000000000e+01
0.000000000000000000e+00
0.000000000000000000e+00
-1.000000000000000000e+01
1.800000000000000000e+01
1.500000000000000000e+01
-1.800000000000000000e+01
-1.100000000000000000e+01
-2.400000000000000000e+01
-9.000000000000000000e+00
-1.300000000000000000e+01
1.000000000000000000e+01
1.100000000000000000e+01
-1.000000000000000000e+01
1.100000000000000000e+01
8.000000000000000000e+00
-2.100000000000000000e+01
5.000000000000000000e+00
2.000000000000000000e+00
2.200000000000000000e+01
6.000000000000000000e+00
-5.000000000000000000e+00
-2.000000000000000000e+01
2.400000000000000000e+01
-2.200000000000000000e+01
-4.000000000000000000e+00
-3.600000000000000000e+01
7.000000000000000000e+00
-2.200000000000000000e+01
5.000000000000000000e+00
-3.000000000000000000e+00
1.500000000000000000e+01
-7.000000000000000000e+00
-2.100000000000000000e+01
2.000000000000000000e+00
-2.500000000000000000e+01
1.000000000000000000e+01
-8.000000000000000000e+00
1.400000000000000000e+01
2.400000000000000000e+01
2.000000000000000000e+00
-1.800000000000000000e+01
2.300000000000000000e+01
6.000000000000000000e+00
7.000000000000000000e+00
1.100000000000000000e+01
-9.000000000000000000e+00
-2.600000000000000000e+01
0.000000000000000000e+00
-2.200000000000000000e+01
-7.000000000000000000e+00
6.000000000000000000e+00
5.000000000000000000e+00
1.600000000000000000e+01
1.000000000000000000e+00
2.900000000000000000e+01
1.400000000000000000e+01
6.000000000000000000e+00
-1.600000000000000000e+01
-7.000000000000000000e+00
-7.000000000000000000e+00
-1.000000000000000000e+00
3.100000000000000000e+01
5.000000000000000000e+00
-9.000000000000000000e+00
-2.000000000000000000e+01
-2.400000000000000000e+01
2.400000000000000000e+01
1.500000000000000000e+01
-1.000000000000000000e+00
1.200000000000000000e+01
-1.500000000000000000e+01
1.200000000000000000e+01
1.100000000000000000e+01
2.900000000000000000e+01
-7.000000000000000000e+00
-5.000000000000000000e+00
1.100000000000000000e+01
-1.100000000000000000e+01
-1.200000000000000000e+01
-1.600000000000000000e+01
-2.000000000000000000e+00
-1.000000000000000000e+01
-3.200000000000000000e+01
2.100000000000000000e+01
8.000000000000000000e+00
-6.000000000000000000e+00
1.200000000000000000e+01
-1.300000000000000000e+01
-1.500000000000000000e+01
-3.000000000000000000e+00
0.000000000000000000e+00
1.400000000000000000e+01
4.000000000000000000e+00
5.000000000000000000e+00
-1.000000000000000000e+00
0.000000000000000000e+00
-1.400000000000000000e+01
1.700000000000000000e+01
-3.000000000000000000e+00
2.900000000000000000e+01
2.400000000000000000e+01
-1.700000000000000000e+01
-1.100000000000000000e+01
1.700000000000000000e+01
3.000000000000000000e+00
3.300000000000000000e+01
2.000000000000000000e+01
-9.000000000000000000e+00
-4.000000000000000000e+00
-1.000000000000000000e+01
2.500000000000000000e+01
-1.000000000000000000e+00
-2.000000000000000000e+00
-1.000000000000000000e+01
9.000000000000000000e+00
-5.000000000000000000e+00
2.400000000000000000e+01
-4.000000000000000000e+00
1.000000000000000000e+00
-1.100000000000000000e+01
-4.000000000000000000e+00
-4.000000000000000000e+00
1.400000000000000000e+01
-3.000000000000000000e+00
-1.000000000000000000e+01
2.400000000000000000e+01
-2.000000000000000000e+01
3.200000000000000000e+01
1.400000000000000000e+01
-1.300000000000000000e+01
-3.700000000000000000e+01
-7.000000000000000000e+00
9.000000000000000000e+00
-5.000000000000000000e+00
-1.700000000000000000e+01
1.000000000000000000e+01
1.400000000000000000e+01
-3.200000000000000000e+01
1.000000000000000000e+00
-3.000000000000000000e+00
6.000000000000000000e+00
3.100000000000000000e+01
2.200000000000000000e+01
1.600000000000000000e+01
3.000000000000000000e+00
2.200000000000000000e+01
-5.000000000000000000e+00
-5.000000000000000000e+00
-1.900000000000000000e+01
-3.100000000000000000e+01
-1.100000000000000000e+01
-9.000000000000000000e+00
2.300000000000000000e+01
-8.000000000000000000e+00
-7.000000000000000000e+00
2.100000000000000000e+01
1.000000000000000000e+00
4.000000000000000000e+00
-8.000000000000000000e+00
2.000000000000000000e+01
-2.200000000000000000e+01
1.900000000000000000e+01
-1.000000000000000000e+00
-8.000000000000000000e+00
6.000000000000000000e+00
-1.000000000000000000e+01
4.000000000000000000e+00
-3.000000000000000000e+00
-1.500000000000000000e+01
-1.000000000000000000e+01
2.200000000000000000e+01
-8.000000000000000000e+00
2.000000000000000000e+00
1.200000000000000000e+01
1.500000000000000000e+01
2.100000000000000000e+01
4.000000000000000000e+00
6.000000000000000000e+00
-1.300000000000000000e+01
1.400000000000000000e+01
6.000000000000000000e+00
-4.000000000000000000e+00
-1.400000000000000000e+01
-3.700000000000000000e+01
4.000000000000000000e+00
-3.200000000000000000e+01
1.900000000000000000e+01
-2.800000000000000000e+01
-1.200000000000000000e+01
1.000000000000000000e+00
2.200000000000000000e+01
-2.700000000000000000e+01
2.400000000000000000e+01
-1.000000000000000000e+01
1.100000000000000000e+01
-3.800000000000000000e+01
-8.000000000000000000e+00
-1.000000000000000000e+00
-4.000000000000000000e+00
1.400000000000000000e+01
-6.000000000000000000e+00
-8.000000000000000000e+00
-5.000000000000000000e+00
-2.100000000000000000e+01
-3.000000000000000000e+00
-1.800000000000000000e+01
5.000000000000000000e+00
1.200000000000000000e+01
-1.100000000000000000e+01
1.000000000000000000e+01
2.700000000000000000e+01
2.600000000000000000e+01
-1.700000000000000000e+01
-2.200000000000000000e+01
-2.600000000000000000e+01
1.400000000000000000e+01
-1.600000000000000000e+01
0.000000000000000000e+00
-2.400000000000000000e+01
-5.000000000000000000e+00
-1.400000000000000000e+01
4.000000000000000000e+00
-1.000000000000000000e+00
9.000000000000000000e+00
-4.000000000000000000e+00
-1.600000000000000000e+01
-7.000000000000000000e+00
9.000000000000000000e+00
1.300000000000000000e+01
1.000000000000000000e+01
1.400000000000000000e+01
1.600000000000000000e+01
2.600000000000000000e+01
1.500000000000000000e+01
1.000000000000000000e+01
2.100000000000000000e+01
-1.100000000000000000e+01
3.100000000000000000e+01
2.700000000000000000e+01
9.000000000000000000e+00
3.100000000000000000e+01
-1.000000000000000000e+00
1.000000000000000000e+00
2.000000000000000000e+00
9.000000000000000000e+00
3.700000000000000000e+01
4.500000000000000000e+01
3.200000000000000000e+01
2.200000000000000000e+01
1.300000000000000000e+01
0.000000000000000000e+00
5.300000000000000000e+01
1.500000000000000000e+01
2.100000000000000000e+01
-4.000000000000000000e+00
0.000000000000000000e+00
4.100000000000000000e+01
1.900000000000000000e+01
4.600000000000000000e+01
-8.000000000000000000e+00
-3.000000000000000000e+00
2.000000000000000000e+00
3.300000000000000000e+01
2.000000000000000000e+00
9.000000000000000000e+00
-9.000000000000000000e+00
-3.000000000000000000e+01
3.200000000000000000e+01
-1.100000000000000000e+01
-5.200000000000000000e+01
-1.100000000000000000e+01
1.000000000000000000e+01
9.000000000000000000e+00
-1.000000000000000000e+01
-1.600000000000000000e+01
2.300000000000000000e+01
-1.200000000000000000e+01
5.000000000000000000e+00
8.000000000000000000e+00
9.000000000000000000e+00
2.000000000000000000e+00
-1.100000000000000000e+01
2.500000000000000000e+01
-9.000000000000000000e+00
-2.000000000000000000e+00
1.000000000000000000e+00
-3.000000000000000000e+00
1.400000000000000000e+01
1.800000000000000000e+01
2.200000000000000000e+01
1.600000000000000000e+01
-7.000000000000000000e+00
2.100000000000000000e+01
-1.000000000000000000e+01
1.100000000000000000e+01
0.000000000000000000e+00
8.000000000000000000e+00
2.400000000000000000e+01
-2.000000000000000000e+01
1.800000000000000000e+01
-1.600000000000000000e+01
-7.000000000000000000e+00
-1.500000000000000000e+01
7.000000000000000000e+00
-1.400000000000000000e+01
-7.000000000000000000e+00
7.000000000000000000e+00
6.000000000000000000e+00
-1.000000000000000000e+01
-2.800000000000000000e+01
-1.500000000000000000e+01
1.000000000000000000e+00
-3.500000000000000000e+01
6.000000000000000000e+00
-2.300000000000000000e+01
-1.300000000000000000e+01
1.300000000000000000e+01
-1.000000000000000000e+00
-1.200000000000000000e+01
2.200000000000000000e+01
-3.300000000000000000e+01
4.000000000000000000e+00
2.500000000000000000e+01
-2.000000000000000000e+01
-8.000000000000000000e+00
2.200000000000000000e+01
2.100000000000000000e+01
2.100000000000000000e+01
6.000000000000000000e+00
1.100000000000000000e+01
-1.300000000000000000e+01
2.600000000000000000e+01
1.300000000000000000e+01
2.300000000000000000e+01
1.200000000000000000e+01
3.100000000000000000e+01
3.100000000000000000e+01
1.800000000000000000e+01
1.000000000000000000e+01
1.800000000000000000e+01
-1.000000000000000000e+00
-4.000000000000000000e+00
6.000000000000000000e+00
-8.000000000000000000e+00
-4.000000000000000000e+01
3.200000000000000000e+01
2.000000000000000000e+00
2.000000000000000000e+00
8.000000000000000000e+00
8.000000000000000000e+00
1.100000000000000000e+01
-9.000000000000000000e+00
4.600000000000000000e+01
4.400000000000000000e+01
-4.000000000000000000e+00
4.000000000000000000e+01
1.900000000000000000e+01
2.500000000000000000e+01
-3.000000000000000000e+00
-1.900000000000000000e+01
2.200000000000000000e+01
-2.900000000000000000e+01
5.000000000000000000e+01
2.000000000000000000e+00
0.000000000000000000e+00
2.000000000000000000e+01
1.200000000000000000e+01
2.700000000000000000e+01
3.400000000000000000e+01
-2.000000000000000000e+00
3.600000000000000000e+01
1.500000000000000000e+01
2.000000000000000000e+00
3.700000000000000000e+01
3.000000000000000000e+00
2.000000000000000000e+00
3.600000000000000000e+01
-2.400000000000000000e+01
3.700000000000000000e+01
-4.000000000000000000e+00
2.000000000000000000e+00
2.100000000000000000e+01
3.000000000000000000e+00
1.200000000000000000e+01
1.000000000000000000e+00
1.200000000000000000e+01
3.000000000000000000e+00
-9.000000000000000000e+00
1.800000000000000000e+01
3.000000000000000000e+00
-1.300000000000000000e+01
7.000000000000000000e+00
1.500000000000000000e+01
1.100000000000000000e+01
3.000000000000000000e+00
1.300000000000000000e+01
2.200000000000000000e+01
1.400000000000000000e+01
-9.000000000000000000e+00
2.000000000000000000e+01
2.500000000000000000e+01
2.300000000000000000e+01
1.100000000000000000e+01
4.000000000000000000e+00
-1.000000000000000000e+01
3.000000000000000000e+00
1.600000000000000000e+01
1.300000000000000000e+01
-7.000000000000000000e+00
2.200000000000000000e+01
-2.000000000000000000e+01
2.000000000000000000e+00
-9.000000000000000000e+00
1.500000000000000000e+01
2.500000000000000000e+01
7.000000000000000000e+00
-1.500000000000000000e+01
3.900000000000000000e+01
2.200000000000000000e+01
1.800000000000000000e+01
5.000000000000000000e+00
-2.000000000000000000e+00
1.500000000000000000e+01
8.000000000000000000e+00
7.000000000000000000e+00
2.800000000000000000e+01
1.800000000000000000e+01
4.400000000000000000e+01
4.000000000000000000e+00
-1.000000000000000000e+00
4.000000000000000000e+00
5.300000000000000000e+01
-1.000000000000000000e+00
-2.800000000000000000e+01
-1.600000000000000000e+01
8.000000000000000000e+00
1.800000000000000000e+01
-7.000000000000000000e+00
4.100000000000000000e+01
1.500000000000000000e+01
-1.000000000000000000e+01
1.200000000000000000e+01
-5.000000000000000000e+00
3.200000000000000000e+01
6.000000000000000000e+00
-5.000000000000000000e+00
2.200000000000000000e+01
-1.000000000000000000e+00
2.000000000000000000e+00
3.500000000000000000e+01
2.900000000000000000e+01
-4.000000000000000000e+00
4.000000000000000000e+00
4.000000000000000000e+01
4.900000000000000000e+01
3.300000000000000000e+01
1.600000000000000000e+01
1.600000000000000000e+01
1.800000000000000000e+01
3.900000000000000000e+01
4.200000000000000000e+01
4.200000000000000000e+01
-1.000000000000000000e+00
3.600000000000000000e+01
1.400000000000000000e+01
2.100000000000000000e+01
3.200000000000000000e+01
3.900000000000000000e+01
3.000000000000000000e+00
5.300000000000000000e+01
8.000000000000000000e+00
1.200000000000000000e+01
3.500000000000000000e+01
1.100000000000000000e+01
6.000000000000000000e+00
4.500000000000000000e+01
3.500000000000000000e+01
3.500000000000000000e+01
1.600000000000000000e+01
2.700000000000000000e+01
1.800000000000000000e+01
-1.000000000000000000e+01
2.500000000000000000e+01
2.700000000000000000e+01
4.000000000000000000e+00
2.600000000000000000e+01
3.500000000000000000e+01
2.200000000000000000e+01
2.200000000000000000e+01
2.500000000000000000e+01
9.000000000000000000e+00
5.000000000000000000e+00
1.400000000000000000e+01
7.000000000000000000e+00
2.100000000000000000e+01
2.400000000000000000e+01
3.800000000000000000e+01
3.500000000000000000e+01
1.100000000000000000e+01
1.100000000000000000e+01
1.000000000000000000e+00
-1.100000000000000000e+01
1.800000000000000000e+01
-1.600000000000000000e+01
1.500000000000000000e+01
3.100000000000000000e+01
1.900000000000000000e+01
2.000000000000000000e+01
1.800000000000000000e+01
5.000000000000000000e+01
8.000000000000000000e+00
3.900000000000000000e+01
-1.300000000000000000e+01
4.000000000000000000e+00
2.900000000000000000e+01
2.900000000000000000e+01
1.300000000000000000e+01
3.000000000000000000e+01
1.700000000000000000e+01
5.000000000000000000e+00
2.000000000000000000e+01
2.300000000000000000e+01
3.800000000000000000e+01
1.100000000000000000e+01
3.200000000000000000e+01
-1.000000000000000000e+01
4.000000000000000000e+00
-1.400000000000000000e+01
2.900000000000000000e+01
3.500000000000000000e+01
6.000000000000000000e+00
2.500000000000000000e+01
3.000000000000000000e+01
2.900000000000000000e+01
1.400000000000000000e+01
-4.000000000000000000e+00
4.500000000000000000e+01
2.100000000000000000e+01
0.000000000000000000e+00
8.000000000000000000e+00
5.300000000000000000e+01
2.600000000000000000e+01
2.500000000000000000e+01
4.100000000000000000e+01
-1.000000000000000000e+00
2.400000000000000000e+01
2.900000000000000000e+01
2.300000000000000000e+01
4.100000000000000000e+01
2.300000000000000000e+01
1.000000000000000000e+00
9.000000000000000000e+00
2.400000000000000000e+01
4.200000000000000000e+01
7.100000000000000000e+01
1.500000000000000000e+01
2.700000000000000000e+01
3.100000000000000000e+01
2.900000000000000000e+01
1.400000000000000000e+01
4.200000000000000000e+01
-2.600000000000000000e+01
1.200000000000000000e+01
2.100000000000000000e+01
1.500000000000000000e+01
2.300000000000000000e+01
3.000000000000000000e+01
5.200000000000000000e+01
-2.000000000000000000e+00
4.400000000000000000e+01
1.600000000000000000e+01
2.200000000000000000e+01
5.100000000000000000e+01
5.000000000000000000e+01
3.900000000000000000e+01
1.300000000000000000e+01
4.600000000000000000e+01
4.700000000000000000e+01
4.400000000000000000e+01
3.000000000000000000e+00
1.700000000000000000e+01
3.600000000000000000e+01
3.800000000000000000e+01
4.100000000000000000e+01
2.400000000000000000e+01
7.600000000000000000e+01
6.100000000000000000e+01
7.800000000000000000e+01
8.800000000000000000e+01
6.100000000000000000e+01
5.700000000000000000e+01
7.300000000000000000e+01
5.900000000000000000e+01
8.900000000000000000e+01
9.700000000000000000e+01
1.180000000000000000e+02
1.030000000000000000e+02
1.060000000000000000e+02
1.240000000000000000e+02
1.330000000000000000e+02
1.770000000000000000e+02
1.640000000000000000e+02
1.750000000000000000e+02
2.020000000000000000e+02
2.610000000000000000e+02
2.850000000000000000e+02
2.890000000000000000e+02
3.190000000000000000e+02
3.280000000000000000e+02
3.970000000000000000e+02
4.440000000000000000e+02
5.000000000000000000e+02
5.760000000000000000e+02
5.880000000000000000e+02
7.110000000000000000e+02
8.100000000000000000e+02
8.810000000000000000e+02
9.710000000000000000e+02
1.069000000000000000e+03
1.174000000000000000e+03
1.289000000000000000e+03
1.434000000000000000e+03
1.576000000000000000e+03
1.760000000000000000e+03
1.907000000000000000e+03
2.078000000000000000e+03
2.261000000000000000e+03
2.345000000000000000e+03
2.557000000000000000e+03
2.715000000000000000e+03
2.925000000000000000e+03
3.068000000000000000e+03
3.302000000000000000e+03
3.413000000000000000e+03
3.684000000000000000e+03
3.779000000000000000e+03
3.869000000000000000e+03
4.100000000000000000e+03
4.339000000000000000e+03
4.377000000000000000e+03
4.442000000000000000e+03
4.652000000000000000e+03
4.682000000000000000e+03
4.845000000000000000e+03
4.827000000000000000e+03
4.861000000000000000e+03
4.961000000000000000e+03
4.959000000000000000e+03
4.915000000000000000e+03
4.943000000000000000e+03
4.852000000000000000e+03
4.827000000000000000e+03
4.739000000000000000e+03
4.650000000000000000e+03
4.617000000000000000e+03
4.420000000000000000e+03
4.334000000000000000e+03
4.203000000000000000e+03
4.087000000000000000e+03
3.938000000000000000e+03
3.771000000000000000e+03
3.565000000000000000e+03
3.434000000000000000e+03
3.209000000000000000e+03
3.086000000000000000e+03
2.904000000000000000e+03
2.747000000000000000e+03
2.501000000000000000e+03
2.368000000000000000e+03
2.185000000000000000e+03
2.097000000000000000e+03
1.884000000000000000e+03
1.828000000000000000e+03
1.569000000000000000e+03
1.400000000000000000e+03
1.350000000000000000e+03
1.224000000000000000e+03
1.092000000000000000e+03
9.980000000000000000e+02
8.560000000000000000e+02
7.750000000000000000e+02
6.730000000000000000e+02
5.980000000000000000e+02
5.300000000000000000e+02
5.120000000000000000e+02
4.130000000000000000e+02
3.630000000000000000e+02
3.310000000000000000e+02
3.070000000000000000e+02
2.980000000000000000e+02
2.120000000000000000e+02
2.160000000000000000e+02
1.330000000000000000e+02
1.270000000000000000e+02
1.240000000000000000e+02
1.040000000000000000e+02
9.400000000000000000e+01
1.200000000000000000e+02
9.600000000000000000e+01
3.900000000000000000e+01
2.700000000000000000e+01
4.900000000000000000e+01
2.400000000000000000e+01
3.900000000000000000e+01
5.100000000000000000e+01
5.800000000000000000e+01
1.800000000000000000e+01
2.900000000000000000e+01
1.500000000000000000e+01
3.800000000000000000e+01
5.300000000000000000e+01
6.000000000000000000e+00
4.700000000000000000e+01
1.000000000000000000e+01
2.800000000000000000e+01
5.000000000000000000e+00
3.500000000000000000e+01
3.000000000000000000e+00
1.600000000000000000e+01
1.200000000000000000e+01
2.200000000000000000e+01
9.000000000000000000e+00
2.700000000000000000e+01
3.600000000000000000e+01
2.100000000000000000e+01
5.200000000000000000e+01
2.200000000000000000e+01
2.700000000000000000e+01
2.000000000000000000e+01
3.800000000000000000e+01
-1.600000000000000000e+01
-1.600000000000000000e+01
-5.000000000000000000e+00
1.900000000000000000e+01
1.300000000000000000e+01
1.000000000000000000e+00
1.000000000000000000e+01
1.600000000000000000e+01
-4.000000000000000000e+00
3.700000000000000000e+01
-2.000000000000000000e+00
1.000000000000000000e+00
1.300000000000000000e+01
3.300000000000000000e+01
1.600000000000000000e+01
3.800000000000000000e+01
-1.000000000000000000e+00
5.900000000000000000e+01
2.400000000000000000e+01
3.500000000000000000e+01
1.500000000000000000e+01
2.000000000000000000e+01
4.300000000000000000e+01
1.800000000000000000e+01
2.000000000000000000e+01
1.100000000000000000e+01
9.000000000000000000e+00
2.500000000000000000e+01
0.000000000000000000e+00
2.300000000000000000e+01
8.000000000000000000e+00
-8.000000000000000000e+00
2.800000000000000000e+01
1.100000000000000000e+01
2.200000000000000000e+01
3.200000000000000000e+01
3.400000000000000000e+01
3.200000000000000000e+01
2.700000000000000000e+01
4.300000000000000000e+01
1.300000000000000000e+01
9.000000000000000000e+00
1.500000000000000000e+01
7.000000000000000000e+00
2.800000000000000000e+01
2.100000000000000000e+01
1.800000000000000000e+01
4.000000000000000000e+01
4.300000000000000000e+01
3.000000000000000000e+00
2.200000000000000000e+01
1.600000000000000000e+01
8.000000000000000000e+00
3.200000000000000000e+01
1.700000000000000000e+01
-5.000000000000000000e+00
1.100000000000000000e+01
-1.000000000000000000e+00
1.700000000000000000e+01
-4.000000000000000000e+00
2.000000000000000000e+01
2.700000000000000000e+01
-6.000000000000000000e+00
5.000000000000000000e+00
2.000000000000000000e+00
-6.000000000000000000e+00
-5.000000000000000000e+00
2.000000000000000000e+00
2.000000000000000000e+01
-9.000000000000000000e+00
4.100000000000000000e+01
1.600000000000000000e+01
2.600000000000000000e+01
1.100000000000000000e+01
-1.800000000000000000e+01
5.000000000000000000e+00
1.900000000000000000e+01
2.200000000000000000e+01
1.900000000000000000e+01
3.200000000000000000e+01
8.000000000000000000e+00
4.000000000000000000e+00
2.500000000000000000e+01
-2.000000000000000000e+00
-1.000000000000000000e+00
1.400000000000000000e+01
1.800000000000000000e+01
2.000000000000000000e+00
-2.100000000000000000e+01
1.400000000000000000e+01
2.500000000000000000e+01
1.400000000000000000e+01
1.300000000000000000e+01
1.200000000000000000e+01
1.600000000000000000e+01
1.800000000000000000e+01
6.000000000000000000e+00
2.200000000000000000e+01
-1.000000000000000000e+01
1.800000000000000000e+01
1.700000000000000000e+01
3.000000000000000000e+00
-9.000000000000000000e+00
3.000000000000000000e+01
-3.000000000000000000e+00
2.100000000000000000e+01
1.600000000000000000e+01
3.400000000000000000e+01
1.300000000000000000e+01
1.500000000000000000e+01
-1.000000000000000000e+01
-9.000000000000000000e+00
1.500000000000000000e+01
2.500000000000000000e+01
7.000000000000000000e+00
8.000000000000000000e+00
1.600000000000000000e+01
3.000000000000000000e+01
9.000000000000000000e+00
7.000000000000000000e+00
2.000000000000000000e+00
4.000000000000000000e+00
1.300000000000000000e+01
2.900000000000000000e+01
2.600000000000000000e+01
-1.000000000000000000e+00
2.600000000000000000e+01
1.700000000000000000e+01
2.100000000000000000e+01
0.000000000000000000e+00
3.000000000000000000e+00
3.600000000000000000e+01
-1.100000000000000000e+01
1.600000000000000000e+01
1.300000000000000000e+01
2.100000000000000000e+01
2.400000000000000000e+01
5.000000000000000000e+00
-1.100000000000000000e+01
8.000000000000000000e+00
5.200000000000000000e+01
2.000000000000000000e+00
8.000000000000000000e+00
2.300000000000000000e+01
3.000000000000000000e+01
1.600000000000000000e+01
-2.300000000000000000e+01
-2.800000000000000000e+01
1.100000000000000000e+01
1.000000000000000000e+01
2.300000000000000000e+01
1.100000000000000000e+01
1.600000000000000000e+01
3.800000000000000000e+01
-2.000000000000000000e+00
-1.000000000000000000e+00
-3.000000000000000000e+00
-6.000000000000000000e+00
-1.700000000000000000e+01
-9.000000000000000000e+00
6.000000000000000000e+00
1.400000000000000000e+01
2.800000000000000000e+01
3.300000000000000000e+01
8.000000000000000000e+00
-1.100000000000000000e+01
2.700000000000000000e+01
4.000000000000000000e+00
1.100000000000000000e+01
-1.400000000000000000e+01
-1.600000000000000000e+01
1.300000000000000000e+01
1.500000000000000000e+01
6.000000000000000000e+00
6.000000000000000000e+00
-1.300000000000000000e+01
-2.800000000000000000e+01
2.000000000000000000e+01
5.000000000000000000e+00
3.400000000000000000e+01
2.000000000000000000e+01
1.000000000000000000e+01
2.300000000000000000e+01
-1.000000000000000000e+00
1.100000000000000000e+01
3.100000000000000000e+01
1.000000000000000000e+01
-5.000000000000000000e+00
-3.000000000000000000e+00
2.600000000000000000e+01
-5.000000000000000000e+00
1.200000000000000000e+01
2.700000000000000000e+01
-2.900000000000000000e+01
1.300000000000000000e+01
3.000000000000000000e+00
-2.200000000000000000e+01
3.000000000000000000e+01
2.000000000000000000e+00
-2.500000000000000000e+01
3.100000000000000000e+01
-2.700000000000000000e+01
1.000000000000000000e+01
-8.000000000000000000e+00
1.200000000000000000e+01
1.700000000000000000e+01
1.000000000000000000e+00
4.400000000000000000e+01
5.000000000000000000e+00
-1.100000000000000000e+01
-1.000000000000000000e+01
-9.000000000000000000e+00
-5.000000000000000000e+00
-3.100000000000000000e+01
1.900000000000000000e+01
2.000000000000000000e+00
1.000000000000000000e+00
1.500000000000000000e+01
-2.300000000000000000e+01
0.000000000000000000e+00
-1.200000000000000000e+01
-1.000000000000000000e+01
1.400000000000000000e+01
6.000000000000000000e+00
-1.700000000000000000e+01
1.600000000000000000e+01
4.200000000000000000e+01
-8.000000000000000000e+00
2.200000000000000000e+01
3.200000000000000000e+01
9.000000000000000000e+00
1.000000000000000000e+00
-1.000000000000000000e+00
3.000000000000000000e+00
-5.000000000000000000e+00
-6.000000000000000000e+00
1.000000000000000000e+01
2.000000000000000000e+01
5.000000000000000000e+00
1.100000000000000000e+01
-5.000000000000000000e+00
1.700000000000000000e+01
9.000000000000000000e+00
1.100000000000000000e+01
1.900000000000000000e+01
5.000000000000000000e+00
5.000000000000000000e+00
-2.000000000000000000e+00
2.300000000000000000e+01
-9.000000000000000000e+00
0.000000000000000000e+00
2.700000000000000000e+01
0.000000000000000000e+00
3.000000000000000000e+00
-1.000000000000000000e+00
4.000000000000000000e+00
0.000000000000000000e+00
-7.000000000000000000e+00
-2.100000000000000000e+01
5.000000000000000000e+00
1.400000000000000000e+01
-1.000000000000000000e+01
1.100000000000000000e+01
1.800000000000000000e+01
9.000000000000000000e+00
-1.300000000000000000e+01
2.300000000000000000e+01
2.400000000000000000e+01
3.000000000000000000e+00
6.000000000000000000e+00
-1.000000000000000000e+00
2.800000000000000000e+01
1.000000000000000000e+01
1.800000000000000000e+01
5.000000000000000000e+00
7.000000000000000000e+00
-9.000000000000000000e+00
3.100000000000000000e+01
1.400000000000000000e+01
1.600000000000000000e+01
4.000000000000000000e+00
-1.800000000000000000e+01
3.000000000000000000e+00
3.000000000000000000e+01
-1.100000000000000000e+01
-2.500000000000000000e+01
2.300000000000000000e+01
1.700000000000000000e+01
9.000000000000000000e+00
-1.900000000000000000e+01
-3.000000000000000000e+00
1.000000000000000000e+00
3.000000000000000000e+01
-9.000000000000000000e+00
9.000000000000000000e+00
7.000000000000000000e+00
-1.000000000000000000e+00
2.000000000000000000e+00
-1.700000000000000000e+01
-1.400000000000000000e+01
-1.000000000000000000e+01
-1.400000000000000000e+01
-3.000000000000000000e+00
1.000000000000000000e+01
-1.300000000000000000e+01
-3.100000000000000000e+01
-1.000000000000000000e+00
3.000000000000000000e+00
4.000000000000000000e+00
-3.000000000000000000e+00
-1.000000000000000000e+00
-5.000000000000000000e+00
-7.000000000000000000e+00
-1.800000000000000000e+01
3.000000000000000000e+00
-1.100000000000000000e+01
6.000000000000000000e+00
7.000000000000000000e+00
-1.900000000000000000e+01
-1.000000000000000000e+00
-7.000000000000000000e+00
1.700000000000000000e+01
-1.000000000000000000e+01
6.000000000000000000e+00
-7.000000000000000000e+00
-3.000000000000000000e+00
-1.100000000000000000e+01
1.200000000000000000e+01
5.000000000000000000e+01
1.800000000000000000e+01
-7.000000000000000000e+00
7.000000000000000000e+00
0.000000000000000000e+00
-2.000000000000000000e+01
1.500000000000000000e+01
-1.000000000000000000e+01
-4.000000000000000000e+00
-3.000000000000000000e+00
1.100000000000000000e+01
-1.900000000000000000e+01
2.200000000000000000e+01
-2.800000000000000000e+01
1.500000000000000000e+01
1.100000000000000000e+01
8.000000000000000000e+00
1.200000000000000000e+01
-1.600000000000000000e+01
2.800000000000000000e+01
-7.000000000000000000e+00
1.300000000000000000e+01
-3.000000000000000000e+00
0.000000000000000000e+00
1.500000000000000000e+01
-2.100000000000000000e+01
1.600000000000000000e+01
-1.700000000000000000e+01
2.200000000000000000e+01
6.000000000000000000e+00
-2.200000000000000000e+01
1.500000000000000000e+01
-2.300000000000000000e+01
8.000000000000000000e+00
0.000000000000000000e+00
9.000000000000000000e+00
-1.000000000000000000e+00
1.000000000000000000e+00
2.000000000000000000e+01
1.700000000000000000e+01
-1.200000000000000000e+01
-5.000000000000000000e+00
1.500000000000000000e+01
-2.500000000000000000e+01
0.000000000000000000e+00
2.000000000000000000e+00
-9.000000000000000000e+00
1.700000000000000000e+01
-5.000000000000000000e+00
7.000000000000000000e+00
-4.000000000000000000e+00
-9.000000000000000000e+00
-6.000000000000000000e+00
3.000000000000000000e+00
-2.300000000000000000e+01
-6.000000000000000000e+00
-1.100000000000000000e+01
9.000000000000000000e+00
7.000000000000000000e+00
-2.200000000000000000e+01
1.100000000000000000e+01
2.700000000000000000e+01
1.000000000000000000e+01
0.000000000000000000e+00
2.400000000000000000e+01
2.400000000000000000e+01
-5.000000000000000000e+00
5.000000000000000000e+00
2.000000000000000000e+01
-2.000000000000000000e+00
-6.000000000000000000e+00
1.200000000000000000e+01
-1.000000000000000000e+00
-9.000000000000000000e+00
-2.500000000000000000e+01
2.000000000000000000e+00
1.000000000000000000e+00
3.000000000000000000e+00
4.000000000000000000e+00
-9.000000000000000000e+00
-6.000000000000000000e+00
-9.000000000000000000e+00
1.000000000000000000e+01
-1.200000000000000000e+01
-1.200000000000000000e+01
1.500000000000000000e+01
3.000000000000000000e+00
2.000000000000000000e+01
1.400000000000000000e+01
1.400000000000000000e+01
-7.000000000000000000e+00
2.700000000000000000e+01
-2.000000000000000000e+00
-2.300000000000000000e+01
4.000000000000000000e+01
-3.800000000000000000e+01
-8.000000000000000000e+00
2.500000000000000000e+01
4.000000000000000000e+00
-2.900000000000000000e+01
-1.900000000000000000e+01
-1.000000000000000000e+00
9.000000000000000000e+00
-4.000000000000000000e+00
4.300000000000000000e+01
9.000000000000000000e+00
-5.000000000000000000e+00
-2.000000000000000000e+00
-3.100000000000000000e+01
-1.000000000000000000e+01
6.000000000000000000e+00
4.000000000000000000e+00
-1.600000000000000000e+01
1.200000000000000000e+01
1.200000000000000000e+01
2.000000000000000000e+01
-7.000000000000000000e+00
1.900000000000000000e+01
1.300000000000000000e+01
-4.000000000000000000e+00
-7.000000000000000000e+00
1.700000000000000000e+01
1.500000000000000000e+01
-1.400000000000000000e+01
1.200000000000000000e+01
-1.100000000000000000e+01
-8.000000000000000000e+00
-7.000000000000000000e+00
1.700000000000000000e+01
-2.300000000000000000e+01
0.000000000000000000e+00
-1.300000000000000000e+01
5.000000000000000000e+00
2.000000000000000000e+00
9.000000000000000000e+00
-3.300000000000000000e+01
2.400000000000000000e+01
-2.200000000000000000e+01
-1.500000000000000000e+01
-1.000000000000000000e+00
6.000000000000000000e+00
5.000000000000000000e+00
5.000000000000000000e+00
-3.400000000000000000e+01
3.000000000000000000e+00
2.400000000000000000e+01
0.000000000000000000e+00
-1.800000000000000000e+01
6.000000000000000000e+00
-3.000000000000000000e+00
5.000000000000000000e+00
1.000000000000000000e+01
-2.400000000000000000e+01
1.300000000000000000e+01
-8.000000000000000000e+00
1.100000000000000000e+01
1.000000000000000000e+01
1.900000000000000000e+01
-1.200000000000000000e+01
-2.800000000000000000e+01
-9.000000000000000000e+00
1.700000000000000000e+01
1.600000000000000000e+01
-1.400000000000000000e+01
-2.000000000000000000e+00
3.000000000000000000e+00
-3.400000000000000000e+01
-1.800000000000000000e+01
1.600000000000000000e+01
3.000000000000000000e+00
7.000000000000000000e+00
9.000000000000000000e+00
-2.000000000000000000e+00
-1.800000000000000000e+01
0.000000000000000000e+00
-2.200000000000000000e+01
5.000000000000000000e+00
6.000000000000000000e+00
7.000000000000000000e+00
-4.000000000000000000e+00
1.600000000000000000e+01
-1.100000000000000000e+01
1.500000000000000000e+01
-1.700000000000000000e+01
-1.600000000000000000e+01
6.000000000000000000e+00
1.800000000000000000e+01
4.000000000000000000e+00
-3.000000000000000000e+00
2.000000000000000000e+00
9.000000000000000000e+00
1.400000000000000000e+01
8.000000000000000000e+00
-8.000000000000000000e+00
2.900000000000000000e+01
-6.000000000000000000e+00
-1.000000000000000000e+00
2.500000000000000000e+01
-2.400000000000000000e+01
6.000000000000000000e+00
-5.000000000000000000e+00
-6.000000000000000000e+00
-3.000000000000000000e+00
2.000000000000000000e+00
-5.000000000000000000e+00
1.000000000000000000e+01
-1.400000000000000000e+01
-1.000000000000000000e+00
9.000000000000000000e+00
-4.000000000000000000e+00
2.000000000000000000e+00
1.900000000000000000e+01
2.400000000000000000e+01
2.000000000000000000e+01
-5.000000000000000000e+00
2.200000000000000000e+01
-1.700000000000000000e+01
-2.200000000000000000e+01
1.600000000000000000e+01
1.300000000000000000e+01
-1.500000000000000000e+01
6.000000000000000000e+00
-2.600000000000000000e+01
4.000000000000000000e+00
-1.500000000000000000e+01
5.000000000000000000e+00
-6.000000000000000000e+00
-6.000000000000000000e+00
-7.000000000000000000e+00
2.100000000000000000e+01
-1.400000000000000000e+01
-1.800000000000000000e+01
-1.500000000000000000e+01
-1.800000000000000000e+01
-1.700000000000000000e+01
-1.800000000000000000e+01
1.000000000000000000e+00
4.000000000000000000e+00
-9.000000000000000000e+00
1.000000000000000000e+00
-1.000000000000000000e+01
4.000000000000000000e+00
2.600000000000000000e+01
1.200000000000000000e+01
-2.800000000000000000e+01
-3.200000000000000000e+01
1.700000000000000000e+01
-6.000000000000000000e+00
-2.800000000000000000e+01
-6.000000000000000000e+00
-7.000000000000000000e+00
-8.000000000000000000e+00
-1.500000000000000000e+01
0.000000000000000000e+00
-2.400000000000000000e+01
-8.000000000000000000e+00
-5.000000000000000000e+00
0.000000000000000000e+00
-5.000000000000000000e+00
1.000000000000000000e+00
6.000000000000000000e+00
9.000000000000000000e+00
1.400000000000000000e+01
-1.000000000000000000e+00
-1.200000000000000000e+01
2.000000000000000000e+00
-9.000000000000000000e+00
3.000000000000000000e+00
8.000000000000000000e+00
4.000000000000000000e+00
1.700000000000000000e+01
5.000000000000000000e+00
-1.200000000000000000e+01
9.000000000000000000e+00
-1.900000000000000000e+01
1.400000000000000000e+01
-9.000000000000000000e+00
3.000000000000000000e+00
8.000000000000000000e+00
-2.000000000000000000e+01
1.200000000000000000e+01
-1.200000000000000000e+01
-5.000000000000000000e+00
-1.300000000000000000e+01
5.000000000000000000e+00
-2.200000000000000000e+01
2.700000000000000000e+01
-3.800000000000000000e+01
1.000000000000000000e+01
0.000000000000000000e+00
2.000000000000000000e+00
-3.000000000000000000e+00
3.300000000000000000e+01
-1.600000000000000000e+01
5.000000000000000000e+00
-9.000000000000000000e+00
-1.700000000000000000e+01
-6.000000000000000000e+00
7.000000000000000000e+00
-7.000000000000000000e+00
2.000000000000000000e+00
1.100000000000000000e+01
6.000000000000000000e+00
2.100000000000000000e+01
2.800000000000000000e+01
-1.000000000000000000e+00
-8.000000000000000000e+00
-1.300000000000000000e+01
3.000000000000000000e+00
7.000000000000000000e+00
-2.800000000000000000e+01
-4.000000000000000000e+00
0.000000000000000000e+00
0.000000000000000000e+00
6.000000000000000000e+00
-1.200000000000000000e+01
-8.000000000000000000e+00
-2.500000000000000000e+01
-1.200000000000000000e+01
8.000000000000000000e+00
-2.000000000000000000e+00
1.400000000000000000e+01
-1.400000000000000000e+01
4.000000000000000000e+00
-2.000000000000000000e+01
1.100000000000000000e+01
-3.100000000000000000e+01
-1.800000000000000000e+01
-3.000000000000000000e+00
-9.000000000000000000e+00
-2.200000000000000000e+01
-9.000000000000000000e+00
-2.000000000000000000e+00
2.000000000000000000e+01
2.100000000000000000e+01
-7.000000000000000000e+00
0.000000000000000000e+00
1.500000000000000000e+01
3.000000000000000000e+00
-1.100000000000000000e+01
8.000000000000000000e+00
-1.000000000000000000e+00
-2.500000000000000000e+01
1.000000000000000000e+01
1.000000000000000000e+00
-1.800000000000000000e+01
2.000000000000000000e+00
-1.700000000000000000e+01
-4.000000000000000000e+00
1.400000000000000000e+01
-1.100000000000000000e+01
2.800000000000000000e+01
3.000000000000000000e+01
2.900000000000000000e+01
-8.000000000000000000e+00
-2.100000000000000000e+01
-1.500000000000000000e+01
1.000000000000000000e+00
1.100000000000000000e+01
-1.000000000000000000e+01
2.400000000000000000e+01
8.000000000000000000e+00
2.900000000000000000e+01
-5.000000000000000000e+00
4.000000000000000000e+00
7.000000000000000000e+00
-1.300000000000000000e+01
-1.500000000000000000e+01
4.000000000000000000e+00
1.400000000000000000e+01
1.600000000000000000e+01
2.200000000000000000e+01
1.400000000000000000e+01
1.300000000000000000e+01
8.000000000000000000e+00
3.000000000000000000e+00
5.000000000000000000e+00
1.100000000000000000e+01
-6.000000000000000000e+00
9.000000000000000000e+00
2.000000000000000000e+00
2.700000000000000000e+01
4.700000000000000000e+01
1.300000000000000000e+01
1.100000000000000000e+01
1.300000000000000000e+01
2.500000000000000000e+01
-2.300000000000000000e+01
1.200000000000000000e+01
-3.100000000000000000e+01
3.500000000000000000e+01
-9.000000000000000000e+00
3.100000000000000000e+01
1.200000000000000000e+01
-1.200000000000000000e+01
2.000000000000000000e+00
-1.300000000000000000e+01
2.000000000000000000e+01
3.500000000000000000e+01
2.700000000000000000e+01
4.000000000000000000e+00
1.700000000000000000e+01
2.500000000000000000e+01
4.400000000000000000e+01
2.000000000000000000e+01
6.000000000000000000e+00
2.700000000000000000e+01
1.500000000000000000e+01
3.800000000000000000e+01
1.000000000000000000e+00
3.000000000000000000e+01
3.200000000000000000e+01
5.600000000000000000e+01
4.600000000000000000e+01
4.900000000000000000e+01
4.100000000000000000e+01
6.400000000000000000e+01
5.500000000000000000e+01
5.800000000000000000e+01
5.500000000000000000e+01
4.300000000000000000e+01
3.500000000000000000e+01
5.400000000000000000e+01
5.600000000000000000e+01
7.400000000000000000e+01
8.100000000000000000e+01
6.800000000000000000e+01
9.300000000000000000e+01
1.070000000000000000e+02
8.700000000000000000e+01
8.300000000000000000e+01
8.700000000000000000e+01
1.200000000000000000e+02
1.210000000000000000e+02
1.120000000000000000e+02
1.440000000000000000e+02
1.170000000000000000e+02
1.430000000000000000e+02
1.410000000000000000e+02
1.770000000000000000e+02
1.710000000000000000e+02
2.240000000000000000e+02
1.880000000000000000e+02
2.020000000000000000e+02
2.360000000000000000e+02
2.530000000000000000e+02
2.440000000000000000e+02
2.770000000000000000e+02
2.630000000000000000e+02
2.840000000000000000e+02
3.270000000000000000e+02
3.060000000000000000e+02
3.330000000000000000e+02
3.580000000000000000e+02
4.030000000000000000e+02
4.000000000000000000e+02
4.200000000000000000e+02
4.500000000000000000e+02
4.370000000000000000e+02
4.850000000000000000e+02
4.740000000000000000e+02
4.560000000000000000e+02
5.320000000000000000e+02
5.180000000000000000e+02
5.540000000000000000e+02
5.870000000000000000e+02
6.190000000000000000e+02
6.490000000000000000e+02
7.010000000000000000e+02
7.230000000000000000e+02
7.450000000000000000e+02
7.170000000000000000e+02
8.050000000000000000e+02
8.370000000000000000e+02
8.780000000000000000e+02
8.760000000000000000e+02
8.580000000000000000e+02
9.420000000000000000e+02
1.024000000000000000e+03
1.027000000000000000e+03
1.048000000000000000e+03
1.100000000000000000e+03
1.107000000000000000e+03
1.115000000000000000e+03
1.151000000000000000e+03
1.174000000000000000e+03
1.206000000000000000e+03
1.228000000000000000e+03
1.272000000000000000e+03
1.305000000000000000e+03
1.307000000000000000e+03
1.332000000000000000e+03
1.377000000000000000e+03
1.343000000000000000e+03
1.397000000000000000e+03
1.463000000000000000e+03
1.482000000000000000e+03
1.446000000000000000e+03
1.564000000000000000e+03
1.527000000000000000e+03
1.562000000000000000e+03
1.580000000000000000e+03
1.567000000000000000e+03
1.622000000000000000e+03
1.631000000000000000e+03
1.594000000000000000e+03
1.639000000000000000e+03
1.630000000000000000e+03
1.593000000000000000e+03
1.714000000000000000e+03
1.694000000000000000e+03
1.711000000000000000e+03
1.806000000000000000e+03
1.724000000000000000e+03
1.802000000000000000e+03
1.757000000000000000e+03
1.797000000000000000e+03
1.792000000000000000e+03
1.777000000000000000e+03
1.768000000000000000e+03
1.749000000000000000e+03
1.824000000000000000e+03
1.747000000000000000e+03
1.692000000000000000e+03
1.691000000000000000e+03
1.661000000000000000e+03
1.712000000000000000e+03
1.614000000000000000e+03
1.630000000000000000e+03
1.597000000000000000e+03
1.544000000000000000e+03
1.556000000000000000e+03
1.518000000000000000e+03
1.540000000000000000e+03
1.545000000000000000e+03
1.481000000000000000e+03
1.479000000000000000e+03
1.498000000000000000e+03
1.477000000000000000e+03
1.489000000000000000e+03
1.473000000000000000e+03
1.435000000000000000e+03
1.459000000000000000e+03
1.385000000000000000e+03
1.365000000000000000e+03
1.378000000000000000e+03
1.374000000000000000e+03
1.374000000000000000e+03
1.263000000000000000e+03
1.240000000000000000e+03
1.308000000000000000e+03
1.237000000000000000e+03
1.228000000000000000e+03
1.185000000000000000e+03
1.123000000000000000e+03
1.115000000000000000e+03
1.057000000000000000e+03
1.087000000000000000e+03
1.014000000000000000e+03
9.970000000000000000e+02
9.670000000000000000e+02
9.530000000000000000e+02
8.950000000000000000e+02
8.920000000000000000e+02
8.980000000000000000e+02
8.390000000000000000e+02
8.460000000000000000e+02
8.090000000000000000e+02
7.590000000000000000e+02
7.470000000000000000e+02
7.770000000000000000e+02
7.260000000000000000e+02
6.970000000000000000e+02
6.630000000000000000e+02
6.600000000000000000e+02
6.310000000000000000e+02
5.780000000000000000e+02
5.420000000000000000e+02
5.710000000000000000e+02
5.230000000000000000e+02
5.530000000000000000e+02
4.960000000000000000e+02
4.870000000000000000e+02
4.720000000000000000e+02
4.520000000000000000e+02
3.860000000000000000e+02
4.120000000000000000e+02
3.560000000000000000e+02
3.630000000000000000e+02
3.320000000000000000e+02
3.410000000000000000e+02
3.180000000000000000e+02
3.130000000000000000e+02
3.120000000000000000e+02
2.930000000000000000e+02
2.620000000000000000e+02
2.480000000000000000e+02
2.620000000000000000e+02
2.390000000000000000e+02
2.350000000000000000e+02
2.360000000000000000e+02
2.090000000000000000e+02
2.140000000000000000e+02
1.990000000000000000e+02
1.970000000000000000e+02
1.560000000000000000e+02
1.560000000000000000e+02
1.510000000000000000e+02
1.500000000000000000e+02
1.330000000000000000e+02
1.390000000000000000e+02
1.440000000000000000e+02
1.320000000000000000e+02
1.160000000000000000e+02
1.100000000000000000e+02
7.600000000000000000e+01
1.150000000000000000e+02
1.040000000000000000e+02
6.500000000000000000e+01
9.700000000000000000e+01
7.000000000000000000e+01
8.500000000000000000e+01
8.000000000000000000e+01
6.300000000000000000e+01
6.900000000000000000e+01
6.000000000000000000e+01
5.400000000000000000e+01
5.800000000000000000e+01
4.600000000000000000e+01
4.200000000000000000e+01
3.700000000000000000e+01
4.300000000000000000e+01
3.100000000000000000e+01
5.000000000000000000e+01
5.500000000000000000e+01
1.300000000000000000e+01
2.600000000000000000e+01
5.200000000000000000e+01
2.800000000000000000e+01
1.800000000000000000e+01
3.700000000000000000e+01
2.500000000000000000e+01
-5.000000000000000000e+00
2.900000000000000000e+01
2.000000000000000000e+01
1.300000000000000000e+01
1.800000000000000000e+01
3.800000000000000000e+01
1.200000000000000000e+01
1.400000000000000000e+01
-2.000000000000000000e+00
7.000000000000000000e+00
1.400000000000000000e+01
5.200000000000000000e+01
2.800000000000000000e+01
0.000000000000000000e+00
1.500000000000000000e+01
3.100000000000000000e+01
-1.000000000000000000e+01
1.800000000000000000e+01
1.200000000000000000e+01
-1.000000000000000000e+00
2.600000000000000000e+01
-7.000000000000000000e+00
8.000000000000000000e+00
3.100000000000000000e+01
7.000000000000000000e+00
-1.000000000000000000e+00
1.100000000000000000e+01
-1.000000000000000000e+00
-2.000000000000000000e+00
2.800000000000000000e+01
1.600000000000000000e+01
0.000000000000000000e+00
-1.800000000000000000e+01
-7.000000000000000000e+00
2.000000000000000000e+01
-1.700000000000000000e+01
3.100000000000000000e+01
1.000000000000000000e+01
4.000000000000000000e+01
1.500000000000000000e+01
-1.800000000000000000e+01
-3.000000000000000000e+00
4.000000000000000000e+00
-1.000000000000000000e+01
2.500000000000000000e+01
-1.000000000000000000e+01
-2.400000000000000000e+01
6.000000000000000000e+00
1.100000000000000000e+01
1.900000000000000000e+01
7.000000000000000000e+00
1.800000000000000000e+01
2.100000000000000000e+01
1.700000000000000000e+01
-3.000000000000000000e+00
9.000000000000000000e+00
-1.700000000000000000e+01
-3.300000000000000000e+01
-1.600000000000000000e+01
2.200000000000000000e+01
1.000000000000000000e+01
1.100000000000000000e+01
6.700000000000000000e+01
-1.400000000000000000e+01
7.000000000000000000e+00
-1.000000000000000000e+00
1.100000000000000000e+01
-8.000000000000000000e+00
-2.000000000000000000e+00
-6.000000000000000000e+00
1.000000000000000000e+00
1.800000000000000000e+01
1.000000000000000000e+00
-8.000000000000000000e+00
-1.000000000000000000e+00
1.600000000000000000e+01
1.400000000000000000e+01
-1.000000000000000000e+00
3.000000000000000000e+00
-1.000000000000000000e+00
-2.000000000000000000e+00
