2.000000000000000000e+00
-5.000000000000000000e+00
2.000000000000000000e+00
4.000000000000000000e+00
2.300000000000000000e+01
1.100000000000000000e+01
-2.200000000000000000e+01
-1.300000000000000000e+01
-6.000000000000000000e+00
-1.200000000000000000e+01
-4.000000000000000000e+00
-1.100000000000000000e+01
-1.700000000000000000e+01
-8.000000000000000000e+00
7.000000000000000000e+00
2.000000000000000000e+00
-4.000000000000000000e+00
1.800000000000000000e+01
3.000000000000000000e+00
-5.000000000000000000e+00
2.100000000000000000e+01
-2.100000000000000000e+01
7.000000000000000000e+00
6.000000000000000000e+00
-2.700000000000000000e+01
-2.300000000000000000e+01
-2.400000000000000000e+01
-5.000000000000000000e+00
1.900000000000000000e+01
-9.000000000000000000e+00
-2.800000000000000000e+01
1.000000000000000000e+00
1.300000000000000000e+01
-1.000000000000000000e+00
-1.400000000000000000e+01
-5.000000000000000000e+00
-1.000000000000000000e+00
1.000000000000000000e+01
-5.000000000000000000e+00
4.300000000000000000e+01
-2.700000000000000000e+01
1.700000000000000000e+01
-1.000000000000000000e+00
-2.400000000000000000e+01
2.100000000000000000e+01
-3.700000000000000000e+01
6.000000000000000000e+00
-3.000000000000000000e+00
1.300000000000000000e+01
0.000000000000000000e+00
1.300000000000000000e+01
-8.000000000000000000e+00
-4.000000000000000000e+00
1.300000000000000000e+01
5.000000000000000000e+00
-9.000000000000000000e+00
3.000000000000000000e+00
-3.300000000000000000e+01
-2.600000000000000000e+01
-1.300000000000000000e+01
-1.000000000000000000e+01
-2.000000000000000000e+00
-1.600000000000000000e+01
-9.000000000000000000e+00
-1.000000000000000000e+01
-2.000000000000000000e+00
-1.800000000000000000e+01
5.000000000000000000e+00
8.000000000000000000e+00
-1.000000000000000000e+00
-1.200000000000000000e+01
2.600000000000000000e+01
-3.000000000000000000e+00
-1.800000000000000000e+01
1.000000000000000000e+01
3.000000000000000000e+00
-4.000000000000000000e+00
7.000000000000000000e+00
1.000000000000000000e+01
-5.000000000000000000e+00
-3.000000000000000000e+00
7.000000000000000000e+00
-2.500000000000000000e+01
1.300000000000000000e+01
7.000000000000000000e+00
-9.000000000000000000e+00
7.000000000000000000e+00
-1.900000000000000000e+01
1.700000000000000000e+01
-9.000000000000000000e+00
2.000000000000000000e+00
-1.400000000000000000e+01
1.700000000000000000e+01
-1.100000000000000000e+01
-1.000000000000000000e+00
7.000000000000000000e+00
5.000000000000000000e+00
1.300000000000000000e+01
8.000000000000000000e+00
0.000000000000000000e+00
2.000000000000000000e+00
-6.000000000000000000e+00
-2.000000000000000000e+00
-3.100000000000000000e+01
6.000000000000000000e+00
1.000000000000000000e+00
-1.800000000000000000e+01
3.000000000000000000e+01
-3.000000000000000000e+00
-1.000000000000000000e+00
-1.500000000000000000e+01
1.000000000000000000e+00
2.700000000000000000e+01
3.000000000000000000e+00
-8.000000000000000000e+00
2.000000000000000000e+01
-9.000000000000000000e+00
4.000000000000000000e+00
-1.400000000000000000e+01
1.400000000000000000e+01
2.700000000000000000e+01
2.600000000000000000e+01
-1.900000000000000000e+01
-1.000000000000000000e+01
3.200000000000000000e+01
-2.600000000000000000e+01
2.400000000000000000e+01
-2.000000000000000000e+00
2.000000000000000000e+00
1.900000000000000000e+01
1.900000000000000000e+01
9.000000000000000000e+00
0.000000000000000000e+00
2.700000000000000000e+01
-1.000000000000000000e+01
2.600000000000000000e+01
-2.400000000000000000e+01
2.100000000000000000e+01
-1.000000000000000000e+00
-1.000000000000000000e+00
5.000000000000000000e+00
-1.700000000000000000e+01
6.000000000000000000e+00
-4.000000000000000000e+00
0.000000000000000000e+00
1.700000000000000000e+01
-1.000000000000000000e+00
-1.000000000000000000e+00
-4.000000000000000000e+00
-2.200000000000000000e+01
1.900000000000000000e+01
7.000000000000000000e+00
9.000000000000000000e+00
-9.000000000000000000e+00
-8.000000000000000000e+00
-9.000000000000000000e+00
1.000000000000000000e+00
4.000000000000000000e+00
-4.000000000000000000e+00
2.900000000000000000e+01
-2.000000000000000000e+00
0.000000000000000000e+00
3.000000000000000000e+00
-1.100000000000000000e+01
1.000000000000000000e+00
-2.100000000000000000e+01
-5.000000000000000000e+00
-3.000000000000000000e+00
5.000000000000000000e+00
-1.300000000000000000e+01
-1.300000000000000000e+01
5.000000000000000000e+00
-3.000000000000000000e+00
2.400000000000000000e+01
-4.000000000000000000e+00
-1.500000000000000000e+01
8.000000000000000000e+00
3.000000000000000000e+00
1.000000000000000000e+01
1.100000000000000000e+01
-7.000000000000000000e+00
-6.000000000000000000e+00
-6.000000000000000000e+00
-1.500000000000000000e+01
1.500000000000000000e+01
-2.800000000000000000e+01
-8.000000000000000000e+00
3.000000000000000000e+00
7.000000000000000000e+00
1.300000000000000000e+01
7.000000000000000000e+00
-1.600000000000000000e+01
-9.000000000000000000e+00
6.000000000000000000e+00
3.100000000000000000e+01
-6.000000000000000000e+00
-4.000000000000000000e+00
0.000000000000000000e+00
-5.000000000000000000e+00
2.500000000000000000e+01
1.000000000000000000e+01
8.000000000000000000e+00
0.000000000000000000e+00
4.000000000000000000e+00
-3.000000000000000000e+00
-5.000000000000000000e+00
1.800000000000000000e+01
2.000000000000000000e+00
5.000000000000000000e+00
3.000000000000000000e+00
-8.000000000000000000e+00
2.000000000000000000e+00
9.000000000000000000e+00
1.000000000000000000e+00
-5.000000000000000000e+00
-6.000000000000000000e+00
1.000000000000000000e+01
-5.000000000000000000e+00
7.000000000000000000e+00
-4.000000000000000000e+00
2.000000000000000000e+01
-1.000000000000000000e+01
-1.400000000000000000e+01
3.100000000000000000e+01
-7.000000000000000000e+00
-1.900000000000000000e+01
-1.600000000000000000e+01
3.000000000000000000e+00
-1.000000000000000000e+01
1.300000000000000000e+01
-1.000000000000000000e+00
6.000000000000000000e+00
4.000000000000000000e+00
-6.000000000000000000e+00
-8.000000000000000000e+00
3.600000000000000000e+01
-2.700000000000000000e+01
4.000000000000000000e+00
-8.000000000000000000e+00
-1.700000000000000000e+01
-4.000000000000000000e+00
-3.100000000000000000e+01
2.000000000000000000e+01
3.000000000000000000e+00
1.400000000000000000e+01
7.000000000000000000e+00
1.000000000000000000e+00
2.100000000000000000e+01
-1.100000000000000000e+01
3.400000000000000000e+01
9.000000000000000000e+00
1.500000000000000000e+01
-4.600000000000000000e+01
-2.000000000000000000e+01
-1.300000000000000000e+01
-7.000000000000000000e+00
2.200000000000000000e+01
-2.100000000000000000e+01
-4.400000000000000000e+01
-1.500000000000000000e+01
-2.000000000000000000e+00
7.000000000000000000e+00
1.600000000000000000e+01
-1.500000000000000000e+01
1.000000000000000000e+01
2.400000000000000000e+01
6.000000000000000000e+00
-2.000000000000000000e+00
-6.000000000000000000e+00
2.700000000000000000e+01
-1.400000000000000000e+01
2.000000000000000000e+01
-2.700000000000000000e+01
1.400000000000000000e+01
0.000000000000000000e+00
-1.600000000000000000e+01
7.000000000000000000e+00
-3.200000000000000000e+01
-2.300000000000000000e+01
2.400000000000000000e+01
-3.000000000000000000e+01
1.000000000000000000e+01
0.000000000000000000e+00
2.000000000000000000e+00
0.000000000000000000e+00
7.000000000000000000e+00
-2.500000000000000000e+01
-1.900000000000000000e+01
-3.100000000000000000e+01
9.000000000000000000e+00
-1.500000000000000000e+01
1.000000000000000000e+01
-5.000000000000000000e+00
1.500000000000000000e+01
2.200000000000000000e+01
8.000000000000000000e+00
-1.100000000000000000e+01
-9.000000000000000000e+00
1.100000000000000000e+01
2.200000000000000000e+01
2.000000000000000000e+00
-1.000000000000000000e+00
-1.200000000000000000e+01
-1.000000000000000000e+01
-2.000000000000000000e+00
-1.400000000000000000e+01
-1.200000000000000000e+01
-2.200000000000000000e+01
7.000000000000000000e+00
3.500000000000000000e+01
-2.500000000000000000e+01
2.300000000000000000e+01
1.200000000000000000e+01
-1.000000000000000000e+00
-3.000000000000000000e+00
3.900000000000000000e+01
1.200000000000000000e+01
-1.600000000000000000e+01
-2.500000000000000000e+01
-1.400000000000000000e+01
7.000000000000000000e+00
2.300000000000000000e+01
1.700000000000000000e+01
-4.100000000000000000e+01
1.400000000000000000e+01
1.100000000000000000e+01
0.000000000000000000e+00
-9.000000000000000000e+00
1.600000000000000000e+01
1.400000000000000000e+01
1.200000000000000000e+01
4.400000000000000000e+01
-3.200000000000000000e+01
1.000000000000000000e+00
1.500000000000000000e+01
1.000000000000000000e+00
9.000000000000000000e+00
1.400000000000000000e+01
-1.000000000000000000e+00
2.200000000000000000e+01
7.000000000000000000e+00
-1.000000000000000000e+01
5.000000000000000000e+00
-1.300000000000000000e+01
2.000000000000000000e+00
-1.600000000000000000e+01
-5.000000000000000000e+00
-2.000000000000000000e+00
-2.400000000000000000e+01
2.000000000000000000e+00
2.000000000000000000e+01
2.000000000000000000e+00
2.000000000000000000e+01
-2.800000000000000000e+01
3.500000000000000000e+01
1.800000000000000000e+01
-5.000000000000000000e+00
9.000000000000000000e+00
1.200000000000000000e+01
-1.000000000000000000e+00
-3.000000000000000000e+01
3.200000000000000000e+01
3.000000000000000000e+00
-7.000000000000000000e+00
4.000000000000000000e+00
9.000000000000000000e+00
-1.200000000000000000e+01
-4.000000000000000000e+00
8.000000000000000000e+00
-8.000000000000000000e+00
-2.600000000000000000e+01
2.700000000000000000e+01
-2.800000000000000000e+01
-1.000000000000000000e+00
-1.100000000000000000e+01
-5.000000000000000000e+00
-1.400000000000000000e+01
1.200000000000000000e+01
-2.000000000000000000e+00
1.600000000000000000e+01
2.800000000000000000e+01
1.300000000000000000e+01
-4.200000000000000000e+01
3.900000000000000000e+01
-1.600000000000000000e+01
1.500000000000000000e+01
1.300000000000000000e+01
-1.900000000000000000e+01
3.000000000000000000e+00
1.000000000000000000e+01
-8.000000000000000000e+00
8.000000000000000000e+00
-5.000000000000000000e+00
4.000000000000000000e+00
1.100000000000000000e+01
1.000000000000000000e+00
1.000000000000000000e+00
-2.700000000000000000e+01
1.700000000000000000e+01
3.700000000000000000e+01
1.800000000000000000e+01
1.000000000000000000e+00
2.100000000000000000e+01
-2.000000000000000000e+00
-1.900000000000000000e+01
-5.000000000000000000e+00
4.000000000000000000e+00
-1.500000000000000000e+01
-1.000000000000000000e+00
-2.300000000000000000e+01
-6.000000000000000000e+00
-2.200000000000000000e+01
-1.100000000000000000e+01
4.000000000000000000e+00
3.800000000000000000e+01
3.000000000000000000e+00
1.500000000000000000e+01
-1.500000000000000000e+01
0.000000000000000000e+00
5.000000000000000000e+00
2.100000000000000000e+01
0.000000000000000000e+00
-1.500000000000000000e+01
-8.000000000000000000e+00
-1.700000000000000000e+01
-1.200000000000000000e+01
9.000000000000000000e+00
-2.000000000000000000e+00
-2.200000000000000000e+01
2.000000000000000000e+00
7.000000000000000000e+00
9.000000000000000000e+00
3.000000000000000000e+00
-1.100000000000000000e+01
7.000000000000000000e+00
-3.000000000000000000e+00
-1.900000000000000000e+01
-2.000000000000000000e+00
-1.200000000000000000e+01
-3.200000000000000000e+01
2.100000000000000000e+01
-3.000000000000000000e+01
5.000000000000000000e+00
-3.000000000000000000e+00
2.300000000000000000e+01
4.400000000000000000e+01
-1.600000000000000000e+01
-2.000000000000000000e+01
-1.200000000000000000e+01
-4.000000000000000000e+00
1.300000000000000000e+01
1.500000000000000000e+01
0.000000000000000000e+00
-8.000000000000000000e+00
-3.000000000000000000e+00
3.700000000000000000e+01
8.000000000000000000e+00
7.000000000000000000e+00
-1.400000000000000000e+01
3.000000000000000000e+00
-1.000000000000000000e+01
3.000000000000000000e+00
1.000000000000000000e+00
-2.000000000000000000e+01
-1.600000000000000000e+01
1.000000000000000000e+00
1.600000000000000000e+01
8.000000000000000000e+00
-2.200000000000000000e+01
3.000000000000000000e+00
6.000000000000000000e+00
4.000000000000000000e+00
5.900000000000000000e+01
-5.000000000000000000e+00
-5.000000000000000000e+00
-1.300000000000000000e+01
1.200000000000000000e+01
0.000000000000000000e+00
-6.000000000000000000e+00
1.300000000000000000e+01
-2.000000000000000000e+01
2.500000000000000000e+01
-1.700000000000000000e+01
-2.100000000000000000e+01
-2.000000000000000000e+01
2.000000000000000000e+00
2.000000000000000000e+00
2.500000000000000000e+01
-1.600000000000000000e+01
1.200000000000000000e+01
3.300000000000000000e+01
6.000000000000000000e+00
6.000000000000000000e+00
-1.000000000000000000e+01
1.800000000000000000e+01
3.000000000000000000e+00
8.000000000000000000e+00
-2.700000000000000000e+01
1.000000000000000000e+00
-2.000000000000000000e+00
2.700000000000000000e+01
1.100000000000000000e+01
6.000000000000000000e+00
1.900000000000000000e+01
1.000000000000000000e+01
1.700000000000000000e+01
4.000000000000000000e+00
-7.000000000000000000e+00
-1.300000000000000000e+01
-2.000000000000000000e+01
-3.700000000000000000e+01
-1.600000000000000000e+01
-1.400000000000000000e+01
-3.900000000000000000e+01
2.300000000000000000e+01
9.000000000000000000e+00
-3.000000000000000000e+00
-1.000000000000000000e+00
1.700000000000000000e+01
2.200000000000000000e+01
6.000000000000000000e+00
1.700000000000000000e+01
-2.700000000000000000e+01
-5.000000000000000000e+00
-5.000000000000000000e+00
-1.300000000000000000e+01
1.700000000000000000e+01
9.000000000000000000e+00
2.000000000000000000e+00
-1.400000000000000000e+01
1.000000000000000000e+01
5.000000000000000000e+00
3.300000000000000000e+01
2.900000000000000000e+01
1.400000000000000000e+01
-1.500000000000000000e+01
0.000000000000000000e+00
-9.000000000000000000e+00
3.000000000000000000e+00
7.000000000000000000e+00
2.900000000000000000e+01
-1.000000000000000000e+01
2.500000000000000000e+01
1.400000000000000000e+01
5.000000000000000000e+00
1.300000000000000000e+01
1.600000000000000000e+01
-3.500000000000000000e+01
-1.000000000000000000e+00
0.000000000000000000e+00
-1.200000000000000000e+01
-3.900000000000000000e+01
8.000000000000000000e+00
-1.100000000000000000e+01
9.000000000000000000e+00
-1.600000000000000000e+01
2.000000000000000000e+01
-2.400000000000000000e+01
-5.000000000000000000e+00
8.000000000000000000e+00
4.000000000000000000e+00
-2.000000000000000000e+00
4.000000000000000000e+00
1.900000000000000000e+01
1.300000000000000000e+01
-1.200000000000000000e+01
9.000000000000000000e+00
-1.000000000000000000e+00
-9.000000000000000000e+00
1.500000000000000000e+01
-8.000000000000000000e+00
2.600000000000000000e+01
1.200000000000000000e+01
-2.000000000000000000e+01
1.300000000000000000e+01
3.200000000000000000e+01
5.000000000000000000e+00
-8.000000000000000000e+00
2.600000000000000000e+01
-1.400000000000000000e+01
2.000000000000000000e+00
1.300000000000000000e+01
-1.000000000000000000e+00
-7.000000000000000000e+00
9.000000000000000000e+00
1.900000000000000000e+01
2.200000000000000000e+01
7.000000000000000000e+00
-2.400000000000000000e+01
1.300000000000000000e+01
-3.000000000000000000e+01
-9.000000000000000000e+00
1.000000000000000000e+01
4.000000000000000000e+00
4.000000000000000000e+00
-3.000000000000000000e+00
-2.100000000000000000e+01
-3.000000000000000000e+01
2.000000000000000000e+01
-5.000000000000000000e+00
4.000000000000000000e+00
3.000000000000000000e+00
-6.000000000000000000e+00
1.300000000000000000e+01
4.000000000000000000e+00
-2.000000000000000000e+00
1.900000000000000000e+01
3.400000000000000000e+01
1.800000000000000000e+01
2.600000000000000000e+01
2.000000000000000000e+01
1.900000000000000000e+01
-1.000000000000000000e+00
-2.000000000000000000e+00
-2.000000000000000000e+00
-4.000000000000000000e+00
-8.000000000000000000e+00
-4.000000000000000000e+00
-1.900000000000000000e+01
1.000000000000000000e+00
-8.000000000000000000e+00
-4.000000000000000000e+00
-9.000000000000000000e+00
-8.000000000000000000e+00
-1.800000000000000000e+01
-2.800000000000000000e+01
-2.200000000000000000e+01
2.000000000000000000e+01
-1.400000000000000000e+01
-1.500000000000000000e+01
3.000000000000000000e+01
2.000000000000000000e+00
-2.200000000000000000e+01
-2.800000000000000000e+01
2.000000000000000000e+00
3.000000000000000000e+00
4.000000000000000000e+00
3.800000000000000000e+01
4.000000000000000000e+01
1.000000000000000000e+01
2.000000000000000000e+01
-2.800000000000000000e+01
-8.000000000000000000e+00
-7.000000000000000000e+00
1.100000000000000000e+01
1.200000000000000000e+01
-1.900000000000000000e+01
1.200000000000000000e+01
1.000000000000000000e+01
1.300000000000000000e+01
-4.000000000000000000e+00
-1.700000000000000000e+01
2.100000000000000000e+01
3.300000000000000000e+01
1.500000000000000000e+01
-1.700000000000000000e+01
-9.000000000000000000e+00
-6.000000000000000000e+00
1.400000000000000000e+01
2.300000000000000000e+01
2.600000000000000000e+01
1.800000000000000000e+01
-9.000000000000000000e+00
3.000000000000000000e+00
8.000000000000000000e+00
1.000000000000000000e+00
1.000000000000000000e+01
1.900000000000000000e+01
1.900000000000000000e+01
6.000000000000000000e+00
-3.000000000000000000e+01
-1.000000000000000000e+01
1.000000000000000000e+01
4.000000000000000000e+00
1.000000000000000000e+00
-2.500000000000000000e+01
1.900000000000000000e+01
1.400000000000000000e+01
2.000000000000000000e+00
-5.000000000000000000e+00
-1.500000000000000000e+01
1.400000000000000000e+01
-3.000000000000000000e+00
1.100000000000000000e+01
1.400000000000000000e+01
-1.100000000000000000e+01
3.300000000000000000e+01
2.000000000000000000e+00
1.900000000000000000e+01
1.700000000000000000e+01
-1.500000000000000000e+01
1.100000000000000000e+01
2.500000000000000000e+01
2.000000000000000000e+00
1.100000000000000000e+01
0.000000000000000000e+00
-5.000000000000000000e+00
4.000000000000000000e+00
1.300000000000000000e+01
1.500000000000000000e+01
1.700000000000000000e+01
3.200000000000000000e+01
2.500000000000000000e+01
2.000000000000000000e+00
1.000000000000000000e+00
5.500000000000000000e+01
-7.000000000000000000e+00
0.000000000000000000e+00
1.000000000000000000e+01
2.400000000000000000e+01
1.000000000000000000e+01
3.000000000000000000e+00
1.300000000000000000e+01
9.000000000000000000e+00
4.000000000000000000e+01
3.000000000000000000e+00
5.000000000000000000e+00
0.000000000000000000e+00
-1.500000000000000000e+01
3.100000000000000000e+01
-7.000000000000000000e+00
3.900000000000000000e+01
2.000000000000000000e+01
-6.000000000000000000e+00
0.000000000000000000e+00
0.000000000000000000e+00
3.000000000000000000e+01
1.300000000000000000e+01
1.700000000000000000e+01
1.000000000000000000e+01
2.400000000000000000e+01
-4.000000000000000000e+00
1.700000000000000000e+01
2.000000000000000000e+01
2.500000000000000000e+01
2.700000000000000000e+01
1.000000000000000000e+00
3.300000000000000000e+01
2.000000000000000000e+01
3.800000000000000000e+01
1.900000000000000000e+01
1.000000000000000000e+00
3.000000000000000000e+01
-4.000000000000000000e+00
-3.300000000000000000e+01
1.000000000000000000e+00
2.900000000000000000e+01
1.000000000000000000e+00
2.000000000000000000e+00
3.200000000000000000e+01
3.000000000000000000e+01
7.000000000000000000e+00
7.000000000000000000e+00
3.500000000000000000e+01
3.800000000000000000e+01
1.700000000000000000e+01
1.600000000000000000e+01
2.400000000000000000e+01
0.000000000000000000e+00
3.500000000000000000e+01
6.000000000000000000e+01
2.200000000000000000e+01
3.000000000000000000e+00
2.300000000000000000e+01
4.000000000000000000e+01
2.200000000000000000e+01
-2.400000000000000000e+01
2.500000000000000000e+01
9.000000000000000000e+00
2.500000000000000000e+01
-6.000000000000000000e+00
-5.000000000000000000e+00
-5.000000000000000000e+00
2.500000000000000000e+01
1.500000000000000000e+01
1.100000000000000000e+01
2.000000000000000000e+00
3.200000000000000000e+01
3.000000000000000000e+01
3.000000000000000000e+00
4.600000000000000000e+01
6.000000000000000000e+00
2.000000000000000000e+00
1.400000000000000000e+01
3.100000000000000000e+01
3.900000000000000000e+01
-1.300000000000000000e+01
1.100000000000000000e+01
1.700000000000000000e+01
1.600000000000000000e+01
4.000000000000000000e+00
1.100000000000000000e+01
-4.000000000000000000e+00
-1.000000000000000000e+01
2.700000000000000000e+01
-8.000000000000000000e+00
1.100000000000000000e+01
7.000000000000000000e+00
1.500000000000000000e+01
1.000000000000000000e+00
2.300000000000000000e+01
3.400000000000000000e+01
2.300000000000000000e+01
-3.000000000000000000e+00
0.000000000000000000e+00
1.700000000000000000e+01
2.900000000000000000e+01
-5.000000000000000000e+00
2.000000000000000000e+00
3.500000000000000000e+01
2.100000000000000000e+01
3.000000000000000000e+01
2.400000000000000000e+01
3.000000000000000000e+00
-2.000000000000000000e+00
6.000000000000000000e+00
9.000000000000000000e+00
1.300000000000000000e+01
4.700000000000000000e+01
-3.000000000000000000e+00
7.000000000000000000e+00
2.300000000000000000e+01
2.100000000000000000e+01
1.900000000000000000e+01
3.800000000000000000e+01
1.000000000000000000e+01
1.500000000000000000e+01
2.000000000000000000e+01
1.100000000000000000e+01
-1.500000000000000000e+01
-4.000000000000000000e+00
2.100000000000000000e+01
-1.900000000000000000e+01
3.000000000000000000e+00
2.800000000000000000e+01
-3.000000000000000000e+00
1.100000000000000000e+01
2.100000000000000000e+01
2.400000000000000000e+01
3.500000000000000000e+01
1.400000000000000000e+01
3.600000000000000000e+01
-2.000000000000000000e+00
4.100000000000000000e+01
3.000000000000000000e+01
4.200000000000000000e+01
3.900000000000000000e+01
4.000000000000000000e+01
-1.000000000000000000e+00
1.000000000000000000e+00
1.000000000000000000e+01
-4.000000000000000000e+00
4.000000000000000000e+00
2.700000000000000000e+01
-1.200000000000000000e+01
2.000000000000000000e+01
4.300000000000000000e+01
4.000000000000000000e+01
4.000000000000000000e+00
8.000000000000000000e+00
4.200000000000000000e+01
6.000000000000000000e+00
1.100000000000000000e+01
1.400000000000000000e+01
2.100000000000000000e+01
1.800000000000000000e+01
1.400000000000000000e+01
1.800000000000000000e+01
1.700000000000000000e+01
-1.000000000000000000e+00
2.200000000000000000e+01
5.200000000000000000e+01
1.800000000000000000e+01
1.400000000000000000e+01
5.300000000000000000e+01
6.300000000000000000e+01
3.300000000000000000e+01
4.700000000000000000e+01
6.300000000000000000e+01
3.300000000000000000e+01
5.500000000000000000e+01
2.200000000000000000e+01
5.300000000000000000e+01
1.070000000000000000e+02
9.700000000000000000e+01
5.800000000000000000e+01
9.200000000000000000e+01
7.000000000000000000e+01
1.170000000000000000e+02
1.360000000000000000e+02
1.240000000000000000e+02
1.690000000000000000e+02
2.020000000000000000e+02
2.320000000000000000e+02
2.670000000000000000e+02
3.100000000000000000e+02
3.110000000000000000e+02
3.420000000000000000e+02
4.440000000000000000e+02
4.880000000000000000e+02
5.420000000000000000e+02
6.380000000000000000e+02
7.160000000000000000e+02
8.990000000000000000e+02
9.380000000000000000e+02
1.010000000000000000e+03
1.115000000000000000e+03
1.272000000000000000e+03
1.429000000000000000e+03
1.586000000000000000e+03
1.712000000000000000e+03
1.865000000000000000e+03
2.007000000000000000e+03
2.190000000000000000e+03
2.366000000000000000e+03
2.467000000000000000e+03
2.692000000000000000e+03
2.865000000000000000e+03
3.051000000000000000e+03
3.204000000000000000e+03
3.312000000000000000e+03
3.439000000000000000e+03
3.763000000000000000e+03
3.772000000000000000e+03
3.886000000000000000e+03
4.074000000000000000e+03
4.150000000000000000e+03
4.243000000000000000e+03
4.367000000000000000e+03
4.424000000000000000e+03
4.543000000000000000e+03
4.435000000000000000e+03
4.407000000000000000e+03
4.478000000000000000e+03
4.451000000000000000e+03
4.420000000000000000e+03
4.405000000000000000e+03
4.337000000000000000e+03
4.266000000000000000e+03
4.139000000000000000e+03
3.957000000000000000e+03
3.904000000000000000e+03
3.787000000000000000e+03
3.630000000000000000e+03
3.415000000000000000e+03
3.345000000000000000e+03
3.198000000000000000e+03
3.027000000000000000e+03
2.813000000000000000e+03
2.701000000000000000e+03
2.567000000000000000e+03
2.361000000000000000e+03
2.173000000000000000e+03
2.007000000000000000e+03
1.903000000000000000e+03
1.735000000000000000e+03
1.612000000000000000e+03
1.483000000000000000e+03
1.339000000000000000e+03
1.218000000000000000e+03
1.080000000000000000e+03
9.580000000000000000e+02
8.370000000000000000e+02
8.200000000000000000e+02
6.460000000000000000e+02
6.300000000000000000e+02
5.300000000000000000e+02
4.760000000000000000e+02
4.510000000000000000e+02
3.560000000000000000e+02
2.790000000000000000e+02
2.430000000000000000e+02
2.670000000000000000e+02
1.880000000000000000e+02
1.780000000000000000e+02
1.710000000000000000e+02
1.100000000000000000e+02
9.400000000000000000e+01
9.300000000000000000e+01
8.300000000000000000e+01
6.700000000000000000e+01
6.600000000000000000e+01
3.500000000000000000e+01
4.200000000000000000e+01
4.100000000000000000e+01
2.700000000000000000e+01
1.700000000000000000e+01
3.000000000000000000e+01
5.000000000000000000e+00
1.700000000000000000e+01
2.900000000000000000e+01
3.900000000000000000e+01
3.700000000000000000e+01
4.100000000000000000e+01
1.000000000000000000e+01
2.000000000000000000e+00
5.000000000000000000e+00
1.400000000000000000e+01
-3.000000000000000000e+00
2.400000000000000000e+01
2.400000000000000000e+01
1.400000000000000000e+01
2.000000000000000000e+01
0.000000000000000000e+00
1.200000000000000000e+01
3.900000000000000000e+01
3.000000000000000000e+00
-1.000000000000000000e+00
2.000000000000000000e+01
3.100000000000000000e+01
2.000000000000000000e+00
3.100000000000000000e+01
1.300000000000000000e+01
1.500000000000000000e+01
2.300000000000000000e+01
3.100000000000000000e+01
9.000000000000000000e+00
1.500000000000000000e+01
-5.000000000000000000e+00
2.200000000000000000e+01
6.000000000000000000e+00
1.700000000000000000e+01
4.700000000000000000e+01
3.000000000000000000e+00
3.000000000000000000e+01
2.600000000000000000e+01
3.900000000000000000e+01
-1.400000000000000000e+01
3.900000000000000000e+01
9.000000000000000000e+00
-2.900000000000000000e+01
2.100000000000000000e+01
-1.000000000000000000e+01
2.600000000000000000e+01
2.100000000000000000e+01
0.000000000000000000e+00
1.400000000000000000e+01
1.200000000000000000e+01
2.000000000000000000e+00
2.200000000000000000e+01
5.000000000000000000e+00
3.100000000000000000e+01
1.000000000000000000e+01
3.600000000000000000e+01
8.000000000000000000e+00
-1.300000000000000000e+01
2.100000000000000000e+01
1.600000000000000000e+01
4.300000000000000000e+01
1.700000000000000000e+01
1.700000000000000000e+01
5.000000000000000000e+00
2.500000000000000000e+01
7.000000000000000000e+00
2.600000000000000000e+01
5.800000000000000000e+01
3.100000000000000000e+01
-1.000000000000000000e+00
1.900000000000000000e+01
2.600000000000000000e+01
4.000000000000000000e+00
3.000000000000000000e+00
1.900000000000000000e+01
1.000000000000000000e+01
1.800000000000000000e+01
7.000000000000000000e+00
1.900000000000000000e+01
2.000000000000000000e+00
1.700000000000000000e+01
-3.000000000000000000e+00
1.000000000000000000e+01
-6.000000000000000000e+00
2.700000000000000000e+01
2.600000000000000000e+01
2.000000000000000000e+00
1.800000000000000000e+01
-7.000000000000000000e+00
2.900000000000000000e+01
2.100000000000000000e+01
5.400000000000000000e+01
-3.000000000000000000e+00
8.000000000000000000e+00
1.300000000000000000e+01
3.400000000000000000e+01
-7.000000000000000000e+00
-7.000000000000000000e+00
3.100000000000000000e+01
-1.200000000000000000e+01
2.400000000000000000e+01
1.500000000000000000e+01
1.000000000000000000e+00
4.000000000000000000e+01
6.000000000000000000e+00
2.200000000000000000e+01
-1.100000000000000000e+01
-1.000000000000000000e+00
1.100000000000000000e+01
1.700000000000000000e+01
6.000000000000000000e+00
5.000000000000000000e+00
-2.700000000000000000e+01
1.200000000000000000e+01
2.000000000000000000e+00
-7.000000000000000000e+00
3.000000000000000000e+00
-2.000000000000000000e+00
2.600000000000000000e+01
1.200000000000000000e+01
2.600000000000000000e+01
6.000000000000000000e+00
3.200000000000000000e+01
2.300000000000000000e+01
2.000000000000000000e+00
2.400000000000000000e+01
1.000000000000000000e+01
3.900000000000000000e+01
3.000000000000000000e+00
1.800000000000000000e+01
1.800000000000000000e+01
7.000000000000000000e+00
4.200000000000000000e+01
-1.000000000000000000e+00
-6.000000000000000000e+00
2.100000000000000000e+01
3.000000000000000000e+01
-1.000000000000000000e+00
-1.300000000000000000e+01
4.000000000000000000e+00
3.300000000000000000e+01
2.200000000000000000e+01
-1.000000000000000000e+00
6.000000000000000000e+00
1.100000000000000000e+01
8.000000000000000000e+00
2.100000000000000000e+01
3.300000000000000000e+01
-6.000000000000000000e+00
8.000000000000000000e+00
-2.000000000000000000e+00
1.800000000000000000e+01
-5.000000000000000000e+00
3.600000000000000000e+01
-1.300000000000000000e+01
9.000000000000000000e+00
3.900000000000000000e+01
-1.400000000000000000e+01
1.300000000000000000e+01
1.400000000000000000e+01
-1.500000000000000000e+01
3.300000000000000000e+01
6.000000000000000000e+00
2.000000000000000000e+00
2.800000000000000000e+01
4.000000000000000000e+01
2.300000000000000000e+01
-1.000000000000000000e+01
4.100000000000000000e+01
3.800000000000000000e+01
5.000000000000000000e+00
2.000000000000000000e+00
5.000000000000000000e+01
4.000000000000000000e+00
4.000000000000000000e+00
2.800000000000000000e+01
2.000000000000000000e+00
-1.000000000000000000e+01
1.000000000000000000e+01
2.000000000000000000e+01
0.000000000000000000e+00
2.600000000000000000e+01
-5.000000000000000000e+00
2.200000000000000000e+01
8.000000000000000000e+00
1.000000000000000000e+00
2.400000000000000000e+01
-5.000000000000000000e+00
2.600000000000000000e+01
3.000000000000000000e+00
-1.600000000000000000e+01
4.000000000000000000e+00
1.000000000000000000e+01
-1.700000000000000000e+01
3.200000000000000000e+01
3.900000000000000000e+01
6.000000000000000000e+00
1.900000000000000000e+01
3.000000000000000000e+00
2.200000000000000000e+01
1.100000000000000000e+01
-1.600000000000000000e+01
9.000000000000000000e+00
1.800000000000000000e+01
-3.000000000000000000e+00
-2.100000000000000000e+01
1.300000000000000000e+01
1.400000000000000000e+01
9.000000000000000000e+00
1.000000000000000000e+01
9.000000000000000000e+00
7.000000000000000000e+00
1.200000000000000000e+01
7.000000000000000000e+00
1.500000000000000000e+01
-1.000000000000000000e+01
3.000000000000000000e+00
3.500000000000000000e+01
2.000000000000000000e+00
1.600000000000000000e+01
7.000000000000000000e+00
1.300000000000000000e+01
1.200000000000000000e+01
-1.000000000000000000e+00
6.000000000000000000e+00
7.000000000000000000e+00
-4.000000000000000000e+00
-6.000000000000000000e+00
-1.000000000000000000e+01
3.000000000000000000e+01
1.000000000000000000e+01
-5.000000000000000000e+00
-1.600000000000000000e+01
-1.500000000000000000e+01
9.000000000000000000e+00
-2.000000000000000000e+01
5.000000000000000000e+00
7.000000000000000000e+00
-1.700000000000000000e+01
3.000000000000000000e+00
6.000000000000000000e+00
1.100000000000000000e+01
-4.000000000000000000e+00
-1.000000000000000000e+01
-2.700000000000000000e+01
2.100000000000000000e+01
-1.000000000000000000e+01
-1.900000000000000000e+01
1.600000000000000000e+01
-2.000000000000000000e+01
1.200000000000000000e+01
1.200000000000000000e+01
8.000000000000000000e+00
-1.000000000000000000e+01
1.300000000000000000e+01
-4.000000000000000000e+00
3.000000000000000000e+01
-1.500000000000000000e+01
-3.000000000000000000e+00
1.600000000000000000e+01
5.000000000000000000e+00
1.300000000000000000e+01
1.200000000000000000e+01
2.200000000000000000e+01
1.700000000000000000e+01
-6.000000000000000000e+00
2.700000000000000000e+01
1.700000000000000000e+01
7.000000000000000000e+00
1.500000000000000000e+01
-1.300000000000000000e+01
-2.000000000000000000e+00
1.000000000000000000e+00
2.400000000000000000e+01
5.000000000000000000e+00
2.300000000000000000e+01
4.000000000000000000e+00
-2.300000000000000000e+01
2.700000000000000000e+01
-1.100000000000000000e+01
2.000000000000000000e+00
9.000000000000000000e+00
-1.400000000000000000e+01
-1.000000000000000000e+01
-6.000000000000000000e+00
1.700000000000000000e+01
-6.000000000000000000e+00
8.000000000000000000e+00
3.700000000000000000e+01
8.000000000000000000e+00
-4.000000000000000000e+00
-2.000000000000000000e+00
1.300000000000000000e+01
-5.000000000000000000e+00
-7.000000000000000000e+00
1.100000000000000000e+01
-5.000000000000000000e+00
-5.000000000000000000e+00
-2.100000000000000000e+01
1.600000000000000000e+01
1.400000000000000000e+01
-4.000000000000000000e+00
3.000000000000000000e+00
-5.000000000000000000e+00
1.300000000000000000e+01
9.000000000000000000e+00
1.000000000000000000e+00
-2.000000000000000000e+00
-1.700000000000000000e+01
6.000000000000000000e+00
-1.000000000000000000e+00
-8.000000000000000000e+00
-2.000000000000000000e+00
2.000000000000000000e+00
-4.000000000000000000e+00
-7.000000000000000000e+00
3.000000000000000000e+00
-7.000000000000000000e+00
7.000000000000000000e+00
-1.800000000000000000e+01
3.800000000000000000e+01
-2.000000000000000000e+00
1.000000000000000000e+01
-6.000000000000000000e+00
4.300000000000000000e+01
1.000000000000000000e+00
-4.000000000000000000e+00
2.400000000000000000e+01
-1.300000000000000000e+01
1.500000000000000000e+01
2.800000000000000000e+01
-1.500000000000000000e+01
-9.000000000000000000e+00
-2.000000000000000000e+00
-4.000000000000000000e+00
8.000000000000000000e+00
2.500000000000000000e+01
-2.300000000000000000e+01
-2.000000000000000000e+01
-1.200000000000000000e+01
-2.000000000000000000e+00
-3.000000000000000000e+01
3.600000000000000000e+01
3.000000000000000000e+00
3.600000000000000000e+01
2.300000000000000000e+01
1.700000000000000000e+01
6.000000000000000000e+00
-2.600000000000000000e+01
3.000000000000000000e+01
7.000000000000000000e+00
1.000000000000000000e+00
-2.000000000000000000e+01
-9.000000000000000000e+00
1.300000000000000000e+01
-2.000000000000000000e+00
-1.500000000000000000e+01
-9.100000000000000000e+01
6.000000000000000000e+00
2.000000000000000000e+00
7.000000000000000000e+00
4.000000000000000000e+00
-1.300000000000000000e+01
-2.000000000000000000e+00
-2.100000000000000000e+01
-1.000000000000000000e+01
0.000000000000000000e+00
2.300000000000000000e+01
-5.000000000000000000e+00
1.200000000000000000e+01
-2.100000000000000000e+01
-8.000000000000000000e+00
-1.100000000000000000e+01
4.000000000000000000e+00
1.300000000000000000e+01
1.900000000000000000e+01
1.100000000000000000e+01
-2.000000000000000000e+00
7.000000000000000000e+00
6.000000000000000000e+00
-1.000000000000000000e+00
-3.000000000000000000e+00
-7.000000000000000000e+00
-1.400000000000000000e+01
2.400000000000000000e+01
8.000000000000000000e+00
-3.000000000000000000e+00
6.000000000000000000e+00
1.900000000000000000e+01
2.900000000000000000e+01
2.900000000000000000e+01
1.500000000000000000e+01
-1.800000000000000000e+01
-3.100000000000000000e+01
-1.000000000000000000e+00
2.000000000000000000e+00
1.700000000000000000e+01
-1.200000000000000000e+01
1.100000000000000000e+01
2.000000000000000000e+00
7.000000000000000000e+00
4.000000000000000000e+00
-1.000000000000000000e+00
7.000000000000000000e+00
2.000000000000000000e+00
1.600000000000000000e+01
3.400000000000000000e+01
9.000000000000000000e+00
3.000000000000000000e+00
2.000000000000000000e+00
-1.000000000000000000e+00
2.600000000000000000e+01
-4.000000000000000000e+00
1.000000000000000000e+01
5.000000000000000000e+00
-6.400000000000000000e+01
-1.000000000000000000e+00
1.300000000000000000e+01
1.000000000000000000e+00
4.600000000000000000e+01
1.200000000000000000e+01
-1.000000000000000000e+01
-1.700000000000000000e+01
2.300000000000000000e+01
7.000000000000000000e+00
1.400000000000000000e+01
-3.800000000000000000e+01
2.300000000000000000e+01
-4.000000000000000000e+00
-1.100000000000000000e+01
1.800000000000000000e+01
3.000000000000000000e+00
-1.500000000000000000e+01
1.200000000000000000e+01
4.000000000000000000e+00
-1.100000000000000000e+01
5.000000000000000000e+00
8.000000000000000000e+00
1.200000000000000000e+01
1.000000000000000000e+01
-4.000000000000000000e+00
1.400000000000000000e+01
5.000000000000000000e+00
-7.000000000000000000e+00
8.000000000000000000e+00
5.000000000000000000e+00
1.100000000000000000e+01
1.300000000000000000e+01
2.400000000000000000e+01
6.000000000000000000e+00
-1.700000000000000000e+01
-7.000000000000000000e+00
-7.000000000000000000e+00
-2.200000000000000000e+01
7.000000000000000000e+00
-6.000000000000000000e+00
-2.700000000000000000e+01
1.500000000000000000e+01
-1.400000000000000000e+01
-4.000000000000000000e+00
-1.800000000000000000e+01
-7.000000000000000000e+00
3.500000000000000000e+01
1.700000000000000000e+01
1.000000000000000000e+01
2.000000000000000000e+00
1.100000000000000000e+01
1.400000000000000000e+01
-2.200000000000000000e+01
3.000000000000000000e+00
1.400000000000000000e+01
-1.700000000000000000e+01
-4.000000000000000000e+00
1.600000000000000000e+01
-6.000000000000000000e+00
2.500000000000000000e+01
-1.000000000000000000e+00
-1.000000000000000000e+01
1.800000000000000000e+01
-3.600000000000000000e+01
-2.200000000000000000e+01
-4.000000000000000000e+00
1.000000000000000000e+00
1.000000000000000000e+00
3.000000000000000000e+00
-5.000000000000000000e+00
-4.000000000000000000e+00
2.300000000000000000e+01
-7.000000000000000000e+00
-1.700000000000000000e+01
3.000000000000000000e+00
2.300000000000000000e+01
-1.800000000000000000e+01
2.000000000000000000e+00
2.000000000000000000e+00
8.000000000000000000e+00
2.800000000000000000e+01
-2.000000000000000000e+00
1.900000000000000000e+01
-1.500000000000000000e+01
-1.900000000000000000e+01
1.000000000000000000e+00
-3.400000000000000000e+01
-2.000000000000000000e+01
2.400000000000000000e+01
-1.000000000000000000e+01
-1.500000000000000000e+01
1.800000000000000000e+01
1.300000000000000000e+01
-8.000000000000000000e+00
2.100000000000000000e+01
-8.000000000000000000e+00
3.400000000000000000e+01
2.800000000000000000e+01
-1.000000000000000000e+00
3.300000000000000000e+01
1.900000000000000000e+01
-8.000000000000000000e+00
0.000000000000000000e+00
1.900000000000000000e+01
-1.000000000000000000e+01
-1.000000000000000000e+00
2.000000000000000000e+00
1.800000000000000000e+01
3.000000000000000000e+01
3.300000000000000000e+01
1.400000000000000000e+01
-1.400000000000000000e+01
-2.000000000000000000e+01
3.400000000000000000e+01
-2.000000000000000000e+00
-1.200000000000000000e+01
9.000000000000000000e+00
-2.400000000000000000e+01
1.000000000000000000e+00
1.000000000000000000e+01
-1.700000000000000000e+01
3.000000000000000000e+00
-7.000000000000000000e+00
7.000000000000000000e+00
-5.000000000000000000e+00
7.000000000000000000e+00
-4.000000000000000000e+00
4.000000000000000000e+00
-5.000000000000000000e+00
-3.000000000000000000e+00
4.000000000000000000e+00
1.100000000000000000e+01
-2.000000000000000000e+00
1.000000000000000000e+01
9.000000000000000000e+00
7.000000000000000000e+00
1.000000000000000000e+01
-1.600000000000000000e+01
3.000000000000000000e+00
-1.400000000000000000e+01
-1.400000000000000000e+01
9.000000000000000000e+00
-1.700000000000000000e+01
-5.000000000000000000e+00
6.000000000000000000e+00
1.700000000000000000e+01
4.000000000000000000e+00
-8.000000000000000000e+00
2.300000000000000000e+01
-9.000000000000000000e+00
-1.000000000000000000e+00
2.000000000000000000e+00
-1.200000000000000000e+01
2.000000000000000000e+00
9.000000000000000000e+00
-1.000000000000000000e+00
-2.000000000000000000e+00
4.000000000000000000e+00
-3.000000000000000000e+00
3.700000000000000000e+01
1.300000000000000000e+01
8.000000000000000000e+00
-1.600000000000000000e+01
5.000000000000000000e+00
-1.000000000000000000e+00
-1.200000000000000000e+01
-1.500000000000000000e+01
2.000000000000000000e+01
-9.000000000000000000e+00
6.000000000000000000e+00
5.000000000000000000e+00
-1.000000000000000000e+00
-3.000000000000000000e+00
-7.000000000000000000e+00
6.000000000000000000e+00
-1.000000000000000000e+00
-3.000000000000000000e+00
8.000000000000000000e+00
-1.400000000000000000e+01
-2.100000000000000000e+01
-3.000000000000000000e+00
-1.000000000000000000e+01
-3.000000000000000000e+00
-2.000000000000000000e+00
-1.000000000000000000e+01
1.000000000000000000e+00
-1.500000000000000000e+01
1.600000000000000000e+01
-2.200000000000000000e+01
-1.900000000000000000e+01
-2.000000000000000000e+00
5.000000000000000000e+00
2.000000000000000000e+00
8.000000000000000000e+00
-2.000000000000000000e+01
-1.500000000000000000e+01
-1.100000000000000000e+01
-2.100000000000000000e+01
0.000000000000000000e+00
2.100000000000000000e+01
-8.000000000000000000e+00
7.000000000000000000e+00
-1.400000000000000000e+01
1.700000000000000000e+01
1.100000000000000000e+01
1.500000000000000000e+01
5.000000000000000000e+00
5.000000000000000000e+00
2.200000000000000000e+01
-4.000000000000000000e+00
-3.900000000000000000e+01
9.000000000000000000e+00
3.000000000000000000e+00
-1.300000000000000000e+01
-4.000000000000000000e+00
1.200000000000000000e+01
-8.000000000000000000e+00
-1.200000000000000000e+01
7.000000000000000000e+00
1.600000000000000000e+01
-3.000000000000000000e+00
1.000000000000000000e+01
-1.300000000000000000e+01
6.000000000000000000e+00
-2.000000000000000000e+01
3.200000000000000000e+01
-4.000000000000000000e+00
0.000000000000000000e+00
6.000000000000000000e+00
2.000000000000000000e+01
0.000000000000000000e+00
-1.100000000000000000e+01
8.000000000000000000e+00
1.500000000000000000e+01
-2.000000000000000000e+01
-1.600000000000000000e+01
-2.000000000000000000e+01
-2.000000000000000000e+00
-2.300000000000000000e+01
6.000000000000000000e+00
-3.100000000000000000e+01
-6.000000000000000000e+00
9.000000000000000000e+00
-5.000000000000000000e+00
-2.700000000000000000e+01
1.900000000000000000e+01
-4.000000000000000000e+00
4.200000000000000000e+01
-3.000000000000000000e+00
9.000000000000000000e+00
-1.300000000000000000e+01
8.000000000000000000e+00
-1.300000000000000000e+01
1.200000000000000000e+01
-1.400000000000000000e+01
-7.000000000000000000e+00
1.600000000000000000e+01
-3.800000000000000000e+01
-4.000000000000000000e+00
0.000000000000000000e+00
-2.100000000000000000e+01
1.600000000000000000e+01
1.600000000000000000e+01
5.000000000000000000e+00
-2.200000000000000000e+01
1.900000000000000000e+01
5.000000000000000000e+00
5.000000000000000000e+00
-1.200000000000000000e+01
-1.900000000000000000e+01
8.000000000000000000e+00
1.700000000000000000e+01
-1.000000000000000000e+00
4.000000000000000000e+00
-1.000000000000000000e+00
5.000000000000000000e+00
1.200000000000000000e+01
-2.900000000000000000e+01
-4.000000000000000000e+00
-1.400000000000000000e+01
0.000000000000000000e+00
5.000000000000000000e+00
2.200000000000000000e+01
-3.800000000000000000e+01
4.000000000000000000e+00
2.800000000000000000e+01
5.000000000000000000e+00
1.700000000000000000e+01
3.100000000000000000e+01
2.200000000000000000e+01
-7.000000000000000000e+00
-2.000000000000000000e+00
7.000000000000000000e+00
-1.100000000000000000e+01
-5.000000000000000000e+00
-1.500000000000000000e+01
4.000000000000000000e+00
-2.000000000000000000e+01
-5.000000000000000000e+00
-5.000000000000000000e+00
-1.200000000000000000e+01
-7.000000000000000000e+00
-1.400000000000000000e+01
-5.000000000000000000e+00
-2.000000000000000000e+00
1.500000000000000000e+01
1.600000000000000000e+01
2.500000000000000000e+01
7.000000000000000000e+00
3.000000000000000000e+01
-4.000000000000000000e+00
1.000000000000000000e+00
1.400000000000000000e+01
-6.000000000000000000e+00
1.600000000000000000e+01
1.300000000000000000e+01
-2.900000000000000000e+01
-2.200000000000000000e+01
2.100000000000000000e+01
-1.000000000000000000e+00
2.200000000000000000e+01
2.000000000000000000e+01
1.100000000000000000e+01
8.000000000000000000e+00
-1.100000000000000000e+01
1.300000000000000000e+01
2.200000000000000000e+01
-7.000000000000000000e+00
7.000000000000000000e+00
6.000000000000000000e+00
1.000000000000000000e+01
-2.000000000000000000e+00
-2.000000000000000000e+00
-1.100000000000000000e+01
-9.000000000000000000e+00
6.000000000000000000e+00
2.000000000000000000e+00
1.600000000000000000e+01
2.500000000000000000e+01
3.000000000000000000e+00
1.300000000000000000e+01
-3.000000000000000000e+00
9.000000000000000000e+00
3.000000000000000000e+00
-2.700000000000000000e+01
1.200000000000000000e+01
-8.000000000000000000e+00
1.200000000000000000e+01
2.900000000000000000e+01
-1.200000000000000000e+01
1.600000000000000000e+01
4.100000000000000000e+01
2.400000000000000000e+01
8.000000000000000000e+00
3.900000000000000000e+01
2.800000000000000000e+01
5.700000000000000000e+01
3.000000000000000000e+00
5.900000000000000000e+01
2.800000000000000000e+01
2.100000000000000000e+01
3.700000000000000000e+01
5.000000000000000000e+01
1.600000000000000000e+01
3.000000000000000000e+01
5.000000000000000000e+01
2.500000000000000000e+01
6.000000000000000000e+01
6.000000000000000000e+01
4.200000000000000000e+01
4.500000000000000000e+01
5.000000000000000000e+01
6.000000000000000000e+01
4.900000000000000000e+01
6.100000000000000000e+01
5.500000000000000000e+01
1.160000000000000000e+02
6.300000000000000000e+01
1.070000000000000000e+02
1.090000000000000000e+02
1.000000000000000000e+02
8.200000000000000000e+01
1.350000000000000000e+02
1.220000000000000000e+02
1.190000000000000000e+02
1.190000000000000000e+02
1.320000000000000000e+02
1.440000000000000000e+02
1.570000000000000000e+02
1.960000000000000000e+02
1.860000000000000000e+02
1.720000000000000000e+02
2.200000000000000000e+02
2.470000000000000000e+02
2.440000000000000000e+02
2.440000000000000000e+02
3.070000000000000000e+02
2.820000000000000000e+02
3.070000000000000000e+02
2.900000000000000000e+02
3.280000000000000000e+02
3.460000000000000000e+02
3.330000000000000000e+02
3.600000000000000000e+02
3.560000000000000000e+02
3.730000000000000000e+02
4.030000000000000000e+02
4.040000000000000000e+02
4.180000000000000000e+02
4.530000000000000000e+02
4.990000000000000000e+02
5.050000000000000000e+02
5.530000000000000000e+02
5.600000000000000000e+02
5.960000000000000000e+02
5.920000000000000000e+02
6.510000000000000000e+02
7.150000000000000000e+02
6.810000000000000000e+02
6.950000000000000000e+02
7.560000000000000000e+02
7.960000000000000000e+02
7.940000000000000000e+02
7.990000000000000000e+02
7.870000000000000000e+02
8.320000000000000000e+02
8.860000000000000000e+02
8.930000000000000000e+02
9.110000000000000000e+02
9.720000000000000000e+02
9.550000000000000000e+02
9.760000000000000000e+02
1.028000000000000000e+03
1.041000000000000000e+03
1.098000000000000000e+03
1.033000000000000000e+03
1.120000000000000000e+03
1.101000000000000000e+03
1.164000000000000000e+03
1.149000000000000000e+03
1.139000000000000000e+03
1.166000000000000000e+03
1.216000000000000000e+03
1.206000000000000000e+03
1.209000000000000000e+03
1.253000000000000000e+03
1.259000000000000000e+03
1.283000000000000000e+03
1.262000000000000000e+03
1.335000000000000000e+03
1.351000000000000000e+03
1.350000000000000000e+03
1.312000000000000000e+03
1.329000000000000000e+03
1.353000000000000000e+03
1.382000000000000000e+03
1.439000000000000000e+03
1.410000000000000000e+03
1.414000000000000000e+03
1.417000000000000000e+03
1.407000000000000000e+03
1.406000000000000000e+03
1.394000000000000000e+03
1.352000000000000000e+03
1.333000000000000000e+03
1.338000000000000000e+03
1.344000000000000000e+03
1.310000000000000000e+03
1.325000000000000000e+03
1.241000000000000000e+03
1.243000000000000000e+03
1.199000000000000000e+03
1.234000000000000000e+03
1.189000000000000000e+03
1.189000000000000000e+03
1.185000000000000000e+03
1.181000000000000000e+03
1.157000000000000000e+03
1.143000000000000000e+03
1.124000000000000000e+03
1.156000000000000000e+03
1.173000000000000000e+03
1.125000000000000000e+03
1.099000000000000000e+03
1.108000000000000000e+03
1.107000000000000000e+03
1.067000000000000000e+03
1.083000000000000000e+03
1.041000000000000000e+03
9.740000000000000000e+02
1.026000000000000000e+03
1.042000000000000000e+03
9.840000000000000000e+02
9.240000000000000000e+02
9.450000000000000000e+02
9.390000000000000000e+02
8.930000000000000000e+02
8.760000000000000000e+02
8.590000000000000000e+02
8.500000000000000000e+02
8.080000000000000000e+02
7.860000000000000000e+02
7.170000000000000000e+02
7.160000000000000000e+02
6.760000000000000000e+02
7.110000000000000000e+02
6.290000000000000000e+02
6.550000000000000000e+02
6.170000000000000000e+02
6.310000000000000000e+02
6.070000000000000000e+02
6.050000000000000000e+02
5.960000000000000000e+02
5.760000000000000000e+02
4.960000000000000000e+02
5.050000000000000000e+02
5.070000000000000000e+02
5.100000000000000000e+02
4.690000000000000000e+02
4.610000000000000000e+02
4.250000000000000000e+02
4.130000000000000000e+02
4.020000000000000000e+02
4.150000000000000000e+02
3.990000000000000000e+02
3.460000000000000000e+02
3.660000000000000000e+02
3.590000000000000000e+02
2.680000000000000000e+02
3.260000000000000000e+02
2.710000000000000000e+02
2.350000000000000000e+02
2.740000000000000000e+02
2.460000000000000000e+02
2.220000000000000000e+02
2.330000000000000000e+02
1.980000000000000000e+02
2.150000000000000000e+02
2.090000000000000000e+02
1.920000000000000000e+02
1.850000000000000000e+02
1.700000000000000000e+02
2.040000000000000000e+02
1.610000000000000000e+02
1.730000000000000000e+02
1.430000000000000000e+02
1.620000000000000000e+02
1.450000000000000000e+02
1.250000000000000000e+02
1.480000000000000000e+02
1.150000000000000000e+02
1.170000000000000000e+02
1.080000000000000000e+02
1.000000000000000000e+02
8.300000000000000000e+01
1.050000000000000000e+02
1.010000000000000000e+02
1.010000000000000000e+02
8.500000000000000000e+01
8.300000000000000000e+01
5.600000000000000000e+01
6.200000000000000000e+01
5.700000000000000000e+01
9.000000000000000000e+01
6.800000000000000000e+01
4.100000000000000000e+01
-1.000000000000000000e+00
2.100000000000000000e+01
2.800000000000000000e+01
3.900000000000000000e+01
3.000000000000000000e+01
4.600000000000000000e+01
5.100000000000000000e+01
4.000000000000000000e+01
6.300000000000000000e+01
4.400000000000000000e+01
2.600000000000000000e+01
6.000000000000000000e+00
2.000000000000000000e+00
5.400000000000000000e+01
2.100000000000000000e+01
2.700000000000000000e+01
3.100000000000000000e+01
4.100000000000000000e+01
2.800000000000000000e+01
3.300000000000000000e+01
3.000000000000000000e+00
3.000000000000000000e+01
1.500000000000000000e+01
5.000000000000000000e+00
1.100000000000000000e+01
1.100000000000000000e+01
-6.000000000000000000e+00
-2.100000000000000000e+01
3.600000000000000000e+01
3.000000000000000000e+01
-9.000000000000000000e+00
-7.000000000000000000e+00
-1.700000000000000000e+01
3.600000000000000000e+01
1.200000000000000000e+01
5.000000000000000000e+00
-9.000000000000000000e+00
2.000000000000000000e+00
1.600000000000000000e+01
2.400000000000000000e+01
7.000000000000000000e+00
1.900000000000000000e+01
1.000000000000000000e+01
-7.000000000000000000e+00
2.500000000000000000e+01
5.000000000000000000e+00
3.000000000000000000e+00
1.000000000000000000e+01
3.000000000000000000e+01
8.000000000000000000e+00
1.500000000000000000e+01
3.000000000000000000e+00
0.000000000000000000e+00
-1.100000000000000000e+01
-8.000000000000000000e+00
8.000000000000000000e+00
-9.000000000000000000e+00
6.000000000000000000e+00
1.300000000000000000e+01
-1.300000000000000000e+01
1.000000000000000000e+00
1.700000000000000000e+01
3.600000000000000000e+01
1.000000000000000000e+01
1.000000000000000000e+00
-1.000000000000000000e+00
0.000000000000000000e+00
-9.000000000000000000e+00
-1.200000000000000000e+01
-6.000000000000000000e+00
1.000000000000000000e+00
1.200000000000000000e+01
8.000000000000000000e+00
-1.000000000000000000e+00
-7.000000000000000000e+00
-1.000000000000000000e+00
-6.000000000000000000e+00
1.100000000000000000e+01
-2.000000000000000000e+01
-1.630000000000000000e+02
3.000000000000000000e+00
-1.000000000000000000e+01
7.000000000000000000e+00
-9.000000000000000000e+00
7.000000000000000000e+00
2.000000000000000000e+00
3.100000000000000000e+01
1.700000000000000000e+01
-1.500000000000000000e+01
2.000000000000000000e+00
-9.000000000000000000e+00
1.800000000000000000e+01
4.000000000000000000e+00
3.900000000000000000e+01
-1.000000000000000000e+00
-3.000000000000000000e+00
-5.000000000000000000e+00
-1.000000000000000000e+00
