-4.000000000000000000e+00
1.000000000000000000e+00
-9.000000000000000000e+00
-1.000000000000000000e+00
-1.100000000000000000e+01
-4.400000000000000000e+01
-1.400000000000000000e+01
-2.300000000000000000e+01
-1.000000000000000000e+00
-1.300000000000000000e+01
-1.900000000000000000e+01
2.300000000000000000e+01
-2.000000000000000000e+00
-2.000000000000000000e+00
4.000000000000000000e+00
-5.000000000000000000e+00
-1.600000000000000000e+01
-1.600000000000000000e+01
-1.900000000000000000e+01
-2.700000000000000000e+01
-2.600000000000000000e+01
-1.000000000000000000e+00
-2.300000000000000000e+01
1.500000000000000000e+01
-1.300000000000000000e+01
-7.000000000000000000e+00
-1.900000000000000000e+01
-2.000000000000000000e+01
-2.100000000000000000e+01
-3.900000000000000000e+01
-3.400000000000000000e+01
-3.300000000000000000e+01
-2.700000000000000000e+01
-3.100000000000000000e+01
1.100000000000000000e+01
-1.400000000000000000e+01
-2.800000000000000000e+01
7.000000000000000000e+00
-1.300000000000000000e+01
-2.800000000000000000e+01
-2.900000000000000000e+01
-1.200000000000000000e+01
-4.000000000000000000e+01
2.000000000000000000e+00
-4.000000000000000000e+00
-5.500000000000000000e+01
-9.000000000000000000e+00
-4.300000000000000000e+01
-2.900000000000000000e+01
-1.400000000000000000e+01
-3.900000000000000000e+01
-1.700000000000000000e+01
-3.900000000000000000e+01
-1.800000000000000000e+01
-2.600000000000000000e+01
-5.300000000000000000e+01
-2.100000000000000000e+01
-1.600000000000000000e+01
1.700000000000000000e+01
-1.800000000000000000e+01
-9.000000000000000000e+00
-3.900000000000000000e+01
-5.300000000000000000e+01
-1.200000000000000000e+01
3.000000000000000000e+00
-8.000000000000000000e+00
-2.000000000000000000e+01
-1.300000000000000000e+01
-2.500000000000000000e+01
8.000000000000000000e+00
-3.100000000000000000e+01
-4.000000000000000000e+00
-3.000000000000000000e+00
-1.300000000000000000e+01
0.000000000000000000e+00
-2.300000000000000000e+01
5.000000000000000000e+00
-1.800000000000000000e+01
1.200000000000000000e+01
-1.000000000000000000e+00
-2.400000000000000000e+01
-6.000000000000000000e+00
-3.900000000000000000e+01
-2.600000000000000000e+01
-1.000000000000000000e+00
-3.300000000000000000e+01
-1.200000000000000000e+01
-6.000000000000000000e+00
1.000000000000000000e+01
-1.700000000000000000e+01
-4.600000000000000000e+01
-5.100000000000000000e+01
-1.600000000000000000e+01
-2.400000000000000000e+01
0.000000000000000000e+00
-1.900000000000000000e+01
-2.100000000000000000e+01
-5.200000000000000000e+01
-6.100000000000000000e+01
1.200000000000000000e+01
-3.000000000000000000e+00
-5.100000000000000000e+01
-6.400000000000000000e+01
-2.300000000000000000e+01
-6.000000000000000000e+00
-3.000000000000000000e+00
-3.200000000000000000e+01
-2.600000000000000000e+01
3.000000000000000000e+00
-2.800000000000000000e+01
-2.700000000000000000e+01
-1.500000000000000000e+01
-3.300000000000000000e+01
-2.800000000000000000e+01
-4.000000000000000000e+01
-3.300000000000000000e+01
-3.000000000000000000e+01
-3.300000000000000000e+01
9.000000000000000000e+00
-3.600000000000000000e+01
3.300000000000000000e+01
1.000000000000000000e+01
-2.800000000000000000e+01
-2.800000000000000000e+01
3.400000000000000000e+01
-2.400000000000000000e+01
-1.400000000000000000e+01
-2.600000000000000000e+01
-2.700000000000000000e+01
-1.700000000000000000e+01
-1.300000000000000000e+01
-3.400000000000000000e+01
-1.900000000000000000e+01
-3.000000000000000000e+00
-8.000000000000000000e+00
-6.000000000000000000e+00
-5.600000000000000000e+01
-3.800000000000000000e+01
-4.000000000000000000e+00
-2.200000000000000000e+01
-3.500000000000000000e+01
-2.800000000000000000e+01
1.000000000000000000e+00
-2.900000000000000000e+01
5.000000000000000000e+00
-2.400000000000000000e+01
-3.200000000000000000e+01
-2.000000000000000000e+00
-2.200000000000000000e+01
-1.600000000000000000e+01
-1.400000000000000000e+01
-3.500000000000000000e+01
-2.900000000000000000e+01
-1.100000000000000000e+01
-9.000000000000000000e+00
-5.500000000000000000e+01
-5.700000000000000000e+01
-4.200000000000000000e+01
-2.700000000000000000e+01
-4.100000000000000000e+01
-2.700000000000000000e+01
1.200000000000000000e+01
-1.600000000000000000e+01
-4.400000000000000000e+01
-4.100000000000000000e+01
2.100000000000000000e+01
-2.000000000000000000e+01
-2.300000000000000000e+01
0.000000000000000000e+00
-3.600000000000000000e+01
-7.300000000000000000e+01
-2.200000000000000000e+01
-3.600000000000000000e+01
-3.400000000000000000e+01
-1.400000000000000000e+01
-2.400000000000000000e+01
-9.000000000000000000e+00
-3.700000000000000000e+01
-1.800000000000000000e+01
-2.800000000000000000e+01
-7.000000000000000000e+00
-1.000000000000000000e+01
-3.700000000000000000e+01
-1.800000000000000000e+01
-7.000000000000000000e+00
-6.100000000000000000e+01
-3.500000000000000000e+01
-1.700000000000000000e+01
-1.600000000000000000e+01
-2.200000000000000000e+01
1.000000000000000000e+00
-9.000000000000000000e+00
-1.800000000000000000e+01
-8.000000000000000000e+00
-2.800000000000000000e+01
-3.000000000000000000e+01
-1.500000000000000000e+01
-2.600000000000000000e+01
-1.400000000000000000e+01
-2.500000000000000000e+01
-7.000000000000000000e+00
-2.500000000000000000e+01
-3.500000000000000000e+01
2.000000000000000000e+00
-3.400000000000000000e+01
-4.900000000000000000e+01
-4.100000000000000000e+01
-3.900000000000000000e+01
-3.500000000000000000e+01
7.000000000000000000e+00
5.000000000000000000e+00
-2.800000000000000000e+01
-5.100000000000000000e+01
-1.900000000000000000e+01
-2.700000000000000000e+01
-5.000000000000000000e+00
-8.000000000000000000e+00
-1.300000000000000000e+01
-3.100000000000000000e+01
-3.200000000000000000e+01
-3.300000000000000000e+01
-7.000000000000000000e+00
-2.500000000000000000e+01
-3.700000000000000000e+01
-4.300000000000000000e+01
-3.000000000000000000e+01
-1.800000000000000000e+01
-2.500000000000000000e+01
-2.300000000000000000e+01
-6.000000000000000000e+00
7.000000000000000000e+00
-2.200000000000000000e+01
-3.000000000000000000e+01
-1.100000000000000000e+01
-2.200000000000000000e+01
-2.000000000000000000e+00
-2.800000000000000000e+01
-6.000000000000000000e+00
-2.000000000000000000e+01
-3.600000000000000000e+01
-6.000000000000000000e+00
-4.000000000000000000e+01
-3.100000000000000000e+01
2.900000000000000000e+01
-2.700000000000000000e+01
-4.300000000000000000e+01
-3.100000000000000000e+01
-8.000000000000000000e+00
-2.000000000000000000e+00
-2.900000000000000000e+01
-1.800000000000000000e+01
-4.300000000000000000e+01
-1.000000000000000000e+00
-1.500000000000000000e+01
-8.000000000000000000e+00
-3.800000000000000000e+01
2.500000000000000000e+01
-9.000000000000000000e+00
-5.000000000000000000e+01
1.700000000000000000e+01
-2.800000000000000000e+01
-2.700000000000000000e+01
-2.500000000000000000e+01
-2.500000000000000000e+01
-1.200000000000000000e+01
-2.200000000000000000e+01
-1.800000000000000000e+01
-2.100000000000000000e+01
-3.600000000000000000e+01
-2.200000000000000000e+01
-1.700000000000000000e+01
-4.300000000000000000e+01
1.000000000000000000e+01
-4.000000000000000000e+00
-7.000000000000000000e+00
-4.700000000000000000e+01
-1.000000000000000000e+00
-2.500000000000000000e+01
-3.000000000000000000e+01
-1.200000000000000000e+01
-2.100000000000000000e+01
-3.900000000000000000e+01
-3.100000000000000000e+01
-1.500000000000000000e+01
1.000000000000000000e+00
-4.100000000000000000e+01
-1.200000000000000000e+01
-3.400000000000000000e+01
-3.000000000000000000e+00
-3.500000000000000000e+01
-1.000000000000000000e+01
-1.000000000000000000e+00
-3.500000000000000000e+01
-2.100000000000000000e+01
-3.700000000000000000e+01
2.100000000000000000e+01
-3.000000000000000000e+01
2.000000000000000000e+01
-1.600000000000000000e+01
-5.100000000000000000e+01
-1.700000000000000000e+01
-1.500000000000000000e+01
1.400000000000000000e+01
-4.800000000000000000e+01
-3.800000000000000000e+01
-7.000000000000000000e+00
-1.200000000000000000e+01
-2.000000000000000000e+01
-1.100000000000000000e+01
-2.500000000000000000e+01
-3.000000000000000000e+01
-1.600000000000000000e+01
-3.500000000000000000e+01
-7.000000000000000000e+00
-2.000000000000000000e+01
-2.100000000000000000e+01
-1.100000000000000000e+01
-3.100000000000000000e+01
-1.200000000000000000e+01
-3.000000000000000000e+01
-3.300000000000000000e+01
-9.000000000000000000e+00
3.000000000000000000e+00
-1.000000000000000000e+01
-1.700000000000000000e+01
-4.600000000000000000e+01
-1.200000000000000000e+01
-4.200000000000000000e+01
-3.200000000000000000e+01
-2.800000000000000000e+01
-2.000000000000000000e+01
-2.300000000000000000e+01
-1.600000000000000000e+01
-1.300000000000000000e+01
-1.800000000000000000e+01
-2.500000000000000000e+01
-2.000000000000000000e+00
-3.200000000000000000e+01
-1.300000000000000000e+01
-4.300000000000000000e+01
-2.400000000000000000e+01
-3.400000000000000000e+01
-2.800000000000000000e+01
-4.800000000000000000e+01
-4.700000000000000000e+01
-5.000000000000000000e+00
-1.900000000000000000e+01
-2.100000000000000000e+01
1.900000000000000000e+01
-1.300000000000000000e+01
-1.400000000000000000e+01
-7.000000000000000000e+00
-2.000000000000000000e+01
-4.700000000000000000e+01
-8.000000000000000000e+00
-4.200000000000000000e+01
1.000000000000000000e+01
1.000000000000000000e+00
-1.500000000000000000e+01
-1.600000000000000000e+01
-4.700000000000000000e+01
-1.200000000000000000e+01
-2.800000000000000000e+01
-3.100000000000000000e+01
8.000000000000000000e+00
0.000000000000000000e+00
-1.000000000000000000e+01
-2.400000000000000000e+01
-3.200000000000000000e+01
-1.500000000000000000e+01
-3.000000000000000000e+01
-3.300000000000000000e+01
-1.000000000000000000e+00
-3.000000000000000000e+01
0.000000000000000000e+00
-2.700000000000000000e+01
-1.900000000000000000e+01
-1.500000000000000000e+01
-4.500000000000000000e+01
-2.000000000000000000e+00
-1.200000000000000000e+01
-3.100000000000000000e+01
7.000000000000000000e+00
-1.000000000000000000e+00
-1.200000000000000000e+01
-3.900000000000000000e+01
-2.200000000000000000e+01
-4.000000000000000000e+00
-1.500000000000000000e+01
1.400000000000000000e+01
-1.000000000000000000e+01
9.000000000000000000e+00
-1.600000000000000000e+01
-4.500000000000000000e+01
-5.400000000000000000e+01
-3.100000000000000000e+01
-1.600000000000000000e+01
-4.500000000000000000e+01
1.500000000000000000e+01
-1.900000000000000000e+01
-2.000000000000000000e+01
-2.500000000000000000e+01
-6.200000000000000000e+01
7.000000000000000000e+00
-4.200000000000000000e+01
-3.300000000000000000e+01
-3.700000000000000000e+01
-1.000000000000000000e+01
-1.400000000000000000e+01
-4.100000000000000000e+01
9.000000000000000000e+00
4.000000000000000000e+00
-4.200000000000000000e+01
1.000000000000000000e+00
-1.200000000000000000e+01
-6.700000000000000000e+01
-2.000000000000000000e+01
-2.900000000000000000e+01
-2.600000000000000000e+01
-2.700000000000000000e+01
-2.400000000000000000e+01
-2.000000000000000000e+01
-4.600000000000000000e+01
-5.000000000000000000e+00
-2.000000000000000000e+01
-5.000000000000000000e+01
-3.300000000000000000e+01
1.000000000000000000e+01
-3.100000000000000000e+01
-1.100000000000000000e+01
-4.000000000000000000e+00
-3.300000000000000000e+01
-2.300000000000000000e+01
-1.900000000000000000e+01
-2.500000000000000000e+01
-1.800000000000000000e+01
-2.000000000000000000e+00
-5.100000000000000000e+01
3.200000000000000000e+01
-3.300000000000000000e+01
-2.800000000000000000e+01
-1.800000000000000000e+01
-1.000000000000000000e+01
-3.800000000000000000e+01
-4.200000000000000000e+01
-3.300000000000000000e+01
-2.100000000000000000e+01
-4.700000000000000000e+01
-3.100000000000000000e+01
-2.100000000000000000e+01
-1.800000000000000000e+01
-3.100000000000000000e+01
-4.200000000000000000e+01
-2.300000000000000000e+01
-2.000000000000000000e+01
-2.900000000000000000e+01
-3.600000000000000000e+01
-4.000000000000000000e+00
-4.300000000000000000e+01
-2.800000000000000000e+01
-1.500000000000000000e+01
-3.600000000000000000e+01
0.000000000000000000e+00
-1.200000000000000000e+01
-8.000000000000000000e+00
-3.300000000000000000e+01
-4.300000000000000000e+01
-3.600000000000000000e+01
-2.700000000000000000e+01
8.000000000000000000e+00
-2.400000000000000000e+01
-9.000000000000000000e+00
4.700000000000000000e+01
-1.000000000000000000e+01
-4.300000000000000000e+01
-6.000000000000000000e+00
-2.900000000000000000e+01
-2.000000000000000000e+01
-2.100000000000000000e+01
-4.700000000000000000e+01
-2.800000000000000000e+01
-5.000000000000000000e+01
-9.000000000000000000e+00
-3.700000000000000000e+01
-2.300000000000000000e+01
3.000000000000000000e+00
1.000000000000000000e+00
-1.800000000000000000e+01
-8.000000000000000000e+00
-2.800000000000000000e+01
-2.300000000000000000e+01
1.100000000000000000e+01
-2.200000000000000000e+01
-1.600000000000000000e+01
-3.800000000000000000e+01
-3.100000000000000000e+01
-3.300000000000000000e+01
-2.200000000000000000e+01
-2.000000000000000000e+01
-2.200000000000000000e+01
-3.000000000000000000e+00
-3.800000000000000000e+01
6.000000000000000000e+00
-4.000000000000000000e+00
1.700000000000000000e+01
-1.400000000000000000e+01
-2.900000000000000000e+01
-4.300000000000000000e+01
-5.000000000000000000e+00
-3.600000000000000000e+01
-3.100000000000000000e+01
-5.000000000000000000e+01
-2.700000000000000000e+01
-1.900000000000000000e+01
-2.400000000000000000e+01
-1.100000000000000000e+01
-3.200000000000000000e+01
-2.100000000000000000e+01
1.000000000000000000e+00
-3.000000000000000000e+01
8.000000000000000000e+00
-5.000000000000000000e+00
1.900000000000000000e+01
-3.000000000000000000e+01
9.000000000000000000e+00
1.200000000000000000e+01
1.400000000000000000e+01
2.700000000000000000e+01
9.000000000000000000e+00
1.300000000000000000e+01
2.200000000000000000e+01
6.500000000000000000e+01
3.700000000000000000e+01
4.900000000000000000e+01
7.300000000000000000e+01
3.000000000000000000e+01
3.700000000000000000e+01
2.300000000000000000e+01
3.900000000000000000e+01
2.600000000000000000e+01
4.000000000000000000e+01
4.300000000000000000e+01
1.300000000000000000e+01
3.600000000000000000e+01
4.400000000000000000e+01
-2.100000000000000000e+01
3.100000000000000000e+01
4.000000000000000000e+00
6.000000000000000000e+00
1.000000000000000000e+01
6.000000000000000000e+00
-7.000000000000000000e+00
4.000000000000000000e+01
-2.000000000000000000e+01
9.000000000000000000e+00
-1.600000000000000000e+01
2.200000000000000000e+01
-1.200000000000000000e+01
-3.600000000000000000e+01
-3.400000000000000000e+01
-6.400000000000000000e+01
-2.400000000000000000e+01
-3.900000000000000000e+01
-2.200000000000000000e+01
-1.600000000000000000e+01
4.000000000000000000e+00
-3.400000000000000000e+01
-1.100000000000000000e+01
-2.300000000000000000e+01
-1.800000000000000000e+01
1.100000000000000000e+01
-1.300000000000000000e+01
-3.600000000000000000e+01
8.000000000000000000e+00
3.000000000000000000e+00
-3.100000000000000000e+01
-6.000000000000000000e+00
-1.000000000000000000e+01
-1.000000000000000000e+01
-1.300000000000000000e+01
-2.400000000000000000e+01
-5.000000000000000000e+00
2.000000000000000000e+00
-4.000000000000000000e+01
-1.500000000000000000e+01
-1.700000000000000000e+01
-1.100000000000000000e+01
-4.100000000000000000e+01
-2.000000000000000000e+00
0.000000000000000000e+00
-1.100000000000000000e+01
-1.700000000000000000e+01
-2.500000000000000000e+01
-4.100000000000000000e+01
-5.000000000000000000e+00
-1.800000000000000000e+01
-2.600000000000000000e+01
-1.000000000000000000e+00
-2.400000000000000000e+01
1.000000000000000000e+00
-4.100000000000000000e+01
-3.500000000000000000e+01
-3.000000000000000000e+01
-4.200000000000000000e+01
-1.700000000000000000e+01
3.000000000000000000e+00
-4.200000000000000000e+01
-9.000000000000000000e+00
-1.800000000000000000e+01
-2.800000000000000000e+01
-1.800000000000000000e+01
-2.900000000000000000e+01
-1.900000000000000000e+01
-1.500000000000000000e+01
-4.000000000000000000e+01
-3.000000000000000000e+01
7.000000000000000000e+00
-9.000000000000000000e+00
-4.300000000000000000e+01
-1.400000000000000000e+01
-3.900000000000000000e+01
-2.300000000000000000e+01
-2.600000000000000000e+01
-1.300000000000000000e+01
1.600000000000000000e+01
7.000000000000000000e+00
-1.600000000000000000e+01
3.000000000000000000e+00
-2.300000000000000000e+01
-4.300000000000000000e+01
-2.600000000000000000e+01
-7.000000000000000000e+00
-7.000000000000000000e+00
-1.000000000000000000e+01
-2.000000000000000000e+00
-6.700000000000000000e+01
-2.000000000000000000e+01
0.000000000000000000e+00
-3.200000000000000000e+01
-3.700000000000000000e+01
-3.100000000000000000e+01
1.000000000000000000e+00
-3.000000000000000000e+01
-1.800000000000000000e+01
-1.900000000000000000e+01
-2.000000000000000000e+01
1.000000000000000000e+01
-5.200000000000000000e+01
6.000000000000000000e+00
-1.400000000000000000e+01
-9.000000000000000000e+00
-3.000000000000000000e+01
-3.400000000000000000e+01
-2.700000000000000000e+01
-3.900000000000000000e+01
-1.800000000000000000e+01
-3.000000000000000000e+00
-3.300000000000000000e+01
-4.700000000000000000e+01
-3.800000000000000000e+01
-2.500000000000000000e+01
-5.700000000000000000e+01
0.000000000000000000e+00
-3.000000000000000000e+00
-1.000000000000000000e+01
-2.900000000000000000e+01
-9.000000000000000000e+00
-2.400000000000000000e+01
-1.800000000000000000e+01
9.000000000000000000e+00
-2.000000000000000000e+01
-3.500000000000000000e+01
-1.900000000000000000e+01
6.000000000000000000e+00
-6.000000000000000000e+00
-1.200000000000000000e+01
-1.800000000000000000e+01
-4.000000000000000000e+00
-2.500000000000000000e+01
-7.000000000000000000e+00
2.000000000000000000e+00
-3.200000000000000000e+01
-1.000000000000000000e+00
-4.800000000000000000e+01
-2.800000000000000000e+01
-5.000000000000000000e+00
-1.400000000000000000e+01
-2.100000000000000000e+01
-1.500000000000000000e+01
-1.100000000000000000e+01
-1.700000000000000000e+01
-1.900000000000000000e+01
-1.900000000000000000e+01
-5.000000000000000000e+01
-1.200000000000000000e+01
-6.000000000000000000e+00
-2.300000000000000000e+01
-8.000000000000000000e+00
-5.000000000000000000e+00
-1.000000000000000000e+01
-5.000000000000000000e+00
-6.000000000000000000e+00
-2.700000000000000000e+01
-2.800000000000000000e+01
-2.400000000000000000e+01
-1.100000000000000000e+01
-2.000000000000000000e+01
-4.000000000000000000e+00
-2.200000000000000000e+01
8.000000000000000000e+00
-6.000000000000000000e+00
1.500000000000000000e+01
-1.500000000000000000e+01
-1.300000000000000000e+01
-1.900000000000000000e+01
-1.500000000000000000e+01
-9.000000000000000000e+00
-3.800000000000000000e+01
-1.400000000000000000e+01
-1.200000000000000000e+01
1.000000000000000000e+00
-2.700000000000000000e+01
-7.000000000000000000e+00
3.200000000000000000e+01
6.000000000000000000e+00
-1.000000000000000000e+01
-1.200000000000000000e+01
-3.500000000000000000e+01
-1.900000000000000000e+01
5.000000000000000000e+00
3.900000000000000000e+01
-2.100000000000000000e+01
-9.000000000000000000e+00
-1.400000000000000000e+01
-1.400000000000000000e+01
-5.100000000000000000e+01
-9.000000000000000000e+00
8.000000000000000000e+00
-3.000000000000000000e+00
-9.000000000000000000e+00
-7.000000000000000000e+00
2.000000000000000000e+00
-2.300000000000000000e+01
5.000000000000000000e+01
1.100000000000000000e+01
7.000000000000000000e+00
2.400000000000000000e+01
7.000000000000000000e+00
-1.800000000000000000e+01
-9.000000000000000000e+00
-3.000000000000000000e+01
-1.700000000000000000e+01
-1.000000000000000000e+00
3.000000000000000000e+00
3.000000000000000000e+01
-1.900000000000000000e+01
5.000000000000000000e+00
2.500000000000000000e+01
-1.400000000000000000e+01
-2.100000000000000000e+01
-1.500000000000000000e+01
1.100000000000000000e+01
-3.000000000000000000e+00
-2.700000000000000000e+01
-2.000000000000000000e+00
-8.000000000000000000e+00
1.900000000000000000e+01
0.000000000000000000e+00
-2.000000000000000000e+00
-1.900000000000000000e+01
-1.900000000000000000e+01
-3.000000000000000000e+00
-1.100000000000000000e+01
-2.000000000000000000e+01
-1.200000000000000000e+01
1.100000000000000000e+01
-2.800000000000000000e+01
-1.800000000000000000e+01
1.600000000000000000e+01
1.000000000000000000e+01
2.000000000000000000e+00
-2.100000000000000000e+01
7.000000000000000000e+00
-1.500000000000000000e+01
-5.000000000000000000e+00
-1.500000000000000000e+01
-8.000000000000000000e+00
-1.000000000000000000e+01
-1.000000000000000000e+01
-5.000000000000000000e+00
-4.300000000000000000e+01
-1.500000000000000000e+01
-2.000000000000000000e+01
-1.700000000000000000e+01
3.000000000000000000e+00
6.000000000000000000e+00
5.000000000000000000e+00
-1.100000000000000000e+01
-2.200000000000000000e+01
-1.200000000000000000e+01
-1.700000000000000000e+01
-1.000000000000000000e+00
1.800000000000000000e+01
1.400000000000000000e+01
3.300000000000000000e+01
-3.400000000000000000e+01
1.000000000000000000e+01
-8.000000000000000000e+00
-2.400000000000000000e+01
3.100000000000000000e+01
-1.200000000000000000e+01
-1.200000000000000000e+01
2.200000000000000000e+01
-1.100000000000000000e+01
-2.600000000000000000e+01
-9.000000000000000000e+00
3.000000000000000000e+01
0.000000000000000000e+00
-9.000000000000000000e+00
1.100000000000000000e+01
-2.200000000000000000e+01
1.600000000000000000e+01
1.900000000000000000e+01
-1.900000000000000000e+01
3.400000000000000000e+01
1.200000000000000000e+01
-4.000000000000000000e+00
4.100000000000000000e+01
3.000000000000000000e+00
2.000000000000000000e+00
1.200000000000000000e+01
2.900000000000000000e+01
-7.000000000000000000e+00
1.200000000000000000e+01
1.900000000000000000e+01
-9.000000000000000000e+00
2.700000000000000000e+01
6.000000000000000000e+00
3.000000000000000000e+01
-7.000000000000000000e+00
1.300000000000000000e+01
1.600000000000000000e+01
-1.000000000000000000e+00
2.100000000000000000e+01
-7.000000000000000000e+00
8.000000000000000000e+00
-2.600000000000000000e+01
-2.200000000000000000e+01
2.800000000000000000e+01
-1.300000000000000000e+01
-1.200000000000000000e+01
-7.000000000000000000e+00
5.000000000000000000e+00
-1.100000000000000000e+01
2.600000000000000000e+01
3.000000000000000000e+00
2.900000000000000000e+01
4.000000000000000000e+00
2.200000000000000000e+01
3.400000000000000000e+01
-8.000000000000000000e+00
9.000000000000000000e+00
1.100000000000000000e+01
-5.000000000000000000e+00
4.500000000000000000e+01
9.000000000000000000e+00
4.600000000000000000e+01
2.600000000000000000e+01
4.000000000000000000e+01
2.300000000000000000e+01
5.500000000000000000e+01
4.400000000000000000e+01
4.100000000000000000e+01
4.500000000000000000e+01
7.900000000000000000e+01
5.400000000000000000e+01
8.500000000000000000e+01
8.500000000000000000e+01
1.060000000000000000e+02
1.090000000000000000e+02
1.120000000000000000e+02
1.200000000000000000e+02
1.200000000000000000e+02
1.370000000000000000e+02
1.460000000000000000e+02
1.510000000000000000e+02
1.560000000000000000e+02
2.100000000000000000e+02
1.940000000000000000e+02
2.130000000000000000e+02
2.350000000000000000e+02
2.340000000000000000e+02
2.530000000000000000e+02
2.500000000000000000e+02
3.050000000000000000e+02
3.630000000000000000e+02
3.570000000000000000e+02
3.420000000000000000e+02
3.980000000000000000e+02
4.320000000000000000e+02
4.730000000000000000e+02
5.400000000000000000e+02
5.260000000000000000e+02
5.490000000000000000e+02
6.410000000000000000e+02
6.280000000000000000e+02
6.680000000000000000e+02
7.610000000000000000e+02
7.830000000000000000e+02
7.930000000000000000e+02
9.420000000000000000e+02
9.760000000000000000e+02
1.014000000000000000e+03
1.104000000000000000e+03
1.224000000000000000e+03
1.312000000000000000e+03
1.362000000000000000e+03
1.468000000000000000e+03
1.488000000000000000e+03
1.538000000000000000e+03
1.659000000000000000e+03
1.669000000000000000e+03
1.815000000000000000e+03
1.872000000000000000e+03
1.935000000000000000e+03
2.044000000000000000e+03
2.068000000000000000e+03
2.165000000000000000e+03
2.205000000000000000e+03
2.277000000000000000e+03
2.327000000000000000e+03
2.407000000000000000e+03
2.375000000000000000e+03
2.431000000000000000e+03
2.464000000000000000e+03
2.536000000000000000e+03
2.531000000000000000e+03
2.525000000000000000e+03
2.576000000000000000e+03
2.474000000000000000e+03
2.490000000000000000e+03
2.434000000000000000e+03
2.433000000000000000e+03
2.434000000000000000e+03
2.347000000000000000e+03
2.282000000000000000e+03
2.270000000000000000e+03
2.165000000000000000e+03
2.090000000000000000e+03
2.088000000000000000e+03
1.965000000000000000e+03
1.912000000000000000e+03
1.743000000000000000e+03
1.741000000000000000e+03
1.605000000000000000e+03
1.499000000000000000e+03
1.472000000000000000e+03
1.390000000000000000e+03
1.310000000000000000e+03
1.234000000000000000e+03
1.089000000000000000e+03
1.038000000000000000e+03
9.470000000000000000e+02
8.720000000000000000e+02
8.350000000000000000e+02
7.610000000000000000e+02
6.820000000000000000e+02
6.860000000000000000e+02
5.800000000000000000e+02
5.250000000000000000e+02
4.620000000000000000e+02
4.110000000000000000e+02
3.860000000000000000e+02
3.430000000000000000e+02
2.980000000000000000e+02
2.580000000000000000e+02
2.490000000000000000e+02
1.910000000000000000e+02
1.850000000000000000e+02
1.630000000000000000e+02
1.510000000000000000e+02
1.170000000000000000e+02
8.800000000000000000e+01
7.600000000000000000e+01
7.100000000000000000e+01
4.700000000000000000e+01
7.100000000000000000e+01
6.400000000000000000e+01
2.400000000000000000e+01
5.500000000000000000e+01
3.600000000000000000e+01
1.000000000000000000e+00
0.000000000000000000e+00
1.000000000000000000e+00
2.000000000000000000e+00
1.000000000000000000e+01
1.000000000000000000e+00
-3.000000000000000000e+00
6.000000000000000000e+00
-1.200000000000000000e+01
-4.000000000000000000e+00
-2.000000000000000000e+00
6.000000000000000000e+00
-7.000000000000000000e+00
-2.300000000000000000e+01
5.000000000000000000e+00
7.000000000000000000e+00
-1.700000000000000000e+01
2.600000000000000000e+01
-1.400000000000000000e+01
-1.800000000000000000e+01
-8.000000000000000000e+00
9.000000000000000000e+00
-6.000000000000000000e+00
-7.000000000000000000e+00
6.000000000000000000e+00
-5.000000000000000000e+00
-7.000000000000000000e+00
-1.800000000000000000e+01
-8.000000000000000000e+00
-1.200000000000000000e+01
-2.000000000000000000e+01
-8.000000000000000000e+00
1.400000000000000000e+01
-2.200000000000000000e+01
-2.000000000000000000e+01
1.700000000000000000e+01
-3.900000000000000000e+01
9.000000000000000000e+00
-1.400000000000000000e+01
-1.300000000000000000e+01
-1.500000000000000000e+01
1.000000000000000000e+00
-8.000000000000000000e+00
-8.000000000000000000e+00
-3.000000000000000000e+00
-1.100000000000000000e+01
-9.000000000000000000e+00
-7.000000000000000000e+00
-1.900000000000000000e+01
1.200000000000000000e+01
3.000000000000000000e+00
-6.000000000000000000e+00
-1.800000000000000000e+01
2.100000000000000000e+01
2.600000000000000000e+01
-2.400000000000000000e+01
-4.800000000000000000e+01
-1.500000000000000000e+01
5.000000000000000000e+00
-1.000000000000000000e+01
1.000000000000000000e+01
8.000000000000000000e+00
2.200000000000000000e+01
-2.200000000000000000e+01
-1.300000000000000000e+01
-2.900000000000000000e+01
-1.800000000000000000e+01
-8.000000000000000000e+00
2.300000000000000000e+01
-2.200000000000000000e+01
-2.400000000000000000e+01
5.000000000000000000e+00
-1.100000000000000000e+01
3.100000000000000000e+01
-1.500000000000000000e+01
6.000000000000000000e+00
0.000000000000000000e+00
2.300000000000000000e+01
-2.100000000000000000e+01
-3.500000000000000000e+01
-1.100000000000000000e+01
1.300000000000000000e+01
2.000000000000000000e+00
-8.000000000000000000e+00
0.000000000000000000e+00
3.000000000000000000e+00
-1.400000000000000000e+01
-6.000000000000000000e+00
-1.800000000000000000e+01
-8.000000000000000000e+00
1.000000000000000000e+00
-1.200000000000000000e+01
-1.900000000000000000e+01
1.000000000000000000e+01
9.000000000000000000e+00
-3.200000000000000000e+01
-2.600000000000000000e+01
4.000000000000000000e+00
-5.000000000000000000e+00
1.000000000000000000e+00
-2.600000000000000000e+01
3.000000000000000000e+00
2.000000000000000000e+00
-3.000000000000000000e+00
-2.900000000000000000e+01
-6.000000000000000000e+00
-9.000000000000000000e+00
-1.900000000000000000e+01
4.100000000000000000e+01
-4.000000000000000000e+00
-1.400000000000000000e+01
-2.500000000000000000e+01
-9.000000000000000000e+00
-5.000000000000000000e+00
-4.500000000000000000e+01
-2.600000000000000000e+01
1.900000000000000000e+01
-2.400000000000000000e+01
1.000000000000000000e+00
-1.000000000000000000e+00
-3.000000000000000000e+01
-1.900000000000000000e+01
-5.000000000000000000e+00
8.000000000000000000e+00
-7.000000000000000000e+00
-1.400000000000000000e+01
-3.900000000000000000e+01
-3.000000000000000000e+00
-3.800000000000000000e+01
-1.100000000000000000e+01
-2.000000000000000000e+01
2.300000000000000000e+01
-1.000000000000000000e+01
3.200000000000000000e+01
1.200000000000000000e+01
1.000000000000000000e+01
-9.000000000000000000e+00
-5.000000000000000000e+00
9.000000000000000000e+00
-6.000000000000000000e+00
-1.700000000000000000e+01
1.200000000000000000e+01
0.000000000000000000e+00
-2.100000000000000000e+01
1.000000000000000000e+01
-2.700000000000000000e+01
-1.400000000000000000e+01
-2.700000000000000000e+01
-1.800000000000000000e+01
-1.000000000000000000e+01
6.000000000000000000e+00
-2.900000000000000000e+01
1.800000000000000000e+01
2.100000000000000000e+01
1.900000000000000000e+01
-5.000000000000000000e+00
-5.000000000000000000e+00
6.000000000000000000e+00
-1.300000000000000000e+01
0.000000000000000000e+00
-2.000000000000000000e+01
-1.800000000000000000e+01
9.000000000000000000e+00
-1.700000000000000000e+01
-7.000000000000000000e+00
-8.000000000000000000e+00
-3.600000000000000000e+01
4.000000000000000000e+00
-2.000000000000000000e+01
-3.700000000000000000e+01
-1.300000000000000000e+01
1.500000000000000000e+01
0.000000000000000000e+00
8.000000000000000000e+00
6.000000000000000000e+00
-1.900000000000000000e+01
-1.500000000000000000e+01
2.000000000000000000e+00
-2.000000000000000000e+00
7.000000000000000000e+00
5.000000000000000000e+00
-2.800000000000000000e+01
-1.500000000000000000e+01
-1.400000000000000000e+01
-1.600000000000000000e+01
-5.000000000000000000e+00
0.000000000000000000e+00
-3.700000000000000000e+01
-9.000000000000000000e+00
-2.000000000000000000e+00
-1.000000000000000000e+01
0.000000000000000000e+00
-1.500000000000000000e+01
-1.900000000000000000e+01
-1.000000000000000000e+00
3.000000000000000000e+00
-1.600000000000000000e+01
-2.200000000000000000e+01
-6.000000000000000000e+00
-2.100000000000000000e+01
-5.000000000000000000e+00
-3.300000000000000000e+01
-3.000000000000000000e+00
0.000000000000000000e+00
1.300000000000000000e+01
-2.000000000000000000e+00
5.000000000000000000e+00
-4.400000000000000000e+01
-6.000000000000000000e+00
-1.300000000000000000e+01
-1.200000000000000000e+01
1.000000000000000000e+00
-1.600000000000000000e+01
-7.000000000000000000e+00
-4.600000000000000000e+01
-3.200000000000000000e+01
2.400000000000000000e+01
-2.100000000000000000e+01
-1.700000000000000000e+01
-2.600000000000000000e+01
-4.400000000000000000e+01
-2.600000000000000000e+01
-2.000000000000000000e+00
-2.000000000000000000e+00
-3.200000000000000000e+01
-4.300000000000000000e+01
9.000000000000000000e+00
-4.000000000000000000e+00
-1.100000000000000000e+01
-8.000000000000000000e+00
1.400000000000000000e+01
-1.000000000000000000e+01
-1.000000000000000000e+01
-2.500000000000000000e+01
-5.000000000000000000e+01
-1.000000000000000000e+01
-4.300000000000000000e+01
1.100000000000000000e+01
-2.800000000000000000e+01
-2.000000000000000000e+01
9.000000000000000000e+00
-1.400000000000000000e+01
-1.400000000000000000e+01
-2.700000000000000000e+01
-1.600000000000000000e+01
-6.000000000000000000e+00
2.000000000000000000e+00
-3.000000000000000000e+01
-9.000000000000000000e+00
1.000000000000000000e+00
-1.000000000000000000e+01
-1.200000000000000000e+01
-1.400000000000000000e+01
-1.900000000000000000e+01
-2.600000000000000000e+01
-8.000000000000000000e+00
-7.000000000000000000e+00
-3.100000000000000000e+01
-2.600000000000000000e+01
3.000000000000000000e+00
-1.100000000000000000e+01
-7.000000000000000000e+00
7.000000000000000000e+00
-3.000000000000000000e+00
1.600000000000000000e+01
4.000000000000000000e+00
-2.800000000000000000e+01
-2.400000000000000000e+01
-1.900000000000000000e+01
0.000000000000000000e+00
1.000000000000000000e+00
3.000000000000000000e+00
-1.400000000000000000e+01
2.000000000000000000e+00
-1.300000000000000000e+01
-3.000000000000000000e+01
-4.000000000000000000e+00
-2.700000000000000000e+01
-4.000000000000000000e+00
-1.200000000000000000e+01
-7.000000000000000000e+00
-3.200000000000000000e+01
-1.500000000000000000e+01
-1.200000000000000000e+01
-1.100000000000000000e+01
-3.100000000000000000e+01
-7.000000000000000000e+00
-5.000000000000000000e+00
1.000000000000000000e+00
-2.700000000000000000e+01
-1.100000000000000000e+01
-1.400000000000000000e+01
-3.000000000000000000e+00
-1.300000000000000000e+01
-8.000000000000000000e+00
-3.800000000000000000e+01
6.000000000000000000e+00
-3.000000000000000000e+01
-1.300000000000000000e+01
-2.700000000000000000e+01
1.600000000000000000e+01
-1.700000000000000000e+01
-1.500000000000000000e+01
-1.500000000000000000e+01
-2.000000000000000000e+01
-1.600000000000000000e+01
2.000000000000000000e+00
-1.000000000000000000e+01
2.700000000000000000e+01
-2.900000000000000000e+01
1.100000000000000000e+01
-4.500000000000000000e+01
-1.100000000000000000e+01
-2.300000000000000000e+01
-2.700000000000000000e+01
-2.500000000000000000e+01
-1.900000000000000000e+01
-2.000000000000000000e+01
-3.000000000000000000e+01
-2.100000000000000000e+01
1.500000000000000000e+01
-2.900000000000000000e+01
-1.100000000000000000e+01
-1.300000000000000000e+01
-2.100000000000000000e+01
-5.000000000000000000e+00
-2.800000000000000000e+01
-3.500000000000000000e+01
-1.800000000000000000e+01
-7.000000000000000000e+00
0.000000000000000000e+00
-1.500000000000000000e+01
-2.100000000000000000e+01
-3.000000000000000000e+00
-4.600000000000000000e+01
-3.200000000000000000e+01
-2.400000000000000000e+01
-1.400000000000000000e+01
-2.800000000000000000e+01
-2.800000000000000000e+01
-1.300000000000000000e+01
-2.000000000000000000e+01
-7.000000000000000000e+00
-9.000000000000000000e+00
-1.700000000000000000e+01
-1.600000000000000000e+01
-4.000000000000000000e+01
2.000000000000000000e+01
-2.700000000000000000e+01
-2.800000000000000000e+01
-3.300000000000000000e+01
-2.900000000000000000e+01
-2.000000000000000000e+00
-2.000000000000000000e+01
-1.700000000000000000e+02
-2.100000000000000000e+01
-2.700000000000000000e+01
-2.200000000000000000e+01
-2.100000000000000000e+01
1.000000000000000000e+01
-1.000000000000000000e+00
-1.700000000000000000e+01
0.000000000000000000e+00
9.000000000000000000e+00
-1.400000000000000000e+01
-1.700000000000000000e+01
-2.300000000000000000e+01
-1.700000000000000000e+01
-4.200000000000000000e+01
-1.200000000000000000e+01
-3.400000000000000000e+01
-2.300000000000000000e+01
-3.000000000000000000e+01
-4.200000000000000000e+01
-4.100000000000000000e+01
-1.300000000000000000e+01
-2.900000000000000000e+01
-5.000000000000000000e+00
-2.300000000000000000e+01
-3.000000000000000000e+01
-1.000000000000000000e+00
-3.500000000000000000e+01
-7.000000000000000000e+00
-3.600000000000000000e+01
-3.500000000000000000e+01
-9.000000000000000000e+00
-2.200000000000000000e+01
1.400000000000000000e+01
-4.800000000000000000e+01
-2.000000000000000000e+01
-4.000000000000000000e+01
6.000000000000000000e+00
2.000000000000000000e+00
2.000000000000000000e+00
-1.200000000000000000e+01
-3.500000000000000000e+01
-1.400000000000000000e+01
-3.000000000000000000e+01
-1.400000000000000000e+01
-2.200000000000000000e+01
-3.200000000000000000e+01
-8.000000000000000000e+00
-1.000000000000000000e+00
-1.300000000000000000e+01
-2.100000000000000000e+01
-2.800000000000000000e+01
-1.900000000000000000e+01
-3.500000000000000000e+01
-3.000000000000000000e+00
-3.000000000000000000e+00
-1.200000000000000000e+01
-3.700000000000000000e+01
4.500000000000000000e+01
-3.600000000000000000e+01
1.800000000000000000e+01
-4.000000000000000000e+01
-9.000000000000000000e+00
-3.300000000000000000e+01
-3.300000000000000000e+01
4.000000000000000000e+00
-2.300000000000000000e+01
-2.600000000000000000e+01
-2.400000000000000000e+01
-5.000000000000000000e+00
-2.400000000000000000e+01
-1.900000000000000000e+01
-4.400000000000000000e+01
-4.000000000000000000e+00
-2.200000000000000000e+01
-2.800000000000000000e+01
-1.600000000000000000e+01
-1.400000000000000000e+01
-2.000000000000000000e+01
-2.800000000000000000e+01
-4.300000000000000000e+01
-5.000000000000000000e+01
3.000000000000000000e+00
-1.200000000000000000e+01
-2.800000000000000000e+01
-6.000000000000000000e+00
-3.200000000000000000e+01
-1.300000000000000000e+01
-1.800000000000000000e+01
-2.500000000000000000e+01
-1.400000000000000000e+01
-2.900000000000000000e+01
-2.600000000000000000e+01
-3.500000000000000000e+01
-4.500000000000000000e+01
-3.800000000000000000e+01
-2.200000000000000000e+01
-8.000000000000000000e+00
-2.700000000000000000e+01
-2.200000000000000000e+01
6.000000000000000000e+00
-1.900000000000000000e+01
-3.300000000000000000e+01
-3.000000000000000000e+01
-4.000000000000000000e+00
-1.900000000000000000e+01
-1.800000000000000000e+01
-4.300000000000000000e+01
0.000000000000000000e+00
-2.400000000000000000e+01
-1.000000000000000000e+00
-1.700000000000000000e+01
-4.000000000000000000e+01
-1.100000000000000000e+01
-9.000000000000000000e+00
-7.000000000000000000e+00
-3.300000000000000000e+01
0.000000000000000000e+00
-1.000000000000000000e+01
-2.000000000000000000e+01
3.000000000000000000e+00
-2.100000000000000000e+01
1.200000000000000000e+01
-1.800000000000000000e+01
-3.800000000000000000e+01
-2.000000000000000000e+01
-1.700000000000000000e+01
-4.200000000000000000e+01
-2.400000000000000000e+01
2.000000000000000000e+00
-1.600000000000000000e+01
-1.900000000000000000e+01
-2.100000000000000000e+01
8.000000000000000000e+00
-3.600000000000000000e+01
-9.000000000000000000e+00
-2.400000000000000000e+01
-5.000000000000000000e+01
-5.000000000000000000e+01
-1.500000000000000000e+01
-5.300000000000000000e+01
-1.800000000000000000e+01
-1.900000000000000000e+01
9.000000000000000000e+00
1.100000000000000000e+01
-1.200000000000000000e+01
-2.100000000000000000e+01
-2.000000000000000000e+00
-3.600000000000000000e+01
-2.200000000000000000e+01
-3.300000000000000000e+01
1.000000000000000000e+00
0.000000000000000000e+00
-2.100000000000000000e+01
-2.300000000000000000e+01
-2.300000000000000000e+01
-2.600000000000000000e+01
-3.000000000000000000e+01
-1.400000000000000000e+01
-5.000000000000000000e+00
-2.400000000000000000e+01
-1.000000000000000000e+01
-1.300000000000000000e+01
5.000000000000000000e+00
-1.500000000000000000e+01
-3.400000000000000000e+01
-1.000000000000000000e+00
-1.200000000000000000e+01
-5.000000000000000000e+00
2.000000000000000000e+01
-1.300000000000000000e+01
-3.500000000000000000e+01
4.000000000000000000e+00
-1.100000000000000000e+01
-1.100000000000000000e+01
-2.700000000000000000e+01
-3.100000000000000000e+01
-3.000000000000000000e+01
-1.300000000000000000e+01
-6.000000000000000000e+00
-1.300000000000000000e+01
-1.500000000000000000e+01
-3.100000000000000000e+01
-6.000000000000000000e+00
-4.500000000000000000e+01
-3.000000000000000000e+00
-3.700000000000000000e+01
1.500000000000000000e+01
-2.800000000000000000e+01
-1.500000000000000000e+01
-3.500000000000000000e+01
-1.000000000000000000e+00
-4.000000000000000000e+01
-9.000000000000000000e+00
-5.000000000000000000e+00
-3.400000000000000000e+01
-3.000000000000000000e+00
-3.000000000000000000e+01
4.000000000000000000e+00
-2.500000000000000000e+01
-1.600000000000000000e+01
-1.600000000000000000e+01
-2.700000000000000000e+01
-1.200000000000000000e+01
-4.000000000000000000e+01
-2.800000000000000000e+01
-2.800000000000000000e+01
-3.600000000000000000e+01
-2.600000000000000000e+01
-3.100000000000000000e+01
-1.600000000000000000e+01
1.000000000000000000e+00
-3.000000000000000000e+00
-8.000000000000000000e+00
1.200000000000000000e+01
-6.000000000000000000e+00
-1.400000000000000000e+01
-4.800000000000000000e+01
-2.000000000000000000e+01
-1.600000000000000000e+01
-2.300000000000000000e+01
4.000000000000000000e+00
-4.000000000000000000e+01
4.000000000000000000e+00
3.100000000000000000e+01
-1.300000000000000000e+01
-9.000000000000000000e+00
-5.000000000000000000e+00
-4.000000000000000000e+01
-3.600000000000000000e+01
-6.000000000000000000e+00
-1.000000000000000000e+01
-3.000000000000000000e+00
-4.900000000000000000e+01
-8.000000000000000000e+00
-2.900000000000000000e+01
-3.000000000000000000e+00
-1.100000000000000000e+01
-3.100000000000000000e+01
-4.600000000000000000e+01
-6.000000000000000000e+00
-2.300000000000000000e+01
-2.700000000000000000e+01
-7.000000000000000000e+00
-2.000000000000000000e+01
-3.000000000000000000e+00
-7.000000000000000000e+00
-3.600000000000000000e+01
-4.400000000000000000e+01
-1.700000000000000000e+01
-9.000000000000000000e+00
-1.900000000000000000e+01
-5.000000000000000000e+00
6.000000000000000000e+00
-1.500000000000000000e+01
-4.200000000000000000e+01
-1.300000000000000000e+01
-4.200000000000000000e+01
-1.500000000000000000e+01
1.900000000000000000e+01
9.000000000000000000e+00
-1.700000000000000000e+01
-3.000000000000000000e+00
-3.300000000000000000e+01
-2.600000000000000000e+01
-1.900000000000000000e+01
-1.000000000000000000e+01
-1.000000000000000000e+00
9.000000000000000000e+00
-2.100000000000000000e+01
-2.800000000000000000e+01
-3.100000000000000000e+01
-5.300000000000000000e+01
-1.000000000000000000e+00
-4.000000000000000000e+00
-1.600000000000000000e+01
-4.000000000000000000e+01
-1.600000000000000000e+01
-5.200000000000000000e+01
-4.400000000000000000e+01
-1.200000000000000000e+01
1.500000000000000000e+01
-3.200000000000000000e+01
-2.500000000000000000e+01
-1.100000000000000000e+01
-3.300000000000000000e+01
1.700000000000000000e+01
-4.300000000000000000e+01
-2.100000000000000000e+01
-2.800000000000000000e+01
-2.300000000000000000e+01
-8.000000000000000000e+00
-5.000000000000000000e+01
-3.800000000000000000e+01
9.000000000000000000e+00
-1.800000000000000000e+01
-1.500000000000000000e+01
-1.400000000000000000e+01
-3.500000000000000000e+01
-1.900000000000000000e+01
-1.500000000000000000e+01
-1.000000000000000000e+00
-1.600000000000000000e+01
-1.500000000000000000e+01
-2.700000000000000000e+01
-4.000000000000000000e+01
-5.000000000000000000e+00
-3.100000000000000000e+01
-6.000000000000000000e+00
8.000000000000000000e+00
7.000000000000000000e+00
-2.700000000000000000e+01
1.000000000000000000e+00
0.000000000000000000e+00
6.000000000000000000e+00
-3.900000000000000000e+01
-1.200000000000000000e+01
-2.100000000000000000e+01
-3.600000000000000000e+01
-8.000000000000000000e+00
-1.000000000000000000e+00
-1.400000000000000000e+01
-8.000000000000000000e+00
-2.100000000000000000e+01
-8.000000000000000000e+00
-1.000000000000000000e+00
-2.800000000000000000e+01
-3.600000000000000000e+01
-5.400000000000000000e+01
-2.900000000000000000e+01
-3.000000000000000000e+01
-8.000000000000000000e+00
-4.900000000000000000e+01
-3.500000000000000000e+01
-1.900000000000000000e+01
-1.900000000000000000e+01
-2.900000000000000000e+01
-1.000000000000000000e+00
-3.600000000000000000e+01
-1.300000000000000000e+01
-4.700000000000000000e+01
-1.800000000000000000e+01
-2.700000000000000000e+01
-3.900000000000000000e+01
-1.400000000000000000e+01
-1.900000000000000000e+01
-1.500000000000000000e+01
2.100000000000000000e+01
-2.600000000000000000e+01
6.000000000000000000e+00
-2.600000000000000000e+01
-1.000000000000000000e+00
-1.100000000000000000e+01
-1.000000000000000000e+01
3.100000000000000000e+01
-2.400000000000000000e+01
-1.700000000000000000e+01
-3.900000000000000000e+01
-5.000000000000000000e+00
8.000000000000000000e+00
-1.700000000000000000e+01
6.000000000000000000e+00
-1.500000000000000000e+01
-7.000000000000000000e+00
-1.400000000000000000e+01
-5.000000000000000000e+00
-2.700000000000000000e+01
-5.000000000000000000e+00
-2.000000000000000000e+01
-8.000000000000000000e+00
-1.700000000000000000e+01
-2.400000000000000000e+01
1.300000000000000000e+01
4.000000000000000000e+00
0.000000000000000000e+00
-1.900000000000000000e+01
-3.000000000000000000e+01
-2.300000000000000000e+01
-1.300000000000000000e+01
-2.100000000000000000e+01
3.000000000000000000e+00
-1.700000000000000000e+01
-1.000000000000000000e+01
-1.300000000000000000e+01
1.000000000000000000e+00
-6.000000000000000000e+00
-1.400000000000000000e+01
-2.700000000000000000e+01
-1.000000000000000000e+00
-3.800000000000000000e+01
-7.000000000000000000e+00
-2.700000000000000000e+01
3.000000000000000000e+00
-2.700000000000000000e+01
-1.600000000000000000e+01
-6.000000000000000000e+00
-2.800000000000000000e+01
0.000000000000000000e+00
1.000000000000000000e+01
-1.800000000000000000e+01
-4.500000000000000000e+01
-4.000000000000000000e+00
7.000000000000000000e+00
-4.000000000000000000e+00
7.000000000000000000e+00
3.000000000000000000e+00
-1.100000000000000000e+01
-2.000000000000000000e+00
7.000000000000000000e+00
-2.500000000000000000e+01
5.000000000000000000e+00
4.300000000000000000e+01
3.100000000000000000e+01
6.000000000000000000e+00
4.000000000000000000e+00
-2.000000000000000000e+00
1.200000000000000000e+01
2.300000000000000000e+01
3.800000000000000000e+01
3.900000000000000000e+01
2.100000000000000000e+01
1.100000000000000000e+01
8.000000000000000000e+00
3.900000000000000000e+01
2.600000000000000000e+01
1.100000000000000000e+01
4.700000000000000000e+01
3.600000000000000000e+01
6.300000000000000000e+01
6.300000000000000000e+01
5.800000000000000000e+01
8.800000000000000000e+01
8.900000000000000000e+01
6.300000000000000000e+01
7.200000000000000000e+01
1.010000000000000000e+02
1.010000000000000000e+02
9.200000000000000000e+01
9.800000000000000000e+01
9.600000000000000000e+01
1.560000000000000000e+02
1.480000000000000000e+02
1.750000000000000000e+02
1.240000000000000000e+02
1.840000000000000000e+02
1.520000000000000000e+02
1.950000000000000000e+02
1.720000000000000000e+02
2.340000000000000000e+02
2.160000000000000000e+02
2.610000000000000000e+02
2.500000000000000000e+02
2.480000000000000000e+02
2.960000000000000000e+02
2.670000000000000000e+02
3.020000000000000000e+02
3.330000000000000000e+02
3.820000000000000000e+02
3.480000000000000000e+02
3.770000000000000000e+02
3.620000000000000000e+02
3.810000000000000000e+02
3.920000000000000000e+02
4.310000000000000000e+02
4.520000000000000000e+02
4.760000000000000000e+02
4.700000000000000000e+02
4.860000000000000000e+02
5.450000000000000000e+02
5.330000000000000000e+02
5.970000000000000000e+02
6.140000000000000000e+02
6.060000000000000000e+02
6.660000000000000000e+02
6.960000000000000000e+02
7.450000000000000000e+02
7.740000000000000000e+02
7.860000000000000000e+02
7.850000000000000000e+02
8.510000000000000000e+02
8.470000000000000000e+02
8.790000000000000000e+02
9.210000000000000000e+02
9.930000000000000000e+02
9.480000000000000000e+02
1.008000000000000000e+03
9.900000000000000000e+02
1.000000000000000000e+03
1.037000000000000000e+03
1.105000000000000000e+03
1.099000000000000000e+03
1.121000000000000000e+03
1.176000000000000000e+03
1.194000000000000000e+03
1.202000000000000000e+03
1.219000000000000000e+03
1.214000000000000000e+03
1.317000000000000000e+03
1.290000000000000000e+03
1.307000000000000000e+03
1.337000000000000000e+03
1.380000000000000000e+03
1.341000000000000000e+03
1.413000000000000000e+03
1.389000000000000000e+03
1.436000000000000000e+03
1.446000000000000000e+03
1.437000000000000000e+03
1.437000000000000000e+03
1.479000000000000000e+03
1.508000000000000000e+03
1.486000000000000000e+03
1.506000000000000000e+03
1.532000000000000000e+03
1.539000000000000000e+03
1.575000000000000000e+03
1.584000000000000000e+03
1.591000000000000000e+03
1.617000000000000000e+03
1.646000000000000000e+03
1.565000000000000000e+03
1.533000000000000000e+03
1.485000000000000000e+03
1.558000000000000000e+03
1.525000000000000000e+03
1.512000000000000000e+03
1.470000000000000000e+03
1.446000000000000000e+03
1.446000000000000000e+03
1.452000000000000000e+03
1.443000000000000000e+03
1.419000000000000000e+03
1.433000000000000000e+03
1.446000000000000000e+03
1.386000000000000000e+03
1.348000000000000000e+03
1.318000000000000000e+03
1.358000000000000000e+03
1.337000000000000000e+03
1.289000000000000000e+03
1.319000000000000000e+03
1.312000000000000000e+03
1.256000000000000000e+03
1.229000000000000000e+03
1.294000000000000000e+03
1.242000000000000000e+03
1.230000000000000000e+03
1.218000000000000000e+03
1.137000000000000000e+03
1.180000000000000000e+03
1.140000000000000000e+03
1.109000000000000000e+03
1.069000000000000000e+03
1.093000000000000000e+03
1.005000000000000000e+03
9.810000000000000000e+02
9.510000000000000000e+02
9.620000000000000000e+02
9.100000000000000000e+02
8.910000000000000000e+02
8.200000000000000000e+02
8.240000000000000000e+02
8.110000000000000000e+02
7.910000000000000000e+02
7.370000000000000000e+02
7.390000000000000000e+02
6.800000000000000000e+02
6.590000000000000000e+02
6.600000000000000000e+02
6.460000000000000000e+02
6.170000000000000000e+02
5.520000000000000000e+02
5.490000000000000000e+02
5.560000000000000000e+02
5.450000000000000000e+02
5.090000000000000000e+02
5.040000000000000000e+02
4.760000000000000000e+02
4.340000000000000000e+02
4.660000000000000000e+02
4.040000000000000000e+02
4.220000000000000000e+02
4.060000000000000000e+02
3.690000000000000000e+02
3.480000000000000000e+02
3.500000000000000000e+02
3.260000000000000000e+02
3.240000000000000000e+02
2.690000000000000000e+02
2.420000000000000000e+02
2.700000000000000000e+02
2.270000000000000000e+02
2.640000000000000000e+02
2.210000000000000000e+02
2.320000000000000000e+02
1.920000000000000000e+02
1.910000000000000000e+02
1.820000000000000000e+02
1.710000000000000000e+02
1.660000000000000000e+02
1.500000000000000000e+02
1.830000000000000000e+02
1.300000000000000000e+02
1.170000000000000000e+02
1.320000000000000000e+02
1.180000000000000000e+02
1.150000000000000000e+02
9.700000000000000000e+01
1.080000000000000000e+02
9.600000000000000000e+01
7.800000000000000000e+01
7.900000000000000000e+01
6.100000000000000000e+01
7.600000000000000000e+01
5.900000000000000000e+01
7.000000000000000000e+01
8.300000000000000000e+01
2.600000000000000000e+01
7.800000000000000000e+01
4.100000000000000000e+01
6.800000000000000000e+01
5.000000000000000000e+01
6.300000000000000000e+01
9.000000000000000000e+00
2.200000000000000000e+01
3.900000000000000000e+01
3.000000000000000000e+00
1.900000000000000000e+01
2.700000000000000000e+01
2.700000000000000000e+01
5.000000000000000000e+00
3.400000000000000000e+01
4.000000000000000000e+01
7.000000000000000000e+00
1.300000000000000000e+01
2.700000000000000000e+01
-1.100000000000000000e+01
-4.000000000000000000e+00
3.000000000000000000e+01
1.300000000000000000e+01
-1.000000000000000000e+01
2.600000000000000000e+01
-1.500000000000000000e+01
1.200000000000000000e+01
-8.000000000000000000e+00
-1.500000000000000000e+01
-2.000000000000000000e+00
-1.000000000000000000e+00
1.800000000000000000e+01
-2.500000000000000000e+01
-2.000000000000000000e+00
-3.600000000000000000e+01
1.000000000000000000e+00
-2.800000000000000000e+01
-1.800000000000000000e+01
-8.000000000000000000e+00
-5.000000000000000000e+00
-2.600000000000000000e+01
-9.000000000000000000e+00
1.200000000000000000e+01
-9.000000000000000000e+00
-2.300000000000000000e+01
-1.400000000000000000e+01
-8.000000000000000000e+00
3.000000000000000000e+00
-2.700000000000000000e+01
-3.300000000000000000e+01
-2.100000000000000000e+01
-8.000000000000000000e+00
-1.500000000000000000e+01
-2.300000000000000000e+01
2.400000000000000000e+01
-3.900000000000000000e+01
-2.000000000000000000e+01
-1.100000000000000000e+01
-2.900000000000000000e+01
-3.000000000000000000e+00
-2.700000000000000000e+01
-1.000000000000000000e+01
-3.400000000000000000e+01
-3.200000000000000000e+01
0.000000000000000000e+00
1.200000000000000000e+01
-5.900000000000000000e+01
-2.400000000000000000e+01
-2.000000000000000000e+01
-6.000000000000000000e+00
-2.200000000000000000e+01
-1.600000000000000000e+01
-2.100000000000000000e+01
2.000000000000000000e+00
2.000000000000000000e+00
-9.000000000000000000e+00
-1.600000000000000000e+01
0.000000000000000000e+00
-2.800000000000000000e+01
-1.300000000000000000e+01
-2.100000000000000000e+01
-1.700000000000000000e+01
-1.400000000000000000e+01
-2.000000000000000000e+01
-5.000000000000000000e+00
-2.300000000000000000e+01
-2.000000000000000000e+00
2.200000000000000000e+01
-2.700000000000000000e+01
-7.000000000000000000e+00
-2.600000000000000000e+01
-2.400000000000000000e+01
-7.000000000000000000e+00
-2.100000000000000000e+01
-1.000000000000000000e+01
0.000000000000000000e+00
-3.400000000000000000e+01
-1.700000000000000000e+01
-3.000000000000000000e+01
-9.000000000000000000e+00
-6.000000000000000000e+00
-2.000000000000000000e+01
-5.000000000000000000e+00
2.000000000000000000e+00
-3.000000000000000000e+00
-5.000000000000000000e+00
