-2.000000000000000000e+00
-1.000000000000000000e+00
-4.000000000000000000e+00
4.000000000000000000e+00
1.200000000000000000e+01
-2.700000000000000000e+01
-2.200000000000000000e+01
-6.000000000000000000e+00
-9.000000000000000000e+00
-8.000000000000000000e+00
-2.000000000000000000e+00
-5.000000000000000000e+00
-1.300000000000000000e+01
3.000000000000000000e+00
-1.100000000000000000e+01
-1.000000000000000000e+01
-2.000000000000000000e+00
3.300000000000000000e+01
-3.000000000000000000e+00
5.000000000000000000e+00
1.200000000000000000e+01
-7.000000000000000000e+00
-1.000000000000000000e+00
0.000000000000000000e+00
-1.800000000000000000e+01
5.000000000000000000e+00
-8.000000000000000000e+00
5.000000000000000000e+00
1.000000000000000000e+00
-5.000000000000000000e+00
-1.500000000000000000e+01
8.000000000000000000e+00
2.200000000000000000e+01
1.400000000000000000e+01
1.900000000000000000e+01
-2.400000000000000000e+01
-1.500000000000000000e+01
6.000000000000000000e+00
-1.300000000000000000e+01
5.000000000000000000e+00
-2.800000000000000000e+01
1.500000000000000000e+01
-2.000000000000000000e+01
-2.200000000000000000e+01
-7.000000000000000000e+00
1.600000000000000000e+01
-4.000000000000000000e+00
-3.000000000000000000e+00
1.200000000000000000e+01
-1.000000000000000000e+01
2.000000000000000000e+00
-1.800000000000000000e+01
0.000000000000000000e+00
7.000000000000000000e+00
-8.000000000000000000e+00
-2.000000000000000000e+01
7.000000000000000000e+00
-2.900000000000000000e+01
-2.500000000000000000e+01
-1.100000000000000000e+01
-4.000000000000000000e+00
3.100000000000000000e+01
-2.500000000000000000e+01
-9.000000000000000000e+00
-2.700000000000000000e+01
1.800000000000000000e+01
-1.400000000000000000e+01
2.500000000000000000e+01
1.300000000000000000e+01
-3.300000000000000000e+01
6.000000000000000000e+00
-2.000000000000000000e+00
-1.200000000000000000e+01
-1.400000000000000000e+01
-7.000000000000000000e+00
-2.000000000000000000e+00
-6.000000000000000000e+00
1.700000000000000000e+01
1.000000000000000000e+00
-1.400000000000000000e+01
1.400000000000000000e+01
9.000000000000000000e+00
-2.400000000000000000e+01
1.900000000000000000e+01
0.000000000000000000e+00
-1.800000000000000000e+01
9.000000000000000000e+00
-3.000000000000000000e+00
1.000000000000000000e+01
-6.000000000000000000e+00
7.000000000000000000e+00
-1.100000000000000000e+01
-4.000000000000000000e+00
-1.500000000000000000e+01
6.000000000000000000e+00
3.000000000000000000e+00
7.000000000000000000e+00
-1.000000000000000000e+00
-3.000000000000000000e+00
2.100000000000000000e+01
5.000000000000000000e+00
2.000000000000000000e+00
7.000000000000000000e+00
-4.200000000000000000e+01
-1.100000000000000000e+01
1.700000000000000000e+01
4.000000000000000000e+00
2.700000000000000000e+01
1.000000000000000000e+00
5.000000000000000000e+00
-8.000000000000000000e+00
1.300000000000000000e+01
5.000000000000000000e+00
2.000000000000000000e+00
7.000000000000000000e+00
1.000000000000000000e+00
-1.400000000000000000e+01
1.300000000000000000e+01
-1.000000000000000000e+01
1.700000000000000000e+01
4.000000000000000000e+00
1.000000000000000000e+00
3.000000000000000000e+00
4.000000000000000000e+00
2.700000000000000000e+01
9.000000000000000000e+00
9.000000000000000000e+00
1.000000000000000000e+00
1.700000000000000000e+01
1.500000000000000000e+01
7.000000000000000000e+00
3.200000000000000000e+01
8.000000000000000000e+00
-1.300000000000000000e+01
-5.000000000000000000e+00
1.700000000000000000e+01
2.200000000000000000e+01
5.000000000000000000e+00
3.000000000000000000e+00
2.000000000000000000e+00
-1.900000000000000000e+01
-1.600000000000000000e+01
-7.000000000000000000e+00
1.300000000000000000e+01
4.000000000000000000e+00
9.000000000000000000e+00
1.100000000000000000e+01
-4.400000000000000000e+01
1.000000000000000000e+01
-1.500000000000000000e+01
1.000000000000000000e+00
1.000000000000000000e+01
2.000000000000000000e+00
2.700000000000000000e+01
1.400000000000000000e+01
-1.200000000000000000e+01
6.000000000000000000e+00
-4.000000000000000000e+00
-9.000000000000000000e+00
-1.100000000000000000e+01
-1.900000000000000000e+01
-6.000000000000000000e+00
-1.900000000000000000e+01
-1.500000000000000000e+01
-2.400000000000000000e+01
1.000000000000000000e+01
-2.500000000000000000e+01
5.000000000000000000e+00
1.200000000000000000e+01
-2.700000000000000000e+01
-7.000000000000000000e+00
9.000000000000000000e+00
3.000000000000000000e+00
1.100000000000000000e+01
-8.000000000000000000e+00
1.500000000000000000e+01
-3.600000000000000000e+01
1.400000000000000000e+01
1.000000000000000000e+00
1.400000000000000000e+01
-6.000000000000000000e+00
-1.000000000000000000e+00
2.000000000000000000e+00
3.000000000000000000e+00
2.700000000000000000e+01
-5.000000000000000000e+00
2.100000000000000000e+01
-1.200000000000000000e+01
7.000000000000000000e+00
2.700000000000000000e+01
1.000000000000000000e+00
-1.000000000000000000e+01
-6.000000000000000000e+00
1.000000000000000000e+00
1.000000000000000000e+01
-2.600000000000000000e+01
2.900000000000000000e+01
8.000000000000000000e+00
3.000000000000000000e+00
5.000000000000000000e+00
-1.800000000000000000e+01
1.000000000000000000e+01
-1.300000000000000000e+01
2.000000000000000000e+01
-8.000000000000000000e+00
-3.000000000000000000e+00
1.400000000000000000e+01
2.000000000000000000e+00
2.000000000000000000e+00
-1.100000000000000000e+01
1.700000000000000000e+01
-4.000000000000000000e+00
1.800000000000000000e+01
2.100000000000000000e+01
-1.700000000000000000e+01
-2.400000000000000000e+01
-2.100000000000000000e+01
1.000000000000000000e+00
3.100000000000000000e+01
-6.000000000000000000e+00
8.000000000000000000e+00
-2.800000000000000000e+01
-2.200000000000000000e+01
0.000000000000000000e+00
-1.800000000000000000e+01
-5.000000000000000000e+00
-1.700000000000000000e+01
-1.300000000000000000e+01
1.600000000000000000e+01
6.000000000000000000e+00
-1.200000000000000000e+01
8.000000000000000000e+00
1.000000000000000000e+01
3.200000000000000000e+01
-3.000000000000000000e+00
-1.700000000000000000e+01
-2.800000000000000000e+01
-3.000000000000000000e+00
-2.000000000000000000e+01
-1.000000000000000000e+01
-1.500000000000000000e+01
-2.100000000000000000e+01
1.600000000000000000e+01
8.000000000000000000e+00
1.600000000000000000e+01
1.500000000000000000e+01
1.800000000000000000e+01
1.100000000000000000e+01
-1.400000000000000000e+01
3.000000000000000000e+01
8.000000000000000000e+00
-5.000000000000000000e+00
-1.300000000000000000e+01
-1.800000000000000000e+01
-4.000000000000000000e+00
-2.600000000000000000e+01
1.500000000000000000e+01
-8.000000000000000000e+00
-2.900000000000000000e+01
-1.100000000000000000e+01
-1.900000000000000000e+01
2.200000000000000000e+01
6.000000000000000000e+00
5.000000000000000000e+00
5.000000000000000000e+00
1.600000000000000000e+01
6.000000000000000000e+00
-2.100000000000000000e+01
2.300000000000000000e+01
-5.000000000000000000e+00
1.600000000000000000e+01
1.000000000000000000e+00
0.000000000000000000e+00
-1.100000000000000000e+01
1.400000000000000000e+01
-4.000000000000000000e+00
-2.000000000000000000e+00
-1.500000000000000000e+01
-1.700000000000000000e+01
2.000000000000000000e+00
-6.000000000000000000e+00
-1.700000000000000000e+01
-5.000000000000000000e+00
-3.000000000000000000e+00
1.000000000000000000e+01
-1.800000000000000000e+01
-2.900000000000000000e+01
0.000000000000000000e+00
-8.000000000000000000e+00
-2.000000000000000000e+01
-6.000000000000000000e+00
3.300000000000000000e+01
-2.100000000000000000e+01
5.000000000000000000e+00
1.000000000000000000e+00
1.300000000000000000e+01
-4.000000000000000000e+00
9.000000000000000000e+00
0.000000000000000000e+00
2.300000000000000000e+01
-1.200000000000000000e+01
-3.100000000000000000e+01
-2.000000000000000000e+01
-6.000000000000000000e+00
1.700000000000000000e+01
-2.700000000000000000e+01
-1.100000000000000000e+01
-1.400000000000000000e+01
-3.200000000000000000e+01
1.800000000000000000e+01
-1.800000000000000000e+01
2.200000000000000000e+01
2.300000000000000000e+01
1.700000000000000000e+01
1.100000000000000000e+01
2.500000000000000000e+01
-1.700000000000000000e+01
1.300000000000000000e+01
-2.000000000000000000e+00
-2.700000000000000000e+01
-1.200000000000000000e+01
3.300000000000000000e+01
-5.000000000000000000e+00
2.300000000000000000e+01
3.200000000000000000e+01
-1.700000000000000000e+01
2.000000000000000000e+00
-1.700000000000000000e+01
-1.000000000000000000e+01
2.100000000000000000e+01
4.000000000000000000e+00
2.800000000000000000e+01
-2.100000000000000000e+01
4.000000000000000000e+00
-1.000000000000000000e+01
-1.000000000000000000e+00
2.000000000000000000e+00
1.000000000000000000e+01
4.000000000000000000e+00
1.900000000000000000e+01
2.000000000000000000e+00
-1.500000000000000000e+01
-3.000000000000000000e+00
5.000000000000000000e+00
1.300000000000000000e+01
-2.300000000000000000e+01
4.000000000000000000e+00
1.000000000000000000e+00
-1.900000000000000000e+01
4.000000000000000000e+00
3.000000000000000000e+00
-2.000000000000000000e+00
2.100000000000000000e+01
-5.000000000000000000e+00
3.300000000000000000e+01
2.700000000000000000e+01
-6.000000000000000000e+00
2.000000000000000000e+01
3.000000000000000000e+00
-9.000000000000000000e+00
-1.400000000000000000e+01
1.700000000000000000e+01
-5.000000000000000000e+00
3.100000000000000000e+01
-8.000000000000000000e+00
1.000000000000000000e+01
6.000000000000000000e+00
-8.000000000000000000e+00
1.500000000000000000e+01
-1.500000000000000000e+01
1.500000000000000000e+01
-5.000000000000000000e+00
-2.300000000000000000e+01
-2.800000000000000000e+01
-1.400000000000000000e+01
-4.000000000000000000e+00
-3.300000000000000000e+01
-3.000000000000000000e+00
-1.200000000000000000e+01
4.000000000000000000e+00
3.500000000000000000e+01
1.000000000000000000e+00
-3.800000000000000000e+01
2.300000000000000000e+01
-2.500000000000000000e+01
9.000000000000000000e+00
-3.000000000000000000e+00
-5.000000000000000000e+00
9.000000000000000000e+00
3.000000000000000000e+01
-1.600000000000000000e+01
1.000000000000000000e+01
-1.300000000000000000e+01
-3.600000000000000000e+01
-8.000000000000000000e+00
5.000000000000000000e+00
-8.000000000000000000e+00
-9.000000000000000000e+00
-1.400000000000000000e+01
4.100000000000000000e+01
2.000000000000000000e+00
-1.000000000000000000e+00
-1.800000000000000000e+01
-5.000000000000000000e+00
-2.900000000000000000e+01
2.700000000000000000e+01
1.400000000000000000e+01
-1.700000000000000000e+01
-3.800000000000000000e+01
-1.200000000000000000e+01
2.000000000000000000e+00
5.000000000000000000e+00
-3.000000000000000000e+01
-1.000000000000000000e+00
1.700000000000000000e+01
1.300000000000000000e+01
1.400000000000000000e+01
-2.200000000000000000e+01
-2.300000000000000000e+01
1.000000000000000000e+01
2.000000000000000000e+01
2.900000000000000000e+01
-2.300000000000000000e+01
-8.000000000000000000e+00
-1.300000000000000000e+01
-2.000000000000000000e+01
-1.500000000000000000e+01
-1.300000000000000000e+01
-1.300000000000000000e+01
-6.000000000000000000e+00
3.000000000000000000e+00
6.000000000000000000e+00
1.000000000000000000e+00
-3.000000000000000000e+00
3.100000000000000000e+01
-2.000000000000000000e+00
-1.900000000000000000e+01
6.000000000000000000e+00
-5.000000000000000000e+00
-1.500000000000000000e+01
-3.000000000000000000e+00
-9.000000000000000000e+00
1.600000000000000000e+01
9.000000000000000000e+00
3.600000000000000000e+01
2.000000000000000000e+01
-7.000000000000000000e+00
1.000000000000000000e+01
-4.000000000000000000e+00
7.000000000000000000e+00
8.000000000000000000e+00
4.000000000000000000e+00
7.000000000000000000e+00
-8.000000000000000000e+00
-1.700000000000000000e+01
3.000000000000000000e+00
3.000000000000000000e+01
1.500000000000000000e+01
0.000000000000000000e+00
1.100000000000000000e+01
1.100000000000000000e+01
0.000000000000000000e+00
1.600000000000000000e+01
-2.700000000000000000e+01
-1.000000000000000000e+00
-7.000000000000000000e+00
1.700000000000000000e+01
1.100000000000000000e+01
-1.200000000000000000e+01
1.400000000000000000e+01
-2.100000000000000000e+01
0.000000000000000000e+00
8.900000000000000000e+01
-1.800000000000000000e+01
-5.000000000000000000e+00
-7.000000000000000000e+00
1.500000000000000000e+01
-2.000000000000000000e+00
1.800000000000000000e+01
-3.000000000000000000e+00
-3.500000000000000000e+01
9.000000000000000000e+00
-2.000000000000000000e+00
5.000000000000000000e+00
5.000000000000000000e+00
-2.000000000000000000e+00
-1.000000000000000000e+01
-4.000000000000000000e+00
-5.000000000000000000e+00
2.000000000000000000e+00
2.200000000000000000e+01
7.000000000000000000e+00
1.300000000000000000e+01
-1.700000000000000000e+01
3.000000000000000000e+00
-1.300000000000000000e+01
9.000000000000000000e+00
-3.100000000000000000e+01
1.000000000000000000e+00
-1.300000000000000000e+01
2.100000000000000000e+01
2.600000000000000000e+01
6.000000000000000000e+00
-4.000000000000000000e+00
-6.000000000000000000e+00
-1.000000000000000000e+01
-1.300000000000000000e+01
3.000000000000000000e+00
-1.000000000000000000e+01
4.000000000000000000e+00
-2.800000000000000000e+01
6.000000000000000000e+00
3.000000000000000000e+01
-1.900000000000000000e+01
2.000000000000000000e+00
1.000000000000000000e+01
-8.000000000000000000e+00
1.100000000000000000e+01
2.000000000000000000e+00
1.600000000000000000e+01
3.300000000000000000e+01
7.000000000000000000e+00
-3.100000000000000000e+01
1.600000000000000000e+01
3.000000000000000000e+00
-2.800000000000000000e+01
1.400000000000000000e+01
-5.000000000000000000e+00
3.400000000000000000e+01
1.900000000000000000e+01
4.500000000000000000e+01
3.200000000000000000e+01
1.900000000000000000e+01
2.500000000000000000e+01
3.900000000000000000e+01
1.100000000000000000e+01
9.000000000000000000e+00
3.200000000000000000e+01
1.800000000000000000e+01
2.200000000000000000e+01
5.200000000000000000e+01
1.400000000000000000e+01
4.200000000000000000e+01
1.200000000000000000e+01
2.600000000000000000e+01
1.700000000000000000e+01
2.400000000000000000e+01
5.000000000000000000e+00
8.000000000000000000e+00
2.200000000000000000e+01
7.000000000000000000e+00
-9.000000000000000000e+00
1.700000000000000000e+01
1.000000000000000000e+01
4.100000000000000000e+01
-1.400000000000000000e+01
7.000000000000000000e+00
-7.000000000000000000e+00
-1.800000000000000000e+01
1.400000000000000000e+01
2.400000000000000000e+01
-1.700000000000000000e+01
5.000000000000000000e+00
2.500000000000000000e+01
-9.000000000000000000e+00
-1.800000000000000000e+01
2.100000000000000000e+01
-1.000000000000000000e+01
3.000000000000000000e+00
2.800000000000000000e+01
-1.000000000000000000e+01
-3.000000000000000000e+00
1.400000000000000000e+01
-3.100000000000000000e+01
-2.000000000000000000e+00
4.100000000000000000e+01
-2.300000000000000000e+01
1.000000000000000000e+01
2.300000000000000000e+01
7.000000000000000000e+00
-3.300000000000000000e+01
8.000000000000000000e+00
-7.000000000000000000e+00
5.000000000000000000e+00
3.900000000000000000e+01
3.500000000000000000e+01
-6.000000000000000000e+00
4.200000000000000000e+01
-3.000000000000000000e+00
4.000000000000000000e+00
-2.300000000000000000e+01
1.200000000000000000e+01
-1.000000000000000000e+01
2.400000000000000000e+01
1.400000000000000000e+01
-1.900000000000000000e+01
1.100000000000000000e+01
-3.300000000000000000e+01
6.000000000000000000e+00
-5.000000000000000000e+00
2.200000000000000000e+01
5.000000000000000000e+00
2.100000000000000000e+01
-7.000000000000000000e+00
1.100000000000000000e+01
-1.000000000000000000e+01
1.300000000000000000e+01
2.400000000000000000e+01
-8.000000000000000000e+00
-8.000000000000000000e+00
2.000000000000000000e+00
1.600000000000000000e+01
-6.000000000000000000e+00
1.200000000000000000e+01
-7.000000000000000000e+00
-9.000000000000000000e+00
-1.200000000000000000e+01
-1.200000000000000000e+01
1.200000000000000000e+01
-1.000000000000000000e+01
4.700000000000000000e+01
-1.400000000000000000e+01
1.600000000000000000e+01
-8.000000000000000000e+00
-2.800000000000000000e+01
-3.800000000000000000e+01
-1.000000000000000000e+00
1.100000000000000000e+01
4.000000000000000000e+00
-2.600000000000000000e+01
3.200000000000000000e+01
1.200000000000000000e+01
2.000000000000000000e+00
-6.000000000000000000e+00
-2.200000000000000000e+01
1.300000000000000000e+01
-7.000000000000000000e+00
2.400000000000000000e+01
2.600000000000000000e+01
6.000000000000000000e+00
3.400000000000000000e+01
-3.000000000000000000e+01
-2.000000000000000000e+01
-8.000000000000000000e+00
9.000000000000000000e+00
2.400000000000000000e+01
-1.100000000000000000e+01
-2.000000000000000000e+00
1.100000000000000000e+01
2.300000000000000000e+01
7.000000000000000000e+00
-2.700000000000000000e+01
1.900000000000000000e+01
3.900000000000000000e+01
1.000000000000000000e+01
-2.800000000000000000e+01
1.300000000000000000e+01
0.000000000000000000e+00
2.800000000000000000e+01
-6.000000000000000000e+00
2.300000000000000000e+01
1.800000000000000000e+01
-1.000000000000000000e+01
2.300000000000000000e+01
-8.000000000000000000e+00
-1.200000000000000000e+01
5.000000000000000000e+00
2.100000000000000000e+01
1.400000000000000000e+01
-2.200000000000000000e+01
2.000000000000000000e+00
-9.000000000000000000e+00
3.400000000000000000e+01
-5.000000000000000000e+00
-7.000000000000000000e+00
-2.600000000000000000e+01
8.000000000000000000e+00
3.200000000000000000e+01
2.400000000000000000e+01
6.000000000000000000e+00
0.000000000000000000e+00
2.400000000000000000e+01
-6.000000000000000000e+00
1.800000000000000000e+01
9.000000000000000000e+00
1.200000000000000000e+01
1.700000000000000000e+01
-9.000000000000000000e+00
-1.000000000000000000e+00
-9.000000000000000000e+00
-9.000000000000000000e+00
-2.200000000000000000e+01
2.800000000000000000e+01
0.000000000000000000e+00
2.800000000000000000e+01
1.200000000000000000e+01
3.000000000000000000e+00
4.400000000000000000e+01
-4.000000000000000000e+00
7.000000000000000000e+00
5.000000000000000000e+00
5.700000000000000000e+01
4.000000000000000000e+00
1.000000000000000000e+00
8.000000000000000000e+00
2.700000000000000000e+01
7.000000000000000000e+00
5.000000000000000000e+00
-6.000000000000000000e+00
4.600000000000000000e+01
1.000000000000000000e+01
-6.000000000000000000e+00
1.000000000000000000e+00
1.600000000000000000e+01
2.000000000000000000e+01
-1.600000000000000000e+01
2.700000000000000000e+01
1.000000000000000000e+00
1.300000000000000000e+01
-1.000000000000000000e+00
3.600000000000000000e+01
6.000000000000000000e+00
3.000000000000000000e+01
-9.000000000000000000e+00
3.000000000000000000e+00
3.400000000000000000e+01
-9.000000000000000000e+00
-1.000000000000000000e+00
9.000000000000000000e+00
5.300000000000000000e+01
2.000000000000000000e+01
2.100000000000000000e+01
2.400000000000000000e+01
2.900000000000000000e+01
2.000000000000000000e+00
1.400000000000000000e+01
-8.000000000000000000e+00
0.000000000000000000e+00
8.000000000000000000e+00
2.600000000000000000e+01
2.300000000000000000e+01
2.300000000000000000e+01
8.000000000000000000e+00
1.400000000000000000e+01
-3.200000000000000000e+01
2.000000000000000000e+00
2.900000000000000000e+01
1.300000000000000000e+01
1.300000000000000000e+01
3.000000000000000000e+00
4.000000000000000000e+01
2.400000000000000000e+01
1.000000000000000000e+00
1.100000000000000000e+01
-1.000000000000000000e+00
2.000000000000000000e+01
4.100000000000000000e+01
1.900000000000000000e+01
0.000000000000000000e+00
1.900000000000000000e+01
4.300000000000000000e+01
3.800000000000000000e+01
1.500000000000000000e+01
1.000000000000000000e+01
3.100000000000000000e+01
3.700000000000000000e+01
2.200000000000000000e+01
7.000000000000000000e+00
4.000000000000000000e+00
2.400000000000000000e+01
2.600000000000000000e+01
2.500000000000000000e+01
-1.000000000000000000e+01
3.800000000000000000e+01
1.100000000000000000e+01
2.500000000000000000e+01
1.200000000000000000e+01
9.000000000000000000e+00
2.300000000000000000e+01
3.000000000000000000e+00
9.000000000000000000e+00
1.300000000000000000e+01
4.000000000000000000e+00
1.000000000000000000e+01
2.500000000000000000e+01
1.500000000000000000e+01
3.000000000000000000e+00
1.300000000000000000e+01
1.000000000000000000e+01
1.000000000000000000e+01
1.300000000000000000e+01
2.400000000000000000e+01
1.100000000000000000e+01
-1.900000000000000000e+01
4.300000000000000000e+01
1.900000000000000000e+01
1.800000000000000000e+01
1.700000000000000000e+01
1.900000000000000000e+01
1.500000000000000000e+01
1.300000000000000000e+01
3.200000000000000000e+01
1.100000000000000000e+01
2.000000000000000000e+01
-1.000000000000000000e+00
-6.000000000000000000e+00
4.300000000000000000e+01
-1.000000000000000000e+01
3.000000000000000000e+00
3.000000000000000000e+01
2.800000000000000000e+01
5.000000000000000000e+01
-1.000000000000000000e+00
-3.000000000000000000e+00
-1.300000000000000000e+01
1.500000000000000000e+01
2.200000000000000000e+01
2.000000000000000000e+01
2.800000000000000000e+01
-4.000000000000000000e+00
2.200000000000000000e+01
-2.000000000000000000e+00
-6.000000000000000000e+00
1.700000000000000000e+01
6.900000000000000000e+01
1.900000000000000000e+01
2.600000000000000000e+01
4.000000000000000000e+01
1.000000000000000000e+00
-5.000000000000000000e+00
3.000000000000000000e+00
1.900000000000000000e+01
-2.300000000000000000e+01
-4.000000000000000000e+00
3.700000000000000000e+01
-4.000000000000000000e+00
6.000000000000000000e+00
3.000000000000000000e+00
3.300000000000000000e+01
4.100000000000000000e+01
2.100000000000000000e+01
7.000000000000000000e+00
-1.900000000000000000e+01
4.000000000000000000e+01
6.000000000000000000e+01
4.400000000000000000e+01
2.500000000000000000e+01
3.700000000000000000e+01
3.000000000000000000e+00
3.600000000000000000e+01
2.900000000000000000e+01
-5.000000000000000000e+00
1.800000000000000000e+01
2.800000000000000000e+01
-8.000000000000000000e+00
2.100000000000000000e+01
3.000000000000000000e+01
3.700000000000000000e+01
2.600000000000000000e+01
1.200000000000000000e+01
3.500000000000000000e+01
2.000000000000000000e+01
1.900000000000000000e+01
4.900000000000000000e+01
1.800000000000000000e+01
2.300000000000000000e+01
1.500000000000000000e+01
3.900000000000000000e+01
4.200000000000000000e+01
3.600000000000000000e+01
5.500000000000000000e+01
4.700000000000000000e+01
1.400000000000000000e+01
3.200000000000000000e+01
4.700000000000000000e+01
6.500000000000000000e+01
7.900000000000000000e+01
4.100000000000000000e+01
8.300000000000000000e+01
7.700000000000000000e+01
9.500000000000000000e+01
5.600000000000000000e+01
1.060000000000000000e+02
1.150000000000000000e+02
1.240000000000000000e+02
1.000000000000000000e+02
1.320000000000000000e+02
8.300000000000000000e+01
1.620000000000000000e+02
1.860000000000000000e+02
1.840000000000000000e+02
1.660000000000000000e+02
2.230000000000000000e+02
2.540000000000000000e+02
2.650000000000000000e+02
2.990000000000000000e+02
2.840000000000000000e+02
3.670000000000000000e+02
4.180000000000000000e+02
5.200000000000000000e+02
5.050000000000000000e+02
5.530000000000000000e+02
6.480000000000000000e+02
7.700000000000000000e+02
8.200000000000000000e+02
9.060000000000000000e+02
9.320000000000000000e+02
1.092000000000000000e+03
1.131000000000000000e+03
1.286000000000000000e+03
1.397000000000000000e+03
1.542000000000000000e+03
1.619000000000000000e+03
1.758000000000000000e+03
1.864000000000000000e+03
2.022000000000000000e+03
2.174000000000000000e+03
2.358000000000000000e+03
2.496000000000000000e+03
2.585000000000000000e+03
2.697000000000000000e+03
2.834000000000000000e+03
2.999000000000000000e+03
3.112000000000000000e+03
3.157000000000000000e+03
3.294000000000000000e+03
3.371000000000000000e+03
3.552000000000000000e+03
3.519000000000000000e+03
3.643000000000000000e+03
3.629000000000000000e+03
3.723000000000000000e+03
3.695000000000000000e+03
3.840000000000000000e+03
3.809000000000000000e+03
3.819000000000000000e+03
3.754000000000000000e+03
3.726000000000000000e+03
3.683000000000000000e+03
3.609000000000000000e+03
3.527000000000000000e+03
3.455000000000000000e+03
3.374000000000000000e+03
3.296000000000000000e+03
3.214000000000000000e+03
3.099000000000000000e+03
2.927000000000000000e+03
2.911000000000000000e+03
2.735000000000000000e+03
2.608000000000000000e+03
2.503000000000000000e+03
2.242000000000000000e+03
2.215000000000000000e+03
2.036000000000000000e+03
1.903000000000000000e+03
1.803000000000000000e+03
1.685000000000000000e+03
1.553000000000000000e+03
1.481000000000000000e+03
1.337000000000000000e+03
1.191000000000000000e+03
1.124000000000000000e+03
9.640000000000000000e+02
9.260000000000000000e+02
8.000000000000000000e+02
7.330000000000000000e+02
6.910000000000000000e+02
5.850000000000000000e+02
5.260000000000000000e+02
4.690000000000000000e+02
4.420000000000000000e+02
3.560000000000000000e+02
3.230000000000000000e+02
2.680000000000000000e+02
2.630000000000000000e+02
2.180000000000000000e+02
1.720000000000000000e+02
1.650000000000000000e+02
1.560000000000000000e+02
9.300000000000000000e+01
9.500000000000000000e+01
1.100000000000000000e+02
7.700000000000000000e+01
7.800000000000000000e+01
7.000000000000000000e+01
4.200000000000000000e+01
3.600000000000000000e+01
3.100000000000000000e+01
3.100000000000000000e+01
4.700000000000000000e+01
9.000000000000000000e+00
4.100000000000000000e+01
9.000000000000000000e+00
4.000000000000000000e+01
1.400000000000000000e+01
7.000000000000000000e+00
2.900000000000000000e+01
4.600000000000000000e+01
2.200000000000000000e+01
8.000000000000000000e+00
2.800000000000000000e+01
-1.000000000000000000e+01
2.200000000000000000e+01
-1.100000000000000000e+01
-3.000000000000000000e+00
8.000000000000000000e+00
-1.000000000000000000e+01
1.900000000000000000e+01
1.700000000000000000e+01
1.100000000000000000e+01
1.100000000000000000e+01
2.300000000000000000e+01
-1.500000000000000000e+01
1.100000000000000000e+01
2.700000000000000000e+01
4.700000000000000000e+01
1.800000000000000000e+01
9.000000000000000000e+00
-1.000000000000000000e+00
3.500000000000000000e+01
4.000000000000000000e+00
2.000000000000000000e+01
3.300000000000000000e+01
2.400000000000000000e+01
4.100000000000000000e+01
2.400000000000000000e+01
1.700000000000000000e+01
1.000000000000000000e+00
3.200000000000000000e+01
1.800000000000000000e+01
2.200000000000000000e+01
2.000000000000000000e+01
-1.600000000000000000e+01
2.000000000000000000e+01
-7.000000000000000000e+00
4.100000000000000000e+01
1.000000000000000000e+01
0.000000000000000000e+00
-4.000000000000000000e+00
2.300000000000000000e+01
-1.200000000000000000e+01
3.400000000000000000e+01
2.000000000000000000e+00
3.500000000000000000e+01
2.500000000000000000e+01
-1.100000000000000000e+01
3.000000000000000000e+00
-1.100000000000000000e+01
2.800000000000000000e+01
3.500000000000000000e+01
1.400000000000000000e+01
2.100000000000000000e+01
2.000000000000000000e+01
2.000000000000000000e+00
8.000000000000000000e+00
3.000000000000000000e+00
3.600000000000000000e+01
1.000000000000000000e+01
1.800000000000000000e+01
2.600000000000000000e+01
-1.600000000000000000e+01
-8.000000000000000000e+00
2.500000000000000000e+01
1.900000000000000000e+01
4.000000000000000000e+00
9.000000000000000000e+00
1.800000000000000000e+01
1.900000000000000000e+01
1.400000000000000000e+01
6.000000000000000000e+00
-1.000000000000000000e+00
1.400000000000000000e+01
2.300000000000000000e+01
-1.300000000000000000e+01
8.000000000000000000e+00
3.200000000000000000e+01
4.300000000000000000e+01
2.800000000000000000e+01
1.500000000000000000e+01
3.000000000000000000e+01
-5.000000000000000000e+00
1.000000000000000000e+01
-2.000000000000000000e+00
3.000000000000000000e+01
-9.000000000000000000e+00
1.400000000000000000e+01
2.500000000000000000e+01
1.100000000000000000e+01
1.500000000000000000e+01
2.300000000000000000e+01
6.000000000000000000e+00
3.600000000000000000e+01
0.000000000000000000e+00
1.100000000000000000e+01
1.100000000000000000e+01
-1.600000000000000000e+01
0.000000000000000000e+00
5.000000000000000000e+00
8.000000000000000000e+00
3.000000000000000000e+00
-1.000000000000000000e+01
1.600000000000000000e+01
6.000000000000000000e+00
-2.000000000000000000e+00
3.700000000000000000e+01
-2.700000000000000000e+01
4.700000000000000000e+01
1.800000000000000000e+01
3.600000000000000000e+01
-8.000000000000000000e+00
1.200000000000000000e+01
-1.000000000000000000e+00
7.000000000000000000e+00
1.400000000000000000e+01
0.000000000000000000e+00
3.400000000000000000e+01
-1.000000000000000000e+00
1.200000000000000000e+01
2.500000000000000000e+01
1.600000000000000000e+01
4.800000000000000000e+01
3.000000000000000000e+00
-1.900000000000000000e+01
2.000000000000000000e+00
1.300000000000000000e+01
6.000000000000000000e+00
-7.000000000000000000e+00
-1.100000000000000000e+01
2.200000000000000000e+01
5.000000000000000000e+01
2.100000000000000000e+01
0.000000000000000000e+00
1.000000000000000000e+01
2.200000000000000000e+01
3.100000000000000000e+01
1.300000000000000000e+01
-2.100000000000000000e+01
1.500000000000000000e+01
2.000000000000000000e+01
7.000000000000000000e+00
2.200000000000000000e+01
1.100000000000000000e+01
8.000000000000000000e+00
-2.000000000000000000e+00
2.900000000000000000e+01
-4.000000000000000000e+00
2.500000000000000000e+01
1.900000000000000000e+01
-7.000000000000000000e+00
2.200000000000000000e+01
-3.000000000000000000e+00
1.000000000000000000e+01
1.400000000000000000e+01
3.000000000000000000e+01
8.000000000000000000e+00
-1.300000000000000000e+01
3.100000000000000000e+01
1.800000000000000000e+01
-4.000000000000000000e+00
8.000000000000000000e+00
2.700000000000000000e+01
-1.400000000000000000e+01
8.000000000000000000e+00
1.500000000000000000e+01
2.000000000000000000e+00
-1.000000000000000000e+01
0.000000000000000000e+00
8.000000000000000000e+00
4.000000000000000000e+00
3.500000000000000000e+01
-3.000000000000000000e+00
9.000000000000000000e+00
1.800000000000000000e+01
-2.200000000000000000e+01
3.300000000000000000e+01
-1.000000000000000000e+00
2.000000000000000000e+01
-9.000000000000000000e+00
2.000000000000000000e+00
1.300000000000000000e+01
-4.000000000000000000e+00
-5.000000000000000000e+00
2.500000000000000000e+01
1.400000000000000000e+01
-1.000000000000000000e+01
2.700000000000000000e+01
1.700000000000000000e+01
3.700000000000000000e+01
-3.000000000000000000e+00
-1.200000000000000000e+01
1.000000000000000000e+00
0.000000000000000000e+00
1.600000000000000000e+01
-2.400000000000000000e+01
5.000000000000000000e+00
2.900000000000000000e+01
9.000000000000000000e+00
9.000000000000000000e+00
1.300000000000000000e+01
3.000000000000000000e+00
8.000000000000000000e+00
2.500000000000000000e+01
1.900000000000000000e+01
9.000000000000000000e+00
2.500000000000000000e+01
2.100000000000000000e+01
-2.000000000000000000e+00
1.400000000000000000e+01
1.100000000000000000e+01
1.000000000000000000e+00
4.000000000000000000e+00
3.000000000000000000e+01
1.000000000000000000e+00
2.200000000000000000e+01
1.000000000000000000e+00
-1.000000000000000000e+01
1.600000000000000000e+01
1.500000000000000000e+01
7.000000000000000000e+00
-1.000000000000000000e+01
-1.000000000000000000e+00
-1.500000000000000000e+01
2.800000000000000000e+01
-2.000000000000000000e+00
-1.000000000000000000e+00
-2.300000000000000000e+01
5.000000000000000000e+00
-6.000000000000000000e+00
-5.000000000000000000e+00
1.300000000000000000e+01
-1.700000000000000000e+01
1.200000000000000000e+01
-8.000000000000000000e+00
2.700000000000000000e+01
-1.500000000000000000e+01
-1.200000000000000000e+01
1.700000000000000000e+01
2.300000000000000000e+01
7.000000000000000000e+00
3.000000000000000000e+01
-1.200000000000000000e+01
-5.000000000000000000e+00
2.200000000000000000e+01
7.000000000000000000e+00
1.800000000000000000e+01
-3.900000000000000000e+01
4.000000000000000000e+00
3.100000000000000000e+01
9.000000000000000000e+00
7.000000000000000000e+00
-1.500000000000000000e+01
1.600000000000000000e+01
4.000000000000000000e+00
1.600000000000000000e+01
1.000000000000000000e+01
9.000000000000000000e+00
-1.700000000000000000e+01
2.500000000000000000e+01
-1.200000000000000000e+01
1.000000000000000000e+00
1.800000000000000000e+01
2.600000000000000000e+01
1.300000000000000000e+01
1.700000000000000000e+01
1.000000000000000000e+01
2.000000000000000000e+00
6.000000000000000000e+00
3.000000000000000000e+00
2.900000000000000000e+01
1.800000000000000000e+01
5.000000000000000000e+00
1.300000000000000000e+01
-7.000000000000000000e+00
-7.000000000000000000e+00
2.600000000000000000e+01
1.100000000000000000e+01
1.900000000000000000e+01
-2.000000000000000000e+00
-9.000000000000000000e+00
2.000000000000000000e+00
-1.000000000000000000e+00
1.000000000000000000e+01
7.000000000000000000e+00
-2.300000000000000000e+01
-2.400000000000000000e+01
1.400000000000000000e+01
9.000000000000000000e+00
1.300000000000000000e+01
1.200000000000000000e+01
-9.000000000000000000e+00
1.100000000000000000e+01
-2.000000000000000000e+00
1.700000000000000000e+01
3.400000000000000000e+01
-1.800000000000000000e+01
-1.100000000000000000e+01
1.000000000000000000e+01
-8.000000000000000000e+00
1.200000000000000000e+01
-1.000000000000000000e+00
1.900000000000000000e+01
-2.400000000000000000e+01
3.000000000000000000e+00
-1.300000000000000000e+01
1.000000000000000000e+01
-2.000000000000000000e+01
1.100000000000000000e+01
-1.500000000000000000e+01
1.500000000000000000e+01
-1.600000000000000000e+01
-2.000000000000000000e+01
1.200000000000000000e+01
1.400000000000000000e+01
6.000000000000000000e+00
-1.700000000000000000e+01
1.700000000000000000e+01
8.000000000000000000e+00
-1.100000000000000000e+01
1.200000000000000000e+01
-2.900000000000000000e+01
-6.000000000000000000e+00
-2.100000000000000000e+01
-4.000000000000000000e+00
5.000000000000000000e+00
1.500000000000000000e+01
-2.500000000000000000e+01
8.000000000000000000e+00
-9.000000000000000000e+00
1.700000000000000000e+01
-1.800000000000000000e+01
2.200000000000000000e+01
2.200000000000000000e+01
4.000000000000000000e+01
1.400000000000000000e+01
1.300000000000000000e+01
-7.000000000000000000e+00
-5.000000000000000000e+00
1.800000000000000000e+01
-4.000000000000000000e+00
4.000000000000000000e+00
1.000000000000000000e+00
1.200000000000000000e+01
-1.500000000000000000e+01
-1.900000000000000000e+01
-2.500000000000000000e+01
5.800000000000000000e+01
2.500000000000000000e+01
-9.000000000000000000e+00
1.400000000000000000e+01
2.400000000000000000e+01
-2.100000000000000000e+01
-1.000000000000000000e+01
-1.500000000000000000e+01
-1.000000000000000000e+01
-2.700000000000000000e+01
2.000000000000000000e+00
1.000000000000000000e+00
5.000000000000000000e+00
-2.600000000000000000e+01
3.000000000000000000e+00
-4.000000000000000000e+00
2.400000000000000000e+01
3.200000000000000000e+01
1.800000000000000000e+01
1.900000000000000000e+01
-3.000000000000000000e+00
9.000000000000000000e+00
-1.800000000000000000e+01
2.100000000000000000e+01
4.000000000000000000e+00
-1.200000000000000000e+01
-1.000000000000000000e+00
3.000000000000000000e+01
1.600000000000000000e+01
1.200000000000000000e+01
-6.000000000000000000e+00
2.600000000000000000e+01
9.000000000000000000e+00
2.000000000000000000e+01
5.000000000000000000e+00
1.500000000000000000e+01
-1.300000000000000000e+01
-1.200000000000000000e+01
6.000000000000000000e+00
-9.000000000000000000e+00
-1.000000000000000000e+00
-2.000000000000000000e+00
0.000000000000000000e+00
1.400000000000000000e+01
-5.000000000000000000e+00
-2.100000000000000000e+01
1.100000000000000000e+01
-4.000000000000000000e+00
2.000000000000000000e+00
2.000000000000000000e+01
6.000000000000000000e+00
-1.900000000000000000e+01
8.000000000000000000e+00
-2.000000000000000000e+01
2.600000000000000000e+01
5.000000000000000000e+00
-2.100000000000000000e+01
1.000000000000000000e+00
-4.000000000000000000e+00
-1.000000000000000000e+00
2.000000000000000000e+01
5.000000000000000000e+00
2.000000000000000000e+01
3.800000000000000000e+01
3.000000000000000000e+00
-3.400000000000000000e+01
-2.000000000000000000e+00
1.200000000000000000e+01
1.400000000000000000e+01
-2.000000000000000000e+01
2.000000000000000000e+01
-1.900000000000000000e+01
-1.100000000000000000e+01
2.200000000000000000e+01
0.000000000000000000e+00
9.000000000000000000e+00
2.200000000000000000e+01
3.000000000000000000e+00
-4.000000000000000000e+00
1.200000000000000000e+01
3.600000000000000000e+01
1.500000000000000000e+01
3.000000000000000000e+00
-5.000000000000000000e+00
2.400000000000000000e+01
-4.000000000000000000e+00
9.000000000000000000e+00
-1.000000000000000000e+01
-1.400000000000000000e+01
2.300000000000000000e+01
-1.500000000000000000e+01
4.000000000000000000e+00
1.400000000000000000e+01
-1.000000000000000000e+00
2.000000000000000000e+01
5.000000000000000000e+00
-1.100000000000000000e+01
2.100000000000000000e+01
-3.400000000000000000e+01
-2.500000000000000000e+01
-2.000000000000000000e+00
3.900000000000000000e+01
1.300000000000000000e+01
2.100000000000000000e+01
1.800000000000000000e+01
1.900000000000000000e+01
-9.000000000000000000e+00
3.000000000000000000e+00
1.900000000000000000e+01
-1.300000000000000000e+01
2.900000000000000000e+01
-1.500000000000000000e+01
2.200000000000000000e+01
2.000000000000000000e+01
-1.600000000000000000e+01
-3.000000000000000000e+00
-1.000000000000000000e+00
2.000000000000000000e+00
1.600000000000000000e+01
-3.000000000000000000e+00
1.200000000000000000e+01
1.000000000000000000e+00
-1.800000000000000000e+01
1.300000000000000000e+01
5.000000000000000000e+00
9.000000000000000000e+00
2.600000000000000000e+01
2.000000000000000000e+00
8.000000000000000000e+00
-1.600000000000000000e+01
-2.900000000000000000e+01
-6.000000000000000000e+00
-1.800000000000000000e+01
0.000000000000000000e+00
1.300000000000000000e+01
1.000000000000000000e+00
-1.500000000000000000e+01
-9.000000000000000000e+00
9.000000000000000000e+00
2.600000000000000000e+01
-5.000000000000000000e+00
4.000000000000000000e+00
-3.100000000000000000e+01
-2.100000000000000000e+01
-1.000000000000000000e+01
-3.300000000000000000e+01
-9.000000000000000000e+00
1.100000000000000000e+01
-6.000000000000000000e+00
8.000000000000000000e+00
-4.000000000000000000e+00
-8.000000000000000000e+00
-7.000000000000000000e+00
1.000000000000000000e+01
2.000000000000000000e+00
1.000000000000000000e+01
3.300000000000000000e+01
-6.000000000000000000e+00
2.500000000000000000e+01
1.000000000000000000e+00
-4.000000000000000000e+00
6.000000000000000000e+00
1.900000000000000000e+01
9.000000000000000000e+00
1.900000000000000000e+01
-4.000000000000000000e+00
-1.000000000000000000e+00
1.500000000000000000e+01
2.500000000000000000e+01
3.000000000000000000e+00
-1.200000000000000000e+01
-8.000000000000000000e+00
1.600000000000000000e+01
-1.700000000000000000e+01
8.000000000000000000e+00
-1.000000000000000000e+00
4.000000000000000000e+00
-1.600000000000000000e+01
-9.000000000000000000e+00
-1.100000000000000000e+01
1.100000000000000000e+01
-1.600000000000000000e+01
0.000000000000000000e+00
-1.700000000000000000e+01
1.200000000000000000e+01
-1.100000000000000000e+01
1.700000000000000000e+01
2.400000000000000000e+01
4.000000000000000000e+00
-1.900000000000000000e+01
3.000000000000000000e+00
1.500000000000000000e+01
9.000000000000000000e+00
-1.200000000000000000e+01
1.900000000000000000e+01
6.000000000000000000e+00
-1.200000000000000000e+01
2.000000000000000000e+00
-5.000000000000000000e+00
-4.200000000000000000e+01
8.000000000000000000e+00
6.000000000000000000e+00
-1.600000000000000000e+01
2.200000000000000000e+01
3.000000000000000000e+01
8.000000000000000000e+00
-1.000000000000000000e+01
1.200000000000000000e+01
-1.600000000000000000e+01
6.000000000000000000e+00
1.100000000000000000e+01
-1.400000000000000000e+01
4.000000000000000000e+00
-1.000000000000000000e+00
1.000000000000000000e+01
-6.000000000000000000e+00
-5.000000000000000000e+00
-1.500000000000000000e+01
1.700000000000000000e+01
2.500000000000000000e+01
-6.000000000000000000e+00
-5.000000000000000000e+00
2.000000000000000000e+00
-1.000000000000000000e+00
9.000000000000000000e+00
5.000000000000000000e+00
-2.000000000000000000e+00
1.100000000000000000e+01
1.200000000000000000e+01
-1.900000000000000000e+01
-1.500000000000000000e+01
7.000000000000000000e+00
-1.700000000000000000e+01
7.000000000000000000e+00
1.700000000000000000e+01
0.000000000000000000e+00
7.000000000000000000e+00
1.300000000000000000e+01
-8.000000000000000000e+00
1.800000000000000000e+01
-4.000000000000000000e+00
1.200000000000000000e+01
-1.700000000000000000e+01
-3.000000000000000000e+00
9.000000000000000000e+00
-3.200000000000000000e+01
2.400000000000000000e+01
6.000000000000000000e+00
-2.000000000000000000e+00
-1.000000000000000000e+00
2.000000000000000000e+00
-7.000000000000000000e+00
-3.000000000000000000e+00
5.000000000000000000e+00
-3.000000000000000000e+00
-1.100000000000000000e+01
5.000000000000000000e+00
1.900000000000000000e+01
1.500000000000000000e+01
-8.000000000000000000e+00
-5.000000000000000000e+00
1.100000000000000000e+01
1.700000000000000000e+01
2.400000000000000000e+01
-1.200000000000000000e+01
-1.000000000000000000e+00
-2.000000000000000000e+00
2.000000000000000000e+00
-7.000000000000000000e+00
-1.000000000000000000e+01
1.000000000000000000e+01
1.200000000000000000e+01
-2.500000000000000000e+01
1.400000000000000000e+01
3.000000000000000000e+00
0.000000000000000000e+00
7.000000000000000000e+00
1.900000000000000000e+01
2.200000000000000000e+01
-3.000000000000000000e+00
-3.000000000000000000e+00
-9.000000000000000000e+00
-1.300000000000000000e+01
-2.800000000000000000e+01
3.000000000000000000e+00
-1.200000000000000000e+01
9.000000000000000000e+00
1.000000000000000000e+00
3.300000000000000000e+01
-1.000000000000000000e+00
-4.000000000000000000e+00
-6.000000000000000000e+00
1.500000000000000000e+01
-2.300000000000000000e+01
8.000000000000000000e+00
-6.000000000000000000e+00
-2.000000000000000000e+00
-1.900000000000000000e+01
3.200000000000000000e+01
-2.900000000000000000e+01
-2.000000000000000000e+00
1.800000000000000000e+01
-3.000000000000000000e+00
3.000000000000000000e+00
1.800000000000000000e+01
7.000000000000000000e+00
1.400000000000000000e+01
-3.000000000000000000e+00
2.000000000000000000e+01
1.000000000000000000e+00
-1.500000000000000000e+01
-3.700000000000000000e+01
7.000000000000000000e+00
-1.900000000000000000e+01
-4.000000000000000000e+00
1.500000000000000000e+01
4.000000000000000000e+00
-1.100000000000000000e+01
7.000000000000000000e+00
2.000000000000000000e+00
0.000000000000000000e+00
4.000000000000000000e+00
-6.000000000000000000e+00
3.000000000000000000e+00
5.000000000000000000e+00
-6.000000000000000000e+00
5.000000000000000000e+00
1.000000000000000000e+00
-2.000000000000000000e+01
-9.000000000000000000e+00
1.200000000000000000e+01
-4.000000000000000000e+00
-1.700000000000000000e+01
3.000000000000000000e+00
-1.000000000000000000e+00
-1.400000000000000000e+01
-2.300000000000000000e+01
-1.600000000000000000e+01
-2.100000000000000000e+01
-6.000000000000000000e+00
2.000000000000000000e+00
1.900000000000000000e+01
-4.000000000000000000e+00
-5.000000000000000000e+00
-1.100000000000000000e+01
6.000000000000000000e+00
2.000000000000000000e+00
1.600000000000000000e+01
2.700000000000000000e+01
3.700000000000000000e+01
6.000000000000000000e+00
3.100000000000000000e+01
1.000000000000000000e+01
-5.000000000000000000e+00
-5.000000000000000000e+00
9.000000000000000000e+00
-3.200000000000000000e+01
6.000000000000000000e+00
-7.000000000000000000e+00
-1.700000000000000000e+01
3.000000000000000000e+00
-4.000000000000000000e+00
-8.000000000000000000e+00
1.800000000000000000e+01
2.900000000000000000e+01
1.000000000000000000e+00
3.000000000000000000e+01
1.200000000000000000e+01
1.200000000000000000e+01
-1.800000000000000000e+01
2.000000000000000000e+00
2.000000000000000000e+00
-1.900000000000000000e+01
2.500000000000000000e+01
9.000000000000000000e+00
-6.000000000000000000e+00
-6.000000000000000000e+00
1.800000000000000000e+01
-8.000000000000000000e+00
3.100000000000000000e+01
1.100000000000000000e+01
2.800000000000000000e+01
-1.000000000000000000e+00
-1.200000000000000000e+01
2.400000000000000000e+01
4.000000000000000000e+00
-2.100000000000000000e+01
0.000000000000000000e+00
4.000000000000000000e+00
1.900000000000000000e+01
-1.000000000000000000e+01
-1.000000000000000000e+00
-1.800000000000000000e+01
5.000000000000000000e+00
1.200000000000000000e+01
-1.000000000000000000e+01
3.800000000000000000e+01
1.100000000000000000e+01
2.600000000000000000e+01
3.900000000000000000e+01
2.600000000000000000e+01
3.000000000000000000e+00
1.100000000000000000e+01
-5.000000000000000000e+00
3.000000000000000000e+00
4.000000000000000000e+00
2.200000000000000000e+01
3.300000000000000000e+01
2.200000000000000000e+01
2.900000000000000000e+01
3.400000000000000000e+01
3.800000000000000000e+01
3.100000000000000000e+01
3.100000000000000000e+01
2.300000000000000000e+01
6.000000000000000000e+01
2.900000000000000000e+01
6.100000000000000000e+01
6.000000000000000000e+00
4.100000000000000000e+01
5.900000000000000000e+01
7.200000000000000000e+01
3.700000000000000000e+01
6.700000000000000000e+01
5.700000000000000000e+01
3.000000000000000000e+01
9.200000000000000000e+01
7.200000000000000000e+01
6.900000000000000000e+01
6.500000000000000000e+01
7.400000000000000000e+01
1.160000000000000000e+02
6.700000000000000000e+01
8.800000000000000000e+01
1.080000000000000000e+02
1.380000000000000000e+02
1.140000000000000000e+02
1.290000000000000000e+02
1.080000000000000000e+02
1.400000000000000000e+02
1.400000000000000000e+02
1.580000000000000000e+02
1.770000000000000000e+02
1.440000000000000000e+02
1.320000000000000000e+02
1.970000000000000000e+02
2.080000000000000000e+02
2.030000000000000000e+02
2.330000000000000000e+02
2.160000000000000000e+02
2.680000000000000000e+02
2.670000000000000000e+02
3.120000000000000000e+02
2.770000000000000000e+02
2.980000000000000000e+02
3.390000000000000000e+02
3.760000000000000000e+02
3.910000000000000000e+02
3.730000000000000000e+02
4.080000000000000000e+02
4.250000000000000000e+02
4.270000000000000000e+02
4.250000000000000000e+02
4.810000000000000000e+02
4.450000000000000000e+02
4.860000000000000000e+02
4.980000000000000000e+02
5.450000000000000000e+02
5.780000000000000000e+02
5.830000000000000000e+02
6.240000000000000000e+02
6.710000000000000000e+02
6.960000000000000000e+02
7.340000000000000000e+02
7.090000000000000000e+02
7.600000000000000000e+02
8.000000000000000000e+02
8.310000000000000000e+02
8.060000000000000000e+02
8.920000000000000000e+02
8.870000000000000000e+02
9.130000000000000000e+02
9.270000000000000000e+02
9.640000000000000000e+02
9.910000000000000000e+02
1.043000000000000000e+03
1.032000000000000000e+03
1.083000000000000000e+03
1.019000000000000000e+03
1.105000000000000000e+03
1.108000000000000000e+03
1.154000000000000000e+03
1.152000000000000000e+03
1.204000000000000000e+03
1.242000000000000000e+03
1.210000000000000000e+03
1.254000000000000000e+03
1.237000000000000000e+03
1.282000000000000000e+03
1.311000000000000000e+03
1.300000000000000000e+03
1.335000000000000000e+03
1.337000000000000000e+03
1.381000000000000000e+03
1.410000000000000000e+03
1.377000000000000000e+03
1.419000000000000000e+03
1.412000000000000000e+03
1.495000000000000000e+03
1.507000000000000000e+03
1.504000000000000000e+03
1.519000000000000000e+03
1.497000000000000000e+03
1.542000000000000000e+03
1.517000000000000000e+03
1.562000000000000000e+03
1.466000000000000000e+03
1.493000000000000000e+03
1.517000000000000000e+03
1.528000000000000000e+03
1.537000000000000000e+03
1.498000000000000000e+03
1.451000000000000000e+03
1.488000000000000000e+03
1.458000000000000000e+03
1.469000000000000000e+03
1.458000000000000000e+03
1.373000000000000000e+03
1.341000000000000000e+03
1.350000000000000000e+03
1.341000000000000000e+03
1.306000000000000000e+03
1.319000000000000000e+03
1.357000000000000000e+03
1.289000000000000000e+03
1.331000000000000000e+03
1.273000000000000000e+03
1.263000000000000000e+03
1.296000000000000000e+03
1.321000000000000000e+03
1.288000000000000000e+03
1.234000000000000000e+03
1.260000000000000000e+03
1.183000000000000000e+03
1.209000000000000000e+03
1.177000000000000000e+03
1.184000000000000000e+03
1.153000000000000000e+03
1.100000000000000000e+03
1.120000000000000000e+03
1.044000000000000000e+03
1.038000000000000000e+03
9.920000000000000000e+02
9.760000000000000000e+02
9.720000000000000000e+02
9.350000000000000000e+02
9.620000000000000000e+02
8.840000000000000000e+02
8.830000000000000000e+02
8.430000000000000000e+02
8.430000000000000000e+02
7.830000000000000000e+02
7.610000000000000000e+02
7.870000000000000000e+02
7.430000000000000000e+02
6.870000000000000000e+02
6.760000000000000000e+02
6.770000000000000000e+02
6.610000000000000000e+02
6.500000000000000000e+02
5.950000000000000000e+02
6.190000000000000000e+02
5.900000000000000000e+02
5.280000000000000000e+02
5.410000000000000000e+02
5.750000000000000000e+02
5.090000000000000000e+02
4.800000000000000000e+02
4.600000000000000000e+02
4.570000000000000000e+02
4.140000000000000000e+02
4.380000000000000000e+02
4.010000000000000000e+02
3.840000000000000000e+02
3.590000000000000000e+02
3.290000000000000000e+02
3.850000000000000000e+02
3.100000000000000000e+02
3.180000000000000000e+02
2.990000000000000000e+02
2.870000000000000000e+02
2.610000000000000000e+02
2.630000000000000000e+02
2.460000000000000000e+02
2.400000000000000000e+02
2.200000000000000000e+02
2.220000000000000000e+02
2.050000000000000000e+02
1.990000000000000000e+02
1.900000000000000000e+02
1.820000000000000000e+02
1.530000000000000000e+02
1.610000000000000000e+02
1.520000000000000000e+02
1.490000000000000000e+02
1.790000000000000000e+02
1.250000000000000000e+02
1.580000000000000000e+02
1.370000000000000000e+02
1.070000000000000000e+02
1.150000000000000000e+02
1.280000000000000000e+02
1.090000000000000000e+02
9.100000000000000000e+01
9.000000000000000000e+01
8.200000000000000000e+01
8.300000000000000000e+01
1.000000000000000000e+02
7.700000000000000000e+01
8.400000000000000000e+01
9.200000000000000000e+01
5.200000000000000000e+01
8.300000000000000000e+01
5.400000000000000000e+01
5.900000000000000000e+01
3.600000000000000000e+01
5.700000000000000000e+01
1.100000000000000000e+01
2.200000000000000000e+01
1.100000000000000000e+01
5.400000000000000000e+01
5.500000000000000000e+01
4.400000000000000000e+01
6.900000000000000000e+01
3.900000000000000000e+01
3.300000000000000000e+01
-4.000000000000000000e+00
4.200000000000000000e+01
4.300000000000000000e+01
-1.000000000000000000e+01
1.000000000000000000e+00
2.100000000000000000e+01
9.000000000000000000e+00
4.800000000000000000e+01
1.600000000000000000e+01
-7.000000000000000000e+00
1.700000000000000000e+01
6.000000000000000000e+00
-2.000000000000000000e+00
-1.500000000000000000e+01
1.600000000000000000e+01
6.000000000000000000e+00
-1.700000000000000000e+01
1.700000000000000000e+01
3.200000000000000000e+01
6.000000000000000000e+00
-3.000000000000000000e+00
-8.000000000000000000e+00
3.800000000000000000e+01
3.400000000000000000e+01
-1.700000000000000000e+01
-1.000000000000000000e+01
-4.000000000000000000e+00
1.400000000000000000e+01
1.700000000000000000e+01
5.000000000000000000e+00
6.000000000000000000e+00
3.800000000000000000e+01
-5.000000000000000000e+00
2.500000000000000000e+01
2.400000000000000000e+01
-8.000000000000000000e+00
1.900000000000000000e+01
-2.000000000000000000e+01
-1.000000000000000000e+00
1.000000000000000000e+01
1.600000000000000000e+01
-1.200000000000000000e+01
1.100000000000000000e+01
-4.000000000000000000e+00
1.100000000000000000e+01
1.000000000000000000e+00
1.200000000000000000e+01
5.000000000000000000e+00
-1.700000000000000000e+01
2.000000000000000000e+00
2.700000000000000000e+01
3.000000000000000000e+00
9.000000000000000000e+00
-5.000000000000000000e+00
0.000000000000000000e+00
1.900000000000000000e+01
-2.400000000000000000e+01
-1.700000000000000000e+01
1.300000000000000000e+01
-2.000000000000000000e+00
5.000000000000000000e+00
-4.000000000000000000e+00
1.700000000000000000e+01
-2.600000000000000000e+01
-8.000000000000000000e+00
2.000000000000000000e+00
-1.400000000000000000e+01
-1.300000000000000000e+01
5.900000000000000000e+01
0.000000000000000000e+00
-5.000000000000000000e+00
1.000000000000000000e+01
4.000000000000000000e+00
-1.000000000000000000e+00
-3.000000000000000000e+00
1.100000000000000000e+01
-1.000000000000000000e+00
-2.700000000000000000e+01
2.000000000000000000e+01
3.000000000000000000e+00
-2.000000000000000000e+00
5.000000000000000000e+00
8.000000000000000000e+00
5.000000000000000000e+00
-1.000000000000000000e+00
0.000000000000000000e+00
-2.000000000000000000e+00
