-2.000000000000000000e+00
1.000000000000000000e+00
5.000000000000000000e+00
2.000000000000000000e+00
1.000000000000000000e+01
-2.000000000000000000e+00
-1.600000000000000000e+01
6.000000000000000000e+00
-8.000000000000000000e+00
-2.100000000000000000e+01
3.000000000000000000e+00
-1.300000000000000000e+01
5.000000000000000000e+00
1.400000000000000000e+01
-1.200000000000000000e+01
1.200000000000000000e+01
-2.000000000000000000e+00
1.600000000000000000e+01
-8.000000000000000000e+00
1.700000000000000000e+01
1.800000000000000000e+01
-8.000000000000000000e+00
-1.000000000000000000e+00
-6.000000000000000000e+00
-2.200000000000000000e+01
-1.600000000000000000e+01
-8.000000000000000000e+00
-1.100000000000000000e+01
9.000000000000000000e+00
-1.300000000000000000e+01
-1.000000000000000000e+01
6.000000000000000000e+00
1.100000000000000000e+01
5.000000000000000000e+00
1.800000000000000000e+01
-2.300000000000000000e+01
1.000000000000000000e+01
1.800000000000000000e+01
-1.900000000000000000e+01
3.100000000000000000e+01
1.000000000000000000e+00
-4.000000000000000000e+00
-1.100000000000000000e+01
-1.800000000000000000e+01
3.000000000000000000e+00
3.300000000000000000e+01
1.200000000000000000e+01
-4.000000000000000000e+00
8.000000000000000000e+00
5.000000000000000000e+00
-3.000000000000000000e+00
-2.900000000000000000e+01
-5.000000000000000000e+00
-8.000000000000000000e+00
3.000000000000000000e+00
-2.400000000000000000e+01
-2.000000000000000000e+00
-2.500000000000000000e+01
-7.000000000000000000e+00
-2.000000000000000000e+00
4.000000000000000000e+00
2.400000000000000000e+01
-2.100000000000000000e+01
1.300000000000000000e+01
-8.000000000000000000e+00
-4.000000000000000000e+00
-2.200000000000000000e+01
3.000000000000000000e+00
4.000000000000000000e+00
-1.200000000000000000e+01
-1.000000000000000000e+00
-8.000000000000000000e+00
-1.200000000000000000e+01
-2.100000000000000000e+01
-4.000000000000000000e+00
3.000000000000000000e+00
-1.400000000000000000e+01
2.000000000000000000e+00
-9.000000000000000000e+00
-2.300000000000000000e+01
1.200000000000000000e+01
7.000000000000000000e+00
-1.900000000000000000e+01
3.000000000000000000e+01
-3.000000000000000000e+00
-1.800000000000000000e+01
1.100000000000000000e+01
-1.700000000000000000e+01
3.100000000000000000e+01
-9.000000000000000000e+00
-9.000000000000000000e+00
-3.000000000000000000e+00
1.100000000000000000e+01
2.400000000000000000e+01
6.000000000000000000e+00
6.000000000000000000e+00
2.500000000000000000e+01
3.000000000000000000e+00
-3.800000000000000000e+01
-2.000000000000000000e+01
-1.000000000000000000e+00
1.100000000000000000e+01
-2.800000000000000000e+01
-4.700000000000000000e+01
-2.000000000000000000e+00
-7.000000000000000000e+00
-8.000000000000000000e+00
2.000000000000000000e+01
-1.000000000000000000e+01
1.700000000000000000e+01
-7.000000000000000000e+00
2.300000000000000000e+01
1.200000000000000000e+01
0.000000000000000000e+00
1.900000000000000000e+01
1.600000000000000000e+01
-1.100000000000000000e+01
2.000000000000000000e+01
-1.200000000000000000e+01
2.000000000000000000e+01
1.000000000000000000e+01
-5.000000000000000000e+00
5.000000000000000000e+00
4.000000000000000000e+00
1.700000000000000000e+01
-1.300000000000000000e+01
4.000000000000000000e+00
-1.600000000000000000e+01
-2.000000000000000000e+00
2.000000000000000000e+01
3.000000000000000000e+01
1.800000000000000000e+01
-1.700000000000000000e+01
-2.100000000000000000e+01
0.000000000000000000e+00
2.500000000000000000e+01
2.300000000000000000e+01
2.200000000000000000e+01
1.000000000000000000e+00
-9.000000000000000000e+00
-1.200000000000000000e+01
-1.800000000000000000e+01
-1.600000000000000000e+01
1.600000000000000000e+01
1.100000000000000000e+01
7.000000000000000000e+00
6.000000000000000000e+00
-1.500000000000000000e+01
1.000000000000000000e+01
9.000000000000000000e+00
-1.800000000000000000e+01
3.000000000000000000e+00
1.000000000000000000e+01
3.000000000000000000e+00
-8.000000000000000000e+00
-3.700000000000000000e+01
2.000000000000000000e+01
1.800000000000000000e+01
-2.000000000000000000e+00
3.000000000000000000e+00
-5.000000000000000000e+00
-3.000000000000000000e+00
-3.100000000000000000e+01
-5.000000000000000000e+00
-3.000000000000000000e+00
-1.000000000000000000e+00
-1.200000000000000000e+01
4.000000000000000000e+00
4.000000000000000000e+00
-2.000000000000000000e+01
-4.000000000000000000e+00
-1.700000000000000000e+01
-9.000000000000000000e+00
1.000000000000000000e+01
-2.000000000000000000e+00
-3.400000000000000000e+01
1.700000000000000000e+01
2.200000000000000000e+01
-1.600000000000000000e+01
4.000000000000000000e+00
-1.900000000000000000e+01
0.000000000000000000e+00
1.200000000000000000e+01
-2.600000000000000000e+01
-1.000000000000000000e+00
2.000000000000000000e+00
-3.000000000000000000e+00
0.000000000000000000e+00
1.000000000000000000e+01
1.700000000000000000e+01
1.500000000000000000e+01
-1.200000000000000000e+01
7.000000000000000000e+00
-1.000000000000000000e+00
1.500000000000000000e+01
-1.400000000000000000e+01
1.900000000000000000e+01
1.200000000000000000e+01
2.000000000000000000e+00
-1.000000000000000000e+00
1.000000000000000000e+01
2.300000000000000000e+01
1.000000000000000000e+01
-2.000000000000000000e+00
4.000000000000000000e+00
-2.300000000000000000e+01
-6.000000000000000000e+00
1.300000000000000000e+01
1.400000000000000000e+01
-1.900000000000000000e+01
6.000000000000000000e+00
2.600000000000000000e+01
3.700000000000000000e+01
0.000000000000000000e+00
4.000000000000000000e+00
-1.100000000000000000e+01
2.300000000000000000e+01
1.200000000000000000e+01
2.500000000000000000e+01
2.000000000000000000e+00
2.900000000000000000e+01
-9.000000000000000000e+00
-1.900000000000000000e+01
1.700000000000000000e+01
0.000000000000000000e+00
-1.000000000000000000e+00
-4.000000000000000000e+01
1.000000000000000000e+00
1.100000000000000000e+01
-9.000000000000000000e+00
5.000000000000000000e+00
-6.000000000000000000e+00
3.000000000000000000e+00
1.300000000000000000e+01
-1.700000000000000000e+01
3.000000000000000000e+00
0.000000000000000000e+00
-1.000000000000000000e+00
0.000000000000000000e+00
-1.800000000000000000e+01
1.000000000000000000e+00
-7.000000000000000000e+00
1.100000000000000000e+01
-6.000000000000000000e+00
3.000000000000000000e+00
1.700000000000000000e+01
0.000000000000000000e+00
3.400000000000000000e+01
-3.000000000000000000e+01
-4.000000000000000000e+00
2.800000000000000000e+01
-2.900000000000000000e+01
-1.900000000000000000e+01
4.000000000000000000e+00
-3.200000000000000000e+01
1.000000000000000000e+00
2.600000000000000000e+01
-2.200000000000000000e+01
-2.100000000000000000e+01
-2.300000000000000000e+01
-2.000000000000000000e+01
5.000000000000000000e+00
-3.000000000000000000e+00
-4.000000000000000000e+00
-2.800000000000000000e+01
1.400000000000000000e+01
1.800000000000000000e+01
8.000000000000000000e+00
3.000000000000000000e+00
-8.000000000000000000e+00
-6.000000000000000000e+00
-9.000000000000000000e+00
-1.500000000000000000e+01
-1.800000000000000000e+01
2.300000000000000000e+01
1.000000000000000000e+00
-1.100000000000000000e+01
-3.300000000000000000e+01
-2.700000000000000000e+01
3.800000000000000000e+01
7.000000000000000000e+00
-1.300000000000000000e+01
-8.000000000000000000e+00
-9.000000000000000000e+00
9.000000000000000000e+00
1.000000000000000000e+00
-2.800000000000000000e+01
-3.400000000000000000e+01
-2.500000000000000000e+01
-1.500000000000000000e+01
-3.000000000000000000e+00
2.000000000000000000e+01
-1.200000000000000000e+01
1.500000000000000000e+01
1.300000000000000000e+01
1.000000000000000000e+00
-1.200000000000000000e+01
1.600000000000000000e+01
-2.000000000000000000e+00
2.600000000000000000e+01
7.000000000000000000e+00
-1.900000000000000000e+01
-2.400000000000000000e+01
-1.300000000000000000e+01
-2.000000000000000000e+00
-8.000000000000000000e+00
-1.600000000000000000e+01
4.000000000000000000e+00
-2.500000000000000000e+01
-2.000000000000000000e+00
-2.600000000000000000e+01
8.000000000000000000e+00
4.300000000000000000e+01
3.000000000000000000e+00
1.200000000000000000e+01
7.000000000000000000e+00
1.700000000000000000e+01
9.000000000000000000e+00
-3.000000000000000000e+00
-7.000000000000000000e+00
-2.800000000000000000e+01
6.000000000000000000e+00
-1.300000000000000000e+01
-1.000000000000000000e+00
-2.000000000000000000e+00
-3.600000000000000000e+01
1.400000000000000000e+01
-1.200000000000000000e+01
4.000000000000000000e+00
1.200000000000000000e+01
1.500000000000000000e+01
1.700000000000000000e+01
-1.900000000000000000e+01
-4.000000000000000000e+00
9.000000000000000000e+00
0.000000000000000000e+00
-7.000000000000000000e+00
1.100000000000000000e+01
-5.000000000000000000e+00
-3.000000000000000000e+00
-1.600000000000000000e+01
-5.000000000000000000e+00
1.300000000000000000e+01
1.000000000000000000e+01
2.400000000000000000e+01
-1.500000000000000000e+01
-1.300000000000000000e+01
-8.000000000000000000e+00
-2.700000000000000000e+01
-1.200000000000000000e+01
1.400000000000000000e+01
-1.500000000000000000e+01
2.200000000000000000e+01
-4.300000000000000000e+01
2.600000000000000000e+01
3.000000000000000000e+00
-2.000000000000000000e+00
8.000000000000000000e+00
-4.000000000000000000e+00
-6.000000000000000000e+00
-1.100000000000000000e+01
4.400000000000000000e+01
-2.200000000000000000e+01
1.800000000000000000e+01
2.000000000000000000e+00
8.000000000000000000e+00
-5.000000000000000000e+00
-2.400000000000000000e+01
2.500000000000000000e+01
0.000000000000000000e+00
-1.400000000000000000e+01
-9.000000000000000000e+00
3.000000000000000000e+00
-2.500000000000000000e+01
1.700000000000000000e+01
5.000000000000000000e+00
1.000000000000000000e+00
-1.400000000000000000e+01
-9.000000000000000000e+00
6.000000000000000000e+00
3.100000000000000000e+01
-1.600000000000000000e+01
-4.700000000000000000e+01
4.500000000000000000e+01
-1.100000000000000000e+01
9.000000000000000000e+00
-4.000000000000000000e+00
-1.000000000000000000e+00
-1.000000000000000000e+01
2.600000000000000000e+01
-3.000000000000000000e+00
1.300000000000000000e+01
2.000000000000000000e+00
-4.200000000000000000e+01
1.700000000000000000e+01
2.400000000000000000e+01
-1.200000000000000000e+01
-6.000000000000000000e+00
-5.000000000000000000e+00
2.800000000000000000e+01
1.600000000000000000e+01
-3.000000000000000000e+00
2.100000000000000000e+01
1.000000000000000000e+00
-7.000000000000000000e+00
3.000000000000000000e+00
1.600000000000000000e+01
-1.500000000000000000e+01
-2.600000000000000000e+01
-2.500000000000000000e+01
1.400000000000000000e+01
-9.000000000000000000e+00
-2.000000000000000000e+01
-1.300000000000000000e+01
1.600000000000000000e+01
-5.000000000000000000e+00
2.000000000000000000e+00
-1.000000000000000000e+00
-1.900000000000000000e+01
1.700000000000000000e+01
8.000000000000000000e+00
-8.000000000000000000e+00
-1.100000000000000000e+01
-8.000000000000000000e+00
1.800000000000000000e+01
-1.900000000000000000e+01
-2.500000000000000000e+01
6.000000000000000000e+00
-1.700000000000000000e+01
-5.000000000000000000e+00
9.000000000000000000e+00
3.700000000000000000e+01
0.000000000000000000e+00
-4.000000000000000000e+00
2.000000000000000000e+00
-8.000000000000000000e+00
-8.000000000000000000e+00
3.400000000000000000e+01
0.000000000000000000e+00
6.000000000000000000e+00
1.400000000000000000e+01
-2.100000000000000000e+01
1.700000000000000000e+01
-5.000000000000000000e+00
4.200000000000000000e+01
4.000000000000000000e+01
2.000000000000000000e+00
-1.000000000000000000e+00
-3.100000000000000000e+01
2.700000000000000000e+01
6.000000000000000000e+00
2.800000000000000000e+01
-6.000000000000000000e+00
7.000000000000000000e+00
-3.000000000000000000e+00
3.100000000000000000e+01
2.900000000000000000e+01
7.000000000000000000e+00
1.000000000000000000e+00
-8.000000000000000000e+00
-2.000000000000000000e+00
9.000000000000000000e+00
3.000000000000000000e+00
-3.100000000000000000e+01
-1.000000000000000000e+01
9.000000000000000000e+00
-2.000000000000000000e+00
-3.000000000000000000e+00
-3.300000000000000000e+01
2.200000000000000000e+01
5.000000000000000000e+00
-5.000000000000000000e+00
1.050000000000000000e+02
-9.000000000000000000e+00
-2.600000000000000000e+01
1.100000000000000000e+01
9.000000000000000000e+00
7.000000000000000000e+00
3.100000000000000000e+01
-1.300000000000000000e+01
-1.500000000000000000e+01
2.000000000000000000e+00
-5.000000000000000000e+00
-1.600000000000000000e+01
-1.700000000000000000e+01
1.000000000000000000e+00
6.000000000000000000e+00
8.000000000000000000e+00
7.000000000000000000e+00
7.000000000000000000e+00
-2.000000000000000000e+00
1.400000000000000000e+01
-1.400000000000000000e+01
2.300000000000000000e+01
-9.000000000000000000e+00
-5.000000000000000000e+00
-5.000000000000000000e+00
-7.000000000000000000e+00
3.000000000000000000e+00
-3.100000000000000000e+01
6.000000000000000000e+00
3.100000000000000000e+01
-4.000000000000000000e+00
1.800000000000000000e+01
5.000000000000000000e+00
2.800000000000000000e+01
-7.000000000000000000e+00
2.800000000000000000e+01
-1.500000000000000000e+01
2.000000000000000000e+00
-8.000000000000000000e+00
2.000000000000000000e+00
2.000000000000000000e+00
0.000000000000000000e+00
5.000000000000000000e+00
-1.200000000000000000e+01
2.000000000000000000e+00
1.000000000000000000e+01
1.500000000000000000e+01
9.000000000000000000e+00
7.000000000000000000e+00
0.000000000000000000e+00
-2.700000000000000000e+01
0.000000000000000000e+00
-1.400000000000000000e+01
-1.100000000000000000e+01
1.500000000000000000e+01
2.000000000000000000e+01
5.000000000000000000e+00
-1.700000000000000000e+01
2.400000000000000000e+01
7.000000000000000000e+00
9.000000000000000000e+00
3.500000000000000000e+01
2.200000000000000000e+01
-2.000000000000000000e+01
-2.600000000000000000e+01
7.000000000000000000e+00
-1.300000000000000000e+01
2.200000000000000000e+01
4.900000000000000000e+01
9.000000000000000000e+00
3.800000000000000000e+01
1.700000000000000000e+01
2.600000000000000000e+01
1.600000000000000000e+01
2.700000000000000000e+01
-2.100000000000000000e+01
2.000000000000000000e+00
-1.200000000000000000e+01
1.100000000000000000e+01
-3.200000000000000000e+01
-7.000000000000000000e+00
-1.500000000000000000e+01
5.600000000000000000e+01
-1.800000000000000000e+01
2.700000000000000000e+01
-9.000000000000000000e+00
-2.900000000000000000e+01
9.000000000000000000e+00
3.200000000000000000e+01
1.000000000000000000e+00
1.700000000000000000e+01
-6.000000000000000000e+00
-4.000000000000000000e+00
-2.000000000000000000e+01
-5.000000000000000000e+00
-1.000000000000000000e+01
0.000000000000000000e+00
1.400000000000000000e+01
-3.000000000000000000e+00
2.000000000000000000e+00
2.000000000000000000e+00
-1.100000000000000000e+01
4.000000000000000000e+00
3.600000000000000000e+01
-2.400000000000000000e+01
-7.000000000000000000e+00
1.800000000000000000e+01
-4.000000000000000000e+00
-1.700000000000000000e+01
7.000000000000000000e+00
6.000000000000000000e+00
-1.600000000000000000e+01
2.400000000000000000e+01
4.500000000000000000e+01
1.800000000000000000e+01
1.700000000000000000e+01
-1.200000000000000000e+01
6.000000000000000000e+00
-1.200000000000000000e+01
7.000000000000000000e+00
-5.000000000000000000e+00
7.000000000000000000e+00
1.500000000000000000e+01
9.000000000000000000e+00
3.000000000000000000e+00
0.000000000000000000e+00
1.800000000000000000e+01
-1.400000000000000000e+01
-1.200000000000000000e+01
1.700000000000000000e+01
1.600000000000000000e+01
9.000000000000000000e+00
-8.000000000000000000e+00
-1.000000000000000000e+00
1.000000000000000000e+00
1.100000000000000000e+01
-3.200000000000000000e+01
1.100000000000000000e+01
8.000000000000000000e+00
-9.000000000000000000e+00
-1.300000000000000000e+01
1.100000000000000000e+01
1.500000000000000000e+01
-9.000000000000000000e+00
8.000000000000000000e+00
3.000000000000000000e+00
-9.000000000000000000e+00
-1.000000000000000000e+00
1.400000000000000000e+01
-1.900000000000000000e+01
1.800000000000000000e+01
1.500000000000000000e+01
1.400000000000000000e+01
-2.300000000000000000e+01
9.000000000000000000e+00
6.000000000000000000e+00
-8.000000000000000000e+00
-1.500000000000000000e+01
5.000000000000000000e+00
2.000000000000000000e+00
2.000000000000000000e+00
-1.100000000000000000e+01
1.000000000000000000e+00
1.100000000000000000e+01
-1.100000000000000000e+01
3.100000000000000000e+01
0.000000000000000000e+00
-1.300000000000000000e+01
2.100000000000000000e+01
-1.300000000000000000e+01
-6.000000000000000000e+00
1.800000000000000000e+01
0.000000000000000000e+00
3.200000000000000000e+01
-2.400000000000000000e+01
-8.000000000000000000e+00
-1.000000000000000000e+00
1.300000000000000000e+01
5.000000000000000000e+00
-2.400000000000000000e+01
1.200000000000000000e+01
3.500000000000000000e+01
2.600000000000000000e+01
-5.000000000000000000e+00
5.000000000000000000e+00
-2.100000000000000000e+01
1.600000000000000000e+01
8.000000000000000000e+00
8.000000000000000000e+00
1.700000000000000000e+01
-2.300000000000000000e+01
2.600000000000000000e+01
-6.000000000000000000e+00
9.000000000000000000e+00
8.000000000000000000e+00
1.500000000000000000e+01
2.900000000000000000e+01
-5.000000000000000000e+00
-2.600000000000000000e+01
-3.000000000000000000e+00
2.300000000000000000e+01
5.000000000000000000e+00
-2.000000000000000000e+00
-3.000000000000000000e+01
5.000000000000000000e+00
2.000000000000000000e+01
2.600000000000000000e+01
-1.100000000000000000e+01
-3.000000000000000000e+00
3.800000000000000000e+01
-9.000000000000000000e+00
8.000000000000000000e+00
-1.700000000000000000e+01
-2.800000000000000000e+01
3.300000000000000000e+01
1.200000000000000000e+01
-3.600000000000000000e+01
-6.000000000000000000e+00
-1.500000000000000000e+01
-2.600000000000000000e+01
4.000000000000000000e+01
2.000000000000000000e+00
4.000000000000000000e+00
1.300000000000000000e+01
-5.000000000000000000e+00
0.000000000000000000e+00
1.400000000000000000e+01
7.000000000000000000e+00
3.600000000000000000e+01
3.400000000000000000e+01
2.800000000000000000e+01
-3.400000000000000000e+01
1.000000000000000000e+00
3.100000000000000000e+01
-1.300000000000000000e+01
0.000000000000000000e+00
5.000000000000000000e+00
1.200000000000000000e+01
5.000000000000000000e+00
-9.000000000000000000e+00
3.000000000000000000e+00
1.800000000000000000e+01
2.600000000000000000e+01
-2.200000000000000000e+01
1.700000000000000000e+01
-1.400000000000000000e+01
3.100000000000000000e+01
2.300000000000000000e+01
-1.200000000000000000e+01
1.700000000000000000e+01
5.000000000000000000e+00
3.000000000000000000e+00
1.400000000000000000e+01
3.000000000000000000e+00
2.200000000000000000e+01
1.000000000000000000e+01
-1.000000000000000000e+00
2.500000000000000000e+01
2.100000000000000000e+01
-1.000000000000000000e+01
1.800000000000000000e+01
0.000000000000000000e+00
1.200000000000000000e+01
1.800000000000000000e+01
-1.400000000000000000e+01
3.400000000000000000e+01
2.700000000000000000e+01
4.200000000000000000e+01
5.000000000000000000e+00
2.000000000000000000e+00
1.300000000000000000e+01
1.600000000000000000e+01
-3.300000000000000000e+01
-1.900000000000000000e+01
9.000000000000000000e+00
1.000000000000000000e+01
-1.000000000000000000e+00
2.400000000000000000e+01
1.000000000000000000e+01
1.800000000000000000e+01
-5.000000000000000000e+00
4.100000000000000000e+01
5.000000000000000000e+01
2.500000000000000000e+01
1.100000000000000000e+01
3.300000000000000000e+01
6.000000000000000000e+00
3.100000000000000000e+01
3.500000000000000000e+01
2.500000000000000000e+01
1.000000000000000000e+00
-9.000000000000000000e+00
4.200000000000000000e+01
2.800000000000000000e+01
-1.600000000000000000e+01
3.500000000000000000e+01
6.000000000000000000e+00
2.500000000000000000e+01
2.400000000000000000e+01
3.700000000000000000e+01
-1.000000000000000000e+00
2.300000000000000000e+01
1.700000000000000000e+01
2.600000000000000000e+01
-1.900000000000000000e+01
2.300000000000000000e+01
2.000000000000000000e+01
2.800000000000000000e+01
3.000000000000000000e+01
1.900000000000000000e+01
-4.000000000000000000e+00
9.000000000000000000e+00
2.900000000000000000e+01
1.300000000000000000e+01
5.000000000000000000e+00
2.300000000000000000e+01
4.100000000000000000e+01
1.500000000000000000e+01
-1.000000000000000000e+00
1.900000000000000000e+01
-2.000000000000000000e+00
-1.700000000000000000e+01
2.000000000000000000e+01
-1.100000000000000000e+01
-3.000000000000000000e+00
2.000000000000000000e+01
2.000000000000000000e+01
2.600000000000000000e+01
1.000000000000000000e+00
3.100000000000000000e+01
0.000000000000000000e+00
-3.000000000000000000e+00
2.300000000000000000e+01
3.200000000000000000e+01
4.000000000000000000e+01
4.000000000000000000e+00
-3.000000000000000000e+00
1.300000000000000000e+01
4.300000000000000000e+01
3.600000000000000000e+01
6.000000000000000000e+00
3.900000000000000000e+01
-2.900000000000000000e+01
2.400000000000000000e+01
1.500000000000000000e+01
1.000000000000000000e+01
1.900000000000000000e+01
1.500000000000000000e+01
1.400000000000000000e+01
2.300000000000000000e+01
1.300000000000000000e+01
2.300000000000000000e+01
3.900000000000000000e+01
3.300000000000000000e+01
4.400000000000000000e+01
2.100000000000000000e+01
-1.300000000000000000e+01
-1.000000000000000000e+01
2.000000000000000000e+01
2.200000000000000000e+01
-8.000000000000000000e+00
2.100000000000000000e+01
3.800000000000000000e+01
2.000000000000000000e+01
1.100000000000000000e+01
1.300000000000000000e+01
4.200000000000000000e+01
6.900000000000000000e+01
2.400000000000000000e+01
2.000000000000000000e+01
-2.000000000000000000e+01
1.200000000000000000e+01
4.000000000000000000e+01
4.200000000000000000e+01
3.500000000000000000e+01
3.600000000000000000e+01
-2.100000000000000000e+01
5.700000000000000000e+01
2.400000000000000000e+01
0.000000000000000000e+00
2.500000000000000000e+01
2.300000000000000000e+01
1.000000000000000000e+01
-1.000000000000000000e+00
2.100000000000000000e+01
4.200000000000000000e+01
2.800000000000000000e+01
2.000000000000000000e+01
2.800000000000000000e+01
2.000000000000000000e+00
1.700000000000000000e+01
1.100000000000000000e+01
1.500000000000000000e+01
3.000000000000000000e+00
3.500000000000000000e+01
1.600000000000000000e+01
3.500000000000000000e+01
3.000000000000000000e+01
2.900000000000000000e+01
4.700000000000000000e+01
1.200000000000000000e+01
3.300000000000000000e+01
3.200000000000000000e+01
3.100000000000000000e+01
3.600000000000000000e+01
3.900000000000000000e+01
6.600000000000000000e+01
2.400000000000000000e+01
8.100000000000000000e+01
3.900000000000000000e+01
6.900000000000000000e+01
7.600000000000000000e+01
8.500000000000000000e+01
8.800000000000000000e+01
9.800000000000000000e+01
8.800000000000000000e+01
1.310000000000000000e+02
1.280000000000000000e+02
1.500000000000000000e+02
1.470000000000000000e+02
1.870000000000000000e+02
2.240000000000000000e+02
2.530000000000000000e+02
3.080000000000000000e+02
2.960000000000000000e+02
3.800000000000000000e+02
4.330000000000000000e+02
5.160000000000000000e+02
5.410000000000000000e+02
6.330000000000000000e+02
7.590000000000000000e+02
8.440000000000000000e+02
9.290000000000000000e+02
1.033000000000000000e+03
1.148000000000000000e+03
1.276000000000000000e+03
1.409000000000000000e+03
1.540000000000000000e+03
1.755000000000000000e+03
1.855000000000000000e+03
1.967000000000000000e+03
2.195000000000000000e+03
2.346000000000000000e+03
2.503000000000000000e+03
2.668000000000000000e+03
2.800000000000000000e+03
2.994000000000000000e+03
3.142000000000000000e+03
3.277000000000000000e+03
3.471000000000000000e+03
3.602000000000000000e+03
3.756000000000000000e+03
3.805000000000000000e+03
4.035000000000000000e+03
4.003000000000000000e+03
4.172000000000000000e+03
4.255000000000000000e+03
4.324000000000000000e+03
4.297000000000000000e+03
4.354000000000000000e+03
4.340000000000000000e+03
4.343000000000000000e+03
4.303000000000000000e+03
4.299000000000000000e+03
4.236000000000000000e+03
4.160000000000000000e+03
4.119000000000000000e+03
3.999000000000000000e+03
3.841000000000000000e+03
3.751000000000000000e+03
3.574000000000000000e+03
3.521000000000000000e+03
3.333000000000000000e+03
3.312000000000000000e+03
3.089000000000000000e+03
2.886000000000000000e+03
2.668000000000000000e+03
2.614000000000000000e+03
2.362000000000000000e+03
2.201000000000000000e+03
2.098000000000000000e+03
1.975000000000000000e+03
1.777000000000000000e+03
1.643000000000000000e+03
1.543000000000000000e+03
1.358000000000000000e+03
1.320000000000000000e+03
1.181000000000000000e+03
1.027000000000000000e+03
9.630000000000000000e+02
8.470000000000000000e+02
7.870000000000000000e+02
6.700000000000000000e+02
5.870000000000000000e+02
5.480000000000000000e+02
4.410000000000000000e+02
4.170000000000000000e+02
3.680000000000000000e+02
3.230000000000000000e+02
2.460000000000000000e+02
2.330000000000000000e+02
1.950000000000000000e+02
1.730000000000000000e+02
1.340000000000000000e+02
1.090000000000000000e+02
1.100000000000000000e+02
9.200000000000000000e+01
7.900000000000000000e+01
6.900000000000000000e+01
8.000000000000000000e+01
6.000000000000000000e+01
4.200000000000000000e+01
3.800000000000000000e+01
2.300000000000000000e+01
3.900000000000000000e+01
3.400000000000000000e+01
1.600000000000000000e+01
1.200000000000000000e+01
3.400000000000000000e+01
1.200000000000000000e+01
7.000000000000000000e+00
2.600000000000000000e+01
2.000000000000000000e+00
1.700000000000000000e+01
3.000000000000000000e+01
5.400000000000000000e+01
2.600000000000000000e+01
1.300000000000000000e+01
2.400000000000000000e+01
4.000000000000000000e+00
3.000000000000000000e+01
-2.000000000000000000e+00
2.700000000000000000e+01
2.300000000000000000e+01
-2.400000000000000000e+01
2.700000000000000000e+01
-1.200000000000000000e+01
4.400000000000000000e+01
-1.300000000000000000e+01
3.800000000000000000e+01
-5.000000000000000000e+00
-5.000000000000000000e+00
2.100000000000000000e+01
2.000000000000000000e+01
2.200000000000000000e+01
1.000000000000000000e+01
2.000000000000000000e+00
1.100000000000000000e+01
-5.000000000000000000e+00
1.600000000000000000e+01
1.900000000000000000e+01
1.400000000000000000e+01
1.100000000000000000e+01
2.000000000000000000e+01
3.700000000000000000e+01
-1.600000000000000000e+01
1.900000000000000000e+01
3.300000000000000000e+01
-1.100000000000000000e+01
2.100000000000000000e+01
5.000000000000000000e+00
2.200000000000000000e+01
2.000000000000000000e+01
-1.200000000000000000e+01
2.600000000000000000e+01
2.300000000000000000e+01
6.000000000000000000e+00
6.000000000000000000e+00
-8.000000000000000000e+00
6.600000000000000000e+01
7.000000000000000000e+00
3.100000000000000000e+01
2.300000000000000000e+01
-2.300000000000000000e+01
1.800000000000000000e+01
2.000000000000000000e+00
2.200000000000000000e+01
2.700000000000000000e+01
-2.000000000000000000e+00
3.200000000000000000e+01
1.700000000000000000e+01
1.000000000000000000e+01
2.800000000000000000e+01
1.500000000000000000e+01
4.800000000000000000e+01
-9.000000000000000000e+00
2.500000000000000000e+01
-1.100000000000000000e+01
9.000000000000000000e+00
8.000000000000000000e+00
2.000000000000000000e+01
1.400000000000000000e+01
-7.000000000000000000e+00
1.400000000000000000e+01
2.000000000000000000e+00
4.000000000000000000e+00
-1.300000000000000000e+01
-2.100000000000000000e+01
-1.400000000000000000e+01
1.600000000000000000e+01
2.800000000000000000e+01
2.000000000000000000e+00
-1.000000000000000000e+00
1.500000000000000000e+01
6.000000000000000000e+00
3.500000000000000000e+01
2.700000000000000000e+01
2.000000000000000000e+01
-2.300000000000000000e+01
-1.000000000000000000e+00
9.000000000000000000e+00
5.000000000000000000e+00
-1.600000000000000000e+01
-3.000000000000000000e+00
3.100000000000000000e+01
-8.000000000000000000e+00
3.300000000000000000e+01
-7.000000000000000000e+00
9.000000000000000000e+00
3.200000000000000000e+01
-5.000000000000000000e+00
2.600000000000000000e+01
4.000000000000000000e+00
6.000000000000000000e+00
2.000000000000000000e+00
5.000000000000000000e+00
2.600000000000000000e+01
6.000000000000000000e+00
-4.000000000000000000e+00
2.000000000000000000e+00
2.200000000000000000e+01
8.000000000000000000e+00
2.800000000000000000e+01
3.000000000000000000e+00
2.900000000000000000e+01
1.000000000000000000e+01
9.000000000000000000e+00
3.100000000000000000e+01
1.100000000000000000e+01
-5.000000000000000000e+00
-3.000000000000000000e+00
1.200000000000000000e+01
5.000000000000000000e+00
5.900000000000000000e+01
3.100000000000000000e+01
1.200000000000000000e+01
7.000000000000000000e+00
2.500000000000000000e+01
2.700000000000000000e+01
1.000000000000000000e+01
-5.000000000000000000e+01
3.000000000000000000e+00
4.200000000000000000e+01
-3.000000000000000000e+00
-1.200000000000000000e+01
-1.000000000000000000e+01
2.400000000000000000e+01
2.600000000000000000e+01
1.200000000000000000e+01
0.000000000000000000e+00
2.900000000000000000e+01
2.000000000000000000e+01
1.400000000000000000e+01
1.400000000000000000e+01
-7.000000000000000000e+00
1.400000000000000000e+01
2.100000000000000000e+01
0.000000000000000000e+00
-1.100000000000000000e+01
1.200000000000000000e+01
6.000000000000000000e+00
2.700000000000000000e+01
4.200000000000000000e+01
-3.600000000000000000e+01
2.800000000000000000e+01
2.800000000000000000e+01
-1.700000000000000000e+01
2.300000000000000000e+01
6.000000000000000000e+00
3.000000000000000000e+00
1.400000000000000000e+01
9.000000000000000000e+00
2.800000000000000000e+01
1.100000000000000000e+01
1.100000000000000000e+01
3.400000000000000000e+01
8.000000000000000000e+00
-3.000000000000000000e+01
4.200000000000000000e+01
6.000000000000000000e+00
-1.000000000000000000e+01
2.300000000000000000e+01
1.800000000000000000e+01
-1.100000000000000000e+01
1.300000000000000000e+01
9.000000000000000000e+00
1.800000000000000000e+01
1.900000000000000000e+01
-5.000000000000000000e+00
-1.000000000000000000e+00
7.000000000000000000e+00
-1.300000000000000000e+01
7.000000000000000000e+00
4.000000000000000000e+00
7.000000000000000000e+00
-2.300000000000000000e+01
1.100000000000000000e+01
7.000000000000000000e+00
2.000000000000000000e+00
-1.200000000000000000e+01
2.300000000000000000e+01
3.700000000000000000e+01
1.300000000000000000e+01
5.000000000000000000e+00
1.300000000000000000e+01
3.000000000000000000e+00
2.000000000000000000e+01
-9.000000000000000000e+00
1.600000000000000000e+01
-5.000000000000000000e+00
-2.000000000000000000e+00
-1.100000000000000000e+01
3.000000000000000000e+00
2.300000000000000000e+01
2.100000000000000000e+01
-4.000000000000000000e+00
2.800000000000000000e+01
-9.000000000000000000e+00
1.000000000000000000e+01
1.100000000000000000e+01
-5.000000000000000000e+00
1.500000000000000000e+01
1.700000000000000000e+01
1.800000000000000000e+01
0.000000000000000000e+00
2.800000000000000000e+01
1.100000000000000000e+01
2.700000000000000000e+01
-1.200000000000000000e+01
2.200000000000000000e+01
2.900000000000000000e+01
8.000000000000000000e+00
-1.100000000000000000e+01
-8.000000000000000000e+00
3.000000000000000000e+00
5.000000000000000000e+00
5.000000000000000000e+00
9.000000000000000000e+00
-1.200000000000000000e+01
-1.300000000000000000e+01
1.400000000000000000e+01
-1.200000000000000000e+01
-6.000000000000000000e+00
-4.000000000000000000e+00
-7.000000000000000000e+00
0.000000000000000000e+00
7.000000000000000000e+00
-8.000000000000000000e+00
7.000000000000000000e+00
-3.000000000000000000e+00
9.000000000000000000e+00
1.500000000000000000e+01
-2.600000000000000000e+01
1.200000000000000000e+01
-5.000000000000000000e+00
2.000000000000000000e+00
5.000000000000000000e+00
2.500000000000000000e+01
1.000000000000000000e+00
4.000000000000000000e+00
2.900000000000000000e+01
-9.000000000000000000e+00
-3.000000000000000000e+00
-1.600000000000000000e+01
1.100000000000000000e+01
1.900000000000000000e+01
-7.000000000000000000e+00
3.000000000000000000e+00
-2.300000000000000000e+01
-2.000000000000000000e+00
1.400000000000000000e+01
-1.100000000000000000e+01
4.000000000000000000e+00
1.600000000000000000e+01
-3.000000000000000000e+00
1.000000000000000000e+00
-2.000000000000000000e+00
-1.100000000000000000e+01
3.000000000000000000e+00
7.000000000000000000e+00
7.000000000000000000e+00
1.100000000000000000e+01
-5.000000000000000000e+00
-6.000000000000000000e+00
-5.000000000000000000e+00
-1.000000000000000000e+01
7.000000000000000000e+00
1.600000000000000000e+01
-1.200000000000000000e+01
-9.000000000000000000e+00
6.000000000000000000e+00
4.000000000000000000e+01
-1.000000000000000000e+00
1.500000000000000000e+01
1.900000000000000000e+01
1.000000000000000000e+01
5.000000000000000000e+00
-7.000000000000000000e+00
1.300000000000000000e+01
-3.000000000000000000e+00
0.000000000000000000e+00
1.500000000000000000e+01
-2.200000000000000000e+01
6.000000000000000000e+00
-1.000000000000000000e+01
2.600000000000000000e+01
2.000000000000000000e+00
-4.000000000000000000e+00
1.400000000000000000e+01
4.000000000000000000e+00
1.700000000000000000e+01
2.200000000000000000e+01
-1.200000000000000000e+01
-1.700000000000000000e+01
1.000000000000000000e+00
2.100000000000000000e+01
-3.700000000000000000e+01
7.000000000000000000e+00
1.400000000000000000e+01
-2.800000000000000000e+01
8.000000000000000000e+00
-2.000000000000000000e+01
1.700000000000000000e+01
1.000000000000000000e+00
4.000000000000000000e+00
-1.300000000000000000e+01
6.000000000000000000e+00
-2.200000000000000000e+01
6.000000000000000000e+00
1.000000000000000000e+01
1.900000000000000000e+01
2.800000000000000000e+01
-9.000000000000000000e+00
8.000000000000000000e+00
7.000000000000000000e+00
-2.100000000000000000e+01
1.300000000000000000e+01
1.300000000000000000e+01
3.000000000000000000e+00
-1.100000000000000000e+01
-8.000000000000000000e+00
1.300000000000000000e+01
1.200000000000000000e+01
-1.300000000000000000e+01
-1.800000000000000000e+01
-4.000000000000000000e+00
0.000000000000000000e+00
-2.400000000000000000e+01
1.600000000000000000e+01
-5.000000000000000000e+00
1.600000000000000000e+01
2.000000000000000000e+01
9.000000000000000000e+00
0.000000000000000000e+00
1.400000000000000000e+01
0.000000000000000000e+00
3.800000000000000000e+01
2.100000000000000000e+01
9.000000000000000000e+00
-6.000000000000000000e+00
1.000000000000000000e+01
-2.000000000000000000e+00
-1.100000000000000000e+01
-2.030000000000000000e+02
0.000000000000000000e+00
1.100000000000000000e+01
2.300000000000000000e+01
2.400000000000000000e+01
-1.400000000000000000e+01
1.500000000000000000e+01
-2.700000000000000000e+01
-2.000000000000000000e+00
-6.000000000000000000e+00
1.500000000000000000e+01
9.000000000000000000e+00
-5.000000000000000000e+00
-2.000000000000000000e+01
-3.400000000000000000e+01
-2.500000000000000000e+01
9.000000000000000000e+00
1.300000000000000000e+01
2.200000000000000000e+01
-6.000000000000000000e+00
-4.000000000000000000e+00
3.000000000000000000e+01
-1.200000000000000000e+01
-1.100000000000000000e+01
-1.000000000000000000e+01
1.000000000000000000e+01
-4.000000000000000000e+00
3.200000000000000000e+01
8.000000000000000000e+00
0.000000000000000000e+00
-3.000000000000000000e+00
1.700000000000000000e+01
4.000000000000000000e+00
2.000000000000000000e+01
-1.600000000000000000e+01
2.400000000000000000e+01
-1.300000000000000000e+01
-3.000000000000000000e+00
1.100000000000000000e+01
2.000000000000000000e+00
-1.300000000000000000e+01
1.600000000000000000e+01
-7.000000000000000000e+00
1.400000000000000000e+01
2.000000000000000000e+01
-2.200000000000000000e+01
0.000000000000000000e+00
8.000000000000000000e+00
2.000000000000000000e+00
5.700000000000000000e+01
1.100000000000000000e+01
-1.400000000000000000e+01
2.000000000000000000e+00
-1.000000000000000000e+01
1.800000000000000000e+01
-5.000000000000000000e+00
1.700000000000000000e+01
2.000000000000000000e+00
-1.600000000000000000e+01
-4.000000000000000000e+00
6.000000000000000000e+00
-4.000000000000000000e+00
3.700000000000000000e+01
2.600000000000000000e+01
-1.400000000000000000e+01
-2.100000000000000000e+01
3.000000000000000000e+00
3.000000000000000000e+00
2.500000000000000000e+01
-3.900000000000000000e+01
-8.000000000000000000e+00
-2.800000000000000000e+01
4.000000000000000000e+00
1.100000000000000000e+01
1.200000000000000000e+01
-3.000000000000000000e+00
1.000000000000000000e+01
1.200000000000000000e+01
6.000000000000000000e+00
-4.000000000000000000e+00
1.700000000000000000e+01
1.000000000000000000e+00
-7.000000000000000000e+00
-3.400000000000000000e+01
-1.000000000000000000e+01
7.000000000000000000e+00
1.000000000000000000e+00
0.000000000000000000e+00
-3.000000000000000000e+00
1.400000000000000000e+01
7.000000000000000000e+00
-2.100000000000000000e+01
1.700000000000000000e+01
-1.100000000000000000e+01
0.000000000000000000e+00
-1.200000000000000000e+01
-5.000000000000000000e+00
1.700000000000000000e+01
0.000000000000000000e+00
-1.600000000000000000e+01
-2.000000000000000000e+00
2.700000000000000000e+01
1.200000000000000000e+01
1.900000000000000000e+01
9.000000000000000000e+00
0.000000000000000000e+00
-1.000000000000000000e+00
-1.000000000000000000e+00
1.000000000000000000e+00
-7.000000000000000000e+00
-6.000000000000000000e+00
-2.900000000000000000e+01
-1.100000000000000000e+01
3.000000000000000000e+01
0.000000000000000000e+00
-1.700000000000000000e+01
8.000000000000000000e+00
1.000000000000000000e+00
2.000000000000000000e+01
-9.000000000000000000e+00
1.400000000000000000e+01
2.000000000000000000e+01
-5.000000000000000000e+00
2.800000000000000000e+01
9.000000000000000000e+00
-9.000000000000000000e+00
2.800000000000000000e+01
1.800000000000000000e+01
2.800000000000000000e+01
-1.200000000000000000e+01
-1.700000000000000000e+01
-3.000000000000000000e+00
-2.500000000000000000e+01
3.000000000000000000e+00
2.200000000000000000e+01
-1.600000000000000000e+01
-1.100000000000000000e+01
-9.000000000000000000e+00
-1.000000000000000000e+01
-3.000000000000000000e+00
1.200000000000000000e+01
1.800000000000000000e+01
-1.100000000000000000e+01
-3.100000000000000000e+01
1.200000000000000000e+01
-1.000000000000000000e+00
-6.000000000000000000e+00
1.900000000000000000e+01
-1.500000000000000000e+01
2.000000000000000000e+00
1.700000000000000000e+01
-1.000000000000000000e+01
2.000000000000000000e+00
3.800000000000000000e+01
-4.000000000000000000e+00
1.900000000000000000e+01
2.100000000000000000e+01
-3.000000000000000000e+00
3.200000000000000000e+01
1.800000000000000000e+01
-6.000000000000000000e+00
1.000000000000000000e+00
-1.400000000000000000e+01
3.100000000000000000e+01
7.000000000000000000e+00
-5.000000000000000000e+00
1.700000000000000000e+01
1.900000000000000000e+01
3.500000000000000000e+01
1.000000000000000000e+01
-1.100000000000000000e+01
8.000000000000000000e+00
9.000000000000000000e+00
-2.300000000000000000e+01
-5.000000000000000000e+00
-3.000000000000000000e+00
-1.600000000000000000e+01
5.000000000000000000e+00
-5.000000000000000000e+00
-3.500000000000000000e+01
6.000000000000000000e+00
-1.300000000000000000e+01
0.000000000000000000e+00
-3.000000000000000000e+01
-1.400000000000000000e+01
4.000000000000000000e+00
-2.000000000000000000e+00
1.000000000000000000e+00
1.000000000000000000e+01
-9.000000000000000000e+00
1.300000000000000000e+01
1.000000000000000000e+00
-4.000000000000000000e+00
-6.000000000000000000e+00
-3.000000000000000000e+00
1.000000000000000000e+01
-4.900000000000000000e+01
3.000000000000000000e+00
1.200000000000000000e+01
-2.800000000000000000e+01
8.000000000000000000e+00
-2.100000000000000000e+01
-2.900000000000000000e+01
2.100000000000000000e+01
1.500000000000000000e+01
1.200000000000000000e+01
-9.000000000000000000e+00
2.000000000000000000e+00
-1.000000000000000000e+00
3.000000000000000000e+00
1.400000000000000000e+01
-1.300000000000000000e+01
1.700000000000000000e+01
-4.000000000000000000e+00
-1.000000000000000000e+00
-9.000000000000000000e+00
1.300000000000000000e+01
-6.000000000000000000e+00
8.000000000000000000e+00
-1.800000000000000000e+01
1.400000000000000000e+01
-1.400000000000000000e+01
4.000000000000000000e+00
1.200000000000000000e+01
4.000000000000000000e+00
2.000000000000000000e+00
-1.000000000000000000e+01
2.200000000000000000e+01
1.600000000000000000e+01
-1.100000000000000000e+01
8.000000000000000000e+00
9.000000000000000000e+00
-1.100000000000000000e+01
1.900000000000000000e+01
4.000000000000000000e+00
-1.000000000000000000e+01
8.000000000000000000e+00
3.000000000000000000e+01
-2.700000000000000000e+01
3.000000000000000000e+00
5.000000000000000000e+00
-2.000000000000000000e+00
0.000000000000000000e+00
-4.000000000000000000e+00
-8.000000000000000000e+00
8.000000000000000000e+00
4.000000000000000000e+00
-2.000000000000000000e+01
-1.000000000000000000e+00
-3.000000000000000000e+00
1.200000000000000000e+01
-2.000000000000000000e+01
2.200000000000000000e+01
-6.000000000000000000e+00
-9.000000000000000000e+00
-1.700000000000000000e+01
-4.000000000000000000e+00
1.500000000000000000e+01
-2.000000000000000000e+00
-8.000000000000000000e+00
7.000000000000000000e+00
2.600000000000000000e+01
2.100000000000000000e+01
-1.000000000000000000e+01
1.100000000000000000e+01
8.000000000000000000e+00
-5.000000000000000000e+00
1.100000000000000000e+01
-2.900000000000000000e+01
-2.000000000000000000e+01
-4.000000000000000000e+00
4.000000000000000000e+00
-3.800000000000000000e+01
1.100000000000000000e+01
-3.000000000000000000e+00
-1.300000000000000000e+01
-1.600000000000000000e+01
1.000000000000000000e+01
-5.000000000000000000e+00
-1.200000000000000000e+01
9.000000000000000000e+00
-9.000000000000000000e+00
-2.400000000000000000e+01
1.100000000000000000e+01
1.000000000000000000e+00
1.800000000000000000e+01
9.000000000000000000e+00
-3.000000000000000000e+00
2.600000000000000000e+01
9.000000000000000000e+00
2.200000000000000000e+01
6.000000000000000000e+00
7.000000000000000000e+00
-1.200000000000000000e+01
1.600000000000000000e+01
-2.300000000000000000e+01
1.500000000000000000e+01
-1.200000000000000000e+01
2.000000000000000000e+01
4.000000000000000000e+00
-2.900000000000000000e+01
2.000000000000000000e+01
-1.500000000000000000e+01
-1.200000000000000000e+01
1.600000000000000000e+01
-8.000000000000000000e+00
2.400000000000000000e+01
-1.300000000000000000e+01
2.300000000000000000e+01
4.000000000000000000e+00
-5.000000000000000000e+00
-1.400000000000000000e+01
1.800000000000000000e+01
-3.500000000000000000e+01
4.000000000000000000e+00
3.000000000000000000e+01
-2.000000000000000000e+01
-1.300000000000000000e+01
7.000000000000000000e+00
9.000000000000000000e+00
9.000000000000000000e+00
2.400000000000000000e+01
2.000000000000000000e+00
-2.400000000000000000e+01
9.000000000000000000e+00
2.000000000000000000e+00
-8.000000000000000000e+00
-4.000000000000000000e+00
-1.500000000000000000e+01
7.000000000000000000e+00
2.100000000000000000e+01
1.000000000000000000e+01
-3.000000000000000000e+00
4.000000000000000000e+00
-2.200000000000000000e+01
-1.100000000000000000e+01
-2.700000000000000000e+01
-2.600000000000000000e+01
-1.300000000000000000e+01
-1.500000000000000000e+01
1.300000000000000000e+01
2.800000000000000000e+01
-1.900000000000000000e+01
-7.000000000000000000e+00
1.700000000000000000e+01
1.400000000000000000e+01
-4.000000000000000000e+00
-5.000000000000000000e+00
1.500000000000000000e+01
1.500000000000000000e+01
9.000000000000000000e+00
2.100000000000000000e+01
1.100000000000000000e+01
-1.200000000000000000e+01
1.600000000000000000e+01
1.700000000000000000e+01
-2.800000000000000000e+01
5.000000000000000000e+00
-1.000000000000000000e+00
-3.000000000000000000e+01
-1.000000000000000000e+01
1.200000000000000000e+01
-2.000000000000000000e+00
3.000000000000000000e+00
1.900000000000000000e+01
2.000000000000000000e+00
6.000000000000000000e+00
2.000000000000000000e+00
-5.000000000000000000e+00
-7.000000000000000000e+00
-3.100000000000000000e+01
-3.000000000000000000e+00
1.000000000000000000e+00
1.500000000000000000e+01
3.000000000000000000e+00
-2.000000000000000000e+00
-2.000000000000000000e+00
2.500000000000000000e+01
-1.000000000000000000e+01
3.500000000000000000e+01
3.100000000000000000e+01
1.300000000000000000e+01
2.000000000000000000e+00
-7.000000000000000000e+00
2.400000000000000000e+01
3.300000000000000000e+01
-8.000000000000000000e+00
-3.000000000000000000e+00
-9.000000000000000000e+00
-5.000000000000000000e+00
-3.000000000000000000e+00
4.000000000000000000e+00
-8.000000000000000000e+00
1.300000000000000000e+01
1.700000000000000000e+01
-1.000000000000000000e+00
1.800000000000000000e+01
7.000000000000000000e+00
1.200000000000000000e+01
2.200000000000000000e+01
1.900000000000000000e+01
-1.600000000000000000e+01
9.000000000000000000e+00
1.600000000000000000e+01
3.000000000000000000e+00
2.000000000000000000e+01
1.200000000000000000e+01
1.000000000000000000e+00
-2.000000000000000000e+00
3.700000000000000000e+01
3.300000000000000000e+01
1.700000000000000000e+01
1.900000000000000000e+01
3.400000000000000000e+01
8.000000000000000000e+00
1.800000000000000000e+01
3.100000000000000000e+01
3.500000000000000000e+01
2.300000000000000000e+01
3.800000000000000000e+01
4.100000000000000000e+01
5.300000000000000000e+01
1.300000000000000000e+01
5.600000000000000000e+01
6.900000000000000000e+01
4.700000000000000000e+01
6.000000000000000000e+01
5.400000000000000000e+01
5.800000000000000000e+01
6.900000000000000000e+01
7.500000000000000000e+01
6.700000000000000000e+01
4.800000000000000000e+01
7.000000000000000000e+01
6.600000000000000000e+01
1.000000000000000000e+02
9.500000000000000000e+01
9.700000000000000000e+01
1.250000000000000000e+02
1.260000000000000000e+02
1.190000000000000000e+02
1.320000000000000000e+02
1.180000000000000000e+02
1.430000000000000000e+02
1.460000000000000000e+02
1.730000000000000000e+02
1.560000000000000000e+02
1.670000000000000000e+02
1.770000000000000000e+02
1.780000000000000000e+02
2.140000000000000000e+02
2.390000000000000000e+02
2.540000000000000000e+02
2.540000000000000000e+02
2.380000000000000000e+02
3.250000000000000000e+02
3.070000000000000000e+02
3.250000000000000000e+02
3.170000000000000000e+02
3.460000000000000000e+02
3.800000000000000000e+02
3.790000000000000000e+02
3.740000000000000000e+02
4.080000000000000000e+02
3.800000000000000000e+02
4.250000000000000000e+02
4.540000000000000000e+02
4.570000000000000000e+02
4.880000000000000000e+02
5.190000000000000000e+02
5.090000000000000000e+02
5.950000000000000000e+02
5.890000000000000000e+02
6.490000000000000000e+02
6.920000000000000000e+02
6.530000000000000000e+02
6.850000000000000000e+02
6.830000000000000000e+02
7.260000000000000000e+02
7.930000000000000000e+02
7.800000000000000000e+02
8.090000000000000000e+02
8.230000000000000000e+02
8.770000000000000000e+02
8.790000000000000000e+02
9.270000000000000000e+02
9.280000000000000000e+02
9.970000000000000000e+02
9.760000000000000000e+02
1.007000000000000000e+03
1.042000000000000000e+03
1.046000000000000000e+03
1.046000000000000000e+03
1.083000000000000000e+03
1.092000000000000000e+03
1.143000000000000000e+03
1.144000000000000000e+03
1.173000000000000000e+03
1.189000000000000000e+03
1.172000000000000000e+03
1.206000000000000000e+03
1.240000000000000000e+03
1.201000000000000000e+03
1.240000000000000000e+03
1.219000000000000000e+03
1.272000000000000000e+03
1.312000000000000000e+03
1.301000000000000000e+03
1.353000000000000000e+03
1.355000000000000000e+03
1.345000000000000000e+03
1.402000000000000000e+03
1.358000000000000000e+03
1.433000000000000000e+03
1.444000000000000000e+03
1.448000000000000000e+03
1.429000000000000000e+03
1.393000000000000000e+03
1.412000000000000000e+03
1.404000000000000000e+03
1.448000000000000000e+03
1.382000000000000000e+03
1.383000000000000000e+03
1.426000000000000000e+03
1.342000000000000000e+03
1.352000000000000000e+03
1.334000000000000000e+03
1.315000000000000000e+03
1.277000000000000000e+03
1.258000000000000000e+03
1.227000000000000000e+03
1.198000000000000000e+03
1.229000000000000000e+03
1.230000000000000000e+03
1.175000000000000000e+03
1.194000000000000000e+03
1.152000000000000000e+03
1.165000000000000000e+03
1.189000000000000000e+03
1.155000000000000000e+03
1.165000000000000000e+03
1.108000000000000000e+03
1.107000000000000000e+03
1.080000000000000000e+03
1.095000000000000000e+03
1.049000000000000000e+03
1.068000000000000000e+03
1.038000000000000000e+03
1.032000000000000000e+03
1.010000000000000000e+03
1.027000000000000000e+03
9.730000000000000000e+02
9.440000000000000000e+02
8.900000000000000000e+02
9.310000000000000000e+02
8.520000000000000000e+02
8.400000000000000000e+02
8.550000000000000000e+02
8.320000000000000000e+02
8.000000000000000000e+02
7.600000000000000000e+02
7.300000000000000000e+02
7.010000000000000000e+02
6.880000000000000000e+02
6.810000000000000000e+02
6.510000000000000000e+02
6.130000000000000000e+02
6.090000000000000000e+02
5.680000000000000000e+02
5.850000000000000000e+02
5.500000000000000000e+02
5.640000000000000000e+02
5.140000000000000000e+02
4.840000000000000000e+02
5.130000000000000000e+02
5.000000000000000000e+02
4.770000000000000000e+02
4.790000000000000000e+02
4.630000000000000000e+02
4.260000000000000000e+02
3.960000000000000000e+02
3.810000000000000000e+02
3.820000000000000000e+02
3.670000000000000000e+02
3.420000000000000000e+02
3.290000000000000000e+02
3.370000000000000000e+02
2.650000000000000000e+02
2.920000000000000000e+02
2.720000000000000000e+02
2.410000000000000000e+02
2.370000000000000000e+02
2.560000000000000000e+02
2.310000000000000000e+02
1.910000000000000000e+02
2.090000000000000000e+02
1.940000000000000000e+02
1.980000000000000000e+02
1.950000000000000000e+02
1.670000000000000000e+02
1.960000000000000000e+02
1.590000000000000000e+02
1.370000000000000000e+02
1.620000000000000000e+02
1.440000000000000000e+02
1.540000000000000000e+02
1.340000000000000000e+02
1.270000000000000000e+02
1.140000000000000000e+02
9.700000000000000000e+01
9.800000000000000000e+01
9.300000000000000000e+01
8.400000000000000000e+01
6.600000000000000000e+01
8.700000000000000000e+01
8.100000000000000000e+01
8.500000000000000000e+01
9.000000000000000000e+01
5.700000000000000000e+01
1.000000000000000000e+02
7.400000000000000000e+01
4.500000000000000000e+01
9.600000000000000000e+01
7.100000000000000000e+01
8.100000000000000000e+01
2.100000000000000000e+01
6.700000000000000000e+01
5.000000000000000000e+00
2.600000000000000000e+01
2.600000000000000000e+01
5.400000000000000000e+01
3.700000000000000000e+01
8.000000000000000000e+00
3.200000000000000000e+01
5.500000000000000000e+01
1.500000000000000000e+01
1.200000000000000000e+01
3.300000000000000000e+01
2.900000000000000000e+01
8.000000000000000000e+00
6.000000000000000000e+00
2.400000000000000000e+01
-3.000000000000000000e+00
4.800000000000000000e+01
1.700000000000000000e+01
1.000000000000000000e+01
5.000000000000000000e+00
2.000000000000000000e+01
1.100000000000000000e+01
1.400000000000000000e+01
2.700000000000000000e+01
-1.600000000000000000e+01
1.000000000000000000e+01
1.800000000000000000e+01
1.800000000000000000e+01
0.000000000000000000e+00
9.000000000000000000e+00
-3.000000000000000000e+00
4.100000000000000000e+01
1.100000000000000000e+01
2.300000000000000000e+01
6.000000000000000000e+00
6.000000000000000000e+00
1.000000000000000000e+00
3.600000000000000000e+01
2.000000000000000000e+00
3.000000000000000000e+00
4.100000000000000000e+01
-1.100000000000000000e+01
1.800000000000000000e+01
1.100000000000000000e+01
2.800000000000000000e+01
2.100000000000000000e+01
6.000000000000000000e+00
1.000000000000000000e+00
2.700000000000000000e+01
-2.000000000000000000e+00
-1.500000000000000000e+01
2.000000000000000000e+00
1.200000000000000000e+01
2.900000000000000000e+01
-1.200000000000000000e+01
1.800000000000000000e+01
6.000000000000000000e+00
-3.000000000000000000e+01
-6.000000000000000000e+00
1.800000000000000000e+01
3.500000000000000000e+01
-2.000000000000000000e+00
1.200000000000000000e+01
2.100000000000000000e+01
1.500000000000000000e+01
-7.000000000000000000e+00
8.000000000000000000e+00
1.500000000000000000e+01
9.000000000000000000e+00
1.000000000000000000e+01
-1.000000000000000000e+00
6.000000000000000000e+00
-3.000000000000000000e+00
-1.300000000000000000e+01
-2.100000000000000000e+01
-3.000000000000000000e+00
-5.000000000000000000e+00
-1.470000000000000000e+02
1.200000000000000000e+01
-3.000000000000000000e+00
-1.500000000000000000e+01
-1.000000000000000000e+00
9.000000000000000000e+00
2.000000000000000000e+00
1.800000000000000000e+01
3.500000000000000000e+01
-2.100000000000000000e+01
1.200000000000000000e+01
6.000000000000000000e+00
2.900000000000000000e+01
1.000000000000000000e+00
1.900000000000000000e+01
0.000000000000000000e+00
-1.000000000000000000e+00
-4.000000000000000000e+00
0.000000000000000000e+00
