-2.000000000000000000e+00
-2.000000000000000000e+00
0.000000000000000000e+00
-6.000000000000000000e+00
2.000000000000000000e+00
-1.300000000000000000e+01
-1.600000000000000000e+01
-2.400000000000000000e+01
-1.000000000000000000e+00
-1.200000000000000000e+01
-8.000000000000000000e+00
-1.500000000000000000e+01
-1.600000000000000000e+01
1.600000000000000000e+01
-1.700000000000000000e+01
-1.200000000000000000e+01
1.400000000000000000e+01
2.200000000000000000e+01
4.000000000000000000e+00
2.300000000000000000e+01
2.700000000000000000e+01
1.300000000000000000e+01
3.000000000000000000e+00
7.000000000000000000e+00
-3.700000000000000000e+01
-2.700000000000000000e+01
1.200000000000000000e+01
-1.000000000000000000e+01
-2.000000000000000000e+00
2.000000000000000000e+01
-1.600000000000000000e+01
-9.000000000000000000e+00
2.500000000000000000e+01
1.100000000000000000e+01
-1.800000000000000000e+01
-3.800000000000000000e+01
-2.000000000000000000e+01
-8.000000000000000000e+00
1.400000000000000000e+01
1.200000000000000000e+01
-2.300000000000000000e+01
-1.000000000000000000e+01
-2.200000000000000000e+01
-4.000000000000000000e+00
-1.000000000000000000e+01
1.000000000000000000e+00
0.000000000000000000e+00
8.000000000000000000e+00
-7.000000000000000000e+00
3.000000000000000000e+00
4.000000000000000000e+00
-3.900000000000000000e+01
0.000000000000000000e+00
-1.000000000000000000e+00
-1.000000000000000000e+01
-1.200000000000000000e+01
5.000000000000000000e+00
-3.700000000000000000e+01
-1.500000000000000000e+01
-5.000000000000000000e+00
-1.500000000000000000e+01
4.000000000000000000e+00
-1.600000000000000000e+01
1.300000000000000000e+01
7.000000000000000000e+00
0.000000000000000000e+00
-1.100000000000000000e+01
-6.000000000000000000e+00
-5.000000000000000000e+00
-3.000000000000000000e+00
0.000000000000000000e+00
4.000000000000000000e+00
-2.500000000000000000e+01
-1.400000000000000000e+01
-1.000000000000000000e+01
-2.000000000000000000e+00
-1.000000000000000000e+01
3.000000000000000000e+00
1.400000000000000000e+01
0.000000000000000000e+00
2.200000000000000000e+01
1.300000000000000000e+01
-4.000000000000000000e+01
4.000000000000000000e+00
-8.000000000000000000e+00
-3.000000000000000000e+01
1.000000000000000000e+01
-1.200000000000000000e+01
4.000000000000000000e+00
-1.300000000000000000e+01
-2.700000000000000000e+01
-2.800000000000000000e+01
-3.000000000000000000e+00
-3.000000000000000000e+00
-2.000000000000000000e+00
-1.000000000000000000e+00
-1.000000000000000000e+00
-1.700000000000000000e+01
-9.000000000000000000e+00
-1.100000000000000000e+01
-1.400000000000000000e+01
-2.000000000000000000e+00
-1.100000000000000000e+01
-1.600000000000000000e+01
-7.000000000000000000e+00
-6.000000000000000000e+00
-5.000000000000000000e+00
9.000000000000000000e+00
1.300000000000000000e+01
-5.000000000000000000e+00
3.000000000000000000e+00
1.300000000000000000e+01
-1.000000000000000000e+00
-6.000000000000000000e+00
-7.000000000000000000e+00
3.000000000000000000e+00
-2.000000000000000000e+01
-1.100000000000000000e+01
-2.500000000000000000e+01
1.700000000000000000e+01
-4.000000000000000000e+00
-1.400000000000000000e+01
0.000000000000000000e+00
-4.100000000000000000e+01
2.900000000000000000e+01
-3.400000000000000000e+01
-1.100000000000000000e+01
0.000000000000000000e+00
6.000000000000000000e+00
0.000000000000000000e+00
-1.700000000000000000e+01
1.500000000000000000e+01
1.200000000000000000e+01
-7.000000000000000000e+00
-2.100000000000000000e+01
1.600000000000000000e+01
-8.000000000000000000e+00
3.100000000000000000e+01
-6.000000000000000000e+00
7.000000000000000000e+00
-7.000000000000000000e+00
-1.700000000000000000e+01
-2.000000000000000000e+00
1.300000000000000000e+01
3.000000000000000000e+00
7.000000000000000000e+00
-5.000000000000000000e+00
-6.000000000000000000e+00
1.000000000000000000e+00
-9.000000000000000000e+00
-9.000000000000000000e+00
5.000000000000000000e+00
1.100000000000000000e+01
-1.000000000000000000e+00
6.000000000000000000e+00
-1.400000000000000000e+01
7.000000000000000000e+00
9.000000000000000000e+00
-3.500000000000000000e+01
9.000000000000000000e+00
1.700000000000000000e+01
-1.200000000000000000e+01
-1.300000000000000000e+01
0.000000000000000000e+00
-1.400000000000000000e+01
-2.200000000000000000e+01
-2.400000000000000000e+01
-1.900000000000000000e+01
7.000000000000000000e+00
-4.000000000000000000e+01
8.000000000000000000e+00
2.000000000000000000e+00
-1.000000000000000000e+01
2.100000000000000000e+01
-1.500000000000000000e+01
-1.000000000000000000e+00
-1.800000000000000000e+01
-1.800000000000000000e+01
1.900000000000000000e+01
-2.800000000000000000e+01
-1.000000000000000000e+01
2.100000000000000000e+01
7.000000000000000000e+00
-1.900000000000000000e+01
9.000000000000000000e+00
-1.400000000000000000e+01
-6.000000000000000000e+00
-3.000000000000000000e+00
5.000000000000000000e+00
3.200000000000000000e+01
1.000000000000000000e+00
-8.000000000000000000e+00
1.500000000000000000e+01
-1.100000000000000000e+01
-1.000000000000000000e+01
-1.400000000000000000e+01
1.100000000000000000e+01
-1.000000000000000000e+00
-1.200000000000000000e+01
3.000000000000000000e+00
1.200000000000000000e+01
3.000000000000000000e+00
-1.000000000000000000e+01
1.600000000000000000e+01
1.700000000000000000e+01
-2.400000000000000000e+01
-1.900000000000000000e+01
7.000000000000000000e+00
-6.000000000000000000e+00
-5.000000000000000000e+00
4.000000000000000000e+00
-4.000000000000000000e+00
-1.500000000000000000e+01
9.000000000000000000e+00
4.000000000000000000e+00
-1.300000000000000000e+01
2.000000000000000000e+00
4.000000000000000000e+00
7.000000000000000000e+00
-1.900000000000000000e+01
2.200000000000000000e+01
-2.700000000000000000e+01
-2.600000000000000000e+01
-1.000000000000000000e+00
-2.000000000000000000e+01
-7.000000000000000000e+00
6.000000000000000000e+00
-7.000000000000000000e+00
-6.000000000000000000e+00
1.700000000000000000e+01
-1.200000000000000000e+01
-3.000000000000000000e+00
-1.200000000000000000e+01
1.800000000000000000e+01
7.000000000000000000e+00
1.000000000000000000e+01
-2.000000000000000000e+01
-8.000000000000000000e+00
-5.000000000000000000e+00
1.000000000000000000e+01
-4.000000000000000000e+00
-3.900000000000000000e+01
5.000000000000000000e+00
0.000000000000000000e+00
-6.000000000000000000e+00
4.000000000000000000e+00
1.100000000000000000e+01
9.000000000000000000e+00
-1.300000000000000000e+01
1.100000000000000000e+01
5.000000000000000000e+00
-1.800000000000000000e+01
-8.000000000000000000e+00
-6.000000000000000000e+00
-2.200000000000000000e+01
-1.500000000000000000e+01
7.000000000000000000e+00
-1.600000000000000000e+01
-2.900000000000000000e+01
-3.700000000000000000e+01
9.000000000000000000e+00
2.500000000000000000e+01
-1.700000000000000000e+01
-1.800000000000000000e+01
1.000000000000000000e+00
3.700000000000000000e+01
-8.000000000000000000e+00
-2.200000000000000000e+01
1.900000000000000000e+01
-3.000000000000000000e+00
-2.100000000000000000e+01
5.000000000000000000e+00
-1.900000000000000000e+01
-1.000000000000000000e+01
-1.000000000000000000e+00
-1.100000000000000000e+01
-1.300000000000000000e+01
-1.900000000000000000e+01
-1.000000000000000000e+01
6.000000000000000000e+00
-1.000000000000000000e+00
-3.200000000000000000e+01
-6.000000000000000000e+00
5.000000000000000000e+00
1.000000000000000000e+00
-1.200000000000000000e+01
-2.600000000000000000e+01
-2.200000000000000000e+01
-1.700000000000000000e+01
-6.000000000000000000e+00
8.000000000000000000e+00
1.300000000000000000e+01
-5.000000000000000000e+00
2.700000000000000000e+01
3.000000000000000000e+00
5.000000000000000000e+00
7.000000000000000000e+00
-1.200000000000000000e+01
-2.500000000000000000e+01
1.400000000000000000e+01
6.000000000000000000e+00
-1.900000000000000000e+01
-2.600000000000000000e+01
-4.000000000000000000e+00
-1.600000000000000000e+01
-2.000000000000000000e+01
-9.000000000000000000e+00
-2.000000000000000000e+00
-3.600000000000000000e+01
6.000000000000000000e+00
-3.100000000000000000e+01
9.000000000000000000e+00
2.300000000000000000e+01
-6.000000000000000000e+00
-2.600000000000000000e+01
-3.000000000000000000e+00
1.000000000000000000e+01
2.400000000000000000e+01
-8.000000000000000000e+00
-2.500000000000000000e+01
-2.200000000000000000e+01
1.000000000000000000e+01
-1.500000000000000000e+01
-2.300000000000000000e+01
2.000000000000000000e+01
-1.500000000000000000e+01
-1.600000000000000000e+01
1.500000000000000000e+01
-2.000000000000000000e+00
-1.000000000000000000e+00
2.500000000000000000e+01
4.100000000000000000e+01
-2.400000000000000000e+01
-1.100000000000000000e+01
-4.000000000000000000e+00
-2.000000000000000000e+01
1.100000000000000000e+01
-3.100000000000000000e+01
0.000000000000000000e+00
1.000000000000000000e+01
-1.000000000000000000e+00
-2.300000000000000000e+01
0.000000000000000000e+00
-1.600000000000000000e+01
2.000000000000000000e+01
-2.000000000000000000e+01
1.900000000000000000e+01
-1.100000000000000000e+01
-2.400000000000000000e+01
1.000000000000000000e+00
8.000000000000000000e+00
2.100000000000000000e+01
1.900000000000000000e+01
-1.800000000000000000e+01
3.100000000000000000e+01
1.100000000000000000e+01
9.000000000000000000e+00
-4.000000000000000000e+00
-1.000000000000000000e+01
-2.600000000000000000e+01
1.000000000000000000e+00
1.900000000000000000e+01
-1.700000000000000000e+01
1.900000000000000000e+01
-1.000000000000000000e+01
-1.000000000000000000e+01
0.000000000000000000e+00
-2.500000000000000000e+01
-2.000000000000000000e+00
-5.000000000000000000e+00
1.000000000000000000e+00
-3.000000000000000000e+00
-7.000000000000000000e+00
-2.600000000000000000e+01
-4.000000000000000000e+00
2.000000000000000000e+00
-8.000000000000000000e+00
-1.000000000000000000e+01
-1.700000000000000000e+01
-2.000000000000000000e+00
1.900000000000000000e+01
7.000000000000000000e+00
-4.200000000000000000e+01
8.000000000000000000e+00
-3.200000000000000000e+01
2.000000000000000000e+00
0.000000000000000000e+00
-1.000000000000000000e+01
-1.300000000000000000e+01
1.700000000000000000e+01
-5.000000000000000000e+00
-3.000000000000000000e+00
-2.500000000000000000e+01
-7.000000000000000000e+00
0.000000000000000000e+00
2.600000000000000000e+01
2.300000000000000000e+01
1.400000000000000000e+01
1.000000000000000000e+00
4.500000000000000000e+01
7.000000000000000000e+00
7.000000000000000000e+00
2.000000000000000000e+00
-1.800000000000000000e+01
-3.100000000000000000e+01
4.000000000000000000e+00
2.000000000000000000e+01
0.000000000000000000e+00
-2.500000000000000000e+01
-2.300000000000000000e+01
-6.000000000000000000e+00
7.000000000000000000e+00
-2.600000000000000000e+01
-3.000000000000000000e+01
1.300000000000000000e+01
-1.200000000000000000e+01
-3.000000000000000000e+00
-1.900000000000000000e+01
-1.000000000000000000e+01
-6.000000000000000000e+00
2.300000000000000000e+01
-1.000000000000000000e+01
-1.300000000000000000e+01
-3.000000000000000000e+00
4.000000000000000000e+00
-2.400000000000000000e+01
-7.000000000000000000e+00
-1.300000000000000000e+01
-3.500000000000000000e+01
4.000000000000000000e+00
4.000000000000000000e+00
-1.000000000000000000e+01
-5.000000000000000000e+00
0.000000000000000000e+00
2.800000000000000000e+01
6.000000000000000000e+00
-1.900000000000000000e+01
1.400000000000000000e+01
4.000000000000000000e+00
3.000000000000000000e+00
-1.400000000000000000e+01
-1.400000000000000000e+01
-4.000000000000000000e+00
2.100000000000000000e+01
-2.000000000000000000e+00
3.900000000000000000e+01
-2.000000000000000000e+00
-1.900000000000000000e+01
-2.800000000000000000e+01
-3.000000000000000000e+00
2.600000000000000000e+01
1.700000000000000000e+01
-1.200000000000000000e+01
-1.600000000000000000e+01
-1.700000000000000000e+01
1.500000000000000000e+01
8.000000000000000000e+00
-7.000000000000000000e+00
-1.400000000000000000e+01
-7.000000000000000000e+00
-1.800000000000000000e+01
-7.000000000000000000e+00
-6.000000000000000000e+00
-1.700000000000000000e+01
-3.000000000000000000e+00
4.000000000000000000e+00
-6.000000000000000000e+00
1.000000000000000000e+00
-3.200000000000000000e+01
1.400000000000000000e+01
-1.300000000000000000e+01
-1.000000000000000000e+01
1.400000000000000000e+01
-1.600000000000000000e+01
-3.300000000000000000e+01
-2.000000000000000000e+01
1.200000000000000000e+01
-2.700000000000000000e+01
-1.100000000000000000e+01
-3.000000000000000000e+00
-2.200000000000000000e+01
-4.000000000000000000e+00
-2.200000000000000000e+01
-1.000000000000000000e+00
-1.900000000000000000e+01
2.000000000000000000e+00
-1.100000000000000000e+01
1.700000000000000000e+01
-1.200000000000000000e+01
1.400000000000000000e+01
2.100000000000000000e+01
1.000000000000000000e+01
0.000000000000000000e+00
-1.000000000000000000e+00
1.600000000000000000e+01
1.100000000000000000e+01
-8.000000000000000000e+00
0.000000000000000000e+00
7.000000000000000000e+00
-8.000000000000000000e+00
3.500000000000000000e+01
1.300000000000000000e+01
-7.000000000000000000e+00
1.600000000000000000e+01
-1.300000000000000000e+01
-7.000000000000000000e+00
-1.000000000000000000e+00
7.000000000000000000e+00
-2.000000000000000000e+01
-1.000000000000000000e+00
-1.100000000000000000e+01
1.400000000000000000e+01
1.800000000000000000e+01
-1.100000000000000000e+01
2.300000000000000000e+01
2.500000000000000000e+01
2.900000000000000000e+01
1.800000000000000000e+01
2.400000000000000000e+01
2.000000000000000000e+00
2.300000000000000000e+01
2.800000000000000000e+01
-8.000000000000000000e+00
2.000000000000000000e+01
2.100000000000000000e+01
7.000000000000000000e+00
2.300000000000000000e+01
4.100000000000000000e+01
6.900000000000000000e+01
4.300000000000000000e+01
6.900000000000000000e+01
5.100000000000000000e+01
6.300000000000000000e+01
8.900000000000000000e+01
6.700000000000000000e+01
6.100000000000000000e+01
5.200000000000000000e+01
5.600000000000000000e+01
7.000000000000000000e+01
4.600000000000000000e+01
1.030000000000000000e+02
5.100000000000000000e+01
9.700000000000000000e+01
5.700000000000000000e+01
7.000000000000000000e+01
3.200000000000000000e+01
9.200000000000000000e+01
2.100000000000000000e+01
2.600000000000000000e+01
3.000000000000000000e+00
1.300000000000000000e+01
1.300000000000000000e+01
2.200000000000000000e+01
1.000000000000000000e+00
4.800000000000000000e+01
3.000000000000000000e+00
1.300000000000000000e+01
1.900000000000000000e+01
6.000000000000000000e+00
-6.000000000000000000e+00
1.700000000000000000e+01
-1.100000000000000000e+01
2.000000000000000000e+01
1.000000000000000000e+01
-2.100000000000000000e+01
-9.000000000000000000e+00
1.400000000000000000e+01
5.000000000000000000e+00
-1.000000000000000000e+01
2.000000000000000000e+00
-1.000000000000000000e+01
-1.000000000000000000e+00
6.000000000000000000e+00
-2.900000000000000000e+01
1.100000000000000000e+01
4.800000000000000000e+01
-8.000000000000000000e+00
9.000000000000000000e+00
1.900000000000000000e+01
-8.000000000000000000e+00
-2.400000000000000000e+01
-9.000000000000000000e+00
-1.500000000000000000e+01
-8.000000000000000000e+00
1.500000000000000000e+01
3.600000000000000000e+01
1.400000000000000000e+01
1.500000000000000000e+01
-1.300000000000000000e+01
3.000000000000000000e+01
-4.000000000000000000e+00
0.000000000000000000e+00
-2.400000000000000000e+01
1.000000000000000000e+00
7.000000000000000000e+00
1.600000000000000000e+01
-5.000000000000000000e+00
-1.800000000000000000e+01
3.900000000000000000e+01
3.000000000000000000e+00
-3.000000000000000000e+00
5.000000000000000000e+00
8.000000000000000000e+00
1.700000000000000000e+01
-4.000000000000000000e+00
-5.000000000000000000e+00
1.400000000000000000e+01
2.100000000000000000e+01
3.000000000000000000e+00
7.000000000000000000e+00
1.100000000000000000e+01
4.000000000000000000e+00
6.000000000000000000e+00
3.100000000000000000e+01
-1.500000000000000000e+01
-1.000000000000000000e+01
-3.000000000000000000e+01
-1.300000000000000000e+01
-2.000000000000000000e+00
1.400000000000000000e+01
2.900000000000000000e+01
-4.300000000000000000e+01
1.400000000000000000e+01
-1.600000000000000000e+01
-3.000000000000000000e+01
-3.100000000000000000e+01
-1.300000000000000000e+01
1.100000000000000000e+01
-8.000000000000000000e+00
-2.700000000000000000e+01
1.500000000000000000e+01
-7.000000000000000000e+00
-1.500000000000000000e+01
6.000000000000000000e+00
-2.600000000000000000e+01
2.500000000000000000e+01
-1.600000000000000000e+01
2.600000000000000000e+01
2.800000000000000000e+01
-5.000000000000000000e+00
2.400000000000000000e+01
-6.000000000000000000e+00
-1.300000000000000000e+01
-5.000000000000000000e+00
-2.000000000000000000e+00
2.000000000000000000e+01
-2.300000000000000000e+01
4.000000000000000000e+00
-1.600000000000000000e+01
-1.000000000000000000e+00
-1.000000000000000000e+00
-3.100000000000000000e+01
3.900000000000000000e+01
1.400000000000000000e+01
-5.000000000000000000e+00
-2.300000000000000000e+01
1.600000000000000000e+01
1.000000000000000000e+01
9.000000000000000000e+00
5.000000000000000000e+00
2.000000000000000000e+01
-7.000000000000000000e+00
-4.200000000000000000e+01
6.000000000000000000e+00
-2.000000000000000000e+00
-7.000000000000000000e+00
-1.200000000000000000e+01
1.600000000000000000e+01
9.000000000000000000e+00
-8.000000000000000000e+00
-3.900000000000000000e+01
-9.000000000000000000e+00
3.800000000000000000e+01
1.400000000000000000e+01
1.200000000000000000e+01
-3.100000000000000000e+01
3.000000000000000000e+00
3.400000000000000000e+01
8.000000000000000000e+00
-2.800000000000000000e+01
5.000000000000000000e+00
1.700000000000000000e+01
-2.100000000000000000e+01
5.000000000000000000e+00
-5.000000000000000000e+00
6.000000000000000000e+00
6.000000000000000000e+00
-1.800000000000000000e+01
1.500000000000000000e+01
-2.100000000000000000e+01
-1.300000000000000000e+01
-1.000000000000000000e+00
1.400000000000000000e+01
-1.700000000000000000e+01
4.000000000000000000e+00
9.000000000000000000e+00
-1.100000000000000000e+01
2.800000000000000000e+01
-1.600000000000000000e+01
1.500000000000000000e+01
4.000000000000000000e+00
3.400000000000000000e+01
-1.400000000000000000e+01
3.000000000000000000e+00
1.500000000000000000e+01
5.600000000000000000e+01
-1.000000000000000000e+00
-1.600000000000000000e+01
2.400000000000000000e+01
1.500000000000000000e+01
2.700000000000000000e+01
1.100000000000000000e+01
-1.500000000000000000e+01
1.000000000000000000e+01
2.300000000000000000e+01
-9.000000000000000000e+00
2.700000000000000000e+01
-1.300000000000000000e+01
2.000000000000000000e+01
4.100000000000000000e+01
-1.400000000000000000e+01
1.400000000000000000e+01
8.000000000000000000e+00
-7.000000000000000000e+00
1.500000000000000000e+01
-9.000000000000000000e+00
4.000000000000000000e+00
1.200000000000000000e+01
-1.400000000000000000e+01
4.600000000000000000e+01
2.800000000000000000e+01
8.000000000000000000e+00
-4.000000000000000000e+00
-8.000000000000000000e+00
-7.000000000000000000e+00
1.500000000000000000e+01
-2.200000000000000000e+01
9.000000000000000000e+00
1.800000000000000000e+01
2.400000000000000000e+01
4.200000000000000000e+01
3.300000000000000000e+01
1.400000000000000000e+01
-2.000000000000000000e+00
-2.900000000000000000e+01
1.600000000000000000e+01
1.000000000000000000e+00
9.000000000000000000e+00
-5.000000000000000000e+00
1.100000000000000000e+01
3.800000000000000000e+01
2.600000000000000000e+01
1.000000000000000000e+01
4.700000000000000000e+01
2.900000000000000000e+01
1.900000000000000000e+01
1.100000000000000000e+01
1.500000000000000000e+01
1.500000000000000000e+01
2.800000000000000000e+01
2.400000000000000000e+01
1.300000000000000000e+01
-2.100000000000000000e+01
-1.100000000000000000e+01
5.400000000000000000e+01
3.400000000000000000e+01
-1.200000000000000000e+01
1.300000000000000000e+01
1.100000000000000000e+01
1.200000000000000000e+01
5.000000000000000000e+00
1.000000000000000000e+01
3.500000000000000000e+01
4.000000000000000000e+01
-2.500000000000000000e+01
2.200000000000000000e+01
1.300000000000000000e+01
4.200000000000000000e+01
2.800000000000000000e+01
1.300000000000000000e+01
2.600000000000000000e+01
1.700000000000000000e+01
1.400000000000000000e+01
3.300000000000000000e+01
2.700000000000000000e+01
4.000000000000000000e+00
3.000000000000000000e+00
-3.000000000000000000e+01
1.100000000000000000e+01
1.000000000000000000e+00
9.000000000000000000e+00
1.100000000000000000e+01
1.000000000000000000e+01
1.300000000000000000e+01
2.100000000000000000e+01
1.000000000000000000e+01
4.400000000000000000e+01
3.100000000000000000e+01
1.600000000000000000e+01
2.700000000000000000e+01
-4.000000000000000000e+00
3.900000000000000000e+01
1.500000000000000000e+01
-1.000000000000000000e+00
8.000000000000000000e+00
-5.000000000000000000e+00
2.300000000000000000e+01
-6.000000000000000000e+00
-1.300000000000000000e+01
1.900000000000000000e+01
2.400000000000000000e+01
5.200000000000000000e+01
1.400000000000000000e+01
2.600000000000000000e+01
1.000000000000000000e+00
8.000000000000000000e+00
2.300000000000000000e+01
3.300000000000000000e+01
3.500000000000000000e+01
2.400000000000000000e+01
-7.000000000000000000e+00
2.300000000000000000e+01
-8.000000000000000000e+00
1.600000000000000000e+01
4.200000000000000000e+01
-2.000000000000000000e+00
4.100000000000000000e+01
4.500000000000000000e+01
1.400000000000000000e+01
3.000000000000000000e+00
7.000000000000000000e+00
1.000000000000000000e+00
-2.700000000000000000e+01
5.000000000000000000e+00
2.300000000000000000e+01
1.200000000000000000e+01
-8.000000000000000000e+00
1.000000000000000000e+01
5.000000000000000000e+00
5.200000000000000000e+01
9.000000000000000000e+00
1.800000000000000000e+01
-6.000000000000000000e+00
2.900000000000000000e+01
3.500000000000000000e+01
4.000000000000000000e+01
4.100000000000000000e+01
3.900000000000000000e+01
1.700000000000000000e+01
3.400000000000000000e+01
1.000000000000000000e+00
3.000000000000000000e+00
3.300000000000000000e+01
4.700000000000000000e+01
1.300000000000000000e+01
3.800000000000000000e+01
3.300000000000000000e+01
4.400000000000000000e+01
4.400000000000000000e+01
3.500000000000000000e+01
3.500000000000000000e+01
3.900000000000000000e+01
3.600000000000000000e+01
2.900000000000000000e+01
2.700000000000000000e+01
3.800000000000000000e+01
5.600000000000000000e+01
5.800000000000000000e+01
6.600000000000000000e+01
6.700000000000000000e+01
8.000000000000000000e+01
9.100000000000000000e+01
6.700000000000000000e+01
7.600000000000000000e+01
9.700000000000000000e+01
1.180000000000000000e+02
1.190000000000000000e+02
1.170000000000000000e+02
1.470000000000000000e+02
1.250000000000000000e+02
1.640000000000000000e+02
1.320000000000000000e+02
1.750000000000000000e+02
1.990000000000000000e+02
2.090000000000000000e+02
2.150000000000000000e+02
2.180000000000000000e+02
1.810000000000000000e+02
2.220000000000000000e+02
2.980000000000000000e+02
3.140000000000000000e+02
3.040000000000000000e+02
3.230000000000000000e+02
3.770000000000000000e+02
4.180000000000000000e+02
4.260000000000000000e+02
4.090000000000000000e+02
4.720000000000000000e+02
5.010000000000000000e+02
5.110000000000000000e+02
5.810000000000000000e+02
6.690000000000000000e+02
6.790000000000000000e+02
7.530000000000000000e+02
7.860000000000000000e+02
7.730000000000000000e+02
9.130000000000000000e+02
9.760000000000000000e+02
1.018000000000000000e+03
1.093000000000000000e+03
1.172000000000000000e+03
1.260000000000000000e+03
1.333000000000000000e+03
1.427000000000000000e+03
1.492000000000000000e+03
1.575000000000000000e+03
1.694000000000000000e+03
1.737000000000000000e+03
1.874000000000000000e+03
1.947000000000000000e+03
2.029000000000000000e+03
2.187000000000000000e+03
2.212000000000000000e+03
2.326000000000000000e+03
2.388000000000000000e+03
2.542000000000000000e+03
2.608000000000000000e+03
2.692000000000000000e+03
2.744000000000000000e+03
2.830000000000000000e+03
2.891000000000000000e+03
2.886000000000000000e+03
2.983000000000000000e+03
3.004000000000000000e+03
3.056000000000000000e+03
3.050000000000000000e+03
3.075000000000000000e+03
3.085000000000000000e+03
3.026000000000000000e+03
3.046000000000000000e+03
3.022000000000000000e+03
2.978000000000000000e+03
2.875000000000000000e+03
2.943000000000000000e+03
2.742000000000000000e+03
2.769000000000000000e+03
2.702000000000000000e+03
2.609000000000000000e+03
2.530000000000000000e+03
2.449000000000000000e+03
2.378000000000000000e+03
2.237000000000000000e+03
2.082000000000000000e+03
2.053000000000000000e+03
1.923000000000000000e+03
1.842000000000000000e+03
1.700000000000000000e+03
1.587000000000000000e+03
1.514000000000000000e+03
1.428000000000000000e+03
1.313000000000000000e+03
1.246000000000000000e+03
1.114000000000000000e+03
1.107000000000000000e+03
9.590000000000000000e+02
8.540000000000000000e+02
7.720000000000000000e+02
7.390000000000000000e+02
6.620000000000000000e+02
6.050000000000000000e+02
5.700000000000000000e+02
4.700000000000000000e+02
4.440000000000000000e+02
4.190000000000000000e+02
3.480000000000000000e+02
3.320000000000000000e+02
2.930000000000000000e+02
2.750000000000000000e+02
2.220000000000000000e+02
1.930000000000000000e+02
2.170000000000000000e+02
1.750000000000000000e+02
1.010000000000000000e+02
1.290000000000000000e+02
1.000000000000000000e+02
7.900000000000000000e+01
5.300000000000000000e+01
8.600000000000000000e+01
5.900000000000000000e+01
6.100000000000000000e+01
4.800000000000000000e+01
7.300000000000000000e+01
4.700000000000000000e+01
3.300000000000000000e+01
1.300000000000000000e+01
1.500000000000000000e+01
3.100000000000000000e+01
4.200000000000000000e+01
1.200000000000000000e+01
1.800000000000000000e+01
3.000000000000000000e+01
8.000000000000000000e+00
8.000000000000000000e+00
-2.900000000000000000e+01
1.100000000000000000e+01
2.600000000000000000e+01
1.100000000000000000e+01
2.400000000000000000e+01
-2.000000000000000000e+01
2.800000000000000000e+01
-4.000000000000000000e+00
4.000000000000000000e+01
-1.600000000000000000e+01
2.100000000000000000e+01
4.100000000000000000e+01
3.700000000000000000e+01
9.000000000000000000e+00
2.600000000000000000e+01
-1.100000000000000000e+01
1.400000000000000000e+01
-3.000000000000000000e+00
4.700000000000000000e+01
3.400000000000000000e+01
3.000000000000000000e+00
2.400000000000000000e+01
1.900000000000000000e+01
3.900000000000000000e+01
1.600000000000000000e+01
1.500000000000000000e+01
2.900000000000000000e+01
-4.000000000000000000e+00
-6.000000000000000000e+00
-2.200000000000000000e+01
5.000000000000000000e+00
2.100000000000000000e+01
0.000000000000000000e+00
0.000000000000000000e+00
3.100000000000000000e+01
0.000000000000000000e+00
3.000000000000000000e+01
-1.000000000000000000e+01
2.900000000000000000e+01
1.100000000000000000e+01
1.400000000000000000e+01
2.100000000000000000e+01
-2.300000000000000000e+01
1.200000000000000000e+01
-3.000000000000000000e+01
1.500000000000000000e+01
2.400000000000000000e+01
2.600000000000000000e+01
7.000000000000000000e+00
1.300000000000000000e+01
1.100000000000000000e+01
2.700000000000000000e+01
2.000000000000000000e+01
4.400000000000000000e+01
-1.100000000000000000e+01
0.000000000000000000e+00
1.000000000000000000e+01
-1.000000000000000000e+01
0.000000000000000000e+00
1.400000000000000000e+01
8.000000000000000000e+00
3.000000000000000000e+00
2.300000000000000000e+01
1.500000000000000000e+01
3.600000000000000000e+01
1.200000000000000000e+01
6.000000000000000000e+00
-1.000000000000000000e+00
1.500000000000000000e+01
-8.000000000000000000e+00
2.400000000000000000e+01
2.000000000000000000e+00
7.000000000000000000e+00
9.000000000000000000e+00
2.900000000000000000e+01
1.800000000000000000e+01
4.100000000000000000e+01
-5.000000000000000000e+00
2.400000000000000000e+01
-2.200000000000000000e+01
2.000000000000000000e+01
-9.000000000000000000e+00
5.000000000000000000e+00
1.100000000000000000e+01
-8.000000000000000000e+00
2.600000000000000000e+01
-2.000000000000000000e+00
1.100000000000000000e+01
5.800000000000000000e+01
0.000000000000000000e+00
0.000000000000000000e+00
3.400000000000000000e+01
6.000000000000000000e+00
2.000000000000000000e+00
7.000000000000000000e+00
2.300000000000000000e+01
-1.100000000000000000e+01
-5.000000000000000000e+00
-1.000000000000000000e+01
1.900000000000000000e+01
-2.000000000000000000e+01
2.100000000000000000e+01
-6.000000000000000000e+00
3.300000000000000000e+01
7.000000000000000000e+00
1.900000000000000000e+01
1.300000000000000000e+01
1.200000000000000000e+01
-2.600000000000000000e+01
-6.000000000000000000e+00
-1.000000000000000000e+01
4.000000000000000000e+00
2.600000000000000000e+01
2.600000000000000000e+01
1.200000000000000000e+01
1.100000000000000000e+01
9.000000000000000000e+00
4.400000000000000000e+01
2.700000000000000000e+01
-2.600000000000000000e+01
-1.000000000000000000e+00
4.300000000000000000e+01
-7.000000000000000000e+00
-9.000000000000000000e+00
-1.900000000000000000e+01
1.000000000000000000e+01
8.000000000000000000e+00
1.300000000000000000e+01
2.200000000000000000e+01
9.000000000000000000e+00
0.000000000000000000e+00
1.400000000000000000e+01
1.100000000000000000e+01
-3.600000000000000000e+01
1.200000000000000000e+01
6.000000000000000000e+00
-1.600000000000000000e+01
4.000000000000000000e+00
2.200000000000000000e+01
-2.000000000000000000e+00
-2.000000000000000000e+00
4.700000000000000000e+01
-6.000000000000000000e+00
1.300000000000000000e+01
1.100000000000000000e+01
-2.700000000000000000e+01
1.400000000000000000e+01
-8.000000000000000000e+00
1.900000000000000000e+01
2.300000000000000000e+01
-1.500000000000000000e+01
-1.000000000000000000e+00
1.000000000000000000e+00
2.300000000000000000e+01
5.300000000000000000e+01
3.000000000000000000e+00
-8.000000000000000000e+00
2.700000000000000000e+01
4.000000000000000000e+00
-1.000000000000000000e+01
1.000000000000000000e+01
1.800000000000000000e+01
0.000000000000000000e+00
1.600000000000000000e+01
1.100000000000000000e+01
2.700000000000000000e+01
2.000000000000000000e+01
-1.800000000000000000e+01
6.000000000000000000e+00
2.000000000000000000e+00
-2.400000000000000000e+01
3.500000000000000000e+01
-2.400000000000000000e+01
1.400000000000000000e+01
-9.000000000000000000e+00
-1.500000000000000000e+01
-6.000000000000000000e+00
-1.200000000000000000e+01
-1.600000000000000000e+01
1.700000000000000000e+01
1.800000000000000000e+01
2.300000000000000000e+01
7.000000000000000000e+00
2.200000000000000000e+01
3.400000000000000000e+01
-1.200000000000000000e+01
-2.300000000000000000e+01
4.000000000000000000e+00
4.000000000000000000e+00
1.600000000000000000e+01
-8.000000000000000000e+00
-1.000000000000000000e+00
3.000000000000000000e+00
2.600000000000000000e+01
4.000000000000000000e+00
1.700000000000000000e+01
0.000000000000000000e+00
1.400000000000000000e+01
3.000000000000000000e+00
1.200000000000000000e+01
9.000000000000000000e+00
3.000000000000000000e+00
1.900000000000000000e+01
-5.000000000000000000e+00
3.500000000000000000e+01
6.000000000000000000e+00
4.000000000000000000e+00
8.000000000000000000e+00
1.000000000000000000e+01
-2.100000000000000000e+01
1.900000000000000000e+01
8.000000000000000000e+00
1.000000000000000000e+00
1.000000000000000000e+00
-8.000000000000000000e+00
2.000000000000000000e+00
-2.400000000000000000e+01
-3.000000000000000000e+00
2.000000000000000000e+01
-4.000000000000000000e+00
1.100000000000000000e+01
-1.300000000000000000e+01
-6.000000000000000000e+00
1.700000000000000000e+01
-1.100000000000000000e+01
7.000000000000000000e+00
0.000000000000000000e+00
-1.400000000000000000e+01
2.200000000000000000e+01
-1.900000000000000000e+01
1.900000000000000000e+01
-2.000000000000000000e+00
-3.000000000000000000e+00
-1.300000000000000000e+01
-5.000000000000000000e+00
2.800000000000000000e+01
5.200000000000000000e+01
1.700000000000000000e+01
-2.300000000000000000e+01
3.000000000000000000e+01
1.700000000000000000e+01
4.000000000000000000e+00
-6.000000000000000000e+00
3.000000000000000000e+00
2.700000000000000000e+01
4.000000000000000000e+00
3.600000000000000000e+01
-4.000000000000000000e+00
2.000000000000000000e+01
1.000000000000000000e+01
1.000000000000000000e+00
-6.000000000000000000e+00
-1.100000000000000000e+01
1.000000000000000000e+00
9.000000000000000000e+00
-1.100000000000000000e+01
1.600000000000000000e+01
2.000000000000000000e+00
1.200000000000000000e+01
2.800000000000000000e+01
3.300000000000000000e+01
6.000000000000000000e+00
-1.400000000000000000e+01
1.100000000000000000e+01
-9.000000000000000000e+00
1.400000000000000000e+01
1.000000000000000000e+00
-5.000000000000000000e+00
-1.000000000000000000e+00
-1.100000000000000000e+01
-3.000000000000000000e+00
1.100000000000000000e+01
7.000000000000000000e+00
1.100000000000000000e+01
1.500000000000000000e+01
-9.000000000000000000e+00
5.000000000000000000e+00
1.100000000000000000e+01
-1.200000000000000000e+01
9.000000000000000000e+00
1.300000000000000000e+01
-1.800000000000000000e+01
1.800000000000000000e+01
1.300000000000000000e+01
1.500000000000000000e+01
1.000000000000000000e+00
1.800000000000000000e+01
0.000000000000000000e+00
2.000000000000000000e+01
2.500000000000000000e+01
4.100000000000000000e+01
-1.300000000000000000e+01
-1.600000000000000000e+01
3.000000000000000000e+00
-2.000000000000000000e+01
-3.000000000000000000e+01
1.000000000000000000e+01
-4.000000000000000000e+00
-3.000000000000000000e+00
2.000000000000000000e+00
-8.000000000000000000e+00
-1.000000000000000000e+01
-1.500000000000000000e+01
6.000000000000000000e+00
9.000000000000000000e+00
8.000000000000000000e+00
7.000000000000000000e+00
-7.000000000000000000e+00
-4.000000000000000000e+00
1.000000000000000000e+01
1.200000000000000000e+01
-5.000000000000000000e+00
-1.000000000000000000e+01
-2.000000000000000000e+01
-2.000000000000000000e+01
1.700000000000000000e+01
-6.000000000000000000e+00
7.000000000000000000e+00
-3.100000000000000000e+01
-3.000000000000000000e+01
-1.000000000000000000e+00
1.500000000000000000e+01
6.000000000000000000e+00
-2.000000000000000000e+00
-2.900000000000000000e+01
5.000000000000000000e+00
-7.000000000000000000e+00
3.400000000000000000e+01
1.000000000000000000e+00
1.500000000000000000e+01
9.000000000000000000e+00
1.800000000000000000e+01
8.000000000000000000e+00
-3.000000000000000000e+00
2.800000000000000000e+01
1.200000000000000000e+01
-2.000000000000000000e+00
-2.500000000000000000e+01
-1.100000000000000000e+01
-1.200000000000000000e+01
0.000000000000000000e+00
-3.200000000000000000e+01
6.800000000000000000e+01
1.600000000000000000e+01
-8.000000000000000000e+00
2.200000000000000000e+01
0.000000000000000000e+00
-1.800000000000000000e+01
-1.000000000000000000e+01
-5.000000000000000000e+00
1.400000000000000000e+01
-6.000000000000000000e+00
-3.000000000000000000e+00
6.000000000000000000e+00
2.100000000000000000e+01
-7.000000000000000000e+00
-2.100000000000000000e+01
-1.100000000000000000e+01
1.000000000000000000e+01
2.900000000000000000e+01
2.100000000000000000e+01
-1.500000000000000000e+01
-7.000000000000000000e+00
8.000000000000000000e+00
-1.900000000000000000e+01
1.000000000000000000e+00
6.000000000000000000e+00
3.000000000000000000e+00
2.000000000000000000e+00
2.400000000000000000e+01
-3.000000000000000000e+00
2.000000000000000000e+00
-1.100000000000000000e+01
1.300000000000000000e+01
2.700000000000000000e+01
7.000000000000000000e+00
1.500000000000000000e+01
1.900000000000000000e+01
-3.200000000000000000e+01
1.300000000000000000e+01
3.000000000000000000e+00
-4.000000000000000000e+00
-8.000000000000000000e+00
-2.000000000000000000e+00
-5.000000000000000000e+00
8.000000000000000000e+00
-7.000000000000000000e+00
-2.000000000000000000e+00
-8.000000000000000000e+00
-1.300000000000000000e+01
-8.000000000000000000e+00
3.600000000000000000e+01
1.400000000000000000e+01
-1.300000000000000000e+01
2.100000000000000000e+01
3.000000000000000000e+00
1.500000000000000000e+01
1.000000000000000000e+00
5.000000000000000000e+00
-9.000000000000000000e+00
-7.100000000000000000e+01
-2.000000000000000000e+01
1.000000000000000000e+01
-1.300000000000000000e+01
1.800000000000000000e+01
-4.000000000000000000e+00
1.800000000000000000e+01
-2.300000000000000000e+01
-1.000000000000000000e+00
5.000000000000000000e+00
1.700000000000000000e+01
-3.700000000000000000e+01
7.000000000000000000e+00
-2.400000000000000000e+01
-1.900000000000000000e+01
1.800000000000000000e+01
2.400000000000000000e+01
-8.000000000000000000e+00
1.100000000000000000e+01
-3.200000000000000000e+01
5.000000000000000000e+00
9.000000000000000000e+00
1.000000000000000000e+00
4.000000000000000000e+00
1.700000000000000000e+01
-1.500000000000000000e+01
1.200000000000000000e+01
-1.200000000000000000e+01
-2.000000000000000000e+00
-4.000000000000000000e+00
2.100000000000000000e+01
0.000000000000000000e+00
2.000000000000000000e+00
1.000000000000000000e+00
2.200000000000000000e+01
-9.000000000000000000e+00
-5.000000000000000000e+00
-2.300000000000000000e+01
-3.000000000000000000e+01
1.200000000000000000e+01
-2.300000000000000000e+01
-5.400000000000000000e+01
-1.000000000000000000e+00
8.000000000000000000e+00
7.000000000000000000e+00
3.000000000000000000e+00
-8.000000000000000000e+00
2.100000000000000000e+01
-5.000000000000000000e+00
2.300000000000000000e+01
9.000000000000000000e+00
1.000000000000000000e+00
8.000000000000000000e+00
-2.800000000000000000e+01
7.000000000000000000e+00
6.000000000000000000e+00
-4.000000000000000000e+00
0.000000000000000000e+00
-1.400000000000000000e+01
2.500000000000000000e+01
2.400000000000000000e+01
-2.000000000000000000e+00
1.500000000000000000e+01
1.400000000000000000e+01
4.000000000000000000e+00
1.000000000000000000e+00
9.000000000000000000e+00
5.000000000000000000e+00
3.500000000000000000e+01
-1.000000000000000000e+01
8.000000000000000000e+00
4.000000000000000000e+00
-1.500000000000000000e+01
4.000000000000000000e+00
-1.200000000000000000e+01
-6.000000000000000000e+00
2.200000000000000000e+01
-3.100000000000000000e+01
6.000000000000000000e+00
-8.000000000000000000e+00
-7.000000000000000000e+00
-7.000000000000000000e+00
6.000000000000000000e+00
1.400000000000000000e+01
-2.200000000000000000e+01
-3.500000000000000000e+01
-1.100000000000000000e+01
-3.500000000000000000e+01
-3.000000000000000000e+00
4.000000000000000000e+00
-2.000000000000000000e+01
-1.400000000000000000e+01
-1.000000000000000000e+01
2.000000000000000000e+00
-1.200000000000000000e+01
1.400000000000000000e+01
9.000000000000000000e+00
2.100000000000000000e+01
3.000000000000000000e+01
-2.000000000000000000e+00
2.100000000000000000e+01
-1.000000000000000000e+00
-7.000000000000000000e+00
-9.000000000000000000e+00
-8.000000000000000000e+00
9.000000000000000000e+00
1.400000000000000000e+01
0.000000000000000000e+00
8.000000000000000000e+00
1.300000000000000000e+01
2.600000000000000000e+01
3.000000000000000000e+00
-6.000000000000000000e+00
-1.800000000000000000e+01
2.100000000000000000e+01
-4.000000000000000000e+00
-2.200000000000000000e+01
-1.600000000000000000e+01
-2.200000000000000000e+01
1.000000000000000000e+00
-1.300000000000000000e+01
-2.800000000000000000e+01
2.200000000000000000e+01
-2.000000000000000000e+01
1.700000000000000000e+01
-2.500000000000000000e+01
-8.000000000000000000e+00
1.200000000000000000e+01
-4.000000000000000000e+00
-1.200000000000000000e+01
-1.000000000000000000e+01
1.000000000000000000e+00
-3.000000000000000000e+00
-1.000000000000000000e+00
3.000000000000000000e+00
-4.000000000000000000e+00
1.600000000000000000e+01
1.000000000000000000e+00
-2.200000000000000000e+01
1.300000000000000000e+01
-2.500000000000000000e+01
-2.700000000000000000e+01
-1.300000000000000000e+01
-3.000000000000000000e+01
-2.400000000000000000e+01
2.500000000000000000e+01
-1.000000000000000000e+01
3.600000000000000000e+01
1.000000000000000000e+00
5.000000000000000000e+00
1.000000000000000000e+00
-1.400000000000000000e+01
-8.000000000000000000e+00
-2.800000000000000000e+01
3.800000000000000000e+01
1.700000000000000000e+01
6.000000000000000000e+00
0.000000000000000000e+00
-1.000000000000000000e+01
-2.100000000000000000e+01
1.100000000000000000e+01
1.900000000000000000e+01
-1.000000000000000000e+01
-1.700000000000000000e+01
2.700000000000000000e+01
3.000000000000000000e+00
2.700000000000000000e+01
-1.800000000000000000e+01
1.500000000000000000e+01
-9.000000000000000000e+00
2.300000000000000000e+01
8.000000000000000000e+00
-1.100000000000000000e+01
2.000000000000000000e+00
-7.000000000000000000e+00
6.000000000000000000e+00
-5.000000000000000000e+00
1.500000000000000000e+01
2.200000000000000000e+01
-2.000000000000000000e+00
-3.400000000000000000e+01
1.000000000000000000e+00
-3.300000000000000000e+01
1.000000000000000000e+01
-4.000000000000000000e+01
-2.000000000000000000e+00
5.000000000000000000e+00
3.000000000000000000e+00
-1.200000000000000000e+01
4.000000000000000000e+00
5.000000000000000000e+00
1.000000000000000000e+01
2.200000000000000000e+01
1.000000000000000000e+01
0.000000000000000000e+00
3.000000000000000000e+00
1.100000000000000000e+01
-1.000000000000000000e+01
-1.900000000000000000e+01
2.500000000000000000e+01
7.000000000000000000e+00
1.800000000000000000e+01
-8.000000000000000000e+00
-1.100000000000000000e+01
1.800000000000000000e+01
1.000000000000000000e+00
5.000000000000000000e+00
5.000000000000000000e+00
-1.600000000000000000e+01
1.000000000000000000e+00
-4.000000000000000000e+00
-2.300000000000000000e+01
5.000000000000000000e+00
6.000000000000000000e+00
-1.300000000000000000e+01
4.000000000000000000e+00
-3.000000000000000000e+00
0.000000000000000000e+00
-1.400000000000000000e+01
1.800000000000000000e+01
9.000000000000000000e+00
-3.800000000000000000e+01
-1.000000000000000000e+00
-3.200000000000000000e+01
1.000000000000000000e+01
-1.100000000000000000e+01
1.000000000000000000e+01
-8.000000000000000000e+00
1.200000000000000000e+01
-1.800000000000000000e+01
1.200000000000000000e+01
-8.000000000000000000e+00
-9.000000000000000000e+00
-1.200000000000000000e+01
9.000000000000000000e+00
9.000000000000000000e+00
-2.300000000000000000e+01
-3.900000000000000000e+01
-2.000000000000000000e+00
-3.000000000000000000e+00
-1.100000000000000000e+01
-1.600000000000000000e+01
0.000000000000000000e+00
-1.400000000000000000e+01
-1.800000000000000000e+01
-1.900000000000000000e+01
6.000000000000000000e+00
-2.000000000000000000e+00
1.700000000000000000e+01
0.000000000000000000e+00
-1.000000000000000000e+00
3.000000000000000000e+00
-1.000000000000000000e+01
-3.200000000000000000e+01
4.000000000000000000e+00
-2.700000000000000000e+01
-1.200000000000000000e+01
2.800000000000000000e+01
-1.900000000000000000e+01
7.000000000000000000e+00
-7.000000000000000000e+00
5.000000000000000000e+00
-7.000000000000000000e+00
8.000000000000000000e+00
-1.700000000000000000e+01
9.000000000000000000e+00
-1.600000000000000000e+01
1.000000000000000000e+00
-8.000000000000000000e+00
7.000000000000000000e+00
-2.600000000000000000e+01
-1.500000000000000000e+01
1.700000000000000000e+01
-1.000000000000000000e+01
-1.600000000000000000e+01
1.400000000000000000e+01
-1.600000000000000000e+01
8.000000000000000000e+00
-2.600000000000000000e+01
-2.400000000000000000e+01
0.000000000000000000e+00
9.000000000000000000e+00
9.000000000000000000e+00
6.000000000000000000e+00
-4.600000000000000000e+01
2.100000000000000000e+01
-5.000000000000000000e+00
-1.000000000000000000e+00
-1.100000000000000000e+01
1.400000000000000000e+01
2.200000000000000000e+01
1.700000000000000000e+01
-1.600000000000000000e+01
-4.000000000000000000e+00
-6.000000000000000000e+00
-1.200000000000000000e+01
-9.000000000000000000e+00
-4.000000000000000000e+00
-4.200000000000000000e+01
1.000000000000000000e+01
-1.100000000000000000e+01
-1.300000000000000000e+01
-8.000000000000000000e+00
-1.700000000000000000e+01
0.000000000000000000e+00
-7.000000000000000000e+00
5.000000000000000000e+00
8.000000000000000000e+00
2.300000000000000000e+01
1.000000000000000000e+01
-5.000000000000000000e+00
1.400000000000000000e+01
1.500000000000000000e+01
-7.000000000000000000e+00
-1.700000000000000000e+01
3.500000000000000000e+01
1.000000000000000000e+01
-9.000000000000000000e+00
-1.200000000000000000e+01
-2.000000000000000000e+00
0.000000000000000000e+00
2.200000000000000000e+01
7.000000000000000000e+00
5.000000000000000000e+00
-8.000000000000000000e+00
-8.000000000000000000e+00
2.200000000000000000e+01
1.300000000000000000e+01
-2.000000000000000000e+00
5.000000000000000000e+00
-1.000000000000000000e+01
-1.000000000000000000e+00
-1.400000000000000000e+01
-1.000000000000000000e+00
-4.000000000000000000e+00
2.000000000000000000e+00
3.600000000000000000e+01
-8.000000000000000000e+00
2.100000000000000000e+01
4.000000000000000000e+00
1.400000000000000000e+01
2.000000000000000000e+00
8.000000000000000000e+00
0.000000000000000000e+00
-1.600000000000000000e+01
-2.000000000000000000e+00
-2.000000000000000000e+00
-2.000000000000000000e+00
2.800000000000000000e+01
3.800000000000000000e+01
9.000000000000000000e+00
2.100000000000000000e+01
4.700000000000000000e+01
1.200000000000000000e+01
2.700000000000000000e+01
2.300000000000000000e+01
1.100000000000000000e+01
4.300000000000000000e+01
3.300000000000000000e+01
4.000000000000000000e+01
3.400000000000000000e+01
3.000000000000000000e+01
5.000000000000000000e+01
5.400000000000000000e+01
4.000000000000000000e+01
5.200000000000000000e+01
6.200000000000000000e+01
4.000000000000000000e+01
8.100000000000000000e+01
7.400000000000000000e+01
5.300000000000000000e+01
7.900000000000000000e+01
7.600000000000000000e+01
1.060000000000000000e+02
8.200000000000000000e+01
8.100000000000000000e+01
8.700000000000000000e+01
1.290000000000000000e+02
1.110000000000000000e+02
1.210000000000000000e+02
1.450000000000000000e+02
1.430000000000000000e+02
1.420000000000000000e+02
1.400000000000000000e+02
1.590000000000000000e+02
1.780000000000000000e+02
1.510000000000000000e+02
1.720000000000000000e+02
2.310000000000000000e+02
2.010000000000000000e+02
2.290000000000000000e+02
2.200000000000000000e+02
2.500000000000000000e+02
2.680000000000000000e+02
3.120000000000000000e+02
2.880000000000000000e+02
3.120000000000000000e+02
3.550000000000000000e+02
3.570000000000000000e+02
3.630000000000000000e+02
4.010000000000000000e+02
4.220000000000000000e+02
4.470000000000000000e+02
4.620000000000000000e+02
4.340000000000000000e+02
4.900000000000000000e+02
4.940000000000000000e+02
5.040000000000000000e+02
5.320000000000000000e+02
5.570000000000000000e+02
6.200000000000000000e+02
6.230000000000000000e+02
6.260000000000000000e+02
6.970000000000000000e+02
7.220000000000000000e+02
7.210000000000000000e+02
7.750000000000000000e+02
7.850000000000000000e+02
8.510000000000000000e+02
8.550000000000000000e+02
8.570000000000000000e+02
9.550000000000000000e+02
9.540000000000000000e+02
1.049000000000000000e+03
9.810000000000000000e+02
1.047000000000000000e+03
1.086000000000000000e+03
1.093000000000000000e+03
1.119000000000000000e+03
1.191000000000000000e+03
1.215000000000000000e+03
1.199000000000000000e+03
1.314000000000000000e+03
1.274000000000000000e+03
1.305000000000000000e+03
1.320000000000000000e+03
1.382000000000000000e+03
1.409000000000000000e+03
1.432000000000000000e+03
1.462000000000000000e+03
1.476000000000000000e+03
1.498000000000000000e+03
1.518000000000000000e+03
1.585000000000000000e+03
1.576000000000000000e+03
1.606000000000000000e+03
1.652000000000000000e+03
1.588000000000000000e+03
1.646000000000000000e+03
1.685000000000000000e+03
1.754000000000000000e+03
1.740000000000000000e+03
1.812000000000000000e+03
1.807000000000000000e+03
1.828000000000000000e+03
1.837000000000000000e+03
1.840000000000000000e+03
1.865000000000000000e+03
1.892000000000000000e+03
1.923000000000000000e+03
1.908000000000000000e+03
1.921000000000000000e+03
1.886000000000000000e+03
1.876000000000000000e+03
1.856000000000000000e+03
1.825000000000000000e+03
1.894000000000000000e+03
1.825000000000000000e+03
1.815000000000000000e+03
1.803000000000000000e+03
1.740000000000000000e+03
1.744000000000000000e+03
1.723000000000000000e+03
1.682000000000000000e+03
1.661000000000000000e+03
1.676000000000000000e+03
1.635000000000000000e+03
1.704000000000000000e+03
1.619000000000000000e+03
1.629000000000000000e+03
1.651000000000000000e+03
1.593000000000000000e+03
1.579000000000000000e+03
1.596000000000000000e+03
1.612000000000000000e+03
1.538000000000000000e+03
1.555000000000000000e+03
1.529000000000000000e+03
1.486000000000000000e+03
1.478000000000000000e+03
1.441000000000000000e+03
1.401000000000000000e+03
1.416000000000000000e+03
1.380000000000000000e+03
1.275000000000000000e+03
1.274000000000000000e+03
1.274000000000000000e+03
1.196000000000000000e+03
1.180000000000000000e+03
1.148000000000000000e+03
1.112000000000000000e+03
1.081000000000000000e+03
1.026000000000000000e+03
1.009000000000000000e+03
9.960000000000000000e+02
9.370000000000000000e+02
9.410000000000000000e+02
8.560000000000000000e+02
8.530000000000000000e+02
8.020000000000000000e+02
8.580000000000000000e+02
8.030000000000000000e+02
7.150000000000000000e+02
7.760000000000000000e+02
6.970000000000000000e+02
6.900000000000000000e+02
6.650000000000000000e+02
6.870000000000000000e+02
6.280000000000000000e+02
5.860000000000000000e+02
5.730000000000000000e+02
5.880000000000000000e+02
5.280000000000000000e+02
5.070000000000000000e+02
5.010000000000000000e+02
4.780000000000000000e+02
4.360000000000000000e+02
4.440000000000000000e+02
4.110000000000000000e+02
3.500000000000000000e+02
3.930000000000000000e+02
3.430000000000000000e+02
3.000000000000000000e+02
3.180000000000000000e+02
3.040000000000000000e+02
2.840000000000000000e+02
2.680000000000000000e+02
2.540000000000000000e+02
2.670000000000000000e+02
2.390000000000000000e+02
2.550000000000000000e+02
2.200000000000000000e+02
1.870000000000000000e+02
1.960000000000000000e+02
2.240000000000000000e+02
1.880000000000000000e+02
1.910000000000000000e+02
1.790000000000000000e+02
1.610000000000000000e+02
1.480000000000000000e+02
1.420000000000000000e+02
1.090000000000000000e+02
1.200000000000000000e+02
1.540000000000000000e+02
1.220000000000000000e+02
7.700000000000000000e+01
9.400000000000000000e+01
1.140000000000000000e+02
9.500000000000000000e+01
9.100000000000000000e+01
9.400000000000000000e+01
8.100000000000000000e+01
5.900000000000000000e+01
6.600000000000000000e+01
7.100000000000000000e+01
5.700000000000000000e+01
6.700000000000000000e+01
3.000000000000000000e+01
5.200000000000000000e+01
3.400000000000000000e+01
1.600000000000000000e+01
2.800000000000000000e+01
6.800000000000000000e+01
3.500000000000000000e+01
2.700000000000000000e+01
3.300000000000000000e+01
3.000000000000000000e+01
1.700000000000000000e+01
-4.000000000000000000e+00
1.500000000000000000e+01
2.000000000000000000e+01
1.000000000000000000e+00
3.500000000000000000e+01
9.000000000000000000e+00
2.200000000000000000e+01
2.400000000000000000e+01
1.000000000000000000e+00
1.400000000000000000e+01
1.000000000000000000e+00
2.600000000000000000e+01
1.100000000000000000e+01
-1.700000000000000000e+01
3.100000000000000000e+01
2.900000000000000000e+01
-1.600000000000000000e+01
1.000000000000000000e+01
9.000000000000000000e+00
3.000000000000000000e+00
1.800000000000000000e+01
2.000000000000000000e+00
3.000000000000000000e+01
3.500000000000000000e+01
-6.000000000000000000e+00
-5.000000000000000000e+00
-1.000000000000000000e+00
6.000000000000000000e+00
2.000000000000000000e+01
6.000000000000000000e+00
-9.000000000000000000e+00
2.200000000000000000e+01
-1.100000000000000000e+01
1.800000000000000000e+01
3.100000000000000000e+01
1.400000000000000000e+01
1.800000000000000000e+01
1.000000000000000000e+00
2.100000000000000000e+01
0.000000000000000000e+00
-2.000000000000000000e+00
-9.000000000000000000e+00
-1.100000000000000000e+01
0.000000000000000000e+00
2.000000000000000000e+01
9.000000000000000000e+00
9.000000000000000000e+00
1.900000000000000000e+01
-2.700000000000000000e+01
4.000000000000000000e+00
6.000000000000000000e+00
1.500000000000000000e+01
7.000000000000000000e+00
6.000000000000000000e+00
-2.100000000000000000e+01
-6.000000000000000000e+00
-1.300000000000000000e+01
-1.700000000000000000e+01
-5.000000000000000000e+00
-2.000000000000000000e+00
-4.000000000000000000e+00
-3.000000000000000000e+00
1.000000000000000000e+00
-1.100000000000000000e+01
-1.500000000000000000e+01
-2.800000000000000000e+01
-1.300000000000000000e+01
-1.100000000000000000e+01
-6.200000000000000000e+01
1.200000000000000000e+01
-6.000000000000000000e+00
-1.700000000000000000e+01
1.600000000000000000e+01
-2.000000000000000000e+00
-1.000000000000000000e+00
1.000000000000000000e+00
6.000000000000000000e+00
2.000000000000000000e+00
1.000000000000000000e+01
-5.000000000000000000e+00
3.200000000000000000e+01
-5.000000000000000000e+00
3.000000000000000000e+01
3.000000000000000000e+00
-1.000000000000000000e+00
-1.000000000000000000e+00
4.000000000000000000e+00
