4.000000000000000000e+00
-5.000000000000000000e+00
3.000000000000000000e+00
4.000000000000000000e+00
-2.100000000000000000e+01
-1.100000000000000000e+01
-4.000000000000000000e+00
1.300000000000000000e+01
-5.000000000000000000e+00
-1.300000000000000000e+01
-9.000000000000000000e+00
1.900000000000000000e+01
-1.400000000000000000e+01
1.300000000000000000e+01
-1.300000000000000000e+01
-1.800000000000000000e+01
2.300000000000000000e+01
-3.000000000000000000e+00
2.000000000000000000e+00
-1.100000000000000000e+01
9.000000000000000000e+00
5.000000000000000000e+00
-1.000000000000000000e+00
1.500000000000000000e+01
-2.500000000000000000e+01
-5.000000000000000000e+00
-5.000000000000000000e+00
6.000000000000000000e+00
-8.000000000000000000e+00
-8.000000000000000000e+00
-3.000000000000000000e+01
1.000000000000000000e+00
1.400000000000000000e+01
-1.400000000000000000e+01
-6.000000000000000000e+00
8.000000000000000000e+00
-6.000000000000000000e+00
-6.000000000000000000e+00
-9.000000000000000000e+00
1.600000000000000000e+01
1.400000000000000000e+01
1.200000000000000000e+01
-1.900000000000000000e+01
-1.000000000000000000e+00
3.000000000000000000e+01
-1.500000000000000000e+01
2.100000000000000000e+01
-2.200000000000000000e+01
-9.000000000000000000e+00
1.700000000000000000e+01
3.700000000000000000e+01
-2.000000000000000000e+00
-4.800000000000000000e+01
-1.700000000000000000e+01
-3.600000000000000000e+01
1.000000000000000000e+00
-2.500000000000000000e+01
3.400000000000000000e+01
1.700000000000000000e+01
8.000000000000000000e+00
-7.000000000000000000e+00
6.000000000000000000e+00
-1.000000000000000000e+00
-3.000000000000000000e+00
1.400000000000000000e+01
-4.000000000000000000e+00
3.000000000000000000e+00
3.000000000000000000e+01
-3.000000000000000000e+00
-1.100000000000000000e+01
6.000000000000000000e+00
4.000000000000000000e+00
1.200000000000000000e+01
-6.000000000000000000e+00
1.000000000000000000e+01
2.000000000000000000e+00
-5.000000000000000000e+00
6.000000000000000000e+00
-6.000000000000000000e+00
1.400000000000000000e+01
1.900000000000000000e+01
-4.000000000000000000e+00
2.000000000000000000e+00
8.000000000000000000e+00
-5.000000000000000000e+00
-1.900000000000000000e+01
1.200000000000000000e+01
-1.000000000000000000e+00
8.000000000000000000e+00
6.000000000000000000e+00
3.000000000000000000e+00
-4.000000000000000000e+00
-1.200000000000000000e+01
1.500000000000000000e+01
6.000000000000000000e+00
2.300000000000000000e+01
-1.400000000000000000e+01
5.000000000000000000e+00
4.000000000000000000e+00
-5.000000000000000000e+00
-1.100000000000000000e+01
-3.000000000000000000e+00
-4.000000000000000000e+00
-2.200000000000000000e+01
-8.000000000000000000e+00
1.800000000000000000e+01
-1.500000000000000000e+01
-2.000000000000000000e+00
3.000000000000000000e+00
1.100000000000000000e+01
1.100000000000000000e+01
1.900000000000000000e+01
-2.300000000000000000e+01
8.000000000000000000e+00
-1.000000000000000000e+01
8.000000000000000000e+00
-5.000000000000000000e+00
2.300000000000000000e+01
-1.000000000000000000e+00
-2.000000000000000000e+00
-1.400000000000000000e+01
6.000000000000000000e+00
-3.000000000000000000e+00
8.000000000000000000e+00
-1.300000000000000000e+01
-1.600000000000000000e+01
-1.300000000000000000e+01
-3.000000000000000000e+00
-3.200000000000000000e+01
4.500000000000000000e+01
-1.100000000000000000e+01
9.000000000000000000e+00
-1.600000000000000000e+01
3.400000000000000000e+01
6.000000000000000000e+00
1.800000000000000000e+01
-1.600000000000000000e+01
4.600000000000000000e+01
-3.000000000000000000e+00
1.000000000000000000e+00
3.000000000000000000e+00
-6.000000000000000000e+00
-8.000000000000000000e+00
-1.100000000000000000e+01
-1.000000000000000000e+00
1.300000000000000000e+01
1.700000000000000000e+01
6.000000000000000000e+00
1.500000000000000000e+01
1.900000000000000000e+01
-1.700000000000000000e+01
8.000000000000000000e+00
-8.000000000000000000e+00
-3.000000000000000000e+00
6.000000000000000000e+00
-2.000000000000000000e+00
-9.000000000000000000e+00
1.900000000000000000e+01
-1.900000000000000000e+01
8.000000000000000000e+00
-5.000000000000000000e+00
-3.000000000000000000e+00
-1.000000000000000000e+01
3.000000000000000000e+01
-1.200000000000000000e+01
5.000000000000000000e+00
-1.100000000000000000e+01
1.700000000000000000e+01
4.000000000000000000e+00
-2.700000000000000000e+01
3.300000000000000000e+01
1.700000000000000000e+01
-1.000000000000000000e+01
2.900000000000000000e+01
4.000000000000000000e+00
-2.700000000000000000e+01
-3.100000000000000000e+01
-4.000000000000000000e+00
1.000000000000000000e+01
6.000000000000000000e+00
-1.300000000000000000e+01
9.000000000000000000e+00
2.000000000000000000e+00
1.300000000000000000e+01
-1.000000000000000000e+01
-1.500000000000000000e+01
-4.200000000000000000e+01
-6.000000000000000000e+00
-3.000000000000000000e+00
-9.000000000000000000e+00
-3.700000000000000000e+01
1.000000000000000000e+01
1.400000000000000000e+01
-3.700000000000000000e+01
-2.000000000000000000e+00
-1.800000000000000000e+01
-1.900000000000000000e+01
1.800000000000000000e+01
3.000000000000000000e+01
7.000000000000000000e+00
-1.700000000000000000e+01
-2.100000000000000000e+01
-1.600000000000000000e+01
-9.000000000000000000e+00
-2.900000000000000000e+01
1.300000000000000000e+01
-1.000000000000000000e+01
1.000000000000000000e+00
8.000000000000000000e+00
6.000000000000000000e+00
9.000000000000000000e+00
-1.400000000000000000e+01
-7.000000000000000000e+00
3.900000000000000000e+01
9.000000000000000000e+00
7.000000000000000000e+00
-2.700000000000000000e+01
-8.000000000000000000e+00
-1.600000000000000000e+01
-2.100000000000000000e+01
-4.000000000000000000e+00
-1.600000000000000000e+01
1.100000000000000000e+01
2.500000000000000000e+01
1.200000000000000000e+01
-2.700000000000000000e+01
9.000000000000000000e+00
1.500000000000000000e+01
3.300000000000000000e+01
-2.600000000000000000e+01
-3.200000000000000000e+01
-2.000000000000000000e+01
1.500000000000000000e+01
0.000000000000000000e+00
-8.000000000000000000e+00
-6.000000000000000000e+00
6.000000000000000000e+00
-7.000000000000000000e+00
-9.000000000000000000e+00
1.100000000000000000e+01
-3.000000000000000000e+00
-2.000000000000000000e+00
1.700000000000000000e+01
-1.400000000000000000e+01
-1.900000000000000000e+01
3.000000000000000000e+00
5.000000000000000000e+00
-2.500000000000000000e+01
4.000000000000000000e+00
-2.000000000000000000e+01
1.000000000000000000e+01
5.000000000000000000e+00
-5.000000000000000000e+00
-1.600000000000000000e+01
5.000000000000000000e+00
4.000000000000000000e+00
-1.300000000000000000e+01
1.200000000000000000e+01
-2.700000000000000000e+01
-2.000000000000000000e+01
0.000000000000000000e+00
-3.700000000000000000e+01
-3.000000000000000000e+00
-1.400000000000000000e+01
3.900000000000000000e+01
-1.800000000000000000e+01
2.600000000000000000e+01
2.300000000000000000e+01
-6.000000000000000000e+00
-1.100000000000000000e+01
2.600000000000000000e+01
-4.000000000000000000e+00
-2.000000000000000000e+01
-1.100000000000000000e+01
4.000000000000000000e+00
8.000000000000000000e+00
-2.500000000000000000e+01
-1.000000000000000000e+00
-2.200000000000000000e+01
-1.400000000000000000e+01
-1.100000000000000000e+01
4.000000000000000000e+00
-2.100000000000000000e+01
2.800000000000000000e+01
6.000000000000000000e+00
1.300000000000000000e+01
2.900000000000000000e+01
3.000000000000000000e+00
2.000000000000000000e+01
-6.000000000000000000e+00
2.100000000000000000e+01
5.000000000000000000e+00
5.000000000000000000e+00
1.400000000000000000e+01
-2.500000000000000000e+01
-1.700000000000000000e+01
-5.000000000000000000e+00
2.000000000000000000e+00
7.000000000000000000e+00
-8.000000000000000000e+00
1.000000000000000000e+01
1.900000000000000000e+01
-2.100000000000000000e+01
2.500000000000000000e+01
-6.000000000000000000e+00
1.700000000000000000e+01
2.000000000000000000e+00
-4.200000000000000000e+01
-2.300000000000000000e+01
1.000000000000000000e+01
2.000000000000000000e+00
-7.000000000000000000e+00
-3.000000000000000000e+00
2.200000000000000000e+01
-2.700000000000000000e+01
-1.400000000000000000e+01
-1.200000000000000000e+01
7.000000000000000000e+00
3.300000000000000000e+01
1.500000000000000000e+01
-3.400000000000000000e+01
-2.300000000000000000e+01
-2.100000000000000000e+01
-2.000000000000000000e+00
1.000000000000000000e+01
3.100000000000000000e+01
-2.000000000000000000e+00
-1.800000000000000000e+01
1.900000000000000000e+01
-9.000000000000000000e+00
1.300000000000000000e+01
-9.000000000000000000e+00
3.000000000000000000e+00
-1.800000000000000000e+01
-2.300000000000000000e+01
1.600000000000000000e+01
-1.800000000000000000e+01
-2.000000000000000000e+00
-1.300000000000000000e+01
-6.000000000000000000e+00
9.000000000000000000e+00
-8.000000000000000000e+00
1.000000000000000000e+01
-4.000000000000000000e+00
-2.500000000000000000e+01
-8.000000000000000000e+00
3.000000000000000000e+00
6.000000000000000000e+00
-1.000000000000000000e+00
6.000000000000000000e+00
-1.100000000000000000e+01
2.000000000000000000e+00
-1.500000000000000000e+01
1.300000000000000000e+01
1.000000000000000000e+00
-1.900000000000000000e+01
7.000000000000000000e+00
1.400000000000000000e+01
3.300000000000000000e+01
5.000000000000000000e+00
3.100000000000000000e+01
-1.200000000000000000e+01
3.000000000000000000e+00
1.000000000000000000e+00
-5.200000000000000000e+01
1.000000000000000000e+00
-1.400000000000000000e+01
7.000000000000000000e+00
1.500000000000000000e+01
-1.600000000000000000e+01
5.000000000000000000e+00
9.000000000000000000e+00
-9.000000000000000000e+00
-1.000000000000000000e+00
3.000000000000000000e+00
-8.000000000000000000e+00
-3.400000000000000000e+01
8.000000000000000000e+00
1.800000000000000000e+01
3.000000000000000000e+00
-3.100000000000000000e+01
7.000000000000000000e+00
7.000000000000000000e+00
-3.400000000000000000e+01
1.600000000000000000e+01
-1.000000000000000000e+00
-1.000000000000000000e+00
1.700000000000000000e+01
-1.000000000000000000e+00
-7.000000000000000000e+00
-4.000000000000000000e+00
-1.900000000000000000e+01
2.600000000000000000e+01
2.700000000000000000e+01
2.400000000000000000e+01
2.000000000000000000e+00
-7.000000000000000000e+00
1.400000000000000000e+01
2.400000000000000000e+01
-5.000000000000000000e+00
1.000000000000000000e+00
-1.900000000000000000e+01
-7.000000000000000000e+00
2.000000000000000000e+01
-1.600000000000000000e+01
-4.000000000000000000e+00
-1.000000000000000000e+01
7.000000000000000000e+00
7.000000000000000000e+00
1.700000000000000000e+01
-1.400000000000000000e+01
-1.000000000000000000e+01
2.000000000000000000e+00
-2.400000000000000000e+01
2.900000000000000000e+01
1.300000000000000000e+01
3.500000000000000000e+01
-2.900000000000000000e+01
-1.900000000000000000e+01
-7.000000000000000000e+00
4.000000000000000000e+00
-2.800000000000000000e+01
1.300000000000000000e+01
-1.200000000000000000e+01
6.000000000000000000e+00
6.000000000000000000e+00
-2.000000000000000000e+01
-1.200000000000000000e+01
2.400000000000000000e+01
-1.000000000000000000e+00
1.400000000000000000e+01
1.100000000000000000e+01
4.600000000000000000e+01
-2.200000000000000000e+01
5.000000000000000000e+00
-9.000000000000000000e+00
-1.700000000000000000e+01
-7.000000000000000000e+00
-2.200000000000000000e+01
1.100000000000000000e+01
-3.100000000000000000e+01
2.500000000000000000e+01
7.000000000000000000e+00
-2.000000000000000000e+00
2.900000000000000000e+01
-1.200000000000000000e+01
-1.000000000000000000e+00
1.000000000000000000e+01
3.100000000000000000e+01
8.000000000000000000e+00
1.800000000000000000e+01
-9.000000000000000000e+00
-2.500000000000000000e+01
3.000000000000000000e+00
-2.500000000000000000e+01
-2.700000000000000000e+01
-5.000000000000000000e+00
2.200000000000000000e+01
7.000000000000000000e+00
8.000000000000000000e+00
1.100000000000000000e+01
5.000000000000000000e+01
1.700000000000000000e+01
5.000000000000000000e+00
-2.600000000000000000e+01
5.000000000000000000e+00
6.000000000000000000e+00
2.700000000000000000e+01
-1.200000000000000000e+01
-1.100000000000000000e+01
-3.100000000000000000e+01
-1.300000000000000000e+01
-4.000000000000000000e+00
1.000000000000000000e+01
-2.700000000000000000e+01
7.000000000000000000e+00
-1.800000000000000000e+01
1.000000000000000000e+01
1.200000000000000000e+01
1.800000000000000000e+01
9.000000000000000000e+00
3.000000000000000000e+00
-1.100000000000000000e+01
2.000000000000000000e+01
7.000000000000000000e+00
1.500000000000000000e+01
-5.000000000000000000e+00
-4.400000000000000000e+01
-2.000000000000000000e+00
-2.000000000000000000e+00
-1.000000000000000000e+01
-2.400000000000000000e+01
-7.000000000000000000e+00
-1.400000000000000000e+01
3.000000000000000000e+00
-1.600000000000000000e+01
7.000000000000000000e+00
2.900000000000000000e+01
2.300000000000000000e+01
-7.000000000000000000e+00
-3.100000000000000000e+01
-3.200000000000000000e+01
2.300000000000000000e+01
-1.000000000000000000e+01
-1.600000000000000000e+01
-9.000000000000000000e+00
1.600000000000000000e+01
-2.800000000000000000e+01
9.000000000000000000e+00
-1.900000000000000000e+01
-4.000000000000000000e+00
6.000000000000000000e+00
-1.700000000000000000e+01
-1.600000000000000000e+01
1.500000000000000000e+01
-1.000000000000000000e+00
3.000000000000000000e+01
2.600000000000000000e+01
6.000000000000000000e+00
1.700000000000000000e+01
1.700000000000000000e+01
-7.000000000000000000e+00
5.000000000000000000e+00
-1.100000000000000000e+01
4.000000000000000000e+00
1.200000000000000000e+01
1.800000000000000000e+01
6.200000000000000000e+01
2.500000000000000000e+01
3.100000000000000000e+01
-4.000000000000000000e+00
2.600000000000000000e+01
4.400000000000000000e+01
6.000000000000000000e+01
5.400000000000000000e+01
2.600000000000000000e+01
2.600000000000000000e+01
2.100000000000000000e+01
4.000000000000000000e+01
4.300000000000000000e+01
1.000000000000000000e+01
3.100000000000000000e+01
1.700000000000000000e+01
3.000000000000000000e+01
2.400000000000000000e+01
2.700000000000000000e+01
-2.300000000000000000e+01
2.000000000000000000e+01
1.700000000000000000e+01
4.600000000000000000e+01
-2.100000000000000000e+01
2.200000000000000000e+01
1.600000000000000000e+01
-9.000000000000000000e+00
4.500000000000000000e+01
-2.000000000000000000e+00
-3.700000000000000000e+01
1.700000000000000000e+01
2.000000000000000000e+00
1.900000000000000000e+01
1.000000000000000000e+00
-1.400000000000000000e+01
-8.000000000000000000e+00
-7.000000000000000000e+00
1.200000000000000000e+01
1.200000000000000000e+01
3.500000000000000000e+01
3.000000000000000000e+00
-9.000000000000000000e+00
1.500000000000000000e+01
-1.300000000000000000e+01
2.100000000000000000e+01
-1.400000000000000000e+01
-8.000000000000000000e+00
7.000000000000000000e+00
3.300000000000000000e+01
3.000000000000000000e+01
2.200000000000000000e+01
5.000000000000000000e+00
-1.000000000000000000e+01
-1.500000000000000000e+01
1.500000000000000000e+01
1.800000000000000000e+01
-2.100000000000000000e+01
4.000000000000000000e+00
-1.000000000000000000e+00
4.000000000000000000e+00
3.000000000000000000e+00
-1.000000000000000000e+00
0.000000000000000000e+00
1.800000000000000000e+01
-7.000000000000000000e+00
2.800000000000000000e+01
1.000000000000000000e+00
-1.300000000000000000e+01
-3.000000000000000000e+00
-1.000000000000000000e+01
-1.400000000000000000e+01
1.100000000000000000e+01
-9.000000000000000000e+00
9.000000000000000000e+00
-1.600000000000000000e+01
3.300000000000000000e+01
1.200000000000000000e+01
1.200000000000000000e+01
2.000000000000000000e+00
9.000000000000000000e+00
-2.700000000000000000e+01
-6.000000000000000000e+00
1.600000000000000000e+01
-2.000000000000000000e+00
8.000000000000000000e+00
2.400000000000000000e+01
8.000000000000000000e+00
1.000000000000000000e+01
1.000000000000000000e+00
1.200000000000000000e+01
0.000000000000000000e+00
1.800000000000000000e+01
1.100000000000000000e+01
2.400000000000000000e+01
-6.000000000000000000e+00
1.000000000000000000e+01
6.000000000000000000e+00
7.000000000000000000e+00
4.000000000000000000e+00
3.400000000000000000e+01
1.000000000000000000e+00
1.100000000000000000e+01
1.100000000000000000e+01
1.700000000000000000e+01
-7.000000000000000000e+00
1.400000000000000000e+01
-5.000000000000000000e+00
-7.000000000000000000e+00
1.700000000000000000e+01
1.800000000000000000e+01
2.200000000000000000e+01
-3.300000000000000000e+01
1.900000000000000000e+01
8.000000000000000000e+00
-1.000000000000000000e+00
5.200000000000000000e+01
1.000000000000000000e+01
3.200000000000000000e+01
1.500000000000000000e+01
-2.000000000000000000e+01
1.500000000000000000e+01
-1.400000000000000000e+01
1.300000000000000000e+01
3.200000000000000000e+01
-1.200000000000000000e+01
4.000000000000000000e+01
7.000000000000000000e+00
1.900000000000000000e+01
1.600000000000000000e+01
-1.200000000000000000e+01
2.900000000000000000e+01
4.000000000000000000e+01
1.000000000000000000e+00
7.000000000000000000e+00
2.300000000000000000e+01
1.600000000000000000e+01
1.200000000000000000e+01
-8.000000000000000000e+00
2.700000000000000000e+01
-1.700000000000000000e+01
1.100000000000000000e+01
3.000000000000000000e+01
1.000000000000000000e+00
1.800000000000000000e+01
1.500000000000000000e+01
-8.000000000000000000e+00
-1.200000000000000000e+01
0.000000000000000000e+00
-4.000000000000000000e+00
4.000000000000000000e+00
1.800000000000000000e+01
1.400000000000000000e+01
8.000000000000000000e+00
1.800000000000000000e+01
-1.500000000000000000e+01
1.100000000000000000e+01
4.000000000000000000e+00
5.000000000000000000e+00
-1.400000000000000000e+01
2.500000000000000000e+01
1.100000000000000000e+01
1.500000000000000000e+01
1.000000000000000000e+01
1.100000000000000000e+01
-5.000000000000000000e+00
-5.000000000000000000e+00
2.800000000000000000e+01
1.100000000000000000e+01
1.500000000000000000e+01
1.900000000000000000e+01
-7.000000000000000000e+00
1.600000000000000000e+01
2.000000000000000000e+00
9.000000000000000000e+00
4.000000000000000000e+01
1.100000000000000000e+01
-1.700000000000000000e+01
1.000000000000000000e+01
1.500000000000000000e+01
-1.000000000000000000e+01
2.200000000000000000e+01
2.600000000000000000e+01
3.200000000000000000e+01
-1.200000000000000000e+01
-1.000000000000000000e+00
2.000000000000000000e+01
2.200000000000000000e+01
4.500000000000000000e+01
1.200000000000000000e+01
1.200000000000000000e+01
-3.000000000000000000e+00
2.600000000000000000e+01
3.000000000000000000e+00
3.000000000000000000e+00
9.000000000000000000e+00
2.800000000000000000e+01
-1.600000000000000000e+01
-6.000000000000000000e+00
2.900000000000000000e+01
1.000000000000000000e+01
-2.000000000000000000e+00
1.000000000000000000e+01
1.900000000000000000e+01
0.000000000000000000e+00
-1.000000000000000000e+00
-8.000000000000000000e+00
3.300000000000000000e+01
3.000000000000000000e+00
-1.000000000000000000e+00
3.700000000000000000e+01
1.900000000000000000e+01
-2.000000000000000000e+01
9.000000000000000000e+00
1.800000000000000000e+01
6.000000000000000000e+01
2.200000000000000000e+01
1.800000000000000000e+01
1.000000000000000000e+00
5.000000000000000000e+00
2.200000000000000000e+01
3.000000000000000000e+01
2.300000000000000000e+01
1.800000000000000000e+01
5.000000000000000000e+00
2.800000000000000000e+01
2.900000000000000000e+01
3.200000000000000000e+01
2.300000000000000000e+01
-1.900000000000000000e+01
3.200000000000000000e+01
3.600000000000000000e+01
1.600000000000000000e+01
1.900000000000000000e+01
2.800000000000000000e+01
1.000000000000000000e+01
3.500000000000000000e+01
8.000000000000000000e+00
4.200000000000000000e+01
1.100000000000000000e+01
4.800000000000000000e+01
1.000000000000000000e+01
7.000000000000000000e+00
1.300000000000000000e+01
1.800000000000000000e+01
2.700000000000000000e+01
-7.000000000000000000e+00
3.900000000000000000e+01
1.500000000000000000e+01
1.000000000000000000e+00
3.400000000000000000e+01
1.200000000000000000e+01
2.200000000000000000e+01
5.000000000000000000e+00
3.800000000000000000e+01
4.400000000000000000e+01
2.200000000000000000e+01
2.300000000000000000e+01
2.200000000000000000e+01
7.000000000000000000e+00
3.000000000000000000e+01
2.700000000000000000e+01
5.000000000000000000e+00
2.600000000000000000e+01
1.700000000000000000e+01
2.000000000000000000e+01
3.800000000000000000e+01
6.400000000000000000e+01
-1.000000000000000000e+00
7.000000000000000000e+00
3.200000000000000000e+01
-4.000000000000000000e+00
4.000000000000000000e+00
-2.500000000000000000e+01
3.600000000000000000e+01
4.400000000000000000e+01
0.000000000000000000e+00
2.200000000000000000e+01
3.000000000000000000e+00
3.000000000000000000e+01
-1.700000000000000000e+01
6.000000000000000000e+01
2.600000000000000000e+01
3.300000000000000000e+01
1.000000000000000000e+01
1.300000000000000000e+01
-6.000000000000000000e+00
4.700000000000000000e+01
1.600000000000000000e+01
2.400000000000000000e+01
5.700000000000000000e+01
-7.000000000000000000e+00
2.700000000000000000e+01
3.400000000000000000e+01
9.000000000000000000e+00
3.500000000000000000e+01
7.000000000000000000e+00
2.000000000000000000e+01
4.900000000000000000e+01
-1.000000000000000000e+00
3.300000000000000000e+01
4.800000000000000000e+01
3.100000000000000000e+01
2.700000000000000000e+01
2.400000000000000000e+01
2.000000000000000000e+01
8.000000000000000000e+00
1.700000000000000000e+01
2.800000000000000000e+01
4.900000000000000000e+01
2.300000000000000000e+01
9.000000000000000000e+00
-1.000000000000000000e+00
1.200000000000000000e+01
4.200000000000000000e+01
2.800000000000000000e+01
4.100000000000000000e+01
-2.000000000000000000e+00
1.000000000000000000e+01
5.000000000000000000e+01
1.300000000000000000e+01
6.100000000000000000e+01
1.000000000000000000e+00
1.600000000000000000e+01
6.000000000000000000e+00
4.100000000000000000e+01
2.400000000000000000e+01
1.200000000000000000e+01
4.400000000000000000e+01
2.400000000000000000e+01
2.100000000000000000e+01
2.200000000000000000e+01
-2.000000000000000000e+00
4.600000000000000000e+01
5.500000000000000000e+01
6.300000000000000000e+01
2.600000000000000000e+01
5.900000000000000000e+01
2.000000000000000000e+01
6.400000000000000000e+01
-1.000000000000000000e+00
4.200000000000000000e+01
6.100000000000000000e+01
4.800000000000000000e+01
5.600000000000000000e+01
8.100000000000000000e+01
8.500000000000000000e+01
9.700000000000000000e+01
9.800000000000000000e+01
8.400000000000000000e+01
8.400000000000000000e+01
8.400000000000000000e+01
1.040000000000000000e+02
1.130000000000000000e+02
1.020000000000000000e+02
1.040000000000000000e+02
1.440000000000000000e+02
1.510000000000000000e+02
1.530000000000000000e+02
1.260000000000000000e+02
1.810000000000000000e+02
2.300000000000000000e+02
1.910000000000000000e+02
1.720000000000000000e+02
2.090000000000000000e+02
2.520000000000000000e+02
2.440000000000000000e+02
2.370000000000000000e+02
2.810000000000000000e+02
3.290000000000000000e+02
3.180000000000000000e+02
3.670000000000000000e+02
3.830000000000000000e+02
4.370000000000000000e+02
4.730000000000000000e+02
4.770000000000000000e+02
5.590000000000000000e+02
5.960000000000000000e+02
6.410000000000000000e+02
6.820000000000000000e+02
7.760000000000000000e+02
8.520000000000000000e+02
8.780000000000000000e+02
9.970000000000000000e+02
1.046000000000000000e+03
1.145000000000000000e+03
1.192000000000000000e+03
1.295000000000000000e+03
1.349000000000000000e+03
1.475000000000000000e+03
1.564000000000000000e+03
1.636000000000000000e+03
1.726000000000000000e+03
1.810000000000000000e+03
1.886000000000000000e+03
2.045000000000000000e+03
2.181000000000000000e+03
2.186000000000000000e+03
2.275000000000000000e+03
2.393000000000000000e+03
2.498000000000000000e+03
2.547000000000000000e+03
2.620000000000000000e+03
2.631000000000000000e+03
2.714000000000000000e+03
2.813000000000000000e+03
2.883000000000000000e+03
2.892000000000000000e+03
2.866000000000000000e+03
2.836000000000000000e+03
2.880000000000000000e+03
2.907000000000000000e+03
2.956000000000000000e+03
2.798000000000000000e+03
2.858000000000000000e+03
2.805000000000000000e+03
2.803000000000000000e+03
2.737000000000000000e+03
2.663000000000000000e+03
2.600000000000000000e+03
2.547000000000000000e+03
2.455000000000000000e+03
2.340000000000000000e+03
2.238000000000000000e+03
2.154000000000000000e+03
2.073000000000000000e+03
2.018000000000000000e+03
1.889000000000000000e+03
1.805000000000000000e+03
1.675000000000000000e+03
1.571000000000000000e+03
1.508000000000000000e+03
1.409000000000000000e+03
1.314000000000000000e+03
1.221000000000000000e+03
1.143000000000000000e+03
1.019000000000000000e+03
9.250000000000000000e+02
8.860000000000000000e+02
7.980000000000000000e+02
7.360000000000000000e+02
6.720000000000000000e+02
5.910000000000000000e+02
5.510000000000000000e+02
4.550000000000000000e+02
4.130000000000000000e+02
3.840000000000000000e+02
3.300000000000000000e+02
3.260000000000000000e+02
2.640000000000000000e+02
2.600000000000000000e+02
1.870000000000000000e+02
2.240000000000000000e+02
1.520000000000000000e+02
1.310000000000000000e+02
1.100000000000000000e+02
1.160000000000000000e+02
1.120000000000000000e+02
1.040000000000000000e+02
7.500000000000000000e+01
4.900000000000000000e+01
5.100000000000000000e+01
5.800000000000000000e+01
5.300000000000000000e+01
5.700000000000000000e+01
4.000000000000000000e+01
7.900000000000000000e+01
4.700000000000000000e+01
2.300000000000000000e+01
7.000000000000000000e+00
3.000000000000000000e+00
3.500000000000000000e+01
1.100000000000000000e+01
2.200000000000000000e+01
1.500000000000000000e+01
2.000000000000000000e+01
2.800000000000000000e+01
4.400000000000000000e+01
3.000000000000000000e+00
3.000000000000000000e+01
3.000000000000000000e+01
2.100000000000000000e+01
7.000000000000000000e+00
-1.000000000000000000e+00
2.900000000000000000e+01
8.000000000000000000e+00
3.500000000000000000e+01
0.000000000000000000e+00
1.400000000000000000e+01
-1.100000000000000000e+01
3.500000000000000000e+01
1.200000000000000000e+01
-1.100000000000000000e+01
5.000000000000000000e+00
4.300000000000000000e+01
1.800000000000000000e+01
1.700000000000000000e+01
4.000000000000000000e+00
1.600000000000000000e+01
8.000000000000000000e+00
2.400000000000000000e+01
9.000000000000000000e+00
0.000000000000000000e+00
1.800000000000000000e+01
2.000000000000000000e+01
2.000000000000000000e+00
3.400000000000000000e+01
-2.100000000000000000e+01
3.600000000000000000e+01
1.700000000000000000e+01
3.200000000000000000e+01
3.300000000000000000e+01
2.500000000000000000e+01
3.600000000000000000e+01
3.500000000000000000e+01
9.000000000000000000e+00
1.000000000000000000e+00
1.000000000000000000e+01
4.400000000000000000e+01
-6.000000000000000000e+00
2.000000000000000000e+00
1.200000000000000000e+01
-5.000000000000000000e+00
2.300000000000000000e+01
1.200000000000000000e+01
2.000000000000000000e+01
5.600000000000000000e+01
3.400000000000000000e+01
1.100000000000000000e+01
3.200000000000000000e+01
4.300000000000000000e+01
-1.300000000000000000e+01
6.000000000000000000e+00
-7.000000000000000000e+00
1.300000000000000000e+01
4.000000000000000000e+00
1.200000000000000000e+01
7.000000000000000000e+00
1.400000000000000000e+01
2.100000000000000000e+01
8.000000000000000000e+00
2.600000000000000000e+01
4.000000000000000000e+00
3.100000000000000000e+01
-4.000000000000000000e+00
1.300000000000000000e+01
6.000000000000000000e+00
8.000000000000000000e+00
-1.000000000000000000e+00
1.000000000000000000e+01
-2.400000000000000000e+01
2.000000000000000000e+00
4.000000000000000000e+00
-8.000000000000000000e+00
-4.000000000000000000e+00
1.700000000000000000e+01
2.000000000000000000e+00
-6.000000000000000000e+00
1.500000000000000000e+01
0.000000000000000000e+00
-4.000000000000000000e+00
1.800000000000000000e+01
-4.000000000000000000e+00
1.800000000000000000e+01
1.800000000000000000e+01
-1.100000000000000000e+01
1.800000000000000000e+01
8.000000000000000000e+00
1.100000000000000000e+01
2.100000000000000000e+01
2.300000000000000000e+01
3.000000000000000000e+00
2.400000000000000000e+01
1.600000000000000000e+01
1.300000000000000000e+01
-2.000000000000000000e+00
1.400000000000000000e+01
1.600000000000000000e+01
-7.000000000000000000e+00
-7.000000000000000000e+00
1.000000000000000000e+01
2.200000000000000000e+01
1.900000000000000000e+01
2.200000000000000000e+01
-3.000000000000000000e+00
-1.000000000000000000e+00
6.000000000000000000e+00
2.400000000000000000e+01
1.700000000000000000e+01
2.700000000000000000e+01
2.500000000000000000e+01
2.100000000000000000e+01
-1.100000000000000000e+01
6.000000000000000000e+00
1.300000000000000000e+01
2.000000000000000000e+01
1.400000000000000000e+01
1.200000000000000000e+01
1.200000000000000000e+01
2.000000000000000000e+01
1.900000000000000000e+01
-1.000000000000000000e+01
1.800000000000000000e+01
3.000000000000000000e+01
-4.000000000000000000e+00
4.000000000000000000e+00
9.000000000000000000e+00
9.000000000000000000e+00
2.000000000000000000e+01
-9.000000000000000000e+00
2.000000000000000000e+01
-1.900000000000000000e+01
1.700000000000000000e+01
1.100000000000000000e+01
7.000000000000000000e+00
7.000000000000000000e+00
-1.000000000000000000e+00
7.000000000000000000e+00
1.500000000000000000e+01
2.200000000000000000e+01
-6.000000000000000000e+00
-5.000000000000000000e+00
1.300000000000000000e+01
-5.000000000000000000e+00
1.300000000000000000e+01
3.800000000000000000e+01
7.000000000000000000e+00
-8.000000000000000000e+00
1.700000000000000000e+01
-9.000000000000000000e+00
-8.000000000000000000e+00
3.700000000000000000e+01
2.000000000000000000e+01
0.000000000000000000e+00
2.200000000000000000e+01
5.600000000000000000e+01
5.000000000000000000e+00
6.000000000000000000e+00
-4.000000000000000000e+00
2.300000000000000000e+01
-7.000000000000000000e+00
3.300000000000000000e+01
1.900000000000000000e+01
1.500000000000000000e+01
2.100000000000000000e+01
4.000000000000000000e+00
1.400000000000000000e+01
-1.600000000000000000e+01
-1.700000000000000000e+01
-2.000000000000000000e+01
-9.000000000000000000e+00
8.000000000000000000e+00
4.000000000000000000e+00
1.600000000000000000e+01
2.400000000000000000e+01
-3.000000000000000000e+00
6.000000000000000000e+00
4.000000000000000000e+00
-2.000000000000000000e+01
7.000000000000000000e+00
-1.700000000000000000e+01
-3.100000000000000000e+01
1.300000000000000000e+01
1.100000000000000000e+01
6.000000000000000000e+00
-2.000000000000000000e+01
-1.200000000000000000e+01
-4.000000000000000000e+00
1.000000000000000000e+01
4.000000000000000000e+00
2.800000000000000000e+01
3.500000000000000000e+01
5.000000000000000000e+00
7.000000000000000000e+00
2.200000000000000000e+01
3.800000000000000000e+01
4.000000000000000000e+00
-1.000000000000000000e+00
3.000000000000000000e+00
-1.100000000000000000e+01
1.700000000000000000e+01
1.200000000000000000e+01
1.500000000000000000e+01
1.800000000000000000e+01
-3.600000000000000000e+01
1.000000000000000000e+01
1.400000000000000000e+01
1.300000000000000000e+01
1.500000000000000000e+01
2.500000000000000000e+01
5.000000000000000000e+00
3.400000000000000000e+01
-2.200000000000000000e+01
1.700000000000000000e+01
1.000000000000000000e+00
9.000000000000000000e+00
1.000000000000000000e+00
8.000000000000000000e+00
8.000000000000000000e+00
3.900000000000000000e+01
7.000000000000000000e+00
-2.900000000000000000e+01
-1.300000000000000000e+01
2.000000000000000000e+00
-2.200000000000000000e+01
-6.000000000000000000e+00
1.500000000000000000e+01
3.500000000000000000e+01
2.600000000000000000e+01
-1.200000000000000000e+01
1.000000000000000000e+00
1.100000000000000000e+01
-9.000000000000000000e+00
2.000000000000000000e+00
4.000000000000000000e+00
1.000000000000000000e+00
1.800000000000000000e+01
2.600000000000000000e+01
1.600000000000000000e+01
-1.000000000000000000e+00
3.900000000000000000e+01
1.400000000000000000e+01
-4.000000000000000000e+00
1.000000000000000000e+00
9.000000000000000000e+00
-1.000000000000000000e+01
4.000000000000000000e+00
2.600000000000000000e+01
-4.000000000000000000e+00
9.000000000000000000e+00
8.000000000000000000e+00
-1.500000000000000000e+01
1.000000000000000000e+01
3.200000000000000000e+01
1.900000000000000000e+01
-1.000000000000000000e+01
1.400000000000000000e+01
-7.000000000000000000e+00
-8.000000000000000000e+00
1.600000000000000000e+01
6.000000000000000000e+00
1.000000000000000000e+01
3.400000000000000000e+01
0.000000000000000000e+00
3.200000000000000000e+01
2.300000000000000000e+01
1.700000000000000000e+01
2.700000000000000000e+01
1.100000000000000000e+01
6.000000000000000000e+00
-8.000000000000000000e+00
1.400000000000000000e+01
1.000000000000000000e+00
3.500000000000000000e+01
2.900000000000000000e+01
1.600000000000000000e+01
-1.300000000000000000e+01
-3.000000000000000000e+00
2.400000000000000000e+01
5.000000000000000000e+00
2.200000000000000000e+01
-2.000000000000000000e+00
1.600000000000000000e+01
-1.400000000000000000e+01
-1.000000000000000000e+00
-5.000000000000000000e+00
-2.000000000000000000e+00
1.500000000000000000e+01
4.400000000000000000e+01
-7.000000000000000000e+00
1.400000000000000000e+01
-4.000000000000000000e+00
1.500000000000000000e+01
-4.000000000000000000e+00
1.500000000000000000e+01
-1.500000000000000000e+01
-2.400000000000000000e+01
1.900000000000000000e+01
3.400000000000000000e+01
-8.000000000000000000e+00
-6.000000000000000000e+00
1.000000000000000000e+00
-3.000000000000000000e+00
8.000000000000000000e+00
-1.000000000000000000e+00
1.200000000000000000e+01
2.000000000000000000e+00
-5.000000000000000000e+00
6.000000000000000000e+00
6.000000000000000000e+00
1.200000000000000000e+01
-1.300000000000000000e+01
-3.000000000000000000e+00
-2.400000000000000000e+01
-2.000000000000000000e+00
-1.300000000000000000e+01
-2.100000000000000000e+01
-1.600000000000000000e+01
2.700000000000000000e+01
6.000000000000000000e+00
-8.000000000000000000e+00
-1.000000000000000000e+00
1.400000000000000000e+01
-1.200000000000000000e+01
-2.000000000000000000e+00
-1.700000000000000000e+01
-2.000000000000000000e+00
1.300000000000000000e+01
0.000000000000000000e+00
-1.700000000000000000e+01
-9.000000000000000000e+00
-3.000000000000000000e+00
2.800000000000000000e+01
-1.100000000000000000e+01
2.300000000000000000e+01
-2.100000000000000000e+01
-2.000000000000000000e+01
-7.000000000000000000e+00
2.500000000000000000e+01
1.030000000000000000e+02
-1.000000000000000000e+01
-2.000000000000000000e+01
-5.000000000000000000e+00
3.100000000000000000e+01
-1.100000000000000000e+01
-2.400000000000000000e+01
-1.000000000000000000e+01
-2.600000000000000000e+01
-5.000000000000000000e+00
1.500000000000000000e+01
-1.500000000000000000e+01
2.300000000000000000e+01
-2.800000000000000000e+01
-5.000000000000000000e+00
7.000000000000000000e+00
0.000000000000000000e+00
4.000000000000000000e+00
-2.500000000000000000e+01
4.000000000000000000e+00
-2.000000000000000000e+01
9.000000000000000000e+00
7.000000000000000000e+00
-1.300000000000000000e+01
1.700000000000000000e+01
-1.100000000000000000e+01
5.000000000000000000e+00
-3.200000000000000000e+01
3.300000000000000000e+01
-2.000000000000000000e+00
-3.000000000000000000e+01
1.000000000000000000e+00
-3.000000000000000000e+01
-3.000000000000000000e+00
4.000000000000000000e+00
5.000000000000000000e+00
8.000000000000000000e+00
-2.600000000000000000e+01
-2.000000000000000000e+00
4.000000000000000000e+00
-3.700000000000000000e+01
3.000000000000000000e+00
2.000000000000000000e+01
-1.700000000000000000e+01
9.000000000000000000e+00
-2.000000000000000000e+00
8.000000000000000000e+00
-5.000000000000000000e+00
2.000000000000000000e+00
1.000000000000000000e+00
7.000000000000000000e+00
-2.400000000000000000e+01
1.900000000000000000e+01
1.100000000000000000e+01
-2.700000000000000000e+01
-3.000000000000000000e+00
-2.900000000000000000e+01
2.000000000000000000e+01
2.600000000000000000e+01
-1.000000000000000000e+01
1.800000000000000000e+01
4.000000000000000000e+00
2.000000000000000000e+00
2.800000000000000000e+01
1.500000000000000000e+01
3.000000000000000000e+01
-6.000000000000000000e+00
-1.000000000000000000e+00
1.000000000000000000e+00
-5.000000000000000000e+00
5.000000000000000000e+00
4.100000000000000000e+01
-2.000000000000000000e+00
1.000000000000000000e+01
-2.100000000000000000e+01
-1.500000000000000000e+01
-9.000000000000000000e+00
-1.300000000000000000e+01
-1.000000000000000000e+01
-6.000000000000000000e+00
-6.000000000000000000e+00
8.000000000000000000e+00
-1.700000000000000000e+01
1.000000000000000000e+00
6.000000000000000000e+00
2.600000000000000000e+01
-1.400000000000000000e+01
2.500000000000000000e+01
3.000000000000000000e+00
1.900000000000000000e+01
-1.800000000000000000e+01
3.900000000000000000e+01
-7.000000000000000000e+00
-1.200000000000000000e+01
1.300000000000000000e+01
-1.500000000000000000e+01
1.900000000000000000e+01
2.300000000000000000e+01
-8.000000000000000000e+00
-1.700000000000000000e+01
-8.000000000000000000e+00
2.100000000000000000e+01
2.700000000000000000e+01
3.000000000000000000e+00
3.400000000000000000e+01
-6.000000000000000000e+00
2.200000000000000000e+01
-1.500000000000000000e+01
-5.000000000000000000e+00
-1.900000000000000000e+01
5.000000000000000000e+00
1.300000000000000000e+01
-3.000000000000000000e+01
-5.000000000000000000e+00
-7.000000000000000000e+00
9.000000000000000000e+00
-1.800000000000000000e+01
-1.700000000000000000e+01
2.700000000000000000e+01
-7.000000000000000000e+00
-1.000000000000000000e+00
-1.000000000000000000e+01
4.000000000000000000e+00
2.700000000000000000e+01
-3.000000000000000000e+00
6.000000000000000000e+00
-2.800000000000000000e+01
1.300000000000000000e+01
1.200000000000000000e+01
3.000000000000000000e+00
-9.000000000000000000e+00
1.700000000000000000e+01
1.500000000000000000e+01
0.000000000000000000e+00
1.100000000000000000e+01
-4.700000000000000000e+01
5.000000000000000000e+00
-2.000000000000000000e+01
-1.300000000000000000e+01
1.000000000000000000e+01
2.000000000000000000e+00
-3.000000000000000000e+00
7.000000000000000000e+00
-2.300000000000000000e+01
-5.000000000000000000e+00
2.300000000000000000e+01
3.000000000000000000e+00
6.000000000000000000e+00
7.000000000000000000e+00
1.000000000000000000e+01
8.000000000000000000e+00
2.400000000000000000e+01
-2.100000000000000000e+01
-4.000000000000000000e+00
-2.200000000000000000e+01
-1.100000000000000000e+01
1.300000000000000000e+01
2.600000000000000000e+01
1.000000000000000000e+01
-2.600000000000000000e+01
-1.100000000000000000e+01
1.000000000000000000e+00
-4.000000000000000000e+00
7.000000000000000000e+00
-5.000000000000000000e+00
1.400000000000000000e+01
-1.200000000000000000e+01
-1.000000000000000000e+01
2.000000000000000000e+01
2.000000000000000000e+01
1.600000000000000000e+01
-1.400000000000000000e+01
1.000000000000000000e+00
-6.000000000000000000e+00
1.000000000000000000e+00
-4.100000000000000000e+01
1.000000000000000000e+00
2.600000000000000000e+01
2.100000000000000000e+01
1.800000000000000000e+01
-9.000000000000000000e+00
-6.000000000000000000e+00
9.000000000000000000e+00
-2.600000000000000000e+01
1.000000000000000000e+01
2.300000000000000000e+01
2.000000000000000000e+01
1.600000000000000000e+01
2.800000000000000000e+01
1.000000000000000000e+01
1.200000000000000000e+01
9.000000000000000000e+00
1.500000000000000000e+01
-6.000000000000000000e+00
3.500000000000000000e+01
-2.400000000000000000e+01
-1.300000000000000000e+01
7.000000000000000000e+00
-2.800000000000000000e+01
2.000000000000000000e+01
-2.000000000000000000e+00
-1.000000000000000000e+01
-5.000000000000000000e+00
1.600000000000000000e+01
-9.000000000000000000e+00
-7.000000000000000000e+00
-2.500000000000000000e+01
-5.000000000000000000e+00
-5.000000000000000000e+00
1.700000000000000000e+01
-4.000000000000000000e+00
8.000000000000000000e+00
-1.000000000000000000e+01
2.000000000000000000e+01
-1.400000000000000000e+01
1.100000000000000000e+01
3.000000000000000000e+00
-6.000000000000000000e+00
8.000000000000000000e+00
1.100000000000000000e+01
-6.000000000000000000e+00
1.600000000000000000e+01
-6.000000000000000000e+00
1.300000000000000000e+01
-1.200000000000000000e+01
-1.800000000000000000e+01
-5.000000000000000000e+00
-1.800000000000000000e+01
0.000000000000000000e+00
1.400000000000000000e+01
-2.200000000000000000e+01
-2.000000000000000000e+00
-1.200000000000000000e+01
-1.000000000000000000e+01
-1.100000000000000000e+01
-1.400000000000000000e+01
1.400000000000000000e+01
8.000000000000000000e+00
-1.000000000000000000e+00
7.000000000000000000e+00
-2.600000000000000000e+01
-9.000000000000000000e+00
1.100000000000000000e+01
-1.000000000000000000e+00
-3.000000000000000000e+00
-1.900000000000000000e+01
1.200000000000000000e+01
1.400000000000000000e+01
-5.000000000000000000e+00
1.500000000000000000e+01
-4.000000000000000000e+00
-6.000000000000000000e+00
-3.000000000000000000e+00
-1.000000000000000000e+00
1.600000000000000000e+01
-4.000000000000000000e+00
8.000000000000000000e+00
-1.300000000000000000e+01
-1.500000000000000000e+01
8.000000000000000000e+00
1.900000000000000000e+01
3.000000000000000000e+00
2.000000000000000000e+01
-1.400000000000000000e+01
8.000000000000000000e+00
-3.000000000000000000e+00
-1.800000000000000000e+01
5.000000000000000000e+00
9.000000000000000000e+00
1.000000000000000000e+01
-8.000000000000000000e+00
-1.300000000000000000e+01
9.000000000000000000e+00
1.500000000000000000e+01
-2.100000000000000000e+01
-3.000000000000000000e+00
-3.000000000000000000e+00
-1.100000000000000000e+01
1.100000000000000000e+01
-6.000000000000000000e+00
2.100000000000000000e+01
-1.800000000000000000e+01
-2.500000000000000000e+01
-2.200000000000000000e+01
-2.000000000000000000e+00
-1.600000000000000000e+01
2.200000000000000000e+01
-1.900000000000000000e+01
4.000000000000000000e+00
-1.600000000000000000e+01
3.200000000000000000e+01
-2.700000000000000000e+01
-3.000000000000000000e+00
-3.000000000000000000e+00
0.000000000000000000e+00
7.000000000000000000e+00
-1.100000000000000000e+01
1.700000000000000000e+01
1.900000000000000000e+01
8.000000000000000000e+00
1.500000000000000000e+01
-1.000000000000000000e+01
1.900000000000000000e+01
1.400000000000000000e+01
2.000000000000000000e+01
8.000000000000000000e+00
9.000000000000000000e+00
8.000000000000000000e+00
-3.000000000000000000e+00
1.200000000000000000e+01
-5.000000000000000000e+00
-2.700000000000000000e+01
3.000000000000000000e+00
1.400000000000000000e+01
2.000000000000000000e+00
1.700000000000000000e+01
1.300000000000000000e+01
-9.000000000000000000e+00
2.000000000000000000e+00
-2.000000000000000000e+00
-1.400000000000000000e+01
1.000000000000000000e+01
-1.300000000000000000e+01
1.300000000000000000e+01
-1.500000000000000000e+01
1.600000000000000000e+01
-3.200000000000000000e+01
-2.100000000000000000e+01
2.300000000000000000e+01
2.000000000000000000e+00
-1.000000000000000000e+00
0.000000000000000000e+00
4.400000000000000000e+01
1.800000000000000000e+01
7.000000000000000000e+00
-1.300000000000000000e+01
-1.300000000000000000e+01
6.000000000000000000e+00
0.000000000000000000e+00
-1.700000000000000000e+01
1.100000000000000000e+01
-7.000000000000000000e+00
1.800000000000000000e+01
1.700000000000000000e+01
2.000000000000000000e+00
-1.300000000000000000e+01
-9.000000000000000000e+00
6.000000000000000000e+00
-1.800000000000000000e+01
1.300000000000000000e+01
-8.000000000000000000e+00
3.000000000000000000e+01
-1.200000000000000000e+01
3.600000000000000000e+01
-1.000000000000000000e+01
-1.700000000000000000e+01
-1.400000000000000000e+01
3.300000000000000000e+01
8.000000000000000000e+00
-9.000000000000000000e+00
1.800000000000000000e+01
-5.000000000000000000e+00
2.200000000000000000e+01
-8.000000000000000000e+00
1.100000000000000000e+01
1.000000000000000000e+01
-4.000000000000000000e+00
6.000000000000000000e+00
1.700000000000000000e+01
3.000000000000000000e+00
1.800000000000000000e+01
2.500000000000000000e+01
2.500000000000000000e+01
2.100000000000000000e+01
5.000000000000000000e+00
-2.000000000000000000e+00
3.000000000000000000e+00
1.800000000000000000e+01
-1.500000000000000000e+01
-1.600000000000000000e+01
3.100000000000000000e+01
1.000000000000000000e+01
1.600000000000000000e+01
2.800000000000000000e+01
3.000000000000000000e+00
3.200000000000000000e+01
1.200000000000000000e+01
-2.000000000000000000e+01
6.000000000000000000e+00
6.000000000000000000e+00
3.000000000000000000e+00
1.600000000000000000e+01
3.800000000000000000e+01
7.000000000000000000e+00
-4.000000000000000000e+00
1.600000000000000000e+01
4.000000000000000000e+00
1.000000000000000000e+00
3.100000000000000000e+01
2.200000000000000000e+01
8.000000000000000000e+00
1.700000000000000000e+01
5.200000000000000000e+01
3.600000000000000000e+01
1.900000000000000000e+01
1.000000000000000000e+00
1.500000000000000000e+01
1.400000000000000000e+01
3.100000000000000000e+01
1.400000000000000000e+01
1.500000000000000000e+01
1.100000000000000000e+01
2.400000000000000000e+01
4.000000000000000000e+01
5.400000000000000000e+01
2.700000000000000000e+01
5.600000000000000000e+01
3.600000000000000000e+01
5.500000000000000000e+01
5.100000000000000000e+01
3.200000000000000000e+01
4.400000000000000000e+01
5.200000000000000000e+01
4.000000000000000000e+01
5.200000000000000000e+01
5.700000000000000000e+01
5.400000000000000000e+01
6.600000000000000000e+01
9.600000000000000000e+01
7.400000000000000000e+01
9.000000000000000000e+01
7.800000000000000000e+01
1.010000000000000000e+02
1.390000000000000000e+02
9.600000000000000000e+01
1.290000000000000000e+02
9.800000000000000000e+01
1.530000000000000000e+02
1.360000000000000000e+02
1.660000000000000000e+02
1.510000000000000000e+02
1.770000000000000000e+02
1.860000000000000000e+02
2.120000000000000000e+02
2.280000000000000000e+02
2.160000000000000000e+02
2.270000000000000000e+02
2.300000000000000000e+02
2.620000000000000000e+02
2.530000000000000000e+02
2.600000000000000000e+02
2.970000000000000000e+02
3.080000000000000000e+02
3.260000000000000000e+02
3.550000000000000000e+02
3.770000000000000000e+02
3.800000000000000000e+02
4.090000000000000000e+02
3.940000000000000000e+02
4.570000000000000000e+02
4.090000000000000000e+02
4.370000000000000000e+02
4.690000000000000000e+02
5.150000000000000000e+02
5.090000000000000000e+02
5.540000000000000000e+02
5.610000000000000000e+02
5.900000000000000000e+02
6.330000000000000000e+02
6.590000000000000000e+02
6.450000000000000000e+02
7.030000000000000000e+02
7.470000000000000000e+02
7.450000000000000000e+02
7.810000000000000000e+02
8.390000000000000000e+02
8.580000000000000000e+02
8.890000000000000000e+02
9.130000000000000000e+02
9.330000000000000000e+02
9.600000000000000000e+02
9.970000000000000000e+02
9.600000000000000000e+02
1.003000000000000000e+03
1.008000000000000000e+03
1.085000000000000000e+03
1.085000000000000000e+03
1.104000000000000000e+03
1.142000000000000000e+03
1.190000000000000000e+03
1.202000000000000000e+03
1.197000000000000000e+03
1.235000000000000000e+03
1.250000000000000000e+03
1.295000000000000000e+03
1.328000000000000000e+03
1.298000000000000000e+03
1.350000000000000000e+03
1.352000000000000000e+03
1.431000000000000000e+03
1.378000000000000000e+03
1.415000000000000000e+03
1.367000000000000000e+03
1.442000000000000000e+03
1.493000000000000000e+03
1.481000000000000000e+03
1.461000000000000000e+03
1.500000000000000000e+03
1.542000000000000000e+03
1.614000000000000000e+03
1.584000000000000000e+03
1.569000000000000000e+03
1.568000000000000000e+03
1.593000000000000000e+03
1.564000000000000000e+03
1.603000000000000000e+03
1.627000000000000000e+03
1.616000000000000000e+03
1.592000000000000000e+03
1.617000000000000000e+03
1.571000000000000000e+03
1.611000000000000000e+03
1.585000000000000000e+03
1.530000000000000000e+03
1.549000000000000000e+03
1.511000000000000000e+03
1.526000000000000000e+03
1.467000000000000000e+03
1.492000000000000000e+03
1.451000000000000000e+03
1.434000000000000000e+03
1.422000000000000000e+03
1.385000000000000000e+03
1.454000000000000000e+03
1.382000000000000000e+03
1.376000000000000000e+03
1.359000000000000000e+03
1.324000000000000000e+03
1.357000000000000000e+03
1.313000000000000000e+03
1.309000000000000000e+03
1.302000000000000000e+03
1.285000000000000000e+03
1.291000000000000000e+03
1.243000000000000000e+03
1.219000000000000000e+03
1.266000000000000000e+03
1.147000000000000000e+03
1.177000000000000000e+03
1.180000000000000000e+03
1.128000000000000000e+03
1.122000000000000000e+03
1.067000000000000000e+03
1.034000000000000000e+03
1.004000000000000000e+03
9.840000000000000000e+02
9.490000000000000000e+02
9.570000000000000000e+02
9.230000000000000000e+02
8.390000000000000000e+02
8.780000000000000000e+02
8.090000000000000000e+02
8.020000000000000000e+02
7.430000000000000000e+02
7.570000000000000000e+02
7.340000000000000000e+02
6.850000000000000000e+02
7.080000000000000000e+02
6.620000000000000000e+02
6.500000000000000000e+02
6.410000000000000000e+02
5.940000000000000000e+02
5.940000000000000000e+02
5.610000000000000000e+02
5.310000000000000000e+02
5.240000000000000000e+02
5.270000000000000000e+02
5.080000000000000000e+02
4.670000000000000000e+02
4.540000000000000000e+02
4.380000000000000000e+02
4.280000000000000000e+02
3.850000000000000000e+02
3.860000000000000000e+02
3.820000000000000000e+02
3.320000000000000000e+02
3.340000000000000000e+02
3.040000000000000000e+02
2.770000000000000000e+02
2.650000000000000000e+02
2.840000000000000000e+02
2.480000000000000000e+02
2.680000000000000000e+02
2.640000000000000000e+02
2.620000000000000000e+02
2.210000000000000000e+02
2.190000000000000000e+02
2.380000000000000000e+02
2.100000000000000000e+02
1.980000000000000000e+02
2.010000000000000000e+02
2.100000000000000000e+02
1.920000000000000000e+02
1.540000000000000000e+02
1.290000000000000000e+02
1.470000000000000000e+02
1.240000000000000000e+02
1.160000000000000000e+02
1.220000000000000000e+02
9.500000000000000000e+01
1.030000000000000000e+02
1.020000000000000000e+02
1.180000000000000000e+02
1.090000000000000000e+02
5.500000000000000000e+01
5.900000000000000000e+01
9.500000000000000000e+01
9.900000000000000000e+01
5.600000000000000000e+01
7.500000000000000000e+01
5.100000000000000000e+01
4.800000000000000000e+01
6.000000000000000000e+01
4.200000000000000000e+01
8.100000000000000000e+01
1.300000000000000000e+01
4.200000000000000000e+01
5.900000000000000000e+01
2.000000000000000000e+01
2.000000000000000000e+01
3.100000000000000000e+01
2.200000000000000000e+01
2.900000000000000000e+01
3.000000000000000000e+01
2.500000000000000000e+01
1.400000000000000000e+01
3.200000000000000000e+01
2.400000000000000000e+01
1.700000000000000000e+01
1.500000000000000000e+01
1.600000000000000000e+01
3.900000000000000000e+01
-9.000000000000000000e+00
1.800000000000000000e+01
3.000000000000000000e+01
2.400000000000000000e+01
3.500000000000000000e+01
3.600000000000000000e+01
7.000000000000000000e+00
1.700000000000000000e+01
2.300000000000000000e+01
9.000000000000000000e+00
1.900000000000000000e+01
5.900000000000000000e+01
2.300000000000000000e+01
-7.000000000000000000e+00
4.200000000000000000e+01
-7.000000000000000000e+00
3.100000000000000000e+01
1.300000000000000000e+01
-1.500000000000000000e+01
2.400000000000000000e+01
5.500000000000000000e+01
-7.000000000000000000e+00
-9.000000000000000000e+00
1.000000000000000000e+01
1.100000000000000000e+01
-5.000000000000000000e+00
-1.400000000000000000e+01
-1.100000000000000000e+01
-1.000000000000000000e+00
0.000000000000000000e+00
-4.000000000000000000e+00
6.000000000000000000e+00
-1.700000000000000000e+01
-5.000000000000000000e+00
3.700000000000000000e+01
-1.300000000000000000e+01
1.700000000000000000e+01
-5.000000000000000000e+00
2.000000000000000000e+01
8.000000000000000000e+00
6.000000000000000000e+00
-2.400000000000000000e+01
-1.200000000000000000e+01
6.000000000000000000e+00
1.900000000000000000e+01
-2.000000000000000000e+01
9.000000000000000000e+00
1.200000000000000000e+01
-1.400000000000000000e+01
1.000000000000000000e+01
7.000000000000000000e+00
-1.000000000000000000e+01
1.300000000000000000e+01
1.800000000000000000e+01
-5.000000000000000000e+00
1.000000000000000000e+00
4.000000000000000000e+00
-6.000000000000000000e+00
-2.800000000000000000e+01
2.000000000000000000e+01
8.000000000000000000e+00
1.100000000000000000e+01
-5.100000000000000000e+01
0.000000000000000000e+00
6.000000000000000000e+00
-5.000000000000000000e+00
1.800000000000000000e+01
1.000000000000000000e+01
-1.600000000000000000e+01
-2.300000000000000000e+01
-1.000000000000000000e+00
2.400000000000000000e+01
1.300000000000000000e+01
-2.000000000000000000e+00
-7.000000000000000000e+00
1.300000000000000000e+01
2.000000000000000000e+00
-9.000000000000000000e+00
-1.000000000000000000e+00
-1.000000000000000000e+00
-2.000000000000000000e+00
