1.000000000000000000e+00
-6.000000000000000000e+00
5.000000000000000000e+00
3.000000000000000000e+00
1.600000000000000000e+01
-2.100000000000000000e+01
-2.300000000000000000e+01
-9.000000000000000000e+00
-7.000000000000000000e+00
-9.000000000000000000e+00
2.000000000000000000e+00
6.000000000000000000e+00
-3.000000000000000000e+00
4.000000000000000000e+00
-1.000000000000000000e+00
6.000000000000000000e+00
-1.000000000000000000e+00
2.300000000000000000e+01
0.000000000000000000e+00
0.000000000000000000e+00
3.300000000000000000e+01
-1.200000000000000000e+01
1.300000000000000000e+01
1.000000000000000000e+00
-2.000000000000000000e+01
-1.300000000000000000e+01
-7.000000000000000000e+00
3.000000000000000000e+00
1.200000000000000000e+01
1.300000000000000000e+01
-7.000000000000000000e+00
-1.000000000000000000e+00
3.000000000000000000e+01
-7.000000000000000000e+00
-6.000000000000000000e+00
-2.700000000000000000e+01
-1.100000000000000000e+01
1.300000000000000000e+01
-4.000000000000000000e+00
-1.400000000000000000e+01
-1.100000000000000000e+01
-1.000000000000000000e+00
-1.400000000000000000e+01
2.400000000000000000e+01
9.000000000000000000e+00
-9.000000000000000000e+00
1.000000000000000000e+01
5.000000000000000000e+00
1.000000000000000000e+00
-2.200000000000000000e+01
-3.000000000000000000e+00
-4.000000000000000000e+00
6.000000000000000000e+00
2.700000000000000000e+01
-2.400000000000000000e+01
1.200000000000000000e+01
-1.500000000000000000e+01
-3.400000000000000000e+01
-2.300000000000000000e+01
-2.300000000000000000e+01
0.000000000000000000e+00
1.100000000000000000e+01
-2.100000000000000000e+01
7.000000000000000000e+00
-4.000000000000000000e+00
2.400000000000000000e+01
-1.700000000000000000e+01
-9.000000000000000000e+00
5.000000000000000000e+00
1.000000000000000000e+00
1.000000000000000000e+01
1.800000000000000000e+01
-1.700000000000000000e+01
-2.000000000000000000e+01
1.100000000000000000e+01
2.700000000000000000e+01
4.000000000000000000e+00
1.400000000000000000e+01
3.300000000000000000e+01
7.000000000000000000e+00
1.000000000000000000e+01
6.000000000000000000e+00
4.000000000000000000e+00
0.000000000000000000e+00
1.000000000000000000e+00
-4.500000000000000000e+01
6.000000000000000000e+00
-5.000000000000000000e+00
1.800000000000000000e+01
-2.600000000000000000e+01
3.000000000000000000e+00
-1.000000000000000000e+01
1.000000000000000000e+01
-1.600000000000000000e+01
1.000000000000000000e+01
7.000000000000000000e+00
-7.000000000000000000e+00
2.800000000000000000e+01
1.300000000000000000e+01
-7.000000000000000000e+00
7.000000000000000000e+00
1.000000000000000000e+00
4.000000000000000000e+00
-1.600000000000000000e+01
1.000000000000000000e+01
-1.300000000000000000e+01
6.000000000000000000e+00
0.000000000000000000e+00
-7.000000000000000000e+00
-3.000000000000000000e+01
-9.000000000000000000e+00
5.000000000000000000e+00
9.000000000000000000e+00
1.400000000000000000e+01
-4.000000000000000000e+00
1.800000000000000000e+01
7.000000000000000000e+00
-2.300000000000000000e+01
-1.800000000000000000e+01
1.100000000000000000e+01
6.000000000000000000e+00
-1.200000000000000000e+01
1.200000000000000000e+01
9.000000000000000000e+00
5.000000000000000000e+00
-3.300000000000000000e+01
-1.000000000000000000e+00
-1.900000000000000000e+01
2.200000000000000000e+01
-4.000000000000000000e+00
3.000000000000000000e+01
1.600000000000000000e+01
-2.000000000000000000e+00
-3.000000000000000000e+00
4.000000000000000000e+00
-2.000000000000000000e+00
-1.100000000000000000e+01
9.000000000000000000e+00
4.000000000000000000e+00
2.000000000000000000e+01
-1.900000000000000000e+01
-2.000000000000000000e+00
-2.700000000000000000e+01
4.000000000000000000e+00
1.300000000000000000e+01
1.800000000000000000e+01
8.000000000000000000e+00
-8.000000000000000000e+00
1.200000000000000000e+01
4.000000000000000000e+00
1.400000000000000000e+01
2.500000000000000000e+01
-8.000000000000000000e+00
2.000000000000000000e+01
-1.200000000000000000e+01
-9.000000000000000000e+00
1.000000000000000000e+00
2.900000000000000000e+01
-2.200000000000000000e+01
-2.000000000000000000e+01
4.000000000000000000e+00
-1.500000000000000000e+01
-7.000000000000000000e+00
1.700000000000000000e+01
-1.600000000000000000e+01
-2.100000000000000000e+01
-9.000000000000000000e+00
-4.000000000000000000e+00
1.100000000000000000e+01
8.000000000000000000e+00
1.900000000000000000e+01
1.200000000000000000e+01
3.000000000000000000e+00
1.000000000000000000e+01
7.000000000000000000e+00
2.000000000000000000e+00
1.000000000000000000e+00
-1.000000000000000000e+01
2.500000000000000000e+01
6.000000000000000000e+00
8.000000000000000000e+00
2.000000000000000000e+00
-1.000000000000000000e+00
-2.000000000000000000e+01
6.000000000000000000e+00
-1.200000000000000000e+01
1.600000000000000000e+01
-1.900000000000000000e+01
8.000000000000000000e+00
6.000000000000000000e+00
1.700000000000000000e+01
-1.000000000000000000e+01
-9.000000000000000000e+00
-6.000000000000000000e+00
5.000000000000000000e+00
-2.400000000000000000e+01
1.300000000000000000e+01
5.000000000000000000e+00
-9.000000000000000000e+00
3.000000000000000000e+00
1.000000000000000000e+00
1.000000000000000000e+00
7.000000000000000000e+00
2.200000000000000000e+01
-1.900000000000000000e+01
-1.100000000000000000e+01
1.300000000000000000e+01
4.000000000000000000e+00
-5.000000000000000000e+00
2.000000000000000000e+00
1.200000000000000000e+01
1.500000000000000000e+01
5.000000000000000000e+00
-8.000000000000000000e+00
1.000000000000000000e+01
-1.600000000000000000e+01
1.400000000000000000e+01
1.200000000000000000e+01
1.400000000000000000e+01
-2.000000000000000000e+00
2.700000000000000000e+01
-3.200000000000000000e+01
-1.800000000000000000e+01
1.300000000000000000e+01
-1.400000000000000000e+01
-7.000000000000000000e+00
-9.000000000000000000e+00
-8.000000000000000000e+00
2.100000000000000000e+01
1.400000000000000000e+01
3.000000000000000000e+00
0.000000000000000000e+00
9.000000000000000000e+00
2.700000000000000000e+01
2.000000000000000000e+00
-3.000000000000000000e+00
2.000000000000000000e+00
-2.000000000000000000e+01
1.000000000000000000e+00
-6.000000000000000000e+00
-1.000000000000000000e+00
-1.300000000000000000e+01
8.000000000000000000e+00
1.000000000000000000e+00
2.500000000000000000e+01
6.000000000000000000e+00
-1.000000000000000000e+00
1.600000000000000000e+01
-1.100000000000000000e+01
1.100000000000000000e+01
2.000000000000000000e+00
9.000000000000000000e+00
-7.000000000000000000e+00
-8.000000000000000000e+00
-3.000000000000000000e+00
-8.000000000000000000e+00
9.000000000000000000e+00
-1.800000000000000000e+01
-5.200000000000000000e+01
-5.000000000000000000e+00
-1.600000000000000000e+01
3.000000000000000000e+00
2.400000000000000000e+01
-1.100000000000000000e+01
1.700000000000000000e+01
2.800000000000000000e+01
-1.900000000000000000e+01
-2.000000000000000000e+00
-7.000000000000000000e+00
5.000000000000000000e+00
-8.000000000000000000e+00
-2.100000000000000000e+01
-2.000000000000000000e+01
5.000000000000000000e+00
1.800000000000000000e+01
-4.000000000000000000e+00
1.000000000000000000e+00
2.500000000000000000e+01
-2.500000000000000000e+01
3.500000000000000000e+01
-4.000000000000000000e+00
3.000000000000000000e+00
-1.900000000000000000e+01
3.000000000000000000e+00
-1.000000000000000000e+00
-1.500000000000000000e+01
-4.200000000000000000e+01
-2.000000000000000000e+01
-2.200000000000000000e+01
1.100000000000000000e+01
4.000000000000000000e+00
-1.600000000000000000e+01
-1.700000000000000000e+01
4.200000000000000000e+01
-5.000000000000000000e+00
2.500000000000000000e+01
-5.000000000000000000e+00
-1.200000000000000000e+01
-6.000000000000000000e+00
9.000000000000000000e+00
-4.000000000000000000e+00
-3.400000000000000000e+01
-2.400000000000000000e+01
-6.000000000000000000e+00
-1.500000000000000000e+01
1.200000000000000000e+01
8.000000000000000000e+00
4.000000000000000000e+00
-1.900000000000000000e+01
1.000000000000000000e+00
-2.900000000000000000e+01
1.500000000000000000e+01
1.400000000000000000e+01
-1.000000000000000000e+01
-1.100000000000000000e+01
6.000000000000000000e+00
3.300000000000000000e+01
1.200000000000000000e+01
-1.000000000000000000e+00
-1.200000000000000000e+01
-4.600000000000000000e+01
6.000000000000000000e+00
-8.000000000000000000e+00
-2.000000000000000000e+01
1.800000000000000000e+01
-2.900000000000000000e+01
-2.000000000000000000e+00
-2.500000000000000000e+01
-2.100000000000000000e+01
2.000000000000000000e+01
-1.500000000000000000e+01
3.400000000000000000e+01
-5.000000000000000000e+00
-1.800000000000000000e+01
-4.000000000000000000e+00
0.000000000000000000e+00
8.000000000000000000e+00
0.000000000000000000e+00
2.200000000000000000e+01
1.100000000000000000e+01
-2.100000000000000000e+01
-4.100000000000000000e+01
1.000000000000000000e+01
1.800000000000000000e+01
-5.000000000000000000e+00
-1.900000000000000000e+01
5.000000000000000000e+00
-1.800000000000000000e+01
-2.000000000000000000e+01
-2.000000000000000000e+01
1.000000000000000000e+00
0.000000000000000000e+00
1.200000000000000000e+01
-2.300000000000000000e+01
2.800000000000000000e+01
1.000000000000000000e+01
1.000000000000000000e+01
4.000000000000000000e+00
1.600000000000000000e+01
-2.500000000000000000e+01
-2.000000000000000000e+01
4.600000000000000000e+01
-1.400000000000000000e+01
3.100000000000000000e+01
4.000000000000000000e+00
1.300000000000000000e+01
-3.200000000000000000e+01
-1.300000000000000000e+01
9.000000000000000000e+00
-6.000000000000000000e+00
-1.400000000000000000e+01
-1.200000000000000000e+01
-1.600000000000000000e+01
-5.000000000000000000e+00
1.400000000000000000e+01
2.300000000000000000e+01
-3.000000000000000000e+01
-4.000000000000000000e+00
-5.000000000000000000e+00
3.000000000000000000e+00
2.200000000000000000e+01
-9.000000000000000000e+00
-4.800000000000000000e+01
2.900000000000000000e+01
-2.100000000000000000e+01
2.700000000000000000e+01
-2.100000000000000000e+01
-2.900000000000000000e+01
2.000000000000000000e+00
1.600000000000000000e+01
-2.800000000000000000e+01
-4.000000000000000000e+00
-1.400000000000000000e+01
-3.500000000000000000e+01
-2.000000000000000000e+00
2.100000000000000000e+01
-7.000000000000000000e+00
3.200000000000000000e+01
-1.600000000000000000e+01
3.400000000000000000e+01
1.400000000000000000e+01
1.400000000000000000e+01
9.000000000000000000e+00
-1.500000000000000000e+01
-1.200000000000000000e+01
6.000000000000000000e+00
2.800000000000000000e+01
-1.300000000000000000e+01
-7.000000000000000000e+00
-3.400000000000000000e+01
5.000000000000000000e+00
-2.100000000000000000e+01
-1.400000000000000000e+01
-1.500000000000000000e+01
1.900000000000000000e+01
3.000000000000000000e+00
7.000000000000000000e+00
-2.700000000000000000e+01
-4.000000000000000000e+00
2.400000000000000000e+01
2.100000000000000000e+01
-6.000000000000000000e+00
-1.300000000000000000e+01
-1.000000000000000000e+01
1.000000000000000000e+00
-1.700000000000000000e+01
2.000000000000000000e+00
-7.000000000000000000e+00
-2.500000000000000000e+01
6.000000000000000000e+00
9.000000000000000000e+00
2.000000000000000000e+00
2.000000000000000000e+00
-1.600000000000000000e+01
1.000000000000000000e+00
-1.200000000000000000e+01
5.000000000000000000e+00
1.700000000000000000e+01
-6.000000000000000000e+00
-1.000000000000000000e+00
3.300000000000000000e+01
-3.500000000000000000e+01
1.600000000000000000e+01
1.200000000000000000e+01
1.900000000000000000e+01
2.400000000000000000e+01
-1.100000000000000000e+01
2.800000000000000000e+01
-2.300000000000000000e+01
1.600000000000000000e+01
6.000000000000000000e+00
1.600000000000000000e+01
-1.100000000000000000e+01
1.200000000000000000e+01
-1.400000000000000000e+01
3.400000000000000000e+01
1.600000000000000000e+01
2.000000000000000000e+00
-6.000000000000000000e+00
-4.000000000000000000e+00
-5.000000000000000000e+00
-2.100000000000000000e+01
-2.300000000000000000e+01
-2.700000000000000000e+01
-3.000000000000000000e+00
-7.000000000000000000e+00
3.000000000000000000e+00
2.000000000000000000e+00
-2.200000000000000000e+01
3.000000000000000000e+00
2.100000000000000000e+01
-1.400000000000000000e+01
2.000000000000000000e+00
2.900000000000000000e+01
-1.800000000000000000e+01
-2.000000000000000000e+00
-3.000000000000000000e+00
6.000000000000000000e+00
1.500000000000000000e+01
4.000000000000000000e+00
-4.000000000000000000e+01
-1.000000000000000000e+00
1.000000000000000000e+01
-6.000000000000000000e+00
-3.600000000000000000e+01
5.000000000000000000e+00
-1.600000000000000000e+01
7.000000000000000000e+00
-9.000000000000000000e+00
9.000000000000000000e+00
2.600000000000000000e+01
1.300000000000000000e+01
6.000000000000000000e+00
1.100000000000000000e+01
-1.000000000000000000e+00
-6.000000000000000000e+00
-1.700000000000000000e+01
-1.000000000000000000e+01
-9.000000000000000000e+00
7.000000000000000000e+00
1.800000000000000000e+01
1.900000000000000000e+01
-3.000000000000000000e+00
1.700000000000000000e+01
-8.000000000000000000e+00
-2.500000000000000000e+01
5.000000000000000000e+00
5.000000000000000000e+00
-1.000000000000000000e+01
-1.700000000000000000e+01
-2.500000000000000000e+01
4.000000000000000000e+00
5.000000000000000000e+00
-2.300000000000000000e+01
1.700000000000000000e+01
-3.000000000000000000e+00
1.500000000000000000e+01
6.000000000000000000e+00
-2.000000000000000000e+00
1.600000000000000000e+01
-9.000000000000000000e+00
4.000000000000000000e+00
-3.000000000000000000e+01
1.800000000000000000e+01
-2.400000000000000000e+01
-7.000000000000000000e+00
-4.000000000000000000e+00
-1.800000000000000000e+01
1.200000000000000000e+01
-1.900000000000000000e+01
3.000000000000000000e+01
1.000000000000000000e+01
1.100000000000000000e+01
3.100000000000000000e+01
2.800000000000000000e+01
-7.000000000000000000e+00
-4.000000000000000000e+00
7.000000000000000000e+00
-4.100000000000000000e+01
2.000000000000000000e+01
4.200000000000000000e+01
0.000000000000000000e+00
1.900000000000000000e+01
-6.000000000000000000e+00
1.400000000000000000e+01
3.000000000000000000e+00
2.100000000000000000e+01
-2.700000000000000000e+01
-1.000000000000000000e+00
8.000000000000000000e+00
1.900000000000000000e+01
-1.900000000000000000e+01
2.100000000000000000e+01
-2.000000000000000000e+01
2.400000000000000000e+01
5.000000000000000000e+00
7.000000000000000000e+00
-7.000000000000000000e+00
0.000000000000000000e+00
7.000000000000000000e+00
1.900000000000000000e+01
3.000000000000000000e+00
4.000000000000000000e+00
1.100000000000000000e+01
-4.000000000000000000e+00
-4.000000000000000000e+00
2.000000000000000000e+00
0.000000000000000000e+00
-2.500000000000000000e+01
1.900000000000000000e+01
-3.000000000000000000e+00
1.900000000000000000e+01
-1.200000000000000000e+01
-9.000000000000000000e+00
1.500000000000000000e+01
3.900000000000000000e+01
-2.300000000000000000e+01
5.000000000000000000e+00
1.300000000000000000e+01
1.300000000000000000e+01
-6.000000000000000000e+00
-1.000000000000000000e+00
-1.000000000000000000e+01
1.400000000000000000e+01
2.500000000000000000e+01
4.200000000000000000e+01
-1.400000000000000000e+01
2.200000000000000000e+01
-1.600000000000000000e+01
1.100000000000000000e+01
-2.100000000000000000e+01
1.300000000000000000e+01
1.000000000000000000e+01
2.300000000000000000e+01
1.100000000000000000e+01
0.000000000000000000e+00
2.000000000000000000e+00
-1.200000000000000000e+01
-4.000000000000000000e+00
2.200000000000000000e+01
-8.000000000000000000e+00
0.000000000000000000e+00
8.000000000000000000e+00
5.000000000000000000e+00
1.700000000000000000e+01
-1.900000000000000000e+01
2.500000000000000000e+01
2.800000000000000000e+01
-7.000000000000000000e+00
1.000000000000000000e+00
2.400000000000000000e+01
1.200000000000000000e+01
-6.000000000000000000e+00
7.000000000000000000e+00
1.000000000000000000e+00
-2.200000000000000000e+01
-1.000000000000000000e+00
-9.000000000000000000e+00
-1.100000000000000000e+01
1.100000000000000000e+01
1.900000000000000000e+01
-1.300000000000000000e+01
4.000000000000000000e+00
-1.000000000000000000e+00
-3.400000000000000000e+01
-2.500000000000000000e+01
1.500000000000000000e+01
1.400000000000000000e+01
2.500000000000000000e+01
-3.700000000000000000e+01
3.800000000000000000e+01
1.300000000000000000e+01
-2.300000000000000000e+01
1.000000000000000000e+00
-1.000000000000000000e+01
1.700000000000000000e+01
-1.200000000000000000e+01
2.600000000000000000e+01
9.000000000000000000e+00
8.000000000000000000e+00
2.500000000000000000e+01
-1.100000000000000000e+01
-3.400000000000000000e+01
1.400000000000000000e+01
9.000000000000000000e+00
2.400000000000000000e+01
-2.600000000000000000e+01
-3.000000000000000000e+00
-6.000000000000000000e+00
-1.800000000000000000e+01
-1.100000000000000000e+01
-1.600000000000000000e+01
3.500000000000000000e+01
2.700000000000000000e+01
-2.000000000000000000e+00
-6.000000000000000000e+00
3.900000000000000000e+01
5.000000000000000000e+00
1.500000000000000000e+01
1.400000000000000000e+01
1.800000000000000000e+01
3.500000000000000000e+01
-1.400000000000000000e+01
3.800000000000000000e+01
7.000000000000000000e+00
-3.100000000000000000e+01
1.700000000000000000e+01
3.800000000000000000e+01
3.500000000000000000e+01
-7.000000000000000000e+00
-1.000000000000000000e+01
-1.100000000000000000e+01
2.600000000000000000e+01
1.200000000000000000e+01
-1.100000000000000000e+01
-2.500000000000000000e+01
1.900000000000000000e+01
1.800000000000000000e+01
1.800000000000000000e+01
-2.900000000000000000e+01
-9.000000000000000000e+00
2.800000000000000000e+01
-1.500000000000000000e+01
2.700000000000000000e+01
1.700000000000000000e+01
9.000000000000000000e+00
4.600000000000000000e+01
2.000000000000000000e+01
-9.000000000000000000e+00
-1.500000000000000000e+01
-1.700000000000000000e+01
2.000000000000000000e+00
6.000000000000000000e+00
3.200000000000000000e+01
-1.100000000000000000e+01
0.000000000000000000e+00
-1.200000000000000000e+01
1.600000000000000000e+01
-5.000000000000000000e+00
1.700000000000000000e+01
4.000000000000000000e+00
5.000000000000000000e+01
-4.000000000000000000e+00
1.700000000000000000e+01
1.800000000000000000e+01
4.200000000000000000e+01
-1.000000000000000000e+00
-3.000000000000000000e+00
7.000000000000000000e+00
6.000000000000000000e+00
1.000000000000000000e+00
1.800000000000000000e+01
2.800000000000000000e+01
2.400000000000000000e+01
1.200000000000000000e+01
-7.000000000000000000e+00
-2.000000000000000000e+00
1.500000000000000000e+01
-4.000000000000000000e+00
4.000000000000000000e+01
-1.000000000000000000e+01
1.200000000000000000e+01
2.100000000000000000e+01
1.500000000000000000e+01
1.500000000000000000e+01
-5.000000000000000000e+00
-5.000000000000000000e+00
3.000000000000000000e+00
1.300000000000000000e+01
1.100000000000000000e+01
3.800000000000000000e+01
1.000000000000000000e+01
1.100000000000000000e+01
3.000000000000000000e+00
2.000000000000000000e+01
6.000000000000000000e+00
3.300000000000000000e+01
-1.100000000000000000e+01
1.100000000000000000e+01
4.900000000000000000e+01
4.000000000000000000e+00
3.000000000000000000e+00
1.200000000000000000e+01
-1.900000000000000000e+01
-4.700000000000000000e+01
5.000000000000000000e+00
1.000000000000000000e+00
7.000000000000000000e+00
1.000000000000000000e+00
1.200000000000000000e+01
7.000000000000000000e+00
2.900000000000000000e+01
-1.000000000000000000e+00
1.600000000000000000e+01
2.500000000000000000e+01
9.000000000000000000e+00
3.500000000000000000e+01
6.000000000000000000e+00
2.000000000000000000e+00
1.500000000000000000e+01
1.700000000000000000e+01
3.200000000000000000e+01
3.000000000000000000e+00
2.300000000000000000e+01
1.500000000000000000e+01
2.400000000000000000e+01
1.100000000000000000e+01
1.100000000000000000e+01
2.600000000000000000e+01
2.300000000000000000e+01
1.000000000000000000e+01
1.900000000000000000e+01
1.600000000000000000e+01
1.000000000000000000e+00
1.300000000000000000e+01
-1.100000000000000000e+01
-1.000000000000000000e+00
1.600000000000000000e+01
3.100000000000000000e+01
1.800000000000000000e+01
4.000000000000000000e+01
-9.000000000000000000e+00
9.000000000000000000e+00
3.200000000000000000e+01
1.100000000000000000e+01
2.100000000000000000e+01
0.000000000000000000e+00
1.000000000000000000e+01
9.000000000000000000e+00
1.800000000000000000e+01
2.300000000000000000e+01
-1.300000000000000000e+01
6.000000000000000000e+00
1.700000000000000000e+01
1.400000000000000000e+01
9.000000000000000000e+00
2.300000000000000000e+01
9.000000000000000000e+00
-1.000000000000000000e+01
9.000000000000000000e+00
2.100000000000000000e+01
3.300000000000000000e+01
4.000000000000000000e+00
9.000000000000000000e+00
6.000000000000000000e+00
-2.000000000000000000e+00
3.600000000000000000e+01
-6.000000000000000000e+00
-1.000000000000000000e+01
2.700000000000000000e+01
4.600000000000000000e+01
4.200000000000000000e+01
0.000000000000000000e+00
3.100000000000000000e+01
-6.000000000000000000e+00
2.700000000000000000e+01
1.600000000000000000e+01
2.500000000000000000e+01
2.200000000000000000e+01
9.000000000000000000e+00
3.400000000000000000e+01
2.500000000000000000e+01
0.000000000000000000e+00
2.100000000000000000e+01
2.600000000000000000e+01
1.100000000000000000e+01
2.500000000000000000e+01
3.000000000000000000e+01
2.600000000000000000e+01
5.000000000000000000e+00
1.800000000000000000e+01
1.100000000000000000e+01
-2.300000000000000000e+01
1.000000000000000000e+01
3.500000000000000000e+01
1.100000000000000000e+01
1.000000000000000000e+01
-2.400000000000000000e+01
0.000000000000000000e+00
5.800000000000000000e+01
1.000000000000000000e+01
2.200000000000000000e+01
-1.300000000000000000e+01
3.000000000000000000e+00
2.600000000000000000e+01
2.300000000000000000e+01
3.700000000000000000e+01
2.400000000000000000e+01
-1.000000000000000000e+00
3.100000000000000000e+01
2.200000000000000000e+01
1.800000000000000000e+01
1.100000000000000000e+01
3.000000000000000000e+01
-1.000000000000000000e+00
-1.000000000000000000e+00
2.800000000000000000e+01
3.400000000000000000e+01
8.000000000000000000e+00
0.000000000000000000e+00
4.700000000000000000e+01
1.900000000000000000e+01
2.000000000000000000e+01
3.400000000000000000e+01
9.000000000000000000e+00
-1.800000000000000000e+01
0.000000000000000000e+00
3.300000000000000000e+01
1.200000000000000000e+01
7.000000000000000000e+00
4.100000000000000000e+01
4.200000000000000000e+01
-5.000000000000000000e+00
1.200000000000000000e+01
4.500000000000000000e+01
3.900000000000000000e+01
3.800000000000000000e+01
4.200000000000000000e+01
5.000000000000000000e+01
2.000000000000000000e+01
5.200000000000000000e+01
2.900000000000000000e+01
2.100000000000000000e+01
7.800000000000000000e+01
7.600000000000000000e+01
5.000000000000000000e+01
7.500000000000000000e+01
7.600000000000000000e+01
1.130000000000000000e+02
1.380000000000000000e+02
1.220000000000000000e+02
1.490000000000000000e+02
1.790000000000000000e+02
2.260000000000000000e+02
2.590000000000000000e+02
3.330000000000000000e+02
2.930000000000000000e+02
3.350000000000000000e+02
4.330000000000000000e+02
4.790000000000000000e+02
5.120000000000000000e+02
6.000000000000000000e+02
6.690000000000000000e+02
8.130000000000000000e+02
8.910000000000000000e+02
9.800000000000000000e+02
1.107000000000000000e+03
1.210000000000000000e+03
1.351000000000000000e+03
1.521000000000000000e+03
1.638000000000000000e+03
1.762000000000000000e+03
1.884000000000000000e+03
2.030000000000000000e+03
2.234000000000000000e+03
2.327000000000000000e+03
2.482000000000000000e+03
2.637000000000000000e+03
2.830000000000000000e+03
2.951000000000000000e+03
3.140000000000000000e+03
3.242000000000000000e+03
3.372000000000000000e+03
3.437000000000000000e+03
3.536000000000000000e+03
3.592000000000000000e+03
3.766000000000000000e+03
3.861000000000000000e+03
3.791000000000000000e+03
3.879000000000000000e+03
3.893000000000000000e+03
3.901000000000000000e+03
3.882000000000000000e+03
3.875000000000000000e+03
3.880000000000000000e+03
3.785000000000000000e+03
3.784000000000000000e+03
3.609000000000000000e+03
3.526000000000000000e+03
3.385000000000000000e+03
3.235000000000000000e+03
3.110000000000000000e+03
3.114000000000000000e+03
2.938000000000000000e+03
2.758000000000000000e+03
2.586000000000000000e+03
2.539000000000000000e+03
2.357000000000000000e+03
2.271000000000000000e+03
2.129000000000000000e+03
1.999000000000000000e+03
1.846000000000000000e+03
1.651000000000000000e+03
1.571000000000000000e+03
1.413000000000000000e+03
1.304000000000000000e+03
1.201000000000000000e+03
1.059000000000000000e+03
1.008000000000000000e+03
9.270000000000000000e+02
8.030000000000000000e+02
6.980000000000000000e+02
6.380000000000000000e+02
5.640000000000000000e+02
4.850000000000000000e+02
4.220000000000000000e+02
3.850000000000000000e+02
3.330000000000000000e+02
2.820000000000000000e+02
2.290000000000000000e+02
2.460000000000000000e+02
1.900000000000000000e+02
1.710000000000000000e+02
1.390000000000000000e+02
1.130000000000000000e+02
9.600000000000000000e+01
9.600000000000000000e+01
7.000000000000000000e+01
5.500000000000000000e+01
4.600000000000000000e+01
7.400000000000000000e+01
5.800000000000000000e+01
1.400000000000000000e+01
1.600000000000000000e+01
1.000000000000000000e+01
2.400000000000000000e+01
1.900000000000000000e+01
1.700000000000000000e+01
-1.700000000000000000e+01
3.700000000000000000e+01
3.100000000000000000e+01
2.100000000000000000e+01
9.000000000000000000e+00
2.700000000000000000e+01
1.300000000000000000e+01
1.200000000000000000e+01
1.100000000000000000e+01
2.600000000000000000e+01
-2.100000000000000000e+01
3.000000000000000000e+01
2.700000000000000000e+01
-1.100000000000000000e+01
1.700000000000000000e+01
-5.000000000000000000e+00
2.900000000000000000e+01
5.000000000000000000e+00
0.000000000000000000e+00
9.000000000000000000e+00
-2.000000000000000000e+00
9.000000000000000000e+00
2.400000000000000000e+01
3.700000000000000000e+01
9.000000000000000000e+00
2.300000000000000000e+01
2.400000000000000000e+01
3.400000000000000000e+01
1.600000000000000000e+01
-1.000000000000000000e+01
-1.000000000000000000e+01
0.000000000000000000e+00
1.100000000000000000e+01
1.900000000000000000e+01
3.400000000000000000e+01
4.000000000000000000e+00
1.300000000000000000e+01
2.200000000000000000e+01
2.900000000000000000e+01
-4.000000000000000000e+00
2.700000000000000000e+01
1.900000000000000000e+01
-1.100000000000000000e+01
-1.000000000000000000e+00
-1.000000000000000000e+01
1.200000000000000000e+01
1.300000000000000000e+01
-8.000000000000000000e+00
2.300000000000000000e+01
3.600000000000000000e+01
-4.000000000000000000e+00
1.000000000000000000e+00
-1.500000000000000000e+01
2.000000000000000000e+01
1.000000000000000000e+00
1.300000000000000000e+01
2.000000000000000000e+01
-4.000000000000000000e+00
1.500000000000000000e+01
-2.100000000000000000e+01
2.800000000000000000e+01
4.000000000000000000e+01
2.900000000000000000e+01
-1.300000000000000000e+01
2.200000000000000000e+01
2.800000000000000000e+01
2.000000000000000000e+01
1.500000000000000000e+01
2.400000000000000000e+01
5.000000000000000000e+00
-2.000000000000000000e+00
3.200000000000000000e+01
-2.800000000000000000e+01
1.700000000000000000e+01
2.400000000000000000e+01
2.200000000000000000e+01
2.100000000000000000e+01
5.000000000000000000e+00
1.800000000000000000e+01
4.000000000000000000e+00
2.200000000000000000e+01
-3.400000000000000000e+01
-1.000000000000000000e+00
4.000000000000000000e+00
1.800000000000000000e+01
9.000000000000000000e+00
1.200000000000000000e+01
1.700000000000000000e+01
-2.000000000000000000e+00
1.300000000000000000e+01
3.600000000000000000e+01
2.700000000000000000e+01
0.000000000000000000e+00
4.300000000000000000e+01
-8.000000000000000000e+00
1.000000000000000000e+00
-1.100000000000000000e+01
-1.000000000000000000e+00
4.500000000000000000e+01
3.000000000000000000e+00
3.500000000000000000e+01
-9.000000000000000000e+00
1.100000000000000000e+01
2.700000000000000000e+01
-2.000000000000000000e+01
3.700000000000000000e+01
1.500000000000000000e+01
1.900000000000000000e+01
2.000000000000000000e+00
1.100000000000000000e+01
2.900000000000000000e+01
2.500000000000000000e+01
0.000000000000000000e+00
7.000000000000000000e+00
1.800000000000000000e+01
0.000000000000000000e+00
2.200000000000000000e+01
-1.900000000000000000e+01
3.400000000000000000e+01
1.300000000000000000e+01
1.700000000000000000e+01
1.300000000000000000e+01
1.600000000000000000e+01
-2.000000000000000000e+00
9.000000000000000000e+00
6.000000000000000000e+00
2.000000000000000000e+00
8.000000000000000000e+00
3.400000000000000000e+01
1.400000000000000000e+01
1.500000000000000000e+01
1.700000000000000000e+01
4.000000000000000000e+01
-1.000000000000000000e+01
-3.700000000000000000e+01
1.200000000000000000e+01
2.500000000000000000e+01
-8.000000000000000000e+00
-9.000000000000000000e+00
-7.000000000000000000e+00
3.400000000000000000e+01
3.900000000000000000e+01
2.300000000000000000e+01
-2.000000000000000000e+00
9.000000000000000000e+00
1.700000000000000000e+01
0.000000000000000000e+00
1.600000000000000000e+01
-9.000000000000000000e+00
1.700000000000000000e+01
1.000000000000000000e+01
-1.300000000000000000e+01
-6.000000000000000000e+00
3.300000000000000000e+01
5.000000000000000000e+00
1.700000000000000000e+01
1.700000000000000000e+01
-9.000000000000000000e+00
2.400000000000000000e+01
8.000000000000000000e+00
-2.500000000000000000e+01
2.900000000000000000e+01
1.600000000000000000e+01
6.000000000000000000e+00
1.200000000000000000e+01
6.000000000000000000e+00
-1.000000000000000000e+00
-9.000000000000000000e+00
1.000000000000000000e+01
4.100000000000000000e+01
7.000000000000000000e+00
6.000000000000000000e+00
1.500000000000000000e+01
9.000000000000000000e+00
3.000000000000000000e+00
2.200000000000000000e+01
2.300000000000000000e+01
-2.000000000000000000e+00
1.100000000000000000e+01
3.000000000000000000e+01
3.000000000000000000e+00
2.200000000000000000e+01
2.200000000000000000e+01
1.400000000000000000e+01
4.000000000000000000e+00
-3.400000000000000000e+01
8.000000000000000000e+00
0.000000000000000000e+00
1.800000000000000000e+01
-3.100000000000000000e+01
-8.000000000000000000e+00
-3.000000000000000000e+00
1.500000000000000000e+01
-2.000000000000000000e+00
0.000000000000000000e+00
1.900000000000000000e+01
1.100000000000000000e+01
3.000000000000000000e+00
3.000000000000000000e+00
1.700000000000000000e+01
0.000000000000000000e+00
-4.000000000000000000e+00
2.000000000000000000e+00
3.000000000000000000e+01
-4.000000000000000000e+00
-2.000000000000000000e+00
4.000000000000000000e+00
1.900000000000000000e+01
7.000000000000000000e+00
2.000000000000000000e+00
3.500000000000000000e+01
4.000000000000000000e+00
0.000000000000000000e+00
1.700000000000000000e+01
8.000000000000000000e+00
1.400000000000000000e+01
1.000000000000000000e+00
1.500000000000000000e+01
2.100000000000000000e+01
1.100000000000000000e+01
-1.900000000000000000e+01
1.700000000000000000e+01
-1.200000000000000000e+01
-1.000000000000000000e+00
2.100000000000000000e+01
2.300000000000000000e+01
2.200000000000000000e+01
-8.000000000000000000e+00
-2.400000000000000000e+01
7.000000000000000000e+00
1.000000000000000000e+01
9.000000000000000000e+00
1.400000000000000000e+01
8.000000000000000000e+00
5.000000000000000000e+00
-2.000000000000000000e+00
-1.000000000000000000e+00
2.500000000000000000e+01
-1.000000000000000000e+00
-1.200000000000000000e+01
1.500000000000000000e+01
0.000000000000000000e+00
-9.000000000000000000e+00
1.600000000000000000e+01
1.000000000000000000e+00
1.800000000000000000e+01
1.000000000000000000e+01
9.000000000000000000e+00
-1.500000000000000000e+01
-2.000000000000000000e+01
0.000000000000000000e+00
4.000000000000000000e+01
-7.000000000000000000e+00
7.000000000000000000e+00
-1.000000000000000000e+00
-7.000000000000000000e+00
1.300000000000000000e+01
-8.000000000000000000e+00
-7.000000000000000000e+00
2.900000000000000000e+01
-3.000000000000000000e+00
1.500000000000000000e+01
8.000000000000000000e+00
1.600000000000000000e+01
-1.800000000000000000e+01
-3.000000000000000000e+00
-1.400000000000000000e+01
-1.400000000000000000e+01
1.600000000000000000e+01
4.200000000000000000e+01
-2.400000000000000000e+01
-1.200000000000000000e+01
-8.000000000000000000e+00
1.300000000000000000e+01
2.100000000000000000e+01
1.000000000000000000e+01
9.000000000000000000e+00
-1.500000000000000000e+01
1.600000000000000000e+01
3.000000000000000000e+00
2.500000000000000000e+01
1.200000000000000000e+01
-4.000000000000000000e+00
0.000000000000000000e+00
-2.900000000000000000e+01
-5.000000000000000000e+00
-5.000000000000000000e+00
0.000000000000000000e+00
2.000000000000000000e+00
-6.000000000000000000e+00
2.000000000000000000e+00
5.000000000000000000e+00
1.000000000000000000e+01
2.000000000000000000e+00
-6.000000000000000000e+00
3.300000000000000000e+01
-2.900000000000000000e+01
-1.000000000000000000e+01
2.000000000000000000e+00
2.000000000000000000e+00
1.200000000000000000e+01
1.000000000000000000e+00
1.600000000000000000e+01
7.000000000000000000e+00
1.900000000000000000e+01
1.800000000000000000e+01
-9.000000000000000000e+00
-2.800000000000000000e+01
3.000000000000000000e+00
-8.000000000000000000e+00
1.100000000000000000e+01
-6.000000000000000000e+00
0.000000000000000000e+00
-9.000000000000000000e+00
0.000000000000000000e+00
-1.200000000000000000e+01
-5.000000000000000000e+00
-7.000000000000000000e+00
-2.000000000000000000e+00
-1.300000000000000000e+01
3.400000000000000000e+01
2.000000000000000000e+00
-2.200000000000000000e+01
-4.000000000000000000e+00
3.800000000000000000e+01
2.200000000000000000e+01
-1.300000000000000000e+01
-8.000000000000000000e+00
3.000000000000000000e+00
2.000000000000000000e+00
8.000000000000000000e+00
-1.000000000000000000e+00
5.000000000000000000e+00
-2.200000000000000000e+01
-8.000000000000000000e+00
1.500000000000000000e+01
2.900000000000000000e+01
-2.500000000000000000e+01
-9.000000000000000000e+00
-2.300000000000000000e+01
-5.000000000000000000e+00
-4.500000000000000000e+01
6.000000000000000000e+01
-3.000000000000000000e+00
1.600000000000000000e+01
3.000000000000000000e+00
5.000000000000000000e+00
-2.000000000000000000e+00
4.000000000000000000e+00
5.000000000000000000e+00
1.600000000000000000e+01
4.000000000000000000e+00
-7.000000000000000000e+00
-9.000000000000000000e+00
4.000000000000000000e+00
-1.900000000000000000e+01
-2.900000000000000000e+01
-9.000000000000000000e+01
-1.300000000000000000e+01
-2.000000000000000000e+00
1.500000000000000000e+01
1.400000000000000000e+01
-2.000000000000000000e+01
6.000000000000000000e+00
-5.000000000000000000e+00
4.000000000000000000e+00
-2.600000000000000000e+01
2.000000000000000000e+01
2.000000000000000000e+00
1.000000000000000000e+01
-3.400000000000000000e+01
-1.600000000000000000e+01
-2.000000000000000000e+00
3.000000000000000000e+01
1.500000000000000000e+01
3.300000000000000000e+01
-5.000000000000000000e+00
3.000000000000000000e+00
1.600000000000000000e+01
-7.000000000000000000e+00
1.000000000000000000e+01
-8.000000000000000000e+00
-1.400000000000000000e+01
7.000000000000000000e+00
1.100000000000000000e+01
2.500000000000000000e+01
1.100000000000000000e+01
-3.000000000000000000e+00
-5.000000000000000000e+00
2.300000000000000000e+01
1.700000000000000000e+01
1.900000000000000000e+01
2.000000000000000000e+01
-2.000000000000000000e+00
2.000000000000000000e+00
1.100000000000000000e+01
-4.000000000000000000e+00
-2.100000000000000000e+01
2.700000000000000000e+01
5.000000000000000000e+00
1.400000000000000000e+01
-5.000000000000000000e+00
-1.900000000000000000e+01
-1.200000000000000000e+01
1.500000000000000000e+01
3.000000000000000000e+00
2.000000000000000000e+01
-1.200000000000000000e+01
-1.900000000000000000e+01
-4.000000000000000000e+00
-1.200000000000000000e+01
5.000000000000000000e+01
-6.000000000000000000e+00
1.100000000000000000e+01
-5.000000000000000000e+00
-9.000000000000000000e+00
-1.200000000000000000e+01
5.000000000000000000e+00
1.700000000000000000e+01
1.500000000000000000e+01
2.600000000000000000e+01
-7.000000000000000000e+00
-2.200000000000000000e+01
8.000000000000000000e+00
9.000000000000000000e+00
2.400000000000000000e+01
-2.100000000000000000e+01
8.000000000000000000e+00
-3.500000000000000000e+01
1.000000000000000000e+01
1.300000000000000000e+01
1.000000000000000000e+00
-1.000000000000000000e+00
6.000000000000000000e+00
-1.700000000000000000e+01
-2.300000000000000000e+01
5.000000000000000000e+00
1.900000000000000000e+01
1.200000000000000000e+01
9.000000000000000000e+00
-1.700000000000000000e+01
-6.000000000000000000e+00
-2.000000000000000000e+00
1.000000000000000000e+00
-4.000000000000000000e+00
6.000000000000000000e+00
-4.000000000000000000e+00
2.100000000000000000e+01
2.500000000000000000e+01
5.000000000000000000e+00
3.000000000000000000e+00
-1.200000000000000000e+01
-2.000000000000000000e+01
-1.100000000000000000e+01
9.000000000000000000e+00
-8.000000000000000000e+00
-2.000000000000000000e+00
-6.000000000000000000e+00
1.800000000000000000e+01
2.000000000000000000e+01
1.000000000000000000e+01
2.000000000000000000e+00
2.100000000000000000e+01
-1.100000000000000000e+01
7.000000000000000000e+00
-5.000000000000000000e+00
-1.000000000000000000e+01
2.300000000000000000e+01
-2.000000000000000000e+01
1.000000000000000000e+00
6.000000000000000000e+00
-2.600000000000000000e+01
3.000000000000000000e+00
6.000000000000000000e+00
9.000000000000000000e+00
9.000000000000000000e+00
-9.000000000000000000e+00
-3.000000000000000000e+00
0.000000000000000000e+00
5.000000000000000000e+00
-3.000000000000000000e+00
-2.000000000000000000e+00
-1.200000000000000000e+01
2.200000000000000000e+01
8.000000000000000000e+00
2.200000000000000000e+01
0.000000000000000000e+00
-4.000000000000000000e+00
-1.500000000000000000e+01
-2.000000000000000000e+01
-9.000000000000000000e+00
1.100000000000000000e+01
-2.000000000000000000e+01
-3.000000000000000000e+00
-5.000000000000000000e+00
-4.000000000000000000e+00
1.600000000000000000e+01
2.000000000000000000e+00
-2.000000000000000000e+00
-1.800000000000000000e+01
-2.600000000000000000e+01
-1.200000000000000000e+01
-1.200000000000000000e+01
1.800000000000000000e+01
-9.000000000000000000e+00
3.000000000000000000e+00
4.000000000000000000e+00
-1.000000000000000000e+00
-5.000000000000000000e+00
-1.400000000000000000e+01
1.200000000000000000e+01
-3.000000000000000000e+00
9.000000000000000000e+00
3.900000000000000000e+01
-1.800000000000000000e+01
2.800000000000000000e+01
-1.900000000000000000e+01
0.000000000000000000e+00
-4.000000000000000000e+00
8.000000000000000000e+00
5.000000000000000000e+00
-1.100000000000000000e+01
9.000000000000000000e+00
3.000000000000000000e+01
1.600000000000000000e+01
3.400000000000000000e+01
1.300000000000000000e+01
-1.300000000000000000e+01
-1.700000000000000000e+01
2.200000000000000000e+01
-4.000000000000000000e+00
-4.000000000000000000e+00
-3.000000000000000000e+00
-3.600000000000000000e+01
4.000000000000000000e+00
-2.600000000000000000e+01
-8.000000000000000000e+00
4.000000000000000000e+00
9.000000000000000000e+00
-1.000000000000000000e+00
-8.000000000000000000e+00
-1.400000000000000000e+01
-3.000000000000000000e+00
1.200000000000000000e+01
1.500000000000000000e+01
3.000000000000000000e+00
-1.200000000000000000e+01
1.800000000000000000e+01
-8.000000000000000000e+00
9.000000000000000000e+00
-2.000000000000000000e+00
5.000000000000000000e+00
-8.000000000000000000e+00
-2.400000000000000000e+01
5.000000000000000000e+00
2.000000000000000000e+00
-9.000000000000000000e+00
4.000000000000000000e+00
-5.000000000000000000e+00
-2.300000000000000000e+01
2.000000000000000000e+01
7.000000000000000000e+00
5.000000000000000000e+00
-2.500000000000000000e+01
1.800000000000000000e+01
1.100000000000000000e+01
7.000000000000000000e+00
1.400000000000000000e+01
-3.300000000000000000e+01
1.800000000000000000e+01
2.100000000000000000e+01
4.000000000000000000e+00
1.000000000000000000e+00
3.000000000000000000e+00
2.400000000000000000e+01
2.400000000000000000e+01
6.000000000000000000e+00
9.000000000000000000e+00
0.000000000000000000e+00
-6.000000000000000000e+00
1.300000000000000000e+01
-5.000000000000000000e+00
-2.000000000000000000e+00
-3.000000000000000000e+00
-5.000000000000000000e+00
-2.000000000000000000e+00
6.000000000000000000e+00
-1.600000000000000000e+01
1.900000000000000000e+01
1.000000000000000000e+00
1.200000000000000000e+01
-2.900000000000000000e+01
-1.500000000000000000e+01
2.800000000000000000e+01
-4.000000000000000000e+00
-9.000000000000000000e+00
1.400000000000000000e+01
-2.000000000000000000e+00
3.600000000000000000e+01
-4.000000000000000000e+00
-1.600000000000000000e+01
1.000000000000000000e+01
2.000000000000000000e+00
1.000000000000000000e+01
-2.100000000000000000e+01
1.000000000000000000e+00
0.000000000000000000e+00
5.000000000000000000e+00
-1.500000000000000000e+01
6.000000000000000000e+00
-1.200000000000000000e+01
-1.300000000000000000e+01
-1.000000000000000000e+01
-3.000000000000000000e+00
1.000000000000000000e+01
2.000000000000000000e+00
-1.700000000000000000e+01
1.000000000000000000e+00
2.000000000000000000e+00
1.700000000000000000e+01
6.000000000000000000e+00
-1.500000000000000000e+01
1.200000000000000000e+01
-1.200000000000000000e+01
-5.000000000000000000e+00
-1.100000000000000000e+01
3.000000000000000000e+00
-1.000000000000000000e+01
1.300000000000000000e+01
-1.500000000000000000e+01
1.900000000000000000e+01
6.000000000000000000e+00
-1.800000000000000000e+01
-1.100000000000000000e+01
3.000000000000000000e+01
-4.000000000000000000e+00
-2.800000000000000000e+01
-6.000000000000000000e+00
-3.700000000000000000e+01
-2.000000000000000000e+00
-3.000000000000000000e+01
2.600000000000000000e+01
-3.000000000000000000e+00
-2.600000000000000000e+01
0.000000000000000000e+00
1.100000000000000000e+01
9.000000000000000000e+00
-2.000000000000000000e+00
-4.000000000000000000e+00
7.000000000000000000e+00
-2.000000000000000000e+00
4.000000000000000000e+00
-1.200000000000000000e+01
-1.100000000000000000e+01
-9.000000000000000000e+00
1.500000000000000000e+01
1.100000000000000000e+01
4.000000000000000000e+00
1.300000000000000000e+01
-1.000000000000000000e+00
-3.500000000000000000e+01
2.700000000000000000e+01
-1.000000000000000000e+01
1.800000000000000000e+01
1.000000000000000000e+00
2.100000000000000000e+01
-4.000000000000000000e+00
0.000000000000000000e+00
-1.100000000000000000e+01
4.000000000000000000e+00
-1.900000000000000000e+01
-1.100000000000000000e+01
2.000000000000000000e+01
-7.000000000000000000e+00
-1.100000000000000000e+01
6.000000000000000000e+00
6.000000000000000000e+00
-1.400000000000000000e+01
2.100000000000000000e+01
-9.000000000000000000e+00
1.500000000000000000e+01
-8.000000000000000000e+00
-1.000000000000000000e+01
8.000000000000000000e+00
-1.000000000000000000e+00
-3.700000000000000000e+01
1.200000000000000000e+01
6.000000000000000000e+00
8.000000000000000000e+00
-1.000000000000000000e+01
1.200000000000000000e+01
-4.000000000000000000e+00
-1.000000000000000000e+01
-2.300000000000000000e+01
1.000000000000000000e+00
-8.000000000000000000e+00
1.300000000000000000e+01
6.000000000000000000e+00
8.000000000000000000e+00
-8.000000000000000000e+00
2.000000000000000000e+00
4.000000000000000000e+00
1.800000000000000000e+01
-6.000000000000000000e+00
3.000000000000000000e+00
1.800000000000000000e+01
2.800000000000000000e+01
6.000000000000000000e+00
3.000000000000000000e+00
2.100000000000000000e+01
1.000000000000000000e+00
1.700000000000000000e+01
6.000000000000000000e+00
-1.700000000000000000e+01
1.000000000000000000e+00
-2.100000000000000000e+01
-1.800000000000000000e+01
-5.000000000000000000e+00
-1.600000000000000000e+01
-8.000000000000000000e+00
9.000000000000000000e+00
2.400000000000000000e+01
-2.000000000000000000e+00
1.100000000000000000e+01
1.900000000000000000e+01
6.000000000000000000e+00
-1.000000000000000000e+01
-2.100000000000000000e+01
-3.000000000000000000e+00
-1.100000000000000000e+01
1.300000000000000000e+01
4.000000000000000000e+00
-1.900000000000000000e+01
-4.000000000000000000e+00
2.200000000000000000e+01
-2.100000000000000000e+01
-2.000000000000000000e+00
5.000000000000000000e+00
1.600000000000000000e+01
-2.000000000000000000e+00
8.000000000000000000e+00
2.300000000000000000e+01
1.000000000000000000e+01
7.000000000000000000e+00
6.000000000000000000e+00
1.800000000000000000e+01
0.000000000000000000e+00
1.000000000000000000e+00
-1.000000000000000000e+01
-7.000000000000000000e+00
-6.000000000000000000e+00
1.100000000000000000e+01
1.000000000000000000e+00
1.200000000000000000e+01
3.400000000000000000e+01
2.100000000000000000e+01
2.600000000000000000e+01
2.000000000000000000e+00
-1.000000000000000000e+00
2.700000000000000000e+01
-3.000000000000000000e+00
9.000000000000000000e+00
-5.000000000000000000e+00
1.600000000000000000e+01
3.000000000000000000e+01
-3.000000000000000000e+00
3.100000000000000000e+01
3.100000000000000000e+01
3.600000000000000000e+01
3.400000000000000000e+01
3.300000000000000000e+01
9.000000000000000000e+00
2.600000000000000000e+01
3.000000000000000000e+01
5.700000000000000000e+01
1.100000000000000000e+01
3.000000000000000000e+01
5.900000000000000000e+01
4.800000000000000000e+01
2.800000000000000000e+01
4.300000000000000000e+01
4.600000000000000000e+01
3.200000000000000000e+01
2.900000000000000000e+01
6.700000000000000000e+01
6.200000000000000000e+01
5.300000000000000000e+01
4.300000000000000000e+01
8.900000000000000000e+01
5.200000000000000000e+01
6.100000000000000000e+01
7.700000000000000000e+01
9.000000000000000000e+01
6.200000000000000000e+01
1.130000000000000000e+02
7.800000000000000000e+01
1.180000000000000000e+02
9.500000000000000000e+01
1.150000000000000000e+02
1.330000000000000000e+02
1.180000000000000000e+02
1.230000000000000000e+02
1.300000000000000000e+02
1.440000000000000000e+02
1.300000000000000000e+02
1.890000000000000000e+02
1.830000000000000000e+02
1.790000000000000000e+02
2.250000000000000000e+02
2.270000000000000000e+02
2.220000000000000000e+02
2.620000000000000000e+02
2.600000000000000000e+02
2.670000000000000000e+02
2.990000000000000000e+02
2.870000000000000000e+02
3.190000000000000000e+02
3.590000000000000000e+02
3.220000000000000000e+02
3.330000000000000000e+02
3.480000000000000000e+02
3.570000000000000000e+02
3.680000000000000000e+02
4.030000000000000000e+02
4.150000000000000000e+02
4.490000000000000000e+02
4.790000000000000000e+02
5.140000000000000000e+02
5.100000000000000000e+02
5.210000000000000000e+02
5.500000000000000000e+02
5.600000000000000000e+02
6.350000000000000000e+02
6.580000000000000000e+02
6.720000000000000000e+02
6.890000000000000000e+02
6.880000000000000000e+02
7.070000000000000000e+02
7.590000000000000000e+02
7.620000000000000000e+02
7.960000000000000000e+02
8.180000000000000000e+02
8.180000000000000000e+02
8.380000000000000000e+02
9.260000000000000000e+02
8.840000000000000000e+02
9.510000000000000000e+02
9.440000000000000000e+02
9.550000000000000000e+02
9.880000000000000000e+02
1.049000000000000000e+03
1.033000000000000000e+03
1.047000000000000000e+03
1.049000000000000000e+03
1.089000000000000000e+03
1.044000000000000000e+03
1.106000000000000000e+03
1.111000000000000000e+03
1.099000000000000000e+03
1.151000000000000000e+03
1.178000000000000000e+03
1.189000000000000000e+03
1.197000000000000000e+03
1.165000000000000000e+03
1.192000000000000000e+03
1.283000000000000000e+03
1.264000000000000000e+03
1.309000000000000000e+03
1.237000000000000000e+03
1.271000000000000000e+03
1.298000000000000000e+03
1.271000000000000000e+03
1.299000000000000000e+03
1.298000000000000000e+03
1.326000000000000000e+03
1.301000000000000000e+03
1.352000000000000000e+03
1.356000000000000000e+03
1.320000000000000000e+03
1.267000000000000000e+03
1.266000000000000000e+03
1.231000000000000000e+03
1.244000000000000000e+03
1.197000000000000000e+03
1.220000000000000000e+03
1.173000000000000000e+03
1.135000000000000000e+03
1.090000000000000000e+03
1.110000000000000000e+03
1.114000000000000000e+03
1.104000000000000000e+03
1.084000000000000000e+03
1.075000000000000000e+03
1.051000000000000000e+03
1.063000000000000000e+03
1.030000000000000000e+03
1.058000000000000000e+03
1.036000000000000000e+03
1.024000000000000000e+03
1.016000000000000000e+03
9.710000000000000000e+02
1.007000000000000000e+03
9.420000000000000000e+02
9.320000000000000000e+02
8.840000000000000000e+02
9.050000000000000000e+02
9.030000000000000000e+02
8.700000000000000000e+02
8.370000000000000000e+02
8.060000000000000000e+02
8.070000000000000000e+02
8.550000000000000000e+02
8.070000000000000000e+02
7.570000000000000000e+02
7.430000000000000000e+02
7.120000000000000000e+02
6.990000000000000000e+02
6.700000000000000000e+02
6.520000000000000000e+02
6.230000000000000000e+02
6.070000000000000000e+02
5.770000000000000000e+02
5.270000000000000000e+02
5.380000000000000000e+02
5.390000000000000000e+02
5.150000000000000000e+02
4.840000000000000000e+02
4.960000000000000000e+02
5.160000000000000000e+02
4.610000000000000000e+02
4.220000000000000000e+02
4.570000000000000000e+02
4.200000000000000000e+02
4.350000000000000000e+02
3.850000000000000000e+02
3.690000000000000000e+02
3.470000000000000000e+02
3.290000000000000000e+02
3.630000000000000000e+02
3.310000000000000000e+02
3.180000000000000000e+02
2.670000000000000000e+02
2.890000000000000000e+02
2.900000000000000000e+02
2.420000000000000000e+02
2.430000000000000000e+02
2.280000000000000000e+02
2.160000000000000000e+02
2.100000000000000000e+02
1.750000000000000000e+02
1.890000000000000000e+02
2.130000000000000000e+02
1.750000000000000000e+02
1.810000000000000000e+02
1.900000000000000000e+02
1.660000000000000000e+02
1.300000000000000000e+02
1.570000000000000000e+02
1.400000000000000000e+02
1.410000000000000000e+02
1.170000000000000000e+02
1.270000000000000000e+02
1.280000000000000000e+02
1.080000000000000000e+02
1.230000000000000000e+02
1.080000000000000000e+02
7.700000000000000000e+01
8.700000000000000000e+01
9.900000000000000000e+01
7.200000000000000000e+01
4.800000000000000000e+01
8.100000000000000000e+01
5.900000000000000000e+01
5.800000000000000000e+01
5.800000000000000000e+01
8.600000000000000000e+01
7.700000000000000000e+01
7.100000000000000000e+01
5.100000000000000000e+01
6.800000000000000000e+01
5.000000000000000000e+01
4.400000000000000000e+01
3.400000000000000000e+01
2.400000000000000000e+01
1.500000000000000000e+01
3.100000000000000000e+01
3.700000000000000000e+01
5.400000000000000000e+01
5.000000000000000000e+00
1.600000000000000000e+01
3.400000000000000000e+01
3.900000000000000000e+01
1.000000000000000000e+00
5.000000000000000000e+00
2.800000000000000000e+01
4.300000000000000000e+01
1.000000000000000000e+00
7.000000000000000000e+00
1.500000000000000000e+01
2.900000000000000000e+01
3.000000000000000000e+01
2.000000000000000000e+00
-1.000000000000000000e+01
-8.000000000000000000e+00
1.000000000000000000e+00
2.200000000000000000e+01
-7.000000000000000000e+00
2.200000000000000000e+01
5.000000000000000000e+00
-3.000000000000000000e+00
1.200000000000000000e+01
1.200000000000000000e+01
6.000000000000000000e+00
3.000000000000000000e+01
-1.300000000000000000e+01
3.800000000000000000e+01
2.200000000000000000e+01
2.000000000000000000e+01
3.000000000000000000e+00
-6.000000000000000000e+00
-2.000000000000000000e+00
4.200000000000000000e+01
-2.700000000000000000e+01
0.000000000000000000e+00
2.400000000000000000e+01
1.300000000000000000e+01
1.100000000000000000e+01
2.300000000000000000e+01
1.400000000000000000e+01
3.300000000000000000e+01
-1.600000000000000000e+01
1.600000000000000000e+01
-1.700000000000000000e+01
7.000000000000000000e+00
5.000000000000000000e+00
1.000000000000000000e+01
1.700000000000000000e+01
4.000000000000000000e+00
-2.100000000000000000e+01
6.000000000000000000e+00
-2.000000000000000000e+00
-2.200000000000000000e+01
-2.000000000000000000e+01
1.800000000000000000e+01
1.100000000000000000e+01
2.100000000000000000e+01
5.000000000000000000e+00
1.500000000000000000e+01
-7.000000000000000000e+00
-2.600000000000000000e+01
-6.000000000000000000e+00
1.700000000000000000e+01
6.000000000000000000e+00
7.000000000000000000e+00
6.000000000000000000e+00
1.000000000000000000e+00
-3.000000000000000000e+00
-1.300000000000000000e+01
-1.800000000000000000e+01
1.600000000000000000e+01
-2.400000000000000000e+01
-1.260000000000000000e+02
2.000000000000000000e+01
-1.300000000000000000e+01
-1.600000000000000000e+01
-8.000000000000000000e+00
6.000000000000000000e+00
-7.000000000000000000e+00
4.000000000000000000e+00
2.100000000000000000e+01
6.000000000000000000e+00
-1.000000000000000000e+00
-1.400000000000000000e+01
2.700000000000000000e+01
9.000000000000000000e+00
2.400000000000000000e+01
-4.000000000000000000e+00
3.000000000000000000e+00
-8.000000000000000000e+00
3.000000000000000000e+00
