-4.000000000000000000e+00
2.000000000000000000e+00
-8.000000000000000000e+00
-5.000000000000000000e+00
-9.000000000000000000e+00
-4.400000000000000000e+01
-5.000000000000000000e+00
-2.200000000000000000e+01
-7.000000000000000000e+00
-1.300000000000000000e+01
-9.000000000000000000e+00
1.600000000000000000e+01
-7.000000000000000000e+00
-3.000000000000000000e+00
-2.500000000000000000e+01
-5.000000000000000000e+00
-7.000000000000000000e+00
-1.200000000000000000e+01
-5.000000000000000000e+00
-3.000000000000000000e+01
-5.600000000000000000e+01
-6.000000000000000000e+00
0.000000000000000000e+00
-2.200000000000000000e+01
-1.400000000000000000e+01
2.000000000000000000e+00
-6.000000000000000000e+00
-1.900000000000000000e+01
-1.100000000000000000e+01
-4.800000000000000000e+01
-3.800000000000000000e+01
-2.200000000000000000e+01
-5.000000000000000000e+00
-2.900000000000000000e+01
1.000000000000000000e+00
-2.500000000000000000e+01
-6.000000000000000000e+00
1.300000000000000000e+01
-1.400000000000000000e+01
-3.400000000000000000e+01
-3.000000000000000000e+01
-1.600000000000000000e+01
-5.000000000000000000e+01
-3.000000000000000000e+00
-6.000000000000000000e+00
-4.300000000000000000e+01
-1.100000000000000000e+01
-2.200000000000000000e+01
-2.000000000000000000e+01
-8.000000000000000000e+00
-1.700000000000000000e+01
-3.600000000000000000e+01
-1.300000000000000000e+01
-3.700000000000000000e+01
-2.200000000000000000e+01
-1.000000000000000000e+01
-4.100000000000000000e+01
-2.200000000000000000e+01
-1.100000000000000000e+01
4.000000000000000000e+00
-2.000000000000000000e+01
-4.600000000000000000e+01
-5.300000000000000000e+01
-1.400000000000000000e+01
-1.100000000000000000e+01
-1.800000000000000000e+01
-3.100000000000000000e+01
-2.500000000000000000e+01
-3.500000000000000000e+01
7.000000000000000000e+00
-4.000000000000000000e+01
-4.200000000000000000e+01
-8.000000000000000000e+00
-5.700000000000000000e+01
-2.800000000000000000e+01
-2.600000000000000000e+01
-7.000000000000000000e+00
-1.100000000000000000e+01
-9.000000000000000000e+00
-2.700000000000000000e+01
-5.200000000000000000e+01
-2.500000000000000000e+01
-4.600000000000000000e+01
-1.500000000000000000e+01
-2.400000000000000000e+01
-2.700000000000000000e+01
-3.000000000000000000e+00
4.000000000000000000e+00
-5.000000000000000000e+00
-1.800000000000000000e+01
-5.100000000000000000e+01
-3.300000000000000000e+01
-2.600000000000000000e+01
-2.700000000000000000e+01
8.000000000000000000e+00
5.000000000000000000e+00
-2.000000000000000000e+01
-4.000000000000000000e+01
-7.200000000000000000e+01
-3.100000000000000000e+01
-1.800000000000000000e+01
-2.900000000000000000e+01
-2.100000000000000000e+01
9.000000000000000000e+00
-2.700000000000000000e+01
-1.500000000000000000e+01
-3.700000000000000000e+01
-2.400000000000000000e+01
-1.000000000000000000e+01
-1.100000000000000000e+01
-1.000000000000000000e+00
3.000000000000000000e+00
-3.900000000000000000e+01
-2.800000000000000000e+01
-2.000000000000000000e+01
-4.800000000000000000e+01
-9.000000000000000000e+00
-3.600000000000000000e+01
-4.000000000000000000e+00
-2.200000000000000000e+01
5.000000000000000000e+00
-4.000000000000000000e+00
-9.000000000000000000e+00
-6.000000000000000000e+00
2.300000000000000000e+01
-6.000000000000000000e+00
-3.700000000000000000e+01
7.000000000000000000e+00
-6.000000000000000000e+01
-1.400000000000000000e+01
-3.100000000000000000e+01
-8.000000000000000000e+00
-3.200000000000000000e+01
-2.400000000000000000e+01
-1.900000000000000000e+01
-1.300000000000000000e+01
-2.700000000000000000e+01
-3.800000000000000000e+01
-2.000000000000000000e+00
-3.900000000000000000e+01
-2.200000000000000000e+01
-4.800000000000000000e+01
2.100000000000000000e+01
-1.100000000000000000e+01
4.000000000000000000e+00
-1.900000000000000000e+01
-4.000000000000000000e+01
-2.100000000000000000e+01
-3.500000000000000000e+01
-2.600000000000000000e+01
-1.800000000000000000e+01
-2.000000000000000000e+01
-3.400000000000000000e+01
-1.200000000000000000e+01
-6.000000000000000000e+00
-4.700000000000000000e+01
-3.800000000000000000e+01
-2.100000000000000000e+01
-2.800000000000000000e+01
-1.300000000000000000e+01
-3.200000000000000000e+01
-3.000000000000000000e+00
-1.300000000000000000e+01
-4.800000000000000000e+01
-2.900000000000000000e+01
9.000000000000000000e+00
-2.500000000000000000e+01
-1.800000000000000000e+01
-1.100000000000000000e+01
-2.100000000000000000e+01
-4.500000000000000000e+01
-4.300000000000000000e+01
-4.300000000000000000e+01
-2.000000000000000000e+01
-4.300000000000000000e+01
-9.000000000000000000e+00
-3.200000000000000000e+01
-1.500000000000000000e+01
-1.600000000000000000e+01
-4.100000000000000000e+01
-1.200000000000000000e+01
-1.100000000000000000e+01
-5.800000000000000000e+01
-1.400000000000000000e+01
-3.000000000000000000e+00
-3.400000000000000000e+01
-7.000000000000000000e+00
-1.100000000000000000e+01
-1.700000000000000000e+01
-1.100000000000000000e+01
-1.300000000000000000e+01
-2.300000000000000000e+01
-4.000000000000000000e+01
-7.000000000000000000e+00
-2.200000000000000000e+01
-1.900000000000000000e+01
-3.700000000000000000e+01
-1.500000000000000000e+01
-6.000000000000000000e+00
-1.800000000000000000e+01
-2.500000000000000000e+01
-2.800000000000000000e+01
-3.700000000000000000e+01
8.000000000000000000e+00
-2.500000000000000000e+01
2.000000000000000000e+00
-2.800000000000000000e+01
-2.700000000000000000e+01
-3.900000000000000000e+01
-2.100000000000000000e+01
-1.200000000000000000e+01
-9.000000000000000000e+00
-3.400000000000000000e+01
-2.100000000000000000e+01
-1.800000000000000000e+01
-2.300000000000000000e+01
-1.400000000000000000e+01
-2.000000000000000000e+01
-3.800000000000000000e+01
-1.000000000000000000e+00
-2.500000000000000000e+01
-3.100000000000000000e+01
-2.300000000000000000e+01
-3.000000000000000000e+01
-3.200000000000000000e+01
-2.200000000000000000e+01
-6.900000000000000000e+01
-4.400000000000000000e+01
0.000000000000000000e+00
-2.300000000000000000e+01
1.200000000000000000e+01
-5.100000000000000000e+01
-3.000000000000000000e+00
-2.000000000000000000e+00
-6.000000000000000000e+00
-2.100000000000000000e+01
-8.000000000000000000e+00
3.000000000000000000e+00
-6.000000000000000000e+00
-4.900000000000000000e+01
-3.900000000000000000e+01
-1.000000000000000000e+01
-3.500000000000000000e+01
1.200000000000000000e+01
-3.000000000000000000e+00
-2.800000000000000000e+01
-1.300000000000000000e+01
-1.600000000000000000e+01
-2.700000000000000000e+01
-2.800000000000000000e+01
-3.700000000000000000e+01
-3.400000000000000000e+01
6.000000000000000000e+00
-3.800000000000000000e+01
-2.400000000000000000e+01
-1.700000000000000000e+01
3.000000000000000000e+00
-2.600000000000000000e+01
-4.600000000000000000e+01
1.000000000000000000e+01
-1.700000000000000000e+01
-1.700000000000000000e+01
-1.000000000000000000e+01
-4.800000000000000000e+01
-1.900000000000000000e+01
-2.900000000000000000e+01
-3.200000000000000000e+01
-1.500000000000000000e+01
-3.100000000000000000e+01
-1.600000000000000000e+01
-2.000000000000000000e+00
-2.400000000000000000e+01
1.000000000000000000e+00
2.300000000000000000e+01
-5.000000000000000000e+00
-2.500000000000000000e+01
-2.900000000000000000e+01
-2.500000000000000000e+01
-1.100000000000000000e+01
-2.500000000000000000e+01
-4.100000000000000000e+01
-2.600000000000000000e+01
-5.200000000000000000e+01
-2.500000000000000000e+01
-2.000000000000000000e+00
-2.000000000000000000e+01
-3.400000000000000000e+01
-3.100000000000000000e+01
-1.100000000000000000e+01
-5.600000000000000000e+01
-3.100000000000000000e+01
-4.000000000000000000e+00
-4.000000000000000000e+01
-2.000000000000000000e+01
-2.100000000000000000e+01
-1.700000000000000000e+01
-1.300000000000000000e+01
2.400000000000000000e+01
-1.200000000000000000e+01
-2.000000000000000000e+01
-1.200000000000000000e+01
-4.000000000000000000e+00
-3.400000000000000000e+01
-2.600000000000000000e+01
-3.400000000000000000e+01
1.000000000000000000e+01
-1.700000000000000000e+01
-1.400000000000000000e+01
-2.800000000000000000e+01
-1.600000000000000000e+01
-4.600000000000000000e+01
4.000000000000000000e+00
-1.600000000000000000e+01
-4.900000000000000000e+01
0.000000000000000000e+00
-8.000000000000000000e+00
4.000000000000000000e+00
-3.900000000000000000e+01
-1.800000000000000000e+01
-6.300000000000000000e+01
-2.800000000000000000e+01
-1.000000000000000000e+01
7.000000000000000000e+00
2.000000000000000000e+00
-1.800000000000000000e+01
-1.400000000000000000e+01
-3.000000000000000000e+01
-1.500000000000000000e+01
-2.300000000000000000e+01
-3.100000000000000000e+01
-2.000000000000000000e+00
-1.000000000000000000e+01
-1.400000000000000000e+01
-2.100000000000000000e+01
-1.000000000000000000e+01
-2.700000000000000000e+01
8.000000000000000000e+00
-3.600000000000000000e+01
-1.400000000000000000e+01
-1.600000000000000000e+01
-4.000000000000000000e+00
-4.000000000000000000e+00
-9.000000000000000000e+00
-1.700000000000000000e+01
-6.500000000000000000e+01
-1.800000000000000000e+01
-1.700000000000000000e+01
-2.900000000000000000e+01
-1.100000000000000000e+01
5.000000000000000000e+00
-2.700000000000000000e+01
-2.300000000000000000e+01
-1.800000000000000000e+01
-1.300000000000000000e+01
1.700000000000000000e+01
-1.900000000000000000e+01
-1.600000000000000000e+01
-2.400000000000000000e+01
-2.700000000000000000e+01
-1.000000000000000000e+01
-4.300000000000000000e+01
-3.300000000000000000e+01
3.000000000000000000e+00
-2.400000000000000000e+01
1.600000000000000000e+01
3.000000000000000000e+00
-3.900000000000000000e+01
1.200000000000000000e+01
-1.600000000000000000e+01
-1.000000000000000000e+00
-1.500000000000000000e+01
-4.600000000000000000e+01
-1.700000000000000000e+01
-5.000000000000000000e+00
-1.400000000000000000e+01
-2.800000000000000000e+01
-3.900000000000000000e+01
-3.700000000000000000e+01
-2.800000000000000000e+01
-3.500000000000000000e+01
-3.500000000000000000e+01
-4.300000000000000000e+01
8.000000000000000000e+00
-1.400000000000000000e+01
-1.700000000000000000e+01
-1.700000000000000000e+01
-3.000000000000000000e+01
-2.000000000000000000e+01
-3.000000000000000000e+01
-1.700000000000000000e+01
-3.000000000000000000e+01
-2.600000000000000000e+01
-5.000000000000000000e+00
-6.300000000000000000e+01
-4.200000000000000000e+01
1.000000000000000000e+00
-5.000000000000000000e+00
-3.000000000000000000e+01
-1.100000000000000000e+01
-3.600000000000000000e+01
-2.900000000000000000e+01
-1.600000000000000000e+01
-3.100000000000000000e+01
-1.200000000000000000e+01
-3.600000000000000000e+01
-3.600000000000000000e+01
-2.500000000000000000e+01
-1.300000000000000000e+01
-2.400000000000000000e+01
-1.200000000000000000e+01
-2.300000000000000000e+01
-7.000000000000000000e+00
-1.100000000000000000e+01
1.800000000000000000e+01
-9.000000000000000000e+00
-6.300000000000000000e+01
-1.500000000000000000e+01
6.000000000000000000e+00
-1.600000000000000000e+01
-3.300000000000000000e+01
1.000000000000000000e+00
-2.100000000000000000e+01
-2.100000000000000000e+01
-4.000000000000000000e+00
9.000000000000000000e+00
-2.000000000000000000e+01
-2.800000000000000000e+01
4.000000000000000000e+00
-2.200000000000000000e+01
-3.800000000000000000e+01
0.000000000000000000e+00
-3.300000000000000000e+01
-2.100000000000000000e+01
-2.000000000000000000e+01
-1.700000000000000000e+01
-1.600000000000000000e+01
5.000000000000000000e+00
-4.100000000000000000e+01
4.000000000000000000e+01
-1.900000000000000000e+01
-1.100000000000000000e+01
-8.000000000000000000e+00
-7.000000000000000000e+00
-3.500000000000000000e+01
-3.900000000000000000e+01
-3.100000000000000000e+01
-2.800000000000000000e+01
-1.900000000000000000e+01
-2.900000000000000000e+01
-1.400000000000000000e+01
-2.500000000000000000e+01
-4.400000000000000000e+01
-3.900000000000000000e+01
-2.300000000000000000e+01
-1.700000000000000000e+01
-3.000000000000000000e+01
-6.000000000000000000e+00
-1.800000000000000000e+01
-2.900000000000000000e+01
-5.100000000000000000e+01
-2.800000000000000000e+01
-2.000000000000000000e+01
-1.600000000000000000e+01
-1.800000000000000000e+01
-1.500000000000000000e+01
-1.700000000000000000e+01
-3.000000000000000000e+01
-2.400000000000000000e+01
-1.800000000000000000e+01
2.000000000000000000e+00
-2.100000000000000000e+01
6.000000000000000000e+00
-3.600000000000000000e+01
-3.700000000000000000e+01
-3.100000000000000000e+01
-2.600000000000000000e+01
-1.700000000000000000e+01
-6.000000000000000000e+00
-9.000000000000000000e+00
-3.400000000000000000e+01
-2.700000000000000000e+01
-2.000000000000000000e+01
-1.900000000000000000e+01
-3.600000000000000000e+01
-1.100000000000000000e+01
-9.000000000000000000e+00
9.000000000000000000e+00
-3.000000000000000000e+00
3.000000000000000000e+00
-2.700000000000000000e+01
-5.400000000000000000e+01
2.500000000000000000e+01
-1.000000000000000000e+00
-2.900000000000000000e+01
-1.000000000000000000e+01
-2.900000000000000000e+01
-1.000000000000000000e+01
0.000000000000000000e+00
-3.000000000000000000e+01
-3.200000000000000000e+01
-8.000000000000000000e+00
-2.500000000000000000e+01
-8.000000000000000000e+00
6.000000000000000000e+00
1.000000000000000000e+00
5.000000000000000000e+00
-4.700000000000000000e+01
1.000000000000000000e+00
-1.800000000000000000e+01
-4.600000000000000000e+01
-1.800000000000000000e+01
-2.600000000000000000e+01
-7.000000000000000000e+00
-1.900000000000000000e+01
-1.700000000000000000e+01
-1.200000000000000000e+01
-1.500000000000000000e+01
-2.500000000000000000e+01
-1.000000000000000000e+00
-3.200000000000000000e+01
-1.900000000000000000e+01
7.000000000000000000e+00
-1.000000000000000000e+01
-5.300000000000000000e+01
-5.000000000000000000e+00
2.000000000000000000e+01
-1.100000000000000000e+01
2.500000000000000000e+01
-1.000000000000000000e+00
-9.000000000000000000e+00
-1.500000000000000000e+01
3.500000000000000000e+01
1.200000000000000000e+01
1.300000000000000000e+01
2.200000000000000000e+01
-1.400000000000000000e+01
1.400000000000000000e+01
3.100000000000000000e+01
1.400000000000000000e+01
3.000000000000000000e+00
6.000000000000000000e+00
3.300000000000000000e+01
1.200000000000000000e+01
2.400000000000000000e+01
1.200000000000000000e+01
-3.400000000000000000e+01
0.000000000000000000e+00
-3.900000000000000000e+01
1.700000000000000000e+01
-9.000000000000000000e+00
-7.000000000000000000e+00
-2.300000000000000000e+01
-5.000000000000000000e+00
-2.200000000000000000e+01
7.000000000000000000e+00
-1.900000000000000000e+01
1.000000000000000000e+01
-3.500000000000000000e+01
-4.500000000000000000e+01
-3.400000000000000000e+01
-4.700000000000000000e+01
-3.600000000000000000e+01
-5.200000000000000000e+01
-2.800000000000000000e+01
-1.400000000000000000e+01
-6.000000000000000000e+00
-2.100000000000000000e+01
-2.000000000000000000e+01
-1.800000000000000000e+01
-1.000000000000000000e+01
-1.500000000000000000e+01
-2.700000000000000000e+01
-1.400000000000000000e+01
-2.300000000000000000e+01
-6.000000000000000000e+00
-4.300000000000000000e+01
-3.100000000000000000e+01
-1.600000000000000000e+01
-3.000000000000000000e+00
-8.000000000000000000e+00
-2.000000000000000000e+01
2.000000000000000000e+00
5.000000000000000000e+00
-3.700000000000000000e+01
0.000000000000000000e+00
-2.500000000000000000e+01
-9.000000000000000000e+00
-3.300000000000000000e+01
-2.300000000000000000e+01
-2.100000000000000000e+01
-5.500000000000000000e+01
-1.000000000000000000e+01
-3.000000000000000000e+00
-1.500000000000000000e+01
-6.000000000000000000e+00
-1.800000000000000000e+01
-3.200000000000000000e+01
-3.000000000000000000e+01
-2.000000000000000000e+00
-4.000000000000000000e+00
-3.500000000000000000e+01
-2.100000000000000000e+01
9.000000000000000000e+00
1.000000000000000000e+00
2.000000000000000000e+00
-4.000000000000000000e+00
-3.100000000000000000e+01
-8.000000000000000000e+00
-1.400000000000000000e+01
-1.400000000000000000e+01
-1.400000000000000000e+01
-8.000000000000000000e+00
-2.300000000000000000e+01
-1.100000000000000000e+01
-1.000000000000000000e+00
-1.600000000000000000e+01
1.800000000000000000e+01
-7.000000000000000000e+00
-3.000000000000000000e+01
1.000000000000000000e+00
-7.000000000000000000e+00
-2.100000000000000000e+01
-2.600000000000000000e+01
-2.100000000000000000e+01
-6.000000000000000000e+00
1.600000000000000000e+01
-4.800000000000000000e+01
0.000000000000000000e+00
-4.800000000000000000e+01
-3.400000000000000000e+01
-5.000000000000000000e+01
-1.400000000000000000e+01
0.000000000000000000e+00
-5.000000000000000000e+00
-1.000000000000000000e+00
-6.300000000000000000e+01
-2.500000000000000000e+01
1.000000000000000000e+01
-1.100000000000000000e+01
-4.200000000000000000e+01
-2.700000000000000000e+01
7.000000000000000000e+00
-2.500000000000000000e+01
-1.000000000000000000e+01
-2.100000000000000000e+01
-5.000000000000000000e+00
-1.200000000000000000e+01
-5.200000000000000000e+01
1.500000000000000000e+01
-2.200000000000000000e+01
-2.000000000000000000e+01
-1.600000000000000000e+01
-4.200000000000000000e+01
-1.200000000000000000e+01
-1.800000000000000000e+01
-1.300000000000000000e+01
-1.600000000000000000e+01
1.900000000000000000e+01
-2.700000000000000000e+01
-2.300000000000000000e+01
-3.400000000000000000e+01
-5.500000000000000000e+01
-1.400000000000000000e+01
-1.600000000000000000e+01
-2.000000000000000000e+01
-2.700000000000000000e+01
-1.000000000000000000e+01
-4.000000000000000000e+00
5.000000000000000000e+00
2.100000000000000000e+01
-1.100000000000000000e+01
-1.200000000000000000e+01
8.000000000000000000e+00
4.000000000000000000e+00
8.000000000000000000e+00
3.000000000000000000e+00
-1.400000000000000000e+01
3.100000000000000000e+01
-1.100000000000000000e+01
-1.200000000000000000e+01
2.200000000000000000e+01
-3.000000000000000000e+01
4.000000000000000000e+00
-4.100000000000000000e+01
-1.700000000000000000e+01
-7.000000000000000000e+00
4.000000000000000000e+00
-2.400000000000000000e+01
-2.600000000000000000e+01
-1.300000000000000000e+01
-3.200000000000000000e+01
-1.000000000000000000e+01
-9.000000000000000000e+00
-1.000000000000000000e+01
-7.000000000000000000e+00
-5.000000000000000000e+00
-1.800000000000000000e+01
-2.100000000000000000e+01
-7.000000000000000000e+00
-5.000000000000000000e+00
-9.000000000000000000e+00
-2.400000000000000000e+01
-2.400000000000000000e+01
-2.800000000000000000e+01
-1.500000000000000000e+01
1.000000000000000000e+00
-1.000000000000000000e+01
-1.000000000000000000e+00
-1.800000000000000000e+01
-2.000000000000000000e+00
1.700000000000000000e+01
-1.000000000000000000e+00
-1.600000000000000000e+01
-2.100000000000000000e+01
1.000000000000000000e+01
2.000000000000000000e+00
-3.700000000000000000e+01
-1.900000000000000000e+01
-2.600000000000000000e+01
-1.300000000000000000e+01
-3.000000000000000000e+00
-2.300000000000000000e+01
-6.000000000000000000e+00
1.000000000000000000e+01
-5.000000000000000000e+00
1.300000000000000000e+01
1.200000000000000000e+01
-3.700000000000000000e+01
-8.000000000000000000e+00
2.300000000000000000e+01
1.600000000000000000e+01
-3.300000000000000000e+01
-3.000000000000000000e+01
8.000000000000000000e+00
8.000000000000000000e+00
-4.000000000000000000e+01
-1.100000000000000000e+01
-2.100000000000000000e+01
-3.100000000000000000e+01
4.000000000000000000e+00
1.200000000000000000e+01
-1.800000000000000000e+01
6.000000000000000000e+00
1.800000000000000000e+01
1.300000000000000000e+01
1.700000000000000000e+01
8.000000000000000000e+00
9.000000000000000000e+00
-8.000000000000000000e+00
-3.000000000000000000e+00
-3.000000000000000000e+00
-1.500000000000000000e+01
1.900000000000000000e+01
1.000000000000000000e+01
3.000000000000000000e+01
-3.200000000000000000e+01
7.000000000000000000e+00
7.000000000000000000e+00
1.600000000000000000e+01
-2.600000000000000000e+01
9.000000000000000000e+00
1.100000000000000000e+01
1.800000000000000000e+01
5.000000000000000000e+00
-5.000000000000000000e+00
-8.000000000000000000e+00
-2.200000000000000000e+01
1.600000000000000000e+01
3.200000000000000000e+01
-1.600000000000000000e+01
-1.200000000000000000e+01
-4.000000000000000000e+00
-2.300000000000000000e+01
-6.000000000000000000e+00
-3.300000000000000000e+01
9.000000000000000000e+00
-1.000000000000000000e+01
5.000000000000000000e+00
1.000000000000000000e+01
6.000000000000000000e+00
-3.000000000000000000e+01
-1.700000000000000000e+01
1.000000000000000000e+00
2.000000000000000000e+00
-2.400000000000000000e+01
7.000000000000000000e+00
1.000000000000000000e+01
-5.000000000000000000e+00
1.000000000000000000e+00
-6.000000000000000000e+00
-2.500000000000000000e+01
-1.500000000000000000e+01
-2.000000000000000000e+00
5.000000000000000000e+00
1.500000000000000000e+01
2.100000000000000000e+01
7.000000000000000000e+00
-2.900000000000000000e+01
-9.000000000000000000e+00
3.000000000000000000e+00
-3.000000000000000000e+00
5.000000000000000000e+00
1.400000000000000000e+01
-1.700000000000000000e+01
-1.300000000000000000e+01
-1.200000000000000000e+01
-1.000000000000000000e+00
-1.000000000000000000e+00
-2.300000000000000000e+01
4.100000000000000000e+01
-3.500000000000000000e+01
1.600000000000000000e+01
2.300000000000000000e+01
-2.300000000000000000e+01
-2.400000000000000000e+01
-1.500000000000000000e+01
1.500000000000000000e+01
-2.300000000000000000e+01
-1.700000000000000000e+01
4.000000000000000000e+01
1.600000000000000000e+01
1.100000000000000000e+01
3.000000000000000000e+00
-1.900000000000000000e+01
1.000000000000000000e+01
3.000000000000000000e+00
1.300000000000000000e+01
3.500000000000000000e+01
0.000000000000000000e+00
1.100000000000000000e+01
9.000000000000000000e+00
1.300000000000000000e+01
-7.000000000000000000e+00
9.000000000000000000e+00
1.300000000000000000e+01
-2.300000000000000000e+01
8.000000000000000000e+00
8.000000000000000000e+00
1.900000000000000000e+01
3.800000000000000000e+01
-1.200000000000000000e+01
1.600000000000000000e+01
-1.700000000000000000e+01
3.400000000000000000e+01
3.000000000000000000e+00
1.400000000000000000e+01
1.800000000000000000e+01
-7.000000000000000000e+00
9.000000000000000000e+00
2.200000000000000000e+01
-9.000000000000000000e+00
-1.100000000000000000e+01
2.000000000000000000e+01
-1.500000000000000000e+01
2.600000000000000000e+01
-1.700000000000000000e+01
1.900000000000000000e+01
-2.400000000000000000e+01
1.500000000000000000e+01
4.400000000000000000e+01
6.000000000000000000e+00
2.800000000000000000e+01
1.800000000000000000e+01
-1.700000000000000000e+01
5.000000000000000000e+01
5.000000000000000000e+00
3.100000000000000000e+01
-7.000000000000000000e+00
4.200000000000000000e+01
2.300000000000000000e+01
2.900000000000000000e+01
1.400000000000000000e+01
4.200000000000000000e+01
3.000000000000000000e+01
4.500000000000000000e+01
3.300000000000000000e+01
7.700000000000000000e+01
8.800000000000000000e+01
6.200000000000000000e+01
9.900000000000000000e+01
5.800000000000000000e+01
1.030000000000000000e+02
1.000000000000000000e+02
9.200000000000000000e+01
1.170000000000000000e+02
1.020000000000000000e+02
1.310000000000000000e+02
1.610000000000000000e+02
1.220000000000000000e+02
1.890000000000000000e+02
2.060000000000000000e+02
2.120000000000000000e+02
2.220000000000000000e+02
2.040000000000000000e+02
2.900000000000000000e+02
3.370000000000000000e+02
3.590000000000000000e+02
3.700000000000000000e+02
4.630000000000000000e+02
5.150000000000000000e+02
5.540000000000000000e+02
6.180000000000000000e+02
6.970000000000000000e+02
7.170000000000000000e+02
8.660000000000000000e+02
9.600000000000000000e+02
1.036000000000000000e+03
1.148000000000000000e+03
1.250000000000000000e+03
1.386000000000000000e+03
1.526000000000000000e+03
1.599000000000000000e+03
1.803000000000000000e+03
1.946000000000000000e+03
2.056000000000000000e+03
2.244000000000000000e+03
2.353000000000000000e+03
2.545000000000000000e+03
2.619000000000000000e+03
2.833000000000000000e+03
2.979000000000000000e+03
3.140000000000000000e+03
3.372000000000000000e+03
3.399000000000000000e+03
3.613000000000000000e+03
3.675000000000000000e+03
3.833000000000000000e+03
3.971000000000000000e+03
4.033000000000000000e+03
4.150000000000000000e+03
4.310000000000000000e+03
4.211000000000000000e+03
4.280000000000000000e+03
4.368000000000000000e+03
4.337000000000000000e+03
4.445000000000000000e+03
4.433000000000000000e+03
4.269000000000000000e+03
4.347000000000000000e+03
4.236000000000000000e+03
4.135000000000000000e+03
4.083000000000000000e+03
3.993000000000000000e+03
3.935000000000000000e+03
3.783000000000000000e+03
3.664000000000000000e+03
3.493000000000000000e+03
3.403000000000000000e+03
3.225000000000000000e+03
3.087000000000000000e+03
3.008000000000000000e+03
2.794000000000000000e+03
2.606000000000000000e+03
2.514000000000000000e+03
2.372000000000000000e+03
2.246000000000000000e+03
2.119000000000000000e+03
1.927000000000000000e+03
1.789000000000000000e+03
1.648000000000000000e+03
1.507000000000000000e+03
1.397000000000000000e+03
1.230000000000000000e+03
1.163000000000000000e+03
1.050000000000000000e+03
9.190000000000000000e+02
8.420000000000000000e+02
7.740000000000000000e+02
6.480000000000000000e+02
6.090000000000000000e+02
5.270000000000000000e+02
4.680000000000000000e+02
4.100000000000000000e+02
3.880000000000000000e+02
3.090000000000000000e+02
2.440000000000000000e+02
2.320000000000000000e+02
2.080000000000000000e+02
1.960000000000000000e+02
1.550000000000000000e+02
1.340000000000000000e+02
1.080000000000000000e+02
9.600000000000000000e+01
6.700000000000000000e+01
7.000000000000000000e+01
5.700000000000000000e+01
4.300000000000000000e+01
4.600000000000000000e+01
4.100000000000000000e+01
3.200000000000000000e+01
2.600000000000000000e+01
-5.000000000000000000e+00
3.000000000000000000e+00
3.000000000000000000e+00
1.000000000000000000e+00
6.000000000000000000e+00
-4.000000000000000000e+00
-2.000000000000000000e+00
-3.100000000000000000e+01
-2.600000000000000000e+01
6.000000000000000000e+00
-5.000000000000000000e+00
1.800000000000000000e+01
1.400000000000000000e+01
-1.100000000000000000e+01
4.000000000000000000e+00
-2.400000000000000000e+01
-1.000000000000000000e+00
2.100000000000000000e+01
9.000000000000000000e+00
-1.100000000000000000e+01
0.000000000000000000e+00
1.800000000000000000e+01
1.000000000000000000e+01
-1.500000000000000000e+01
3.300000000000000000e+01
1.000000000000000000e+00
5.000000000000000000e+00
-1.500000000000000000e+01
-5.000000000000000000e+00
-2.000000000000000000e+01
-2.000000000000000000e+01
-1.000000000000000000e+00
1.300000000000000000e+01
-1.000000000000000000e+01
7.000000000000000000e+00
2.800000000000000000e+01
-3.900000000000000000e+01
-1.000000000000000000e+01
-7.000000000000000000e+00
-1.300000000000000000e+01
1.500000000000000000e+01
6.000000000000000000e+00
-6.000000000000000000e+00
-1.200000000000000000e+01
-1.000000000000000000e+01
-2.400000000000000000e+01
-2.000000000000000000e+00
2.200000000000000000e+01
1.700000000000000000e+01
9.000000000000000000e+00
1.700000000000000000e+01
-1.000000000000000000e+01
-3.000000000000000000e+01
6.000000000000000000e+00
-4.000000000000000000e+00
-1.400000000000000000e+01
0.000000000000000000e+00
0.000000000000000000e+00
1.500000000000000000e+01
-1.500000000000000000e+01
0.000000000000000000e+00
-5.000000000000000000e+00
2.000000000000000000e+01
-1.200000000000000000e+01
5.000000000000000000e+00
-2.600000000000000000e+01
-3.000000000000000000e+00
-6.000000000000000000e+00
1.200000000000000000e+01
-2.300000000000000000e+01
-5.000000000000000000e+00
6.000000000000000000e+00
1.000000000000000000e+00
2.600000000000000000e+01
-2.600000000000000000e+01
1.000000000000000000e+00
3.500000000000000000e+01
4.000000000000000000e+01
2.000000000000000000e+00
-2.200000000000000000e+01
5.000000000000000000e+00
5.000000000000000000e+00
-7.000000000000000000e+00
5.000000000000000000e+00
1.400000000000000000e+01
2.000000000000000000e+01
-2.600000000000000000e+01
-7.000000000000000000e+00
4.000000000000000000e+00
-8.000000000000000000e+00
1.400000000000000000e+01
-1.700000000000000000e+01
-2.000000000000000000e+00
3.200000000000000000e+01
-3.000000000000000000e+00
-2.200000000000000000e+01
-1.800000000000000000e+01
-3.300000000000000000e+01
-1.700000000000000000e+01
-1.400000000000000000e+01
-2.800000000000000000e+01
-1.000000000000000000e+00
2.500000000000000000e+01
9.000000000000000000e+00
-1.200000000000000000e+01
8.000000000000000000e+00
-6.000000000000000000e+00
-3.800000000000000000e+01
2.500000000000000000e+01
8.000000000000000000e+00
-6.000000000000000000e+00
-4.500000000000000000e+01
-2.300000000000000000e+01
-3.300000000000000000e+01
-3.100000000000000000e+01
-2.400000000000000000e+01
1.200000000000000000e+01
-1.300000000000000000e+01
-2.000000000000000000e+00
2.000000000000000000e+00
-1.100000000000000000e+01
8.000000000000000000e+00
-1.500000000000000000e+01
1.000000000000000000e+01
-7.000000000000000000e+00
1.100000000000000000e+01
-2.900000000000000000e+01
-2.100000000000000000e+01
-3.700000000000000000e+01
-1.100000000000000000e+01
-3.200000000000000000e+01
1.600000000000000000e+01
-3.600000000000000000e+01
-9.000000000000000000e+00
1.700000000000000000e+01
-5.000000000000000000e+00
-4.000000000000000000e+00
0.000000000000000000e+00
-1.100000000000000000e+01
-8.000000000000000000e+00
2.000000000000000000e+00
-8.000000000000000000e+00
-2.600000000000000000e+01
-8.000000000000000000e+00
5.000000000000000000e+00
-2.500000000000000000e+01
3.000000000000000000e+00
-1.900000000000000000e+01
-2.700000000000000000e+01
-5.000000000000000000e+00
-1.300000000000000000e+01
-4.000000000000000000e+00
-1.500000000000000000e+01
3.900000000000000000e+01
3.000000000000000000e+00
1.400000000000000000e+01
-2.400000000000000000e+01
-1.000000000000000000e+00
6.000000000000000000e+00
-4.000000000000000000e+00
-1.300000000000000000e+01
-6.000000000000000000e+00
6.000000000000000000e+00
-6.000000000000000000e+00
2.700000000000000000e+01
-1.300000000000000000e+01
-4.700000000000000000e+01
0.000000000000000000e+00
-4.200000000000000000e+01
-3.100000000000000000e+01
-1.900000000000000000e+01
-6.000000000000000000e+00
-1.800000000000000000e+01
3.000000000000000000e+00
-2.000000000000000000e+01
-9.000000000000000000e+00
-2.900000000000000000e+01
4.000000000000000000e+00
-3.200000000000000000e+01
1.200000000000000000e+01
1.900000000000000000e+01
-1.800000000000000000e+01
-1.400000000000000000e+01
1.100000000000000000e+01
-1.000000000000000000e+00
1.000000000000000000e+00
-2.500000000000000000e+01
-1.400000000000000000e+01
-2.800000000000000000e+01
-6.000000000000000000e+00
-1.900000000000000000e+01
-1.000000000000000000e+01
-1.500000000000000000e+01
0.000000000000000000e+00
5.000000000000000000e+00
1.100000000000000000e+01
-1.400000000000000000e+01
-2.500000000000000000e+01
3.100000000000000000e+01
-2.800000000000000000e+01
-1.700000000000000000e+01
-3.800000000000000000e+01
3.700000000000000000e+01
-5.000000000000000000e+00
-1.000000000000000000e+00
1.200000000000000000e+01
-2.000000000000000000e+00
-2.500000000000000000e+01
-7.000000000000000000e+00
-2.400000000000000000e+01
-2.400000000000000000e+01
7.000000000000000000e+00
-1.700000000000000000e+01
-5.000000000000000000e+00
-1.600000000000000000e+01
-2.500000000000000000e+01
-1.100000000000000000e+01
-2.400000000000000000e+01
-1.700000000000000000e+01
-1.000000000000000000e+00
-3.400000000000000000e+01
-1.600000000000000000e+01
1.100000000000000000e+01
-3.400000000000000000e+01
-1.800000000000000000e+01
-2.500000000000000000e+01
-1.000000000000000000e+00
-1.800000000000000000e+01
-4.100000000000000000e+01
-4.000000000000000000e+00
6.000000000000000000e+00
-1.400000000000000000e+01
4.000000000000000000e+00
-3.100000000000000000e+01
-2.100000000000000000e+01
-3.000000000000000000e+00
-2.300000000000000000e+01
2.000000000000000000e+00
-2.400000000000000000e+01
-6.000000000000000000e+00
0.000000000000000000e+00
-1.000000000000000000e+01
-1.700000000000000000e+01
-7.000000000000000000e+00
-1.100000000000000000e+01
-1.900000000000000000e+01
4.000000000000000000e+01
-2.400000000000000000e+01
-2.600000000000000000e+01
-1.100000000000000000e+01
-1.100000000000000000e+01
-5.000000000000000000e+00
-2.900000000000000000e+01
-3.300000000000000000e+01
-6.000000000000000000e+00
-2.800000000000000000e+01
5.000000000000000000e+00
0.000000000000000000e+00
-2.100000000000000000e+01
1.700000000000000000e+01
-1.300000000000000000e+01
-6.000000000000000000e+00
-8.000000000000000000e+00
-5.000000000000000000e+00
2.600000000000000000e+01
-9.000000000000000000e+00
-1.100000000000000000e+01
-1.000000000000000000e+00
2.000000000000000000e+00
-2.400000000000000000e+01
-1.200000000000000000e+01
-1.000000000000000000e+00
-9.000000000000000000e+00
-9.000000000000000000e+00
-1.100000000000000000e+01
-4.700000000000000000e+01
1.500000000000000000e+01
-3.800000000000000000e+01
-1.100000000000000000e+01
-2.200000000000000000e+01
8.000000000000000000e+00
-3.000000000000000000e+01
7.000000000000000000e+00
-1.600000000000000000e+01
4.000000000000000000e+00
-2.000000000000000000e+01
-8.000000000000000000e+00
-2.800000000000000000e+01
-5.000000000000000000e+00
-2.000000000000000000e+01
-9.000000000000000000e+00
-6.000000000000000000e+00
3.000000000000000000e+01
-2.100000000000000000e+01
2.900000000000000000e+01
-5.000000000000000000e+01
-2.000000000000000000e+00
0.000000000000000000e+00
4.000000000000000000e+00
-2.700000000000000000e+01
1.400000000000000000e+01
-1.000000000000000000e+00
4.000000000000000000e+00
1.300000000000000000e+01
-4.000000000000000000e+00
-3.000000000000000000e+01
-8.000000000000000000e+00
-1.500000000000000000e+01
1.400000000000000000e+01
-1.800000000000000000e+01
-1.400000000000000000e+01
-3.000000000000000000e+01
0.000000000000000000e+00
-1.500000000000000000e+01
-3.100000000000000000e+01
-1.300000000000000000e+01
-2.600000000000000000e+01
3.000000000000000000e+00
-5.000000000000000000e+00
-2.100000000000000000e+01
-1.000000000000000000e+01
-1.800000000000000000e+01
-1.200000000000000000e+01
1.100000000000000000e+01
-1.800000000000000000e+01
-6.000000000000000000e+00
-2.000000000000000000e+01
-3.100000000000000000e+01
-9.000000000000000000e+00
-4.000000000000000000e+00
-1.200000000000000000e+01
-1.100000000000000000e+01
-2.900000000000000000e+01
1.000000000000000000e+00
-4.200000000000000000e+01
-1.200000000000000000e+01
-3.100000000000000000e+01
2.000000000000000000e+00
-4.300000000000000000e+01
-7.000000000000000000e+00
4.000000000000000000e+00
-1.200000000000000000e+01
7.000000000000000000e+00
-1.700000000000000000e+01
-7.000000000000000000e+00
-3.200000000000000000e+01
-2.900000000000000000e+01
3.000000000000000000e+00
-3.800000000000000000e+01
-2.100000000000000000e+01
-2.700000000000000000e+01
-1.100000000000000000e+01
1.800000000000000000e+01
-9.000000000000000000e+00
-1.600000000000000000e+02
-2.800000000000000000e+01
-1.900000000000000000e+01
-3.000000000000000000e+01
-2.800000000000000000e+01
-1.500000000000000000e+01
-2.200000000000000000e+01
-1.600000000000000000e+01
6.000000000000000000e+00
4.000000000000000000e+00
-2.200000000000000000e+01
-2.800000000000000000e+01
-3.400000000000000000e+01
-1.200000000000000000e+01
-3.400000000000000000e+01
-1.600000000000000000e+01
-1.400000000000000000e+01
-2.500000000000000000e+01
5.000000000000000000e+00
-4.200000000000000000e+01
-4.700000000000000000e+01
-2.500000000000000000e+01
-2.300000000000000000e+01
-2.900000000000000000e+01
-2.800000000000000000e+01
-3.000000000000000000e+01
-2.200000000000000000e+01
-2.900000000000000000e+01
-1.400000000000000000e+01
-1.400000000000000000e+01
-7.000000000000000000e+00
1.100000000000000000e+01
-2.700000000000000000e+01
-1.600000000000000000e+01
-6.200000000000000000e+01
-2.600000000000000000e+01
-3.600000000000000000e+01
-9.000000000000000000e+00
-2.300000000000000000e+01
-1.100000000000000000e+01
-1.000000000000000000e+01
-9.000000000000000000e+00
-1.800000000000000000e+01
-1.800000000000000000e+01
1.200000000000000000e+01
-2.100000000000000000e+01
-2.200000000000000000e+01
-9.000000000000000000e+00
1.100000000000000000e+01
-1.800000000000000000e+01
-2.400000000000000000e+01
-2.800000000000000000e+01
-1.100000000000000000e+01
-1.300000000000000000e+01
-2.300000000000000000e+01
-1.000000000000000000e+01
-1.000000000000000000e+00
-3.200000000000000000e+01
4.800000000000000000e+01
-4.100000000000000000e+01
-7.000000000000000000e+00
-3.300000000000000000e+01
-1.100000000000000000e+01
-4.000000000000000000e+00
-3.500000000000000000e+01
-1.800000000000000000e+01
-8.000000000000000000e+00
-1.100000000000000000e+01
3.000000000000000000e+00
-1.000000000000000000e+00
-1.600000000000000000e+01
-2.800000000000000000e+01
-2.100000000000000000e+01
-1.800000000000000000e+01
-8.000000000000000000e+00
-1.100000000000000000e+01
-4.100000000000000000e+01
-1.300000000000000000e+01
-2.000000000000000000e+01
-2.300000000000000000e+01
-1.200000000000000000e+01
-5.600000000000000000e+01
4.000000000000000000e+00
-1.900000000000000000e+01
-1.800000000000000000e+01
-9.000000000000000000e+00
-5.000000000000000000e+00
-1.800000000000000000e+01
-9.000000000000000000e+00
-1.100000000000000000e+01
-1.800000000000000000e+01
-3.500000000000000000e+01
-1.200000000000000000e+01
-2.500000000000000000e+01
1.100000000000000000e+01
-3.700000000000000000e+01
-4.000000000000000000e+00
-5.000000000000000000e+00
-1.500000000000000000e+01
-2.200000000000000000e+01
6.000000000000000000e+00
-1.000000000000000000e+01
-1.600000000000000000e+01
-3.500000000000000000e+01
-1.600000000000000000e+01
-2.300000000000000000e+01
-3.100000000000000000e+01
-3.900000000000000000e+01
-3.700000000000000000e+01
1.400000000000000000e+01
-5.000000000000000000e+00
1.000000000000000000e+00
-4.800000000000000000e+01
-3.000000000000000000e+00
-2.100000000000000000e+01
-7.000000000000000000e+00
-3.000000000000000000e+01
-2.200000000000000000e+01
1.900000000000000000e+01
-2.600000000000000000e+01
-2.500000000000000000e+01
-1.000000000000000000e+01
4.000000000000000000e+00
-2.300000000000000000e+01
-1.400000000000000000e+01
-1.100000000000000000e+01
-1.700000000000000000e+01
-3.800000000000000000e+01
-4.300000000000000000e+01
-5.000000000000000000e+00
-1.400000000000000000e+01
-1.700000000000000000e+01
-1.500000000000000000e+01
-4.000000000000000000e+00
-3.000000000000000000e+01
-5.000000000000000000e+00
-1.600000000000000000e+01
-4.500000000000000000e+01
-4.600000000000000000e+01
-4.000000000000000000e+00
-1.700000000000000000e+01
-1.600000000000000000e+01
-3.500000000000000000e+01
2.000000000000000000e+00
5.000000000000000000e+00
-2.300000000000000000e+01
-3.300000000000000000e+01
-2.200000000000000000e+01
-1.200000000000000000e+01
-3.100000000000000000e+01
-2.100000000000000000e+01
1.100000000000000000e+01
1.000000000000000000e+01
-3.900000000000000000e+01
0.000000000000000000e+00
0.000000000000000000e+00
-1.000000000000000000e+01
-1.400000000000000000e+01
-3.200000000000000000e+01
-2.000000000000000000e+01
6.000000000000000000e+00
-2.600000000000000000e+01
-2.400000000000000000e+01
1.600000000000000000e+01
-2.900000000000000000e+01
-4.500000000000000000e+01
3.000000000000000000e+00
5.000000000000000000e+00
-1.000000000000000000e+01
6.000000000000000000e+00
-2.100000000000000000e+01
-3.100000000000000000e+01
-2.000000000000000000e+01
-1.500000000000000000e+01
-1.100000000000000000e+01
-3.200000000000000000e+01
-3.500000000000000000e+01
-1.000000000000000000e+01
-1.100000000000000000e+01
-5.000000000000000000e+00
6.000000000000000000e+00
-1.700000000000000000e+01
-1.900000000000000000e+01
8.000000000000000000e+00
-5.600000000000000000e+01
-8.000000000000000000e+00
-1.600000000000000000e+01
-1.200000000000000000e+01
-1.300000000000000000e+01
-2.100000000000000000e+01
-2.400000000000000000e+01
1.000000000000000000e+00
-2.300000000000000000e+01
-3.000000000000000000e+01
-1.100000000000000000e+01
-4.400000000000000000e+01
-2.000000000000000000e+00
-2.500000000000000000e+01
-1.000000000000000000e+01
-4.000000000000000000e+01
-3.200000000000000000e+01
-4.000000000000000000e+00
-3.400000000000000000e+01
-1.000000000000000000e+01
-2.100000000000000000e+01
-2.000000000000000000e+01
-2.100000000000000000e+01
-2.800000000000000000e+01
-1.200000000000000000e+01
-3.100000000000000000e+01
-1.200000000000000000e+01
1.500000000000000000e+01
3.100000000000000000e+01
-1.500000000000000000e+01
-1.000000000000000000e+00
-1.000000000000000000e+01
-1.200000000000000000e+01
-5.100000000000000000e+01
-2.300000000000000000e+01
-1.000000000000000000e+00
-1.200000000000000000e+01
-2.000000000000000000e+00
-3.900000000000000000e+01
1.400000000000000000e+01
-1.500000000000000000e+01
-2.600000000000000000e+01
1.000000000000000000e+01
-1.700000000000000000e+01
-2.800000000000000000e+01
-2.100000000000000000e+01
2.000000000000000000e+01
-5.000000000000000000e+00
-1.400000000000000000e+01
0.000000000000000000e+00
-4.300000000000000000e+01
-3.400000000000000000e+01
1.900000000000000000e+01
-2.200000000000000000e+01
-2.200000000000000000e+01
-5.100000000000000000e+01
-1.100000000000000000e+01
-6.000000000000000000e+00
-2.400000000000000000e+01
-2.800000000000000000e+01
-2.900000000000000000e+01
9.000000000000000000e+00
-3.700000000000000000e+01
-3.100000000000000000e+01
-5.100000000000000000e+01
-1.400000000000000000e+01
-4.000000000000000000e+00
-3.500000000000000000e+01
-2.400000000000000000e+01
-2.900000000000000000e+01
-2.700000000000000000e+01
-1.900000000000000000e+01
-5.000000000000000000e+00
-2.700000000000000000e+01
-2.200000000000000000e+01
-9.000000000000000000e+00
-9.000000000000000000e+00
-3.100000000000000000e+01
-6.000000000000000000e+00
-4.500000000000000000e+01
-2.800000000000000000e+01
-1.300000000000000000e+01
-1.200000000000000000e+01
5.000000000000000000e+00
2.000000000000000000e+00
-1.200000000000000000e+01
-1.100000000000000000e+01
-3.200000000000000000e+01
-3.900000000000000000e+01
-1.600000000000000000e+01
-2.800000000000000000e+01
-2.800000000000000000e+01
-2.300000000000000000e+01
-1.400000000000000000e+01
-4.900000000000000000e+01
-4.500000000000000000e+01
7.000000000000000000e+00
-7.000000000000000000e+00
-2.300000000000000000e+01
-2.300000000000000000e+01
5.000000000000000000e+00
-4.000000000000000000e+01
-1.300000000000000000e+01
-2.900000000000000000e+01
-1.200000000000000000e+01
-2.100000000000000000e+01
-1.000000000000000000e+00
-1.400000000000000000e+01
-4.300000000000000000e+01
-4.200000000000000000e+01
-2.300000000000000000e+01
-2.500000000000000000e+01
-2.300000000000000000e+01
-1.600000000000000000e+01
-2.200000000000000000e+01
-4.800000000000000000e+01
-1.100000000000000000e+01
1.000000000000000000e+00
-2.100000000000000000e+01
-3.300000000000000000e+01
-2.000000000000000000e+01
-2.100000000000000000e+01
8.000000000000000000e+00
-3.100000000000000000e+01
-6.000000000000000000e+00
-8.000000000000000000e+00
-1.300000000000000000e+01
-1.400000000000000000e+01
-2.600000000000000000e+01
-8.000000000000000000e+00
-1.700000000000000000e+01
-5.600000000000000000e+01
-1.000000000000000000e+00
-1.500000000000000000e+01
-1.400000000000000000e+01
-1.600000000000000000e+01
2.000000000000000000e+00
-2.200000000000000000e+01
-1.000000000000000000e+01
-9.000000000000000000e+00
-2.500000000000000000e+01
-3.300000000000000000e+01
-8.000000000000000000e+00
-1.500000000000000000e+01
-3.500000000000000000e+01
-2.200000000000000000e+01
-2.900000000000000000e+01
-7.000000000000000000e+00
-4.200000000000000000e+01
-2.700000000000000000e+01
-2.900000000000000000e+01
-1.300000000000000000e+01
-1.500000000000000000e+01
2.400000000000000000e+01
-3.700000000000000000e+01
9.000000000000000000e+00
-4.000000000000000000e+01
-1.600000000000000000e+01
-3.000000000000000000e+01
-4.300000000000000000e+01
-1.500000000000000000e+01
-2.500000000000000000e+01
-1.200000000000000000e+01
-4.000000000000000000e+00
-7.000000000000000000e+00
-9.000000000000000000e+00
-2.700000000000000000e+01
-4.000000000000000000e+00
-3.800000000000000000e+01
-2.100000000000000000e+01
-9.000000000000000000e+00
-1.200000000000000000e+01
-2.400000000000000000e+01
-1.000000000000000000e+01
-1.200000000000000000e+01
-1.700000000000000000e+01
-1.500000000000000000e+01
-1.300000000000000000e+01
-1.600000000000000000e+01
-1.400000000000000000e+01
-6.000000000000000000e+00
-2.000000000000000000e+01
-2.800000000000000000e+01
4.000000000000000000e+00
-2.700000000000000000e+01
-3.800000000000000000e+01
-1.200000000000000000e+01
-3.900000000000000000e+01
-2.000000000000000000e+00
-3.100000000000000000e+01
0.000000000000000000e+00
0.000000000000000000e+00
-1.300000000000000000e+01
5.000000000000000000e+00
-1.600000000000000000e+01
-1.000000000000000000e+01
-9.000000000000000000e+00
-4.000000000000000000e+00
-2.300000000000000000e+01
-1.300000000000000000e+01
3.000000000000000000e+00
-1.300000000000000000e+01
8.000000000000000000e+00
-1.600000000000000000e+01
8.000000000000000000e+00
-9.000000000000000000e+00
-1.300000000000000000e+01
4.000000000000000000e+00
-3.000000000000000000e+01
-1.500000000000000000e+01
-2.500000000000000000e+01
9.000000000000000000e+00
-3.900000000000000000e+01
0.000000000000000000e+00
1.000000000000000000e+01
-1.000000000000000000e+01
-2.100000000000000000e+01
0.000000000000000000e+00
1.800000000000000000e+01
-6.000000000000000000e+00
5.000000000000000000e+00
5.000000000000000000e+00
-1.100000000000000000e+01
-4.000000000000000000e+00
2.300000000000000000e+01
-1.600000000000000000e+01
3.200000000000000000e+01
2.000000000000000000e+01
1.300000000000000000e+01
2.800000000000000000e+01
2.000000000000000000e+00
-9.000000000000000000e+00
3.100000000000000000e+01
4.600000000000000000e+01
5.200000000000000000e+01
3.400000000000000000e+01
3.000000000000000000e+01
9.000000000000000000e+00
4.000000000000000000e+00
5.200000000000000000e+01
4.100000000000000000e+01
3.500000000000000000e+01
6.000000000000000000e+01
4.900000000000000000e+01
7.400000000000000000e+01
5.400000000000000000e+01
6.600000000000000000e+01
6.800000000000000000e+01
9.100000000000000000e+01
1.060000000000000000e+02
1.070000000000000000e+02
1.220000000000000000e+02
1.400000000000000000e+02
1.390000000000000000e+02
9.600000000000000000e+01
1.170000000000000000e+02
1.620000000000000000e+02
1.570000000000000000e+02
1.810000000000000000e+02
1.620000000000000000e+02
2.250000000000000000e+02
1.960000000000000000e+02
2.450000000000000000e+02
2.090000000000000000e+02
2.420000000000000000e+02
2.340000000000000000e+02
2.840000000000000000e+02
3.150000000000000000e+02
3.110000000000000000e+02
3.330000000000000000e+02
3.400000000000000000e+02
3.350000000000000000e+02
3.950000000000000000e+02
4.010000000000000000e+02
4.120000000000000000e+02
4.110000000000000000e+02
4.370000000000000000e+02
4.870000000000000000e+02
5.130000000000000000e+02
5.240000000000000000e+02
5.520000000000000000e+02
5.570000000000000000e+02
5.690000000000000000e+02
6.080000000000000000e+02
6.290000000000000000e+02
6.510000000000000000e+02
7.220000000000000000e+02
7.100000000000000000e+02
7.760000000000000000e+02
7.690000000000000000e+02
8.150000000000000000e+02
8.280000000000000000e+02
8.690000000000000000e+02
8.950000000000000000e+02
8.730000000000000000e+02
9.220000000000000000e+02
9.980000000000000000e+02
9.850000000000000000e+02
1.063000000000000000e+03
1.080000000000000000e+03
1.075000000000000000e+03
1.132000000000000000e+03
1.130000000000000000e+03
1.090000000000000000e+03
1.187000000000000000e+03
1.210000000000000000e+03
1.258000000000000000e+03
1.281000000000000000e+03
1.297000000000000000e+03
1.335000000000000000e+03
1.305000000000000000e+03
1.327000000000000000e+03
1.330000000000000000e+03
1.409000000000000000e+03
1.440000000000000000e+03
1.450000000000000000e+03
1.475000000000000000e+03
1.473000000000000000e+03
1.522000000000000000e+03
1.544000000000000000e+03
1.518000000000000000e+03
1.483000000000000000e+03
1.573000000000000000e+03
1.552000000000000000e+03
1.562000000000000000e+03
1.648000000000000000e+03
1.597000000000000000e+03
1.637000000000000000e+03
1.629000000000000000e+03
1.677000000000000000e+03
1.645000000000000000e+03
1.631000000000000000e+03
1.650000000000000000e+03
1.700000000000000000e+03
1.669000000000000000e+03
1.676000000000000000e+03
1.624000000000000000e+03
1.644000000000000000e+03
1.684000000000000000e+03
1.647000000000000000e+03
1.582000000000000000e+03
1.604000000000000000e+03
1.543000000000000000e+03
1.563000000000000000e+03
1.486000000000000000e+03
1.473000000000000000e+03
1.504000000000000000e+03
1.467000000000000000e+03
1.489000000000000000e+03
1.480000000000000000e+03
1.434000000000000000e+03
1.476000000000000000e+03
1.407000000000000000e+03
1.400000000000000000e+03
1.372000000000000000e+03
1.429000000000000000e+03
1.333000000000000000e+03
1.367000000000000000e+03
1.343000000000000000e+03
1.349000000000000000e+03
1.332000000000000000e+03
1.314000000000000000e+03
1.322000000000000000e+03
1.306000000000000000e+03
1.215000000000000000e+03
1.225000000000000000e+03
1.146000000000000000e+03
1.148000000000000000e+03
1.129000000000000000e+03
1.127000000000000000e+03
1.076000000000000000e+03
1.063000000000000000e+03
1.003000000000000000e+03
1.035000000000000000e+03
9.810000000000000000e+02
9.430000000000000000e+02
8.860000000000000000e+02
8.630000000000000000e+02
9.100000000000000000e+02
8.470000000000000000e+02
8.090000000000000000e+02
7.700000000000000000e+02
7.440000000000000000e+02
7.670000000000000000e+02
7.190000000000000000e+02
7.190000000000000000e+02
7.080000000000000000e+02
6.860000000000000000e+02
6.350000000000000000e+02
6.210000000000000000e+02
5.920000000000000000e+02
6.070000000000000000e+02
5.740000000000000000e+02
5.390000000000000000e+02
5.080000000000000000e+02
5.120000000000000000e+02
4.660000000000000000e+02
4.660000000000000000e+02
4.180000000000000000e+02
4.590000000000000000e+02
4.210000000000000000e+02
3.840000000000000000e+02
3.800000000000000000e+02
3.610000000000000000e+02
3.100000000000000000e+02
2.980000000000000000e+02
3.160000000000000000e+02
2.990000000000000000e+02
3.120000000000000000e+02
2.910000000000000000e+02
2.740000000000000000e+02
2.400000000000000000e+02
2.350000000000000000e+02
2.130000000000000000e+02
2.690000000000000000e+02
2.150000000000000000e+02
1.890000000000000000e+02
1.890000000000000000e+02
1.690000000000000000e+02
1.400000000000000000e+02
1.890000000000000000e+02
1.370000000000000000e+02
1.460000000000000000e+02
1.240000000000000000e+02
1.070000000000000000e+02
1.160000000000000000e+02
1.030000000000000000e+02
9.000000000000000000e+01
8.100000000000000000e+01
1.060000000000000000e+02
9.000000000000000000e+01
8.000000000000000000e+01
7.100000000000000000e+01
5.300000000000000000e+01
9.200000000000000000e+01
6.800000000000000000e+01
7.000000000000000000e+01
7.800000000000000000e+01
7.400000000000000000e+01
4.800000000000000000e+01
2.400000000000000000e+01
3.700000000000000000e+01
3.700000000000000000e+01
2.700000000000000000e+01
2.100000000000000000e+01
4.800000000000000000e+01
2.000000000000000000e+01
6.100000000000000000e+01
4.300000000000000000e+01
4.000000000000000000e+00
1.200000000000000000e+01
3.700000000000000000e+01
5.000000000000000000e+00
-2.000000000000000000e+00
5.600000000000000000e+01
1.900000000000000000e+01
-1.400000000000000000e+01
2.100000000000000000e+01
-9.000000000000000000e+00
8.000000000000000000e+00
-7.000000000000000000e+00
-1.400000000000000000e+01
2.100000000000000000e+01
2.300000000000000000e+01
3.300000000000000000e+01
-1.200000000000000000e+01
-2.000000000000000000e+01
-4.200000000000000000e+01
-1.000000000000000000e+00
-1.100000000000000000e+01
-2.000000000000000000e+01
-6.000000000000000000e+00
-2.600000000000000000e+01
-7.000000000000000000e+00
-2.100000000000000000e+01
-1.000000000000000000e+00
-2.000000000000000000e+01
-3.500000000000000000e+01
3.000000000000000000e+00
8.000000000000000000e+00
-1.400000000000000000e+01
-2.200000000000000000e+01
-1.900000000000000000e+01
-2.400000000000000000e+01
-2.100000000000000000e+01
-3.000000000000000000e+00
-2.500000000000000000e+01
1.500000000000000000e+01
-2.200000000000000000e+01
-3.800000000000000000e+01
-2.900000000000000000e+01
-2.300000000000000000e+01
9.000000000000000000e+00
-2.900000000000000000e+01
-1.600000000000000000e+01
-9.000000000000000000e+00
-1.200000000000000000e+01
1.500000000000000000e+01
-1.800000000000000000e+01
-5.800000000000000000e+01
-4.400000000000000000e+01
-1.700000000000000000e+01
-2.500000000000000000e+01
-4.100000000000000000e+01
-1.200000000000000000e+01
-1.700000000000000000e+01
3.000000000000000000e+00
0.000000000000000000e+00
0.000000000000000000e+00
-1.600000000000000000e+01
2.000000000000000000e+00
-2.000000000000000000e+01
-1.600000000000000000e+01
-5.000000000000000000e+00
-1.000000000000000000e+00
-1.000000000000000000e+01
-2.200000000000000000e+01
-1.600000000000000000e+01
-3.100000000000000000e+01
3.000000000000000000e+00
1.700000000000000000e+01
-5.000000000000000000e+00
3.000000000000000000e+00
-2.800000000000000000e+01
-1.700000000000000000e+01
-2.000000000000000000e+00
-8.000000000000000000e+00
-2.000000000000000000e+00
-6.000000000000000000e+00
-1.800000000000000000e+01
-7.000000000000000000e+00
-4.000000000000000000e+00
-8.000000000000000000e+00
-3.200000000000000000e+01
-2.000000000000000000e+01
-1.000000000000000000e+00
2.000000000000000000e+00
-3.000000000000000000e+00
-1.000000000000000000e+00
