1.000000000000000000e+00
-3.000000000000000000e+00
-1.000000000000000000e+00
1.000000000000000000e+00
-3.100000000000000000e+01
3.000000000000000000e+00
-8.000000000000000000e+00
9.000000000000000000e+00
4.000000000000000000e+00
-9.000000000000000000e+00
-1.000000000000000000e+00
9.000000000000000000e+00
-1.800000000000000000e+01
-3.000000000000000000e+00
-1.500000000000000000e+01
-2.000000000000000000e+00
4.000000000000000000e+00
-1.700000000000000000e+01
1.900000000000000000e+01
-1.600000000000000000e+01
-1.900000000000000000e+01
-6.000000000000000000e+00
-5.000000000000000000e+00
-5.000000000000000000e+00
-2.800000000000000000e+01
-2.100000000000000000e+01
2.000000000000000000e+00
5.000000000000000000e+00
-1.000000000000000000e+00
-1.300000000000000000e+01
-1.800000000000000000e+01
1.700000000000000000e+01
3.500000000000000000e+01
-1.400000000000000000e+01
4.000000000000000000e+00
-1.400000000000000000e+01
1.100000000000000000e+01
1.500000000000000000e+01
4.000000000000000000e+00
1.300000000000000000e+01
-5.000000000000000000e+00
-1.000000000000000000e+00
-1.500000000000000000e+01
1.000000000000000000e+00
-1.100000000000000000e+01
-3.300000000000000000e+01
-2.000000000000000000e+00
-1.100000000000000000e+01
1.000000000000000000e+00
1.000000000000000000e+01
1.000000000000000000e+01
8.000000000000000000e+00
-3.200000000000000000e+01
-1.500000000000000000e+01
-4.000000000000000000e+01
1.400000000000000000e+01
-1.600000000000000000e+01
-1.000000000000000000e+00
3.000000000000000000e+00
-1.700000000000000000e+01
1.200000000000000000e+01
-1.200000000000000000e+01
-2.000000000000000000e+01
2.200000000000000000e+01
-6.000000000000000000e+00
4.000000000000000000e+00
9.000000000000000000e+00
7.000000000000000000e+00
-9.000000000000000000e+00
-6.000000000000000000e+00
1.000000000000000000e+01
-1.500000000000000000e+01
-9.000000000000000000e+00
-6.000000000000000000e+00
1.300000000000000000e+01
-1.000000000000000000e+00
1.300000000000000000e+01
-1.400000000000000000e+01
-1.200000000000000000e+01
2.000000000000000000e+00
-8.000000000000000000e+00
5.000000000000000000e+00
-1.100000000000000000e+01
-1.300000000000000000e+01
-1.200000000000000000e+01
-3.100000000000000000e+01
-3.000000000000000000e+01
6.000000000000000000e+00
-2.200000000000000000e+01
-9.000000000000000000e+00
1.400000000000000000e+01
5.000000000000000000e+00
8.000000000000000000e+00
2.000000000000000000e+00
-9.000000000000000000e+00
9.000000000000000000e+00
-7.000000000000000000e+00
2.000000000000000000e+00
1.700000000000000000e+01
3.000000000000000000e+00
-4.200000000000000000e+01
-1.300000000000000000e+01
-1.000000000000000000e+00
-2.800000000000000000e+01
-2.200000000000000000e+01
-6.000000000000000000e+00
-4.000000000000000000e+00
1.800000000000000000e+01
1.500000000000000000e+01
1.100000000000000000e+01
-2.000000000000000000e+01
-4.000000000000000000e+00
8.000000000000000000e+00
2.200000000000000000e+01
1.100000000000000000e+01
1.900000000000000000e+01
-2.000000000000000000e+00
0.000000000000000000e+00
4.000000000000000000e+00
-1.100000000000000000e+01
-2.700000000000000000e+01
1.100000000000000000e+01
1.400000000000000000e+01
-5.000000000000000000e+00
-3.100000000000000000e+01
-6.000000000000000000e+00
8.000000000000000000e+00
-1.000000000000000000e+01
1.000000000000000000e+00
2.000000000000000000e+01
-2.000000000000000000e+00
-1.000000000000000000e+01
-1.000000000000000000e+00
3.800000000000000000e+01
-3.500000000000000000e+01
-8.000000000000000000e+00
-7.000000000000000000e+00
3.200000000000000000e+01
-6.000000000000000000e+00
2.000000000000000000e+00
-1.500000000000000000e+01
-1.700000000000000000e+01
-2.200000000000000000e+01
-9.000000000000000000e+00
-7.000000000000000000e+00
2.000000000000000000e+00
1.000000000000000000e+01
1.200000000000000000e+01
2.000000000000000000e+01
2.700000000000000000e+01
8.000000000000000000e+00
-5.000000000000000000e+00
-3.000000000000000000e+00
1.200000000000000000e+01
-4.000000000000000000e+00
-1.600000000000000000e+01
-2.300000000000000000e+01
3.000000000000000000e+00
-1.300000000000000000e+01
2.000000000000000000e+00
-1.600000000000000000e+01
-5.000000000000000000e+00
-6.000000000000000000e+00
3.000000000000000000e+00
1.000000000000000000e+00
-1.000000000000000000e+00
-2.300000000000000000e+01
7.000000000000000000e+00
-1.000000000000000000e+01
-2.200000000000000000e+01
7.000000000000000000e+00
4.000000000000000000e+00
-1.100000000000000000e+01
-6.000000000000000000e+00
-1.500000000000000000e+01
-2.200000000000000000e+01
-5.000000000000000000e+01
-7.000000000000000000e+00
1.200000000000000000e+01
-2.000000000000000000e+00
-5.000000000000000000e+00
-9.000000000000000000e+00
1.000000000000000000e+00
1.700000000000000000e+01
-1.600000000000000000e+01
-1.000000000000000000e+00
-2.800000000000000000e+01
-1.200000000000000000e+01
1.000000000000000000e+01
7.000000000000000000e+00
-4.100000000000000000e+01
-2.000000000000000000e+01
2.700000000000000000e+01
-3.500000000000000000e+01
-6.000000000000000000e+00
-1.300000000000000000e+01
8.000000000000000000e+00
7.000000000000000000e+00
2.200000000000000000e+01
-4.000000000000000000e+00
7.000000000000000000e+00
2.000000000000000000e+00
-2.300000000000000000e+01
-1.600000000000000000e+01
-4.900000000000000000e+01
-2.100000000000000000e+01
-1.000000000000000000e+00
-5.000000000000000000e+00
-1.100000000000000000e+01
-1.400000000000000000e+01
4.000000000000000000e+00
-5.000000000000000000e+00
2.000000000000000000e+00
-1.300000000000000000e+01
9.000000000000000000e+00
6.000000000000000000e+00
-1.800000000000000000e+01
-1.700000000000000000e+01
-1.800000000000000000e+01
-3.400000000000000000e+01
-4.000000000000000000e+00
-6.000000000000000000e+00
1.100000000000000000e+01
-1.100000000000000000e+01
-7.000000000000000000e+00
-1.900000000000000000e+01
-1.800000000000000000e+01
-1.200000000000000000e+01
1.100000000000000000e+01
-1.900000000000000000e+01
-2.400000000000000000e+01
-9.000000000000000000e+00
5.000000000000000000e+00
-1.100000000000000000e+01
-7.000000000000000000e+00
-2.200000000000000000e+01
-1.600000000000000000e+01
-8.000000000000000000e+00
-1.300000000000000000e+01
-3.000000000000000000e+00
-1.400000000000000000e+01
-1.100000000000000000e+01
3.000000000000000000e+00
-4.000000000000000000e+00
-6.000000000000000000e+00
4.000000000000000000e+00
-1.100000000000000000e+01
-3.200000000000000000e+01
2.400000000000000000e+01
-1.300000000000000000e+01
-9.000000000000000000e+00
-1.900000000000000000e+01
-5.300000000000000000e+01
-3.500000000000000000e+01
3.000000000000000000e+00
-1.000000000000000000e+00
2.000000000000000000e+00
6.000000000000000000e+00
-2.700000000000000000e+01
-1.500000000000000000e+01
-9.000000000000000000e+00
-3.200000000000000000e+01
-5.000000000000000000e+00
-2.600000000000000000e+01
1.100000000000000000e+01
-2.100000000000000000e+01
-1.100000000000000000e+01
1.400000000000000000e+01
-1.700000000000000000e+01
-1.800000000000000000e+01
1.200000000000000000e+01
-2.000000000000000000e+00
-1.100000000000000000e+01
-2.200000000000000000e+01
0.000000000000000000e+00
1.100000000000000000e+01
1.000000000000000000e+01
-5.000000000000000000e+00
-2.600000000000000000e+01
-1.000000000000000000e+00
-5.000000000000000000e+00
-3.000000000000000000e+00
-1.400000000000000000e+01
-1.200000000000000000e+01
-6.000000000000000000e+00
1.300000000000000000e+01
3.700000000000000000e+01
6.000000000000000000e+00
3.000000000000000000e+00
-1.400000000000000000e+01
9.000000000000000000e+00
-1.100000000000000000e+01
-1.500000000000000000e+01
-2.300000000000000000e+01
-2.600000000000000000e+01
-2.400000000000000000e+01
-2.300000000000000000e+01
-2.000000000000000000e+00
1.100000000000000000e+01
-1.800000000000000000e+01
6.000000000000000000e+00
7.000000000000000000e+00
-3.800000000000000000e+01
-1.800000000000000000e+01
-1.000000000000000000e+00
2.700000000000000000e+01
1.000000000000000000e+00
-2.300000000000000000e+01
-7.000000000000000000e+00
-2.600000000000000000e+01
-1.200000000000000000e+01
8.000000000000000000e+00
2.000000000000000000e+00
5.000000000000000000e+00
-4.200000000000000000e+01
-2.600000000000000000e+01
-2.000000000000000000e+01
7.000000000000000000e+00
9.000000000000000000e+00
-2.000000000000000000e+01
-6.000000000000000000e+00
-1.500000000000000000e+01
7.000000000000000000e+00
-1.200000000000000000e+01
2.200000000000000000e+01
2.000000000000000000e+01
1.700000000000000000e+01
-2.100000000000000000e+01
1.700000000000000000e+01
-8.000000000000000000e+00
-9.000000000000000000e+00
-1.900000000000000000e+01
-2.700000000000000000e+01
-1.300000000000000000e+01
-1.300000000000000000e+01
9.000000000000000000e+00
-1.700000000000000000e+01
7.000000000000000000e+00
8.000000000000000000e+00
-2.000000000000000000e+00
2.000000000000000000e+00
-1.100000000000000000e+01
2.600000000000000000e+01
-2.000000000000000000e+00
-1.600000000000000000e+01
-1.600000000000000000e+01
-3.000000000000000000e+00
-7.000000000000000000e+00
0.000000000000000000e+00
2.500000000000000000e+01
-2.000000000000000000e+00
-1.000000000000000000e+01
-4.700000000000000000e+01
2.000000000000000000e+01
-1.800000000000000000e+01
-1.300000000000000000e+01
1.800000000000000000e+01
2.400000000000000000e+01
2.000000000000000000e+01
5.000000000000000000e+00
3.200000000000000000e+01
-1.000000000000000000e+00
-4.000000000000000000e+00
3.000000000000000000e+00
2.000000000000000000e+00
3.000000000000000000e+00
-1.500000000000000000e+01
-7.000000000000000000e+00
-7.000000000000000000e+00
-1.900000000000000000e+01
0.000000000000000000e+00
3.000000000000000000e+00
-1.500000000000000000e+01
2.000000000000000000e+00
9.000000000000000000e+00
-2.300000000000000000e+01
-6.000000000000000000e+00
9.000000000000000000e+00
2.900000000000000000e+01
0.000000000000000000e+00
1.500000000000000000e+01
5.000000000000000000e+00
8.000000000000000000e+00
-2.000000000000000000e+01
1.700000000000000000e+01
-1.000000000000000000e+01
2.500000000000000000e+01
3.500000000000000000e+01
1.300000000000000000e+01
3.000000000000000000e+00
-8.000000000000000000e+00
-8.000000000000000000e+00
-1.000000000000000000e+00
-2.000000000000000000e+00
2.800000000000000000e+01
-2.700000000000000000e+01
-2.000000000000000000e+00
2.700000000000000000e+01
1.700000000000000000e+01
2.000000000000000000e+00
1.000000000000000000e+01
-1.400000000000000000e+01
-7.000000000000000000e+00
1.400000000000000000e+01
-1.300000000000000000e+01
2.000000000000000000e+00
5.000000000000000000e+00
-3.000000000000000000e+00
-4.000000000000000000e+00
5.000000000000000000e+00
-9.000000000000000000e+00
-2.300000000000000000e+01
8.000000000000000000e+00
-1.400000000000000000e+01
9.000000000000000000e+00
2.800000000000000000e+01
9.000000000000000000e+00
-1.400000000000000000e+01
-1.000000000000000000e+00
-2.000000000000000000e+01
2.000000000000000000e+00
-2.400000000000000000e+01
7.000000000000000000e+00
-1.800000000000000000e+01
3.000000000000000000e+00
-1.100000000000000000e+01
-1.400000000000000000e+01
5.000000000000000000e+00
2.000000000000000000e+01
-1.000000000000000000e+00
2.300000000000000000e+01
-2.300000000000000000e+01
3.900000000000000000e+01
-2.000000000000000000e+01
-2.100000000000000000e+01
6.000000000000000000e+00
-6.000000000000000000e+00
-8.000000000000000000e+00
-1.800000000000000000e+01
-1.300000000000000000e+01
-1.400000000000000000e+01
-3.100000000000000000e+01
-3.000000000000000000e+00
7.000000000000000000e+00
-1.400000000000000000e+01
-3.200000000000000000e+01
-7.000000000000000000e+00
-4.000000000000000000e+00
1.200000000000000000e+01
-1.000000000000000000e+01
1.000000000000000000e+01
-1.700000000000000000e+01
-3.300000000000000000e+01
5.000000000000000000e+00
-1.700000000000000000e+01
-2.400000000000000000e+01
1.600000000000000000e+01
-1.000000000000000000e+00
-2.000000000000000000e+01
-2.300000000000000000e+01
-1.200000000000000000e+01
3.000000000000000000e+01
1.500000000000000000e+01
-9.000000000000000000e+00
-1.500000000000000000e+01
2.700000000000000000e+01
2.400000000000000000e+01
8.000000000000000000e+00
6.000000000000000000e+00
-1.500000000000000000e+01
-6.000000000000000000e+00
5.000000000000000000e+00
-7.900000000000000000e+01
9.000000000000000000e+00
-8.000000000000000000e+00
-4.000000000000000000e+00
-1.700000000000000000e+01
2.000000000000000000e+00
8.000000000000000000e+00
2.700000000000000000e+01
-8.000000000000000000e+00
-1.000000000000000000e+00
-2.100000000000000000e+01
8.000000000000000000e+00
-1.600000000000000000e+01
9.000000000000000000e+00
4.000000000000000000e+00
-2.400000000000000000e+01
-1.800000000000000000e+01
1.200000000000000000e+01
-3.000000000000000000e+00
-2.200000000000000000e+01
5.000000000000000000e+00
-5.000000000000000000e+00
1.800000000000000000e+01
-1.800000000000000000e+01
1.700000000000000000e+01
-4.000000000000000000e+00
3.000000000000000000e+00
1.600000000000000000e+01
-3.200000000000000000e+01
-2.000000000000000000e+01
1.500000000000000000e+01
-1.600000000000000000e+01
8.000000000000000000e+00
-5.000000000000000000e+00
-8.000000000000000000e+00
-3.700000000000000000e+01
2.000000000000000000e+00
1.400000000000000000e+01
-1.500000000000000000e+01
1.300000000000000000e+01
1.000000000000000000e+00
-2.000000000000000000e+01
6.000000000000000000e+00
2.500000000000000000e+01
1.200000000000000000e+01
1.000000000000000000e+00
7.000000000000000000e+00
1.900000000000000000e+01
1.100000000000000000e+01
-1.000000000000000000e+01
-8.000000000000000000e+00
-3.000000000000000000e+00
1.400000000000000000e+01
6.000000000000000000e+00
-1.000000000000000000e+00
6.000000000000000000e+00
-1.200000000000000000e+01
3.000000000000000000e+00
-1.200000000000000000e+01
2.500000000000000000e+01
-9.000000000000000000e+00
5.000000000000000000e+00
8.000000000000000000e+00
1.600000000000000000e+01
-9.000000000000000000e+00
-1.000000000000000000e+01
1.900000000000000000e+01
4.000000000000000000e+00
1.900000000000000000e+01
-2.000000000000000000e+00
3.000000000000000000e+00
1.100000000000000000e+01
1.000000000000000000e+01
3.400000000000000000e+01
-1.400000000000000000e+01
0.000000000000000000e+00
-1.900000000000000000e+01
1.200000000000000000e+01
-5.000000000000000000e+01
1.400000000000000000e+01
1.000000000000000000e+01
-2.800000000000000000e+01
1.200000000000000000e+01
-1.200000000000000000e+01
-3.800000000000000000e+01
-1.100000000000000000e+01
-4.000000000000000000e+00
-2.100000000000000000e+01
-2.700000000000000000e+01
1.100000000000000000e+01
8.000000000000000000e+00
-2.000000000000000000e+01
1.000000000000000000e+00
0.000000000000000000e+00
7.000000000000000000e+00
-2.100000000000000000e+01
7.000000000000000000e+00
1.100000000000000000e+01
-1.400000000000000000e+01
2.000000000000000000e+01
-1.300000000000000000e+01
3.000000000000000000e+00
-1.000000000000000000e+00
-3.000000000000000000e+00
6.000000000000000000e+00
1.800000000000000000e+01
-6.000000000000000000e+00
2.600000000000000000e+01
-6.000000000000000000e+00
8.000000000000000000e+00
1.300000000000000000e+01
9.000000000000000000e+00
-7.000000000000000000e+00
2.000000000000000000e+00
1.000000000000000000e+01
1.500000000000000000e+01
-1.700000000000000000e+01
-1.500000000000000000e+01
2.000000000000000000e+00
-7.000000000000000000e+00
6.000000000000000000e+00
-7.000000000000000000e+00
-2.000000000000000000e+01
-1.700000000000000000e+01
-5.000000000000000000e+00
1.100000000000000000e+01
7.000000000000000000e+00
-2.100000000000000000e+01
1.100000000000000000e+01
-3.100000000000000000e+01
4.000000000000000000e+00
-2.000000000000000000e+00
-1.200000000000000000e+01
1.300000000000000000e+01
2.900000000000000000e+01
-1.900000000000000000e+01
-5.000000000000000000e+00
-2.000000000000000000e+00
-1.000000000000000000e+00
-7.000000000000000000e+00
2.900000000000000000e+01
1.400000000000000000e+01
1.100000000000000000e+01
-4.000000000000000000e+00
1.300000000000000000e+01
-3.400000000000000000e+01
2.800000000000000000e+01
-1.000000000000000000e+00
5.000000000000000000e+00
1.400000000000000000e+01
7.000000000000000000e+00
2.000000000000000000e+00
7.000000000000000000e+00
9.000000000000000000e+00
2.800000000000000000e+01
0.000000000000000000e+00
-4.000000000000000000e+00
3.200000000000000000e+01
-1.100000000000000000e+01
-1.900000000000000000e+01
5.000000000000000000e+00
5.000000000000000000e+00
2.100000000000000000e+01
1.400000000000000000e+01
1.000000000000000000e+00
-2.600000000000000000e+01
-3.300000000000000000e+01
3.300000000000000000e+01
1.900000000000000000e+01
9.000000000000000000e+00
3.400000000000000000e+01
1.000000000000000000e+01
1.000000000000000000e+00
7.000000000000000000e+00
-1.300000000000000000e+01
5.100000000000000000e+01
-2.400000000000000000e+01
3.500000000000000000e+01
-5.000000000000000000e+00
2.200000000000000000e+01
1.400000000000000000e+01
1.000000000000000000e+00
-6.000000000000000000e+00
7.000000000000000000e+00
-1.000000000000000000e+00
2.700000000000000000e+01
4.300000000000000000e+01
2.000000000000000000e+01
3.800000000000000000e+01
-1.500000000000000000e+01
1.700000000000000000e+01
1.500000000000000000e+01
-1.700000000000000000e+01
3.000000000000000000e+01
-1.400000000000000000e+01
1.100000000000000000e+01
7.000000000000000000e+00
-7.000000000000000000e+00
1.500000000000000000e+01
-9.000000000000000000e+00
-1.100000000000000000e+01
2.000000000000000000e+01
0.000000000000000000e+00
1.100000000000000000e+01
-1.000000000000000000e+00
2.000000000000000000e+00
-9.000000000000000000e+00
7.000000000000000000e+00
2.100000000000000000e+01
-3.000000000000000000e+00
2.200000000000000000e+01
7.000000000000000000e+00
-2.000000000000000000e+01
-1.500000000000000000e+01
3.000000000000000000e+01
-4.000000000000000000e+00
1.000000000000000000e+00
1.500000000000000000e+01
2.000000000000000000e+00
-1.800000000000000000e+01
3.000000000000000000e+01
2.800000000000000000e+01
8.000000000000000000e+00
1.800000000000000000e+01
2.100000000000000000e+01
-4.000000000000000000e+00
2.400000000000000000e+01
-6.000000000000000000e+00
-7.000000000000000000e+00
3.200000000000000000e+01
2.300000000000000000e+01
-1.400000000000000000e+01
2.400000000000000000e+01
-2.700000000000000000e+01
1.300000000000000000e+01
7.000000000000000000e+00
1.200000000000000000e+01
1.100000000000000000e+01
-6.000000000000000000e+00
2.600000000000000000e+01
1.900000000000000000e+01
2.200000000000000000e+01
1.000000000000000000e+00
1.400000000000000000e+01
-7.000000000000000000e+00
9.000000000000000000e+00
1.700000000000000000e+01
2.600000000000000000e+01
-1.500000000000000000e+01
-2.000000000000000000e+01
-2.000000000000000000e+00
1.800000000000000000e+01
7.000000000000000000e+00
2.100000000000000000e+01
-4.300000000000000000e+01
-1.100000000000000000e+01
1.500000000000000000e+01
2.000000000000000000e+01
1.300000000000000000e+01
-3.000000000000000000e+00
6.000000000000000000e+00
1.000000000000000000e+00
2.000000000000000000e+00
1.100000000000000000e+01
8.000000000000000000e+00
1.200000000000000000e+01
-1.400000000000000000e+01
2.500000000000000000e+01
1.400000000000000000e+01
4.100000000000000000e+01
3.500000000000000000e+01
6.000000000000000000e+00
3.300000000000000000e+01
1.800000000000000000e+01
3.400000000000000000e+01
7.000000000000000000e+00
3.600000000000000000e+01
1.300000000000000000e+01
1.700000000000000000e+01
7.000000000000000000e+00
1.200000000000000000e+01
3.000000000000000000e+01
4.200000000000000000e+01
0.000000000000000000e+00
3.000000000000000000e+01
3.900000000000000000e+01
2.900000000000000000e+01
1.500000000000000000e+01
0.000000000000000000e+00
1.100000000000000000e+01
2.100000000000000000e+01
3.700000000000000000e+01
2.000000000000000000e+00
1.600000000000000000e+01
2.900000000000000000e+01
2.200000000000000000e+01
-1.600000000000000000e+01
3.100000000000000000e+01
-1.600000000000000000e+01
1.700000000000000000e+01
-9.000000000000000000e+00
2.300000000000000000e+01
1.200000000000000000e+01
-5.000000000000000000e+00
1.900000000000000000e+01
2.000000000000000000e+00
2.700000000000000000e+01
1.300000000000000000e+01
-1.300000000000000000e+01
1.700000000000000000e+01
1.800000000000000000e+01
1.600000000000000000e+01
4.600000000000000000e+01
-2.200000000000000000e+01
1.500000000000000000e+01
-2.000000000000000000e+00
6.000000000000000000e+00
6.000000000000000000e+00
-5.000000000000000000e+00
4.000000000000000000e+00
4.700000000000000000e+01
1.400000000000000000e+01
6.000000000000000000e+00
1.500000000000000000e+01
9.000000000000000000e+00
4.800000000000000000e+01
2.200000000000000000e+01
-2.700000000000000000e+01
2.000000000000000000e+01
3.200000000000000000e+01
-6.000000000000000000e+00
2.000000000000000000e+01
7.000000000000000000e+00
2.200000000000000000e+01
-1.000000000000000000e+01
2.800000000000000000e+01
1.300000000000000000e+01
6.000000000000000000e+00
1.700000000000000000e+01
2.900000000000000000e+01
-3.000000000000000000e+00
2.500000000000000000e+01
2.300000000000000000e+01
-1.000000000000000000e+00
1.800000000000000000e+01
-1.900000000000000000e+01
2.500000000000000000e+01
3.700000000000000000e+01
2.100000000000000000e+01
-1.000000000000000000e+00
-3.000000000000000000e+00
1.600000000000000000e+01
2.100000000000000000e+01
-1.100000000000000000e+01
1.800000000000000000e+01
3.000000000000000000e+01
1.900000000000000000e+01
8.000000000000000000e+00
2.900000000000000000e+01
2.000000000000000000e+00
3.000000000000000000e+00
1.200000000000000000e+01
1.300000000000000000e+01
1.300000000000000000e+01
4.000000000000000000e+01
1.000000000000000000e+00
-9.000000000000000000e+00
2.100000000000000000e+01
1.700000000000000000e+01
3.300000000000000000e+01
3.500000000000000000e+01
1.000000000000000000e+01
2.000000000000000000e+01
1.300000000000000000e+01
-6.000000000000000000e+00
3.500000000000000000e+01
2.600000000000000000e+01
-2.000000000000000000e+00
5.000000000000000000e+00
4.000000000000000000e+00
1.400000000000000000e+01
7.000000000000000000e+00
3.200000000000000000e+01
-3.000000000000000000e+00
2.000000000000000000e+01
-1.500000000000000000e+01
-8.000000000000000000e+00
1.900000000000000000e+01
2.400000000000000000e+01
2.200000000000000000e+01
0.000000000000000000e+00
6.900000000000000000e+01
2.600000000000000000e+01
1.800000000000000000e+01
-1.500000000000000000e+01
2.000000000000000000e+00
1.500000000000000000e+01
2.600000000000000000e+01
-3.000000000000000000e+00
7.000000000000000000e+00
2.400000000000000000e+01
4.400000000000000000e+01
4.000000000000000000e+01
2.900000000000000000e+01
3.900000000000000000e+01
-6.000000000000000000e+00
2.400000000000000000e+01
4.100000000000000000e+01
4.300000000000000000e+01
3.800000000000000000e+01
5.200000000000000000e+01
3.200000000000000000e+01
7.100000000000000000e+01
5.800000000000000000e+01
1.000000000000000000e+02
9.700000000000000000e+01
9.700000000000000000e+01
1.050000000000000000e+02
1.330000000000000000e+02
1.650000000000000000e+02
1.680000000000000000e+02
1.890000000000000000e+02
2.260000000000000000e+02
2.620000000000000000e+02
2.830000000000000000e+02
3.510000000000000000e+02
4.270000000000000000e+02
4.600000000000000000e+02
5.180000000000000000e+02
5.880000000000000000e+02
6.640000000000000000e+02
7.910000000000000000e+02
8.930000000000000000e+02
9.590000000000000000e+02
1.077000000000000000e+03
1.197000000000000000e+03
1.310000000000000000e+03
1.454000000000000000e+03
1.593000000000000000e+03
1.691000000000000000e+03
1.929000000000000000e+03
2.031000000000000000e+03
2.183000000000000000e+03
2.389000000000000000e+03
2.516000000000000000e+03
2.665000000000000000e+03
2.779000000000000000e+03
3.000000000000000000e+03
3.087000000000000000e+03
3.200000000000000000e+03
3.373000000000000000e+03
3.446000000000000000e+03
3.539000000000000000e+03
3.701000000000000000e+03
3.711000000000000000e+03
3.752000000000000000e+03
3.924000000000000000e+03
3.961000000000000000e+03
3.963000000000000000e+03
3.935000000000000000e+03
3.893000000000000000e+03
3.886000000000000000e+03
3.841000000000000000e+03
3.826000000000000000e+03
3.792000000000000000e+03
3.681000000000000000e+03
3.593000000000000000e+03
3.514000000000000000e+03
3.370000000000000000e+03
3.208000000000000000e+03
3.129000000000000000e+03
3.064000000000000000e+03
2.951000000000000000e+03
2.758000000000000000e+03
2.642000000000000000e+03
2.506000000000000000e+03
2.365000000000000000e+03
2.173000000000000000e+03
2.056000000000000000e+03
1.914000000000000000e+03
1.755000000000000000e+03
1.587000000000000000e+03
1.502000000000000000e+03
1.463000000000000000e+03
1.297000000000000000e+03
1.174000000000000000e+03
1.056000000000000000e+03
9.430000000000000000e+02
9.090000000000000000e+02
7.310000000000000000e+02
7.000000000000000000e+02
6.380000000000000000e+02
5.770000000000000000e+02
4.860000000000000000e+02
4.440000000000000000e+02
3.780000000000000000e+02
3.040000000000000000e+02
3.020000000000000000e+02
2.430000000000000000e+02
2.280000000000000000e+02
1.790000000000000000e+02
1.730000000000000000e+02
1.470000000000000000e+02
1.400000000000000000e+02
1.300000000000000000e+02
6.300000000000000000e+01
9.700000000000000000e+01
3.400000000000000000e+01
3.900000000000000000e+01
5.700000000000000000e+01
4.200000000000000000e+01
3.500000000000000000e+01
5.200000000000000000e+01
2.800000000000000000e+01
1.800000000000000000e+01
1.800000000000000000e+01
9.000000000000000000e+00
3.400000000000000000e+01
1.900000000000000000e+01
1.700000000000000000e+01
3.300000000000000000e+01
-8.000000000000000000e+00
4.000000000000000000e+00
2.000000000000000000e+00
1.900000000000000000e+01
4.000000000000000000e+01
-1.000000000000000000e+00
2.000000000000000000e+01
-1.300000000000000000e+01
-2.000000000000000000e+00
3.300000000000000000e+01
4.400000000000000000e+01
-6.000000000000000000e+00
-1.000000000000000000e+00
8.000000000000000000e+00
-1.100000000000000000e+01
8.000000000000000000e+00
-1.000000000000000000e+00
2.300000000000000000e+01
1.100000000000000000e+01
-4.000000000000000000e+00
1.200000000000000000e+01
7.000000000000000000e+00
-1.000000000000000000e+01
-1.000000000000000000e+00
-2.300000000000000000e+01
-3.000000000000000000e+01
-2.000000000000000000e+00
1.700000000000000000e+01
1.400000000000000000e+01
9.000000000000000000e+00
-6.000000000000000000e+00
1.800000000000000000e+01
4.000000000000000000e+00
2.400000000000000000e+01
-7.000000000000000000e+00
0.000000000000000000e+00
4.700000000000000000e+01
1.400000000000000000e+01
2.100000000000000000e+01
4.100000000000000000e+01
-6.000000000000000000e+00
3.200000000000000000e+01
-5.000000000000000000e+00
2.400000000000000000e+01
3.500000000000000000e+01
4.500000000000000000e+01
9.000000000000000000e+00
2.600000000000000000e+01
2.600000000000000000e+01
-8.000000000000000000e+00
1.000000000000000000e+01
1.800000000000000000e+01
-1.300000000000000000e+01
3.500000000000000000e+01
1.600000000000000000e+01
-9.000000000000000000e+00
-4.000000000000000000e+00
1.400000000000000000e+01
2.500000000000000000e+01
3.700000000000000000e+01
3.200000000000000000e+01
1.000000000000000000e+01
1.600000000000000000e+01
4.900000000000000000e+01
9.000000000000000000e+00
1.200000000000000000e+01
1.600000000000000000e+01
1.500000000000000000e+01
-9.000000000000000000e+00
3.000000000000000000e+00
5.000000000000000000e+00
1.900000000000000000e+01
2.600000000000000000e+01
0.000000000000000000e+00
-2.000000000000000000e+00
1.900000000000000000e+01
3.200000000000000000e+01
2.200000000000000000e+01
-1.600000000000000000e+01
-2.400000000000000000e+01
-1.100000000000000000e+01
-1.000000000000000000e+01
9.000000000000000000e+00
-3.200000000000000000e+01
-1.200000000000000000e+01
1.400000000000000000e+01
-1.600000000000000000e+01
6.000000000000000000e+00
3.300000000000000000e+01
-4.000000000000000000e+00
-9.000000000000000000e+00
1.800000000000000000e+01
4.000000000000000000e+00
-1.300000000000000000e+01
1.500000000000000000e+01
2.000000000000000000e+00
1.700000000000000000e+01
1.000000000000000000e+01
-1.700000000000000000e+01
1.600000000000000000e+01
3.000000000000000000e+00
2.000000000000000000e+00
3.200000000000000000e+01
1.200000000000000000e+01
1.100000000000000000e+01
3.300000000000000000e+01
-4.000000000000000000e+00
-7.000000000000000000e+00
4.000000000000000000e+00
3.000000000000000000e+00
2.000000000000000000e+01
6.000000000000000000e+00
-1.900000000000000000e+01
1.000000000000000000e+01
3.600000000000000000e+01
1.200000000000000000e+01
2.300000000000000000e+01
1.900000000000000000e+01
8.000000000000000000e+00
3.200000000000000000e+01
2.000000000000000000e+00
1.100000000000000000e+01
1.000000000000000000e+01
2.400000000000000000e+01
3.800000000000000000e+01
7.000000000000000000e+00
-6.000000000000000000e+00
2.000000000000000000e+01
7.000000000000000000e+00
-1.000000000000000000e+01
2.200000000000000000e+01
2.500000000000000000e+01
1.800000000000000000e+01
8.000000000000000000e+00
-2.100000000000000000e+01
1.700000000000000000e+01
-2.000000000000000000e+00
2.800000000000000000e+01
3.000000000000000000e+00
6.000000000000000000e+00
2.100000000000000000e+01
9.000000000000000000e+00
2.600000000000000000e+01
1.300000000000000000e+01
-1.000000000000000000e+00
3.300000000000000000e+01
6.000000000000000000e+00
-6.000000000000000000e+00
7.000000000000000000e+00
5.000000000000000000e+00
1.900000000000000000e+01
2.300000000000000000e+01
2.000000000000000000e+01
-1.800000000000000000e+01
6.000000000000000000e+00
7.000000000000000000e+00
-1.100000000000000000e+01
-3.000000000000000000e+00
9.000000000000000000e+00
1.500000000000000000e+01
2.400000000000000000e+01
-1.000000000000000000e+00
-1.200000000000000000e+01
8.000000000000000000e+00
1.300000000000000000e+01
1.700000000000000000e+01
2.700000000000000000e+01
9.000000000000000000e+00
5.000000000000000000e+01
-1.600000000000000000e+01
-1.000000000000000000e+01
1.500000000000000000e+01
1.300000000000000000e+01
3.000000000000000000e+00
1.300000000000000000e+01
1.300000000000000000e+01
2.600000000000000000e+01
2.400000000000000000e+01
-7.000000000000000000e+00
2.300000000000000000e+01
2.000000000000000000e+01
2.000000000000000000e+00
-5.000000000000000000e+00
2.000000000000000000e+00
-8.000000000000000000e+00
5.000000000000000000e+00
-1.300000000000000000e+01
3.000000000000000000e+00
4.000000000000000000e+00
-5.000000000000000000e+00
9.000000000000000000e+00
0.000000000000000000e+00
2.200000000000000000e+01
-1.800000000000000000e+01
-4.100000000000000000e+01
-1.000000000000000000e+01
-3.000000000000000000e+00
-1.100000000000000000e+01
-1.900000000000000000e+01
-2.100000000000000000e+01
-1.300000000000000000e+01
4.000000000000000000e+00
2.000000000000000000e+00
1.300000000000000000e+01
1.500000000000000000e+01
-3.000000000000000000e+00
2.900000000000000000e+01
-1.000000000000000000e+00
1.500000000000000000e+01
1.300000000000000000e+01
6.000000000000000000e+00
-4.000000000000000000e+00
-2.600000000000000000e+01
2.000000000000000000e+00
1.000000000000000000e+01
1.100000000000000000e+01
3.300000000000000000e+01
-2.300000000000000000e+01
1.200000000000000000e+01
1.200000000000000000e+01
-7.000000000000000000e+00
1.700000000000000000e+01
9.000000000000000000e+00
-3.700000000000000000e+01
4.000000000000000000e+00
-2.200000000000000000e+01
8.000000000000000000e+00
1.300000000000000000e+01
-4.000000000000000000e+00
8.000000000000000000e+00
-3.100000000000000000e+01
6.000000000000000000e+00
2.800000000000000000e+01
-1.500000000000000000e+01
-1.300000000000000000e+01
-2.700000000000000000e+01
-3.200000000000000000e+01
-2.700000000000000000e+01
2.200000000000000000e+01
5.000000000000000000e+00
0.000000000000000000e+00
1.000000000000000000e+00
-2.500000000000000000e+01
7.000000000000000000e+00
9.000000000000000000e+00
-9.000000000000000000e+00
1.900000000000000000e+01
1.800000000000000000e+01
2.000000000000000000e+00
0.000000000000000000e+00
3.600000000000000000e+01
9.000000000000000000e+00
8.000000000000000000e+00
3.800000000000000000e+01
-2.000000000000000000e+00
1.100000000000000000e+01
-1.600000000000000000e+01
-1.000000000000000000e+01
7.000000000000000000e+00
3.000000000000000000e+00
1.200000000000000000e+01
8.000000000000000000e+00
2.000000000000000000e+01
1.500000000000000000e+01
-7.000000000000000000e+00
2.000000000000000000e+01
3.400000000000000000e+01
-5.000000000000000000e+00
-1.100000000000000000e+01
1.200000000000000000e+01
9.000000000000000000e+00
7.000000000000000000e+00
8.000000000000000000e+00
-8.000000000000000000e+00
-4.000000000000000000e+00
3.500000000000000000e+01
1.200000000000000000e+01
1.300000000000000000e+01
-1.300000000000000000e+01
-1.000000000000000000e+01
-1.000000000000000000e+00
-2.600000000000000000e+01
-1.000000000000000000e+01
1.300000000000000000e+01
-1.300000000000000000e+01
3.000000000000000000e+00
1.600000000000000000e+01
1.000000000000000000e+01
-1.700000000000000000e+01
1.000000000000000000e+00
2.100000000000000000e+01
1.300000000000000000e+01
-7.000000000000000000e+00
-5.000000000000000000e+00
2.000000000000000000e+00
1.600000000000000000e+01
-1.100000000000000000e+01
-6.000000000000000000e+00
-2.200000000000000000e+01
-1.000000000000000000e+00
2.700000000000000000e+01
3.800000000000000000e+01
2.000000000000000000e+00
1.900000000000000000e+01
3.000000000000000000e+00
-2.000000000000000000e+00
-8.000000000000000000e+00
1.500000000000000000e+01
-2.200000000000000000e+01
-2.500000000000000000e+01
1.300000000000000000e+01
3.300000000000000000e+01
1.600000000000000000e+01
-1.700000000000000000e+01
-2.100000000000000000e+01
-2.300000000000000000e+01
2.300000000000000000e+01
3.000000000000000000e+00
-1.300000000000000000e+01
-8.000000000000000000e+00
-1.800000000000000000e+01
1.600000000000000000e+01
-3.000000000000000000e+00
-6.000000000000000000e+00
2.000000000000000000e+00
-2.600000000000000000e+01
-1.600000000000000000e+01
-8.000000000000000000e+00
-3.800000000000000000e+01
-2.400000000000000000e+01
1.000000000000000000e+00
2.000000000000000000e+01
1.600000000000000000e+01
-2.300000000000000000e+01
-1.300000000000000000e+01
1.200000000000000000e+01
-2.000000000000000000e+00
-2.500000000000000000e+01
-4.000000000000000000e+00
-5.000000000000000000e+00
7.000000000000000000e+00
1.600000000000000000e+01
-2.400000000000000000e+01
-9.000000000000000000e+00
-8.000000000000000000e+00
9.000000000000000000e+00
-2.600000000000000000e+01
-9.000000000000000000e+00
1.000000000000000000e+01
1.000000000000000000e+00
2.100000000000000000e+01
2.700000000000000000e+01
7.800000000000000000e+01
-5.000000000000000000e+00
0.000000000000000000e+00
-1.100000000000000000e+01
-6.000000000000000000e+00
-1.000000000000000000e+01
-2.400000000000000000e+01
1.000000000000000000e+00
-1.500000000000000000e+01
-1.100000000000000000e+01
1.000000000000000000e+01
-6.000000000000000000e+00
2.000000000000000000e+01
-1.200000000000000000e+01
1.400000000000000000e+01
6.000000000000000000e+00
-3.000000000000000000e+00
1.700000000000000000e+01
-4.400000000000000000e+01
5.000000000000000000e+00
-5.000000000000000000e+00
-2.000000000000000000e+00
-1.700000000000000000e+01
-2.100000000000000000e+01
1.700000000000000000e+01
-2.200000000000000000e+01
-1.000000000000000000e+01
-3.300000000000000000e+01
2.300000000000000000e+01
7.000000000000000000e+00
-1.100000000000000000e+01
3.000000000000000000e+00
-1.400000000000000000e+01
-2.000000000000000000e+00
4.000000000000000000e+00
-8.000000000000000000e+00
-1.600000000000000000e+01
-1.700000000000000000e+01
1.500000000000000000e+01
5.000000000000000000e+00
-2.300000000000000000e+01
-1.200000000000000000e+01
2.000000000000000000e+00
-2.200000000000000000e+01
-3.000000000000000000e+00
-9.000000000000000000e+00
1.200000000000000000e+01
-1.000000000000000000e+00
6.000000000000000000e+00
7.000000000000000000e+00
9.000000000000000000e+00
1.300000000000000000e+01
-1.000000000000000000e+00
1.500000000000000000e+01
-4.400000000000000000e+01
1.000000000000000000e+00
-2.900000000000000000e+01
0.000000000000000000e+00
-1.500000000000000000e+01
-2.400000000000000000e+01
-1.200000000000000000e+01
-1.000000000000000000e+00
2.300000000000000000e+01
-1.600000000000000000e+01
8.000000000000000000e+00
3.600000000000000000e+01
-1.000000000000000000e+01
1.100000000000000000e+01
2.100000000000000000e+01
8.000000000000000000e+00
8.000000000000000000e+00
8.000000000000000000e+00
1.200000000000000000e+01
1.000000000000000000e+00
-4.400000000000000000e+01
-5.000000000000000000e+00
-4.000000000000000000e+00
-2.200000000000000000e+01
3.000000000000000000e+00
-1.500000000000000000e+01
-9.000000000000000000e+00
-7.000000000000000000e+00
-4.000000000000000000e+00
-9.000000000000000000e+00
-7.000000000000000000e+00
5.600000000000000000e+01
1.300000000000000000e+01
1.900000000000000000e+01
8.000000000000000000e+00
6.000000000000000000e+00
-2.200000000000000000e+01
2.500000000000000000e+01
1.000000000000000000e+00
-2.000000000000000000e+01
7.000000000000000000e+00
-6.000000000000000000e+00
-2.100000000000000000e+01
1.600000000000000000e+01
-1.400000000000000000e+01
-3.400000000000000000e+01
-2.200000000000000000e+01
1.800000000000000000e+01
2.000000000000000000e+00
6.000000000000000000e+00
4.000000000000000000e+01
-1.200000000000000000e+01
-6.000000000000000000e+00
8.000000000000000000e+00
-2.200000000000000000e+01
-7.000000000000000000e+00
-1.300000000000000000e+01
8.000000000000000000e+00
-1.500000000000000000e+01
2.000000000000000000e+00
2.600000000000000000e+01
3.000000000000000000e+00
-1.300000000000000000e+01
-1.200000000000000000e+01
2.400000000000000000e+01
-4.000000000000000000e+00
0.000000000000000000e+00
-7.000000000000000000e+00
8.000000000000000000e+00
5.000000000000000000e+00
8.000000000000000000e+00
5.000000000000000000e+00
-1.100000000000000000e+01
1.200000000000000000e+01
-1.700000000000000000e+01
1.000000000000000000e+01
0.000000000000000000e+00
-1.000000000000000000e+00
-1.100000000000000000e+01
1.800000000000000000e+01
4.000000000000000000e+00
-2.700000000000000000e+01
-5.000000000000000000e+00
-7.000000000000000000e+00
-2.200000000000000000e+01
-1.000000000000000000e+01
2.000000000000000000e+00
7.000000000000000000e+00
-2.400000000000000000e+01
-2.100000000000000000e+01
-1.000000000000000000e+01
1.300000000000000000e+01
-1.500000000000000000e+01
2.200000000000000000e+01
1.500000000000000000e+01
7.000000000000000000e+00
0.000000000000000000e+00
2.900000000000000000e+01
-6.000000000000000000e+00
1.500000000000000000e+01
-9.000000000000000000e+00
-4.000000000000000000e+00
1.800000000000000000e+01
1.100000000000000000e+01
-1.100000000000000000e+01
-2.300000000000000000e+01
0.000000000000000000e+00
4.000000000000000000e+01
-1.100000000000000000e+01
2.300000000000000000e+01
-1.900000000000000000e+01
-9.000000000000000000e+00
-3.200000000000000000e+01
-1.300000000000000000e+01
-7.000000000000000000e+00
1.800000000000000000e+01
-7.000000000000000000e+00
-8.000000000000000000e+00
-9.000000000000000000e+00
-2.800000000000000000e+01
-2.000000000000000000e+00
-3.500000000000000000e+01
1.400000000000000000e+01
-6.000000000000000000e+00
2.700000000000000000e+01
6.000000000000000000e+00
4.000000000000000000e+00
-2.300000000000000000e+01
8.000000000000000000e+00
-4.300000000000000000e+01
-1.700000000000000000e+01
5.000000000000000000e+00
-1.100000000000000000e+01
-1.400000000000000000e+01
1.100000000000000000e+01
1.000000000000000000e+00
3.000000000000000000e+00
1.700000000000000000e+01
2.000000000000000000e+00
-9.000000000000000000e+00
5.000000000000000000e+00
-7.000000000000000000e+00
1.000000000000000000e+00
8.000000000000000000e+00
-3.000000000000000000e+01
1.100000000000000000e+01
-1.300000000000000000e+01
-7.000000000000000000e+00
-6.000000000000000000e+00
1.200000000000000000e+01
-1.700000000000000000e+01
-2.000000000000000000e+01
-2.200000000000000000e+01
-1.000000000000000000e+00
2.100000000000000000e+01
0.000000000000000000e+00
1.500000000000000000e+01
0.000000000000000000e+00
1.800000000000000000e+01
2.800000000000000000e+01
-5.000000000000000000e+00
5.000000000000000000e+00
-1.200000000000000000e+01
-1.700000000000000000e+01
-1.200000000000000000e+01
-1.100000000000000000e+01
-7.000000000000000000e+00
0.000000000000000000e+00
1.600000000000000000e+01
3.000000000000000000e+01
-8.000000000000000000e+00
2.000000000000000000e+00
-5.000000000000000000e+00
-3.000000000000000000e+00
-1.700000000000000000e+01
1.200000000000000000e+01
-1.100000000000000000e+01
-2.000000000000000000e+00
-1.400000000000000000e+01
-1.900000000000000000e+01
6.000000000000000000e+00
-2.400000000000000000e+01
-1.100000000000000000e+01
-7.000000000000000000e+00
0.000000000000000000e+00
8.000000000000000000e+00
1.000000000000000000e+00
-4.000000000000000000e+00
6.000000000000000000e+00
8.000000000000000000e+00
0.000000000000000000e+00
-3.600000000000000000e+01
1.000000000000000000e+01
-4.000000000000000000e+00
-2.600000000000000000e+01
1.700000000000000000e+01
-1.100000000000000000e+01
0.000000000000000000e+00
-2.700000000000000000e+01
-2.600000000000000000e+01
-3.000000000000000000e+00
-1.100000000000000000e+01
2.700000000000000000e+01
-1.400000000000000000e+01
0.000000000000000000e+00
-1.000000000000000000e+00
9.000000000000000000e+00
-2.000000000000000000e+00
2.000000000000000000e+00
-8.000000000000000000e+00
6.000000000000000000e+00
-4.000000000000000000e+00
-2.000000000000000000e+00
-7.000000000000000000e+00
-2.300000000000000000e+01
-1.100000000000000000e+01
-2.000000000000000000e+00
-7.000000000000000000e+00
0.000000000000000000e+00
-3.000000000000000000e+00
-1.700000000000000000e+01
2.800000000000000000e+01
-1.900000000000000000e+01
-6.000000000000000000e+00
2.000000000000000000e+01
-3.000000000000000000e+00
3.000000000000000000e+00
-2.500000000000000000e+01
-7.000000000000000000e+00
-1.200000000000000000e+01
-1.100000000000000000e+01
2.000000000000000000e+00
2.200000000000000000e+01
-1.800000000000000000e+01
1.200000000000000000e+01
-3.200000000000000000e+01
2.100000000000000000e+01
-3.400000000000000000e+01
-6.000000000000000000e+00
-2.600000000000000000e+01
-1.100000000000000000e+01
2.000000000000000000e+00
-1.000000000000000000e+00
1.000000000000000000e+00
-1.000000000000000000e+00
-1.000000000000000000e+01
5.000000000000000000e+00
1.600000000000000000e+01
1.700000000000000000e+01
5.000000000000000000e+00
1.600000000000000000e+01
-1.000000000000000000e+01
-2.300000000000000000e+01
-2.100000000000000000e+01
7.000000000000000000e+00
-1.900000000000000000e+01
-1.900000000000000000e+01
-1.100000000000000000e+01
1.100000000000000000e+01
1.000000000000000000e+00
3.000000000000000000e+00
-8.000000000000000000e+00
1.000000000000000000e+01
-3.000000000000000000e+01
-1.600000000000000000e+01
-1.200000000000000000e+01
-1.400000000000000000e+01
7.000000000000000000e+00
-2.800000000000000000e+01
5.000000000000000000e+00
-8.000000000000000000e+00
3.000000000000000000e+00
-2.700000000000000000e+01
-2.100000000000000000e+01
-9.000000000000000000e+00
-2.000000000000000000e+00
1.700000000000000000e+01
-3.200000000000000000e+01
1.600000000000000000e+01
3.000000000000000000e+01
8.000000000000000000e+00
-1.100000000000000000e+01
4.000000000000000000e+00
8.000000000000000000e+00
-1.400000000000000000e+01
-1.800000000000000000e+01
1.000000000000000000e+01
6.000000000000000000e+00
-9.000000000000000000e+00
2.600000000000000000e+01
1.000000000000000000e+01
8.000000000000000000e+00
-1.400000000000000000e+01
2.000000000000000000e+00
1.000000000000000000e+00
3.200000000000000000e+01
-1.000000000000000000e+00
3.700000000000000000e+01
-1.300000000000000000e+01
-1.000000000000000000e+00
-2.100000000000000000e+01
-1.700000000000000000e+01
-7.000000000000000000e+00
-7.000000000000000000e+00
3.000000000000000000e+00
6.000000000000000000e+00
2.000000000000000000e+01
-6.000000000000000000e+00
1.000000000000000000e+01
1.200000000000000000e+01
-1.400000000000000000e+01
2.000000000000000000e+00
-1.000000000000000000e+01
-1.300000000000000000e+01
1.700000000000000000e+01
9.000000000000000000e+00
-2.000000000000000000e+00
-1.100000000000000000e+01
4.000000000000000000e+00
2.600000000000000000e+01
1.200000000000000000e+01
6.000000000000000000e+00
1.400000000000000000e+01
2.200000000000000000e+01
-3.100000000000000000e+01
1.700000000000000000e+01
8.000000000000000000e+00
1.400000000000000000e+01
2.200000000000000000e+01
2.500000000000000000e+01
2.400000000000000000e+01
1.700000000000000000e+01
-4.000000000000000000e+00
-1.700000000000000000e+01
3.000000000000000000e+00
-2.100000000000000000e+01
-6.000000000000000000e+00
1.000000000000000000e+01
-2.000000000000000000e+00
3.000000000000000000e+00
-8.000000000000000000e+00
-3.000000000000000000e+00
-5.000000000000000000e+00
-2.000000000000000000e+00
2.900000000000000000e+01
8.000000000000000000e+00
9.000000000000000000e+00
1.000000000000000000e+00
3.400000000000000000e+01
9.000000000000000000e+00
3.200000000000000000e+01
-2.100000000000000000e+01
3.000000000000000000e+00
-1.100000000000000000e+01
8.000000000000000000e+00
-1.000000000000000000e+01
3.200000000000000000e+01
2.400000000000000000e+01
2.200000000000000000e+01
6.000000000000000000e+00
2.600000000000000000e+01
1.500000000000000000e+01
1.400000000000000000e+01
7.000000000000000000e+00
2.100000000000000000e+01
1.000000000000000000e+01
-2.000000000000000000e+00
7.000000000000000000e+00
4.500000000000000000e+01
5.600000000000000000e+01
3.300000000000000000e+01
5.200000000000000000e+01
3.200000000000000000e+01
3.700000000000000000e+01
6.300000000000000000e+01
6.800000000000000000e+01
5.800000000000000000e+01
7.400000000000000000e+01
7.400000000000000000e+01
5.600000000000000000e+01
6.400000000000000000e+01
6.500000000000000000e+01
7.000000000000000000e+01
8.100000000000000000e+01
6.000000000000000000e+01
1.110000000000000000e+02
9.700000000000000000e+01
1.150000000000000000e+02
1.260000000000000000e+02
1.150000000000000000e+02
1.580000000000000000e+02
1.680000000000000000e+02
1.580000000000000000e+02
1.420000000000000000e+02
1.680000000000000000e+02
2.010000000000000000e+02
2.010000000000000000e+02
1.740000000000000000e+02
1.970000000000000000e+02
2.310000000000000000e+02
2.490000000000000000e+02
2.600000000000000000e+02
2.520000000000000000e+02
2.900000000000000000e+02
2.800000000000000000e+02
3.040000000000000000e+02
2.770000000000000000e+02
2.840000000000000000e+02
3.300000000000000000e+02
3.460000000000000000e+02
3.770000000000000000e+02
3.840000000000000000e+02
4.060000000000000000e+02
4.320000000000000000e+02
4.600000000000000000e+02
4.510000000000000000e+02
4.950000000000000000e+02
4.800000000000000000e+02
5.460000000000000000e+02
5.700000000000000000e+02
5.710000000000000000e+02
6.350000000000000000e+02
6.500000000000000000e+02
6.750000000000000000e+02
6.650000000000000000e+02
6.730000000000000000e+02
6.890000000000000000e+02
7.470000000000000000e+02
7.510000000000000000e+02
7.700000000000000000e+02
7.820000000000000000e+02
8.470000000000000000e+02
8.690000000000000000e+02
8.590000000000000000e+02
9.240000000000000000e+02
9.390000000000000000e+02
9.320000000000000000e+02
9.830000000000000000e+02
9.510000000000000000e+02
9.800000000000000000e+02
1.036000000000000000e+03
1.034000000000000000e+03
1.064000000000000000e+03
1.073000000000000000e+03
1.059000000000000000e+03
1.095000000000000000e+03
1.108000000000000000e+03
1.120000000000000000e+03
1.096000000000000000e+03
1.119000000000000000e+03
1.156000000000000000e+03
1.126000000000000000e+03
1.206000000000000000e+03
1.202000000000000000e+03
1.166000000000000000e+03
1.248000000000000000e+03
1.249000000000000000e+03
1.271000000000000000e+03
1.264000000000000000e+03
1.260000000000000000e+03
1.304000000000000000e+03
1.290000000000000000e+03
1.305000000000000000e+03
1.331000000000000000e+03
1.306000000000000000e+03
1.355000000000000000e+03
1.277000000000000000e+03
1.313000000000000000e+03
1.280000000000000000e+03
1.293000000000000000e+03
1.323000000000000000e+03
1.193000000000000000e+03
1.201000000000000000e+03
1.146000000000000000e+03
1.197000000000000000e+03
1.139000000000000000e+03
1.105000000000000000e+03
1.146000000000000000e+03
1.081000000000000000e+03
1.114000000000000000e+03
1.150000000000000000e+03
1.101000000000000000e+03
1.079000000000000000e+03
1.058000000000000000e+03
1.054000000000000000e+03
1.054000000000000000e+03
9.770000000000000000e+02
1.036000000000000000e+03
1.019000000000000000e+03
9.840000000000000000e+02
9.370000000000000000e+02
9.570000000000000000e+02
1.008000000000000000e+03
9.470000000000000000e+02
9.400000000000000000e+02
9.210000000000000000e+02
9.210000000000000000e+02
8.760000000000000000e+02
8.180000000000000000e+02
8.560000000000000000e+02
7.910000000000000000e+02
7.910000000000000000e+02
7.690000000000000000e+02
7.310000000000000000e+02
7.480000000000000000e+02
6.860000000000000000e+02
7.150000000000000000e+02
6.120000000000000000e+02
6.420000000000000000e+02
5.780000000000000000e+02
6.000000000000000000e+02
5.570000000000000000e+02
5.290000000000000000e+02
5.530000000000000000e+02
5.260000000000000000e+02
5.080000000000000000e+02
5.460000000000000000e+02
4.780000000000000000e+02
4.630000000000000000e+02
4.580000000000000000e+02
4.340000000000000000e+02
4.070000000000000000e+02
3.880000000000000000e+02
3.580000000000000000e+02
3.930000000000000000e+02
3.630000000000000000e+02
3.970000000000000000e+02
3.400000000000000000e+02
3.310000000000000000e+02
2.980000000000000000e+02
3.120000000000000000e+02
2.470000000000000000e+02
2.500000000000000000e+02
2.540000000000000000e+02
2.420000000000000000e+02
2.310000000000000000e+02
2.240000000000000000e+02
1.960000000000000000e+02
2.210000000000000000e+02
1.920000000000000000e+02
2.000000000000000000e+02
1.450000000000000000e+02
1.660000000000000000e+02
1.900000000000000000e+02
1.870000000000000000e+02
1.500000000000000000e+02
1.610000000000000000e+02
1.490000000000000000e+02
1.630000000000000000e+02
1.410000000000000000e+02
1.310000000000000000e+02
1.200000000000000000e+02
1.150000000000000000e+02
9.100000000000000000e+01
1.130000000000000000e+02
6.700000000000000000e+01
8.700000000000000000e+01
1.020000000000000000e+02
8.300000000000000000e+01
7.300000000000000000e+01
4.400000000000000000e+01
4.700000000000000000e+01
9.300000000000000000e+01
7.400000000000000000e+01
4.500000000000000000e+01
7.000000000000000000e+01
5.800000000000000000e+01
4.700000000000000000e+01
3.600000000000000000e+01
1.800000000000000000e+01
5.000000000000000000e+01
3.300000000000000000e+01
2.500000000000000000e+01
5.100000000000000000e+01
3.600000000000000000e+01
2.300000000000000000e+01
1.800000000000000000e+01
2.700000000000000000e+01
3.500000000000000000e+01
1.200000000000000000e+01
3.500000000000000000e+01
4.000000000000000000e+00
5.000000000000000000e+00
3.100000000000000000e+01
4.000000000000000000e+00
1.800000000000000000e+01
1.200000000000000000e+01
2.900000000000000000e+01
1.000000000000000000e+01
2.800000000000000000e+01
2.300000000000000000e+01
1.600000000000000000e+01
2.400000000000000000e+01
2.500000000000000000e+01
1.600000000000000000e+01
1.500000000000000000e+01
-1.200000000000000000e+01
-9.000000000000000000e+00
1.500000000000000000e+01
3.200000000000000000e+01
2.400000000000000000e+01
4.000000000000000000e+00
2.400000000000000000e+01
-3.000000000000000000e+00
7.000000000000000000e+00
2.500000000000000000e+01
-2.600000000000000000e+01
1.400000000000000000e+01
1.400000000000000000e+01
-2.000000000000000000e+01
-4.000000000000000000e+00
8.000000000000000000e+00
2.300000000000000000e+01
-4.000000000000000000e+00
0.000000000000000000e+00
6.000000000000000000e+00
-1.000000000000000000e+01
1.200000000000000000e+01
-1.000000000000000000e+00
2.100000000000000000e+01
-2.400000000000000000e+01
-1.100000000000000000e+01
2.300000000000000000e+01
-2.400000000000000000e+01
1.600000000000000000e+01
9.000000000000000000e+00
1.800000000000000000e+01
0.000000000000000000e+00
-5.000000000000000000e+00
-2.000000000000000000e+01
-5.000000000000000000e+00
-1.300000000000000000e+01
2.000000000000000000e+00
-3.000000000000000000e+00
1.000000000000000000e+00
5.000000000000000000e+00
7.000000000000000000e+00
1.300000000000000000e+01
1.100000000000000000e+01
9.000000000000000000e+00
-6.000000000000000000e+00
1.900000000000000000e+01
-1.900000000000000000e+01
3.000000000000000000e+00
2.000000000000000000e+00
2.000000000000000000e+00
-5.000000000000000000e+00
2.000000000000000000e+01
-1.800000000000000000e+01
9.000000000000000000e+00
-1.800000000000000000e+01
-8.000000000000000000e+00
3.000000000000000000e+00
-7.000000000000000000e+00
-1.100000000000000000e+01
1.000000000000000000e+00
-1.700000000000000000e+01
1.000000000000000000e+00
8.000000000000000000e+00
1.800000000000000000e+01
1.000000000000000000e+00
-3.000000000000000000e+00
-1.500000000000000000e+01
1.200000000000000000e+01
8.000000000000000000e+00
-1.000000000000000000e+00
-4.000000000000000000e+00
7.000000000000000000e+00
-4.000000000000000000e+00
