4.000000000000000000e+00
4.000000000000000000e+00
-1.000000000000000000e+00
1.000000000000000000e+00
9.000000000000000000e+00
-7.000000000000000000e+00
3.000000000000000000e+00
-8.000000000000000000e+00
-1.000000000000000000e+00
-1.000000000000000000e+01
-8.000000000000000000e+00
1.000000000000000000e+00
5.000000000000000000e+00
-1.200000000000000000e+01
-1.500000000000000000e+01
8.000000000000000000e+00
6.000000000000000000e+00
3.000000000000000000e+01
1.200000000000000000e+01
-1.700000000000000000e+01
3.000000000000000000e+00
2.000000000000000000e+01
-1.000000000000000000e+01
-1.000000000000000000e+01
-3.000000000000000000e+01
0.000000000000000000e+00
-2.700000000000000000e+01
2.000000000000000000e+00
-5.000000000000000000e+00
-3.000000000000000000e+00
-6.000000000000000000e+00
-4.000000000000000000e+00
2.600000000000000000e+01
0.000000000000000000e+00
1.000000000000000000e+01
-3.000000000000000000e+00
-1.000000000000000000e+01
1.300000000000000000e+01
1.400000000000000000e+01
1.100000000000000000e+01
-2.100000000000000000e+01
1.800000000000000000e+01
-1.700000000000000000e+01
-4.000000000000000000e+00
-4.000000000000000000e+00
3.000000000000000000e+00
1.000000000000000000e+01
5.000000000000000000e+00
0.000000000000000000e+00
-1.700000000000000000e+01
-2.400000000000000000e+01
-1.100000000000000000e+01
6.000000000000000000e+00
2.300000000000000000e+01
-2.100000000000000000e+01
1.400000000000000000e+01
-2.300000000000000000e+01
-3.600000000000000000e+01
-6.000000000000000000e+00
-1.500000000000000000e+01
-1.400000000000000000e+01
-1.600000000000000000e+01
-4.000000000000000000e+00
6.000000000000000000e+00
-1.100000000000000000e+01
1.100000000000000000e+01
-6.000000000000000000e+00
-1.200000000000000000e+01
1.000000000000000000e+00
-2.200000000000000000e+01
-2.000000000000000000e+00
8.000000000000000000e+00
-2.100000000000000000e+01
-4.500000000000000000e+01
-4.000000000000000000e+00
-2.300000000000000000e+01
-1.900000000000000000e+01
9.000000000000000000e+00
2.400000000000000000e+01
-4.300000000000000000e+01
-8.000000000000000000e+00
0.000000000000000000e+00
-1.200000000000000000e+01
1.600000000000000000e+01
-8.000000000000000000e+00
-1.500000000000000000e+01
2.600000000000000000e+01
9.000000000000000000e+00
1.600000000000000000e+01
-2.300000000000000000e+01
-1.200000000000000000e+01
-2.000000000000000000e+00
-2.000000000000000000e+00
-9.000000000000000000e+00
2.300000000000000000e+01
1.000000000000000000e+01
0.000000000000000000e+00
3.000000000000000000e+00
-3.000000000000000000e+01
-1.100000000000000000e+01
5.000000000000000000e+00
-2.000000000000000000e+01
-9.000000000000000000e+00
1.000000000000000000e+00
3.900000000000000000e+01
-2.000000000000000000e+00
-4.000000000000000000e+00
8.000000000000000000e+00
-1.600000000000000000e+01
1.500000000000000000e+01
1.000000000000000000e+00
-1.200000000000000000e+01
1.100000000000000000e+01
1.300000000000000000e+01
-1.700000000000000000e+01
1.800000000000000000e+01
-4.000000000000000000e+00
-2.100000000000000000e+01
-1.100000000000000000e+01
2.400000000000000000e+01
-1.200000000000000000e+01
-1.200000000000000000e+01
1.300000000000000000e+01
7.000000000000000000e+00
1.900000000000000000e+01
-2.100000000000000000e+01
1.000000000000000000e+00
-1.100000000000000000e+01
1.200000000000000000e+01
7.000000000000000000e+00
-9.000000000000000000e+00
7.000000000000000000e+00
-1.500000000000000000e+01
2.700000000000000000e+01
-1.500000000000000000e+01
-1.100000000000000000e+01
1.000000000000000000e+00
1.600000000000000000e+01
-1.600000000000000000e+01
4.000000000000000000e+00
-2.200000000000000000e+01
5.000000000000000000e+00
-3.000000000000000000e+01
-1.700000000000000000e+01
5.000000000000000000e+00
-7.000000000000000000e+00
-8.000000000000000000e+00
-2.300000000000000000e+01
-3.000000000000000000e+01
-2.300000000000000000e+01
-1.500000000000000000e+01
1.800000000000000000e+01
5.000000000000000000e+00
-5.000000000000000000e+00
-9.000000000000000000e+00
-4.000000000000000000e+00
6.000000000000000000e+00
6.000000000000000000e+00
1.000000000000000000e+00
-6.000000000000000000e+00
1.400000000000000000e+01
-1.000000000000000000e+00
-2.300000000000000000e+01
-1.000000000000000000e+00
-1.200000000000000000e+01
-2.000000000000000000e+00
-1.100000000000000000e+01
-1.500000000000000000e+01
1.800000000000000000e+01
-8.000000000000000000e+00
-6.000000000000000000e+00
1.000000000000000000e+01
-1.700000000000000000e+01
6.000000000000000000e+00
1.700000000000000000e+01
-1.500000000000000000e+01
-2.500000000000000000e+01
6.000000000000000000e+00
3.000000000000000000e+00
-2.000000000000000000e+00
1.000000000000000000e+00
1.200000000000000000e+01
1.400000000000000000e+01
-1.500000000000000000e+01
2.100000000000000000e+01
-2.000000000000000000e+01
6.000000000000000000e+00
-1.000000000000000000e+00
2.000000000000000000e+00
4.400000000000000000e+01
-2.000000000000000000e+00
-1.700000000000000000e+01
-1.100000000000000000e+01
-1.200000000000000000e+01
1.700000000000000000e+01
-9.000000000000000000e+00
5.000000000000000000e+00
9.000000000000000000e+00
-7.000000000000000000e+00
1.500000000000000000e+01
-1.300000000000000000e+01
6.000000000000000000e+00
-4.000000000000000000e+00
3.000000000000000000e+00
1.000000000000000000e+00
-2.000000000000000000e+00
1.000000000000000000e+01
-2.300000000000000000e+01
1.400000000000000000e+01
-6.000000000000000000e+00
9.000000000000000000e+00
1.500000000000000000e+01
6.000000000000000000e+00
-1.000000000000000000e+00
-2.000000000000000000e+00
-9.000000000000000000e+00
2.000000000000000000e+00
1.100000000000000000e+01
1.600000000000000000e+01
-1.500000000000000000e+01
3.900000000000000000e+01
-8.000000000000000000e+00
-2.100000000000000000e+01
-3.000000000000000000e+00
-2.000000000000000000e+00
2.000000000000000000e+01
-6.000000000000000000e+00
-2.000000000000000000e+01
0.000000000000000000e+00
0.000000000000000000e+00
3.000000000000000000e+00
2.000000000000000000e+00
-8.000000000000000000e+00
1.200000000000000000e+01
-1.000000000000000000e+00
-5.000000000000000000e+00
1.800000000000000000e+01
-2.000000000000000000e+01
5.000000000000000000e+00
2.500000000000000000e+01
1.000000000000000000e+01
-2.100000000000000000e+01
6.000000000000000000e+00
2.000000000000000000e+00
-4.000000000000000000e+00
3.000000000000000000e+00
-1.300000000000000000e+01
9.000000000000000000e+00
-9.000000000000000000e+00
2.200000000000000000e+01
1.600000000000000000e+01
-2.000000000000000000e+00
-1.800000000000000000e+01
-2.300000000000000000e+01
-1.700000000000000000e+01
6.000000000000000000e+00
2.800000000000000000e+01
-2.100000000000000000e+01
-3.400000000000000000e+01
-1.200000000000000000e+01
4.000000000000000000e+00
2.100000000000000000e+01
1.000000000000000000e+01
7.000000000000000000e+00
3.000000000000000000e+00
1.300000000000000000e+01
3.000000000000000000e+00
-3.000000000000000000e+00
-5.000000000000000000e+00
5.000000000000000000e+00
-2.000000000000000000e+00
1.800000000000000000e+01
-3.300000000000000000e+01
-1.800000000000000000e+01
1.000000000000000000e+01
-1.200000000000000000e+01
-1.000000000000000000e+01
1.100000000000000000e+01
-2.600000000000000000e+01
2.300000000000000000e+01
-1.400000000000000000e+01
-8.000000000000000000e+00
-1.300000000000000000e+01
-2.400000000000000000e+01
1.100000000000000000e+01
-7.000000000000000000e+00
-1.500000000000000000e+01
-5.000000000000000000e+00
-1.700000000000000000e+01
8.000000000000000000e+00
-1.500000000000000000e+01
-1.000000000000000000e+01
-9.000000000000000000e+00
1.500000000000000000e+01
2.800000000000000000e+01
3.000000000000000000e+01
-8.000000000000000000e+00
0.000000000000000000e+00
1.400000000000000000e+01
-1.000000000000000000e+00
1.000000000000000000e+00
-1.100000000000000000e+01
-2.000000000000000000e+01
5.000000000000000000e+00
-1.800000000000000000e+01
-1.000000000000000000e+01
-8.000000000000000000e+00
-4.000000000000000000e+00
-2.800000000000000000e+01
1.200000000000000000e+01
-1.600000000000000000e+01
1.700000000000000000e+01
-4.000000000000000000e+00
7.000000000000000000e+00
5.000000000000000000e+00
9.000000000000000000e+00
5.000000000000000000e+00
1.300000000000000000e+01
1.300000000000000000e+01
0.000000000000000000e+00
-4.800000000000000000e+01
1.100000000000000000e+01
-3.000000000000000000e+00
9.000000000000000000e+00
1.600000000000000000e+01
-9.000000000000000000e+00
2.600000000000000000e+01
-1.300000000000000000e+01
-2.000000000000000000e+00
2.900000000000000000e+01
4.000000000000000000e+00
2.600000000000000000e+01
-4.500000000000000000e+01
-4.000000000000000000e+00
-2.000000000000000000e+00
-2.500000000000000000e+01
-1.700000000000000000e+01
6.000000000000000000e+00
1.000000000000000000e+01
2.000000000000000000e+00
-9.000000000000000000e+00
7.000000000000000000e+00
6.000000000000000000e+00
-1.000000000000000000e+00
1.000000000000000000e+00
1.300000000000000000e+01
-2.000000000000000000e+00
-6.000000000000000000e+00
-1.300000000000000000e+01
-7.000000000000000000e+00
2.000000000000000000e+01
-1.000000000000000000e+00
1.200000000000000000e+01
-2.900000000000000000e+01
5.100000000000000000e+01
1.600000000000000000e+01
8.000000000000000000e+00
6.000000000000000000e+00
1.400000000000000000e+01
-1.200000000000000000e+01
-5.000000000000000000e+00
2.200000000000000000e+01
-6.000000000000000000e+00
7.000000000000000000e+00
-1.800000000000000000e+01
-4.000000000000000000e+00
6.000000000000000000e+00
4.000000000000000000e+00
1.800000000000000000e+01
-2.100000000000000000e+01
-8.000000000000000000e+00
-2.200000000000000000e+01
-1.800000000000000000e+01
-1.700000000000000000e+01
2.200000000000000000e+01
-6.000000000000000000e+00
-2.700000000000000000e+01
1.500000000000000000e+01
-8.000000000000000000e+00
1.900000000000000000e+01
2.100000000000000000e+01
-6.000000000000000000e+00
-2.900000000000000000e+01
3.100000000000000000e+01
-1.500000000000000000e+01
8.000000000000000000e+00
8.000000000000000000e+00
-1.000000000000000000e+01
-8.000000000000000000e+00
-9.000000000000000000e+00
-5.000000000000000000e+00
3.000000000000000000e+00
2.500000000000000000e+01
-2.100000000000000000e+01
-3.000000000000000000e+00
2.900000000000000000e+01
-1.900000000000000000e+01
1.100000000000000000e+01
2.000000000000000000e+00
3.700000000000000000e+01
2.300000000000000000e+01
1.800000000000000000e+01
1.400000000000000000e+01
-2.200000000000000000e+01
0.000000000000000000e+00
1.600000000000000000e+01
3.500000000000000000e+01
-1.300000000000000000e+01
-1.300000000000000000e+01
-1.500000000000000000e+01
0.000000000000000000e+00
-1.000000000000000000e+00
-1.300000000000000000e+01
-1.000000000000000000e+01
3.000000000000000000e+00
5.000000000000000000e+00
1.400000000000000000e+01
-2.600000000000000000e+01
-2.700000000000000000e+01
9.000000000000000000e+00
1.000000000000000000e+01
-3.000000000000000000e+01
-2.300000000000000000e+01
-1.800000000000000000e+01
-5.000000000000000000e+00
-1.200000000000000000e+01
-4.000000000000000000e+00
4.000000000000000000e+00
-2.500000000000000000e+01
-2.000000000000000000e+00
2.200000000000000000e+01
-1.200000000000000000e+01
1.300000000000000000e+01
-2.000000000000000000e+00
1.600000000000000000e+01
-3.000000000000000000e+00
-2.700000000000000000e+01
2.400000000000000000e+01
-1.800000000000000000e+01
8.000000000000000000e+00
3.100000000000000000e+01
-2.000000000000000000e+01
1.800000000000000000e+01
1.300000000000000000e+01
6.000000000000000000e+00
3.000000000000000000e+01
-1.200000000000000000e+01
-1.900000000000000000e+01
-2.000000000000000000e+01
1.500000000000000000e+01
2.000000000000000000e+00
1.300000000000000000e+01
4.000000000000000000e+00
-4.000000000000000000e+00
1.600000000000000000e+01
2.300000000000000000e+01
1.800000000000000000e+01
1.000000000000000000e+00
1.000000000000000000e+00
3.000000000000000000e+00
-5.000000000000000000e+00
-1.300000000000000000e+01
-5.000000000000000000e+00
-3.800000000000000000e+01
-7.000000000000000000e+00
1.200000000000000000e+01
4.000000000000000000e+00
1.300000000000000000e+01
-1.700000000000000000e+01
1.100000000000000000e+01
-1.300000000000000000e+01
5.000000000000000000e+00
7.700000000000000000e+01
9.000000000000000000e+00
8.000000000000000000e+00
-1.400000000000000000e+01
-7.000000000000000000e+00
7.000000000000000000e+00
2.700000000000000000e+01
1.700000000000000000e+01
-3.000000000000000000e+00
1.800000000000000000e+01
1.000000000000000000e+01
1.100000000000000000e+01
-2.500000000000000000e+01
1.800000000000000000e+01
-1.200000000000000000e+01
1.500000000000000000e+01
-8.000000000000000000e+00
1.500000000000000000e+01
1.600000000000000000e+01
-1.500000000000000000e+01
2.900000000000000000e+01
-1.100000000000000000e+01
-8.000000000000000000e+00
4.000000000000000000e+00
-1.300000000000000000e+01
-9.000000000000000000e+00
-1.900000000000000000e+01
-1.800000000000000000e+01
3.000000000000000000e+01
4.000000000000000000e+00
1.400000000000000000e+01
1.200000000000000000e+01
-9.000000000000000000e+00
2.900000000000000000e+01
-1.500000000000000000e+01
3.000000000000000000e+00
-2.300000000000000000e+01
1.000000000000000000e+01
-9.000000000000000000e+00
2.500000000000000000e+01
6.000000000000000000e+00
-4.000000000000000000e+00
9.000000000000000000e+00
-4.000000000000000000e+00
-3.000000000000000000e+00
8.000000000000000000e+00
2.100000000000000000e+01
3.000000000000000000e+01
1.400000000000000000e+01
2.500000000000000000e+01
4.000000000000000000e+00
-2.000000000000000000e+00
0.000000000000000000e+00
-1.300000000000000000e+01
2.900000000000000000e+01
2.000000000000000000e+00
9.000000000000000000e+00
7.000000000000000000e+00
1.300000000000000000e+01
6.000000000000000000e+00
1.100000000000000000e+01
3.900000000000000000e+01
1.600000000000000000e+01
1.400000000000000000e+01
4.000000000000000000e+00
9.000000000000000000e+00
-1.000000000000000000e+01
4.000000000000000000e+00
3.100000000000000000e+01
7.000000000000000000e+00
2.200000000000000000e+01
1.000000000000000000e+01
2.800000000000000000e+01
1.000000000000000000e+01
4.300000000000000000e+01
-2.600000000000000000e+01
1.900000000000000000e+01
1.500000000000000000e+01
-9.000000000000000000e+00
-1.600000000000000000e+01
1.300000000000000000e+01
-1.100000000000000000e+01
2.200000000000000000e+01
-1.100000000000000000e+01
-7.000000000000000000e+00
2.200000000000000000e+01
8.000000000000000000e+00
-1.900000000000000000e+01
1.000000000000000000e+01
-3.300000000000000000e+01
2.300000000000000000e+01
2.500000000000000000e+01
5.000000000000000000e+00
-1.600000000000000000e+01
-5.000000000000000000e+00
7.000000000000000000e+00
-4.000000000000000000e+00
1.000000000000000000e+00
-1.400000000000000000e+01
1.500000000000000000e+01
-1.300000000000000000e+01
8.000000000000000000e+00
4.900000000000000000e+01
3.700000000000000000e+01
-2.000000000000000000e+01
-5.000000000000000000e+00
1.800000000000000000e+01
-5.000000000000000000e+00
-4.000000000000000000e+00
-1.400000000000000000e+01
-1.000000000000000000e+00
7.000000000000000000e+00
2.900000000000000000e+01
2.800000000000000000e+01
1.000000000000000000e+00
6.000000000000000000e+00
-1.100000000000000000e+01
2.000000000000000000e+00
-8.000000000000000000e+00
5.000000000000000000e+00
-1.000000000000000000e+00
2.400000000000000000e+01
8.000000000000000000e+00
-1.700000000000000000e+01
-4.000000000000000000e+00
-2.700000000000000000e+01
2.300000000000000000e+01
0.000000000000000000e+00
3.000000000000000000e+00
5.000000000000000000e+00
8.000000000000000000e+00
-3.000000000000000000e+00
1.600000000000000000e+01
-7.000000000000000000e+00
1.700000000000000000e+01
1.200000000000000000e+01
-1.700000000000000000e+01
9.000000000000000000e+00
1.700000000000000000e+01
3.500000000000000000e+01
-4.000000000000000000e+00
1.400000000000000000e+01
7.000000000000000000e+00
-3.000000000000000000e+00
-6.000000000000000000e+00
-2.000000000000000000e+00
-1.700000000000000000e+01
-5.000000000000000000e+00
5.000000000000000000e+00
-1.400000000000000000e+01
6.000000000000000000e+00
-2.000000000000000000e+00
-2.800000000000000000e+01
-6.200000000000000000e+01
2.000000000000000000e+00
7.000000000000000000e+00
-5.000000000000000000e+00
-2.700000000000000000e+01
-1.500000000000000000e+01
4.000000000000000000e+00
-1.800000000000000000e+01
-1.200000000000000000e+01
-9.000000000000000000e+00
7.000000000000000000e+00
-2.800000000000000000e+01
2.400000000000000000e+01
1.700000000000000000e+01
1.100000000000000000e+01
3.600000000000000000e+01
2.000000000000000000e+00
-3.400000000000000000e+01
0.000000000000000000e+00
4.000000000000000000e+00
3.400000000000000000e+01
5.000000000000000000e+00
-7.000000000000000000e+00
6.000000000000000000e+00
1.800000000000000000e+01
-2.700000000000000000e+01
-7.000000000000000000e+00
4.000000000000000000e+00
2.900000000000000000e+01
-1.200000000000000000e+01
-1.200000000000000000e+01
7.000000000000000000e+00
-9.000000000000000000e+00
1.500000000000000000e+01
-3.000000000000000000e+00
1.700000000000000000e+01
9.000000000000000000e+00
-2.200000000000000000e+01
4.000000000000000000e+00
-2.000000000000000000e+00
-1.600000000000000000e+01
-8.000000000000000000e+00
2.000000000000000000e+01
2.400000000000000000e+01
-2.000000000000000000e+00
-4.100000000000000000e+01
-2.700000000000000000e+01
8.000000000000000000e+00
3.700000000000000000e+01
2.000000000000000000e+01
-4.000000000000000000e+00
1.300000000000000000e+01
2.900000000000000000e+01
-7.000000000000000000e+00
-2.000000000000000000e+01
0.000000000000000000e+00
2.900000000000000000e+01
-1.000000000000000000e+00
-6.000000000000000000e+00
1.700000000000000000e+01
2.200000000000000000e+01
2.700000000000000000e+01
2.700000000000000000e+01
-6.000000000000000000e+00
-3.000000000000000000e+00
1.400000000000000000e+01
-1.600000000000000000e+01
3.000000000000000000e+01
-3.300000000000000000e+01
1.700000000000000000e+01
7.000000000000000000e+00
-1.700000000000000000e+01
3.000000000000000000e+00
-1.100000000000000000e+01
6.000000000000000000e+00
-1.000000000000000000e+00
3.800000000000000000e+01
3.000000000000000000e+00
9.000000000000000000e+00
0.000000000000000000e+00
1.600000000000000000e+01
1.200000000000000000e+01
2.000000000000000000e+00
8.000000000000000000e+00
2.400000000000000000e+01
-1.100000000000000000e+01
2.000000000000000000e+00
2.400000000000000000e+01
9.000000000000000000e+00
3.000000000000000000e+01
-9.000000000000000000e+00
1.400000000000000000e+01
1.500000000000000000e+01
8.000000000000000000e+00
2.700000000000000000e+01
-7.000000000000000000e+00
2.600000000000000000e+01
2.000000000000000000e+00
0.000000000000000000e+00
-1.900000000000000000e+01
-8.000000000000000000e+00
1.900000000000000000e+01
4.000000000000000000e+00
-1.100000000000000000e+01
3.100000000000000000e+01
3.200000000000000000e+01
1.500000000000000000e+01
7.000000000000000000e+00
1.000000000000000000e+01
5.000000000000000000e+00
3.000000000000000000e+01
-7.000000000000000000e+00
8.000000000000000000e+00
1.300000000000000000e+01
3.500000000000000000e+01
7.000000000000000000e+00
-1.000000000000000000e+01
1.500000000000000000e+01
1.900000000000000000e+01
-4.400000000000000000e+01
-1.000000000000000000e+00
-1.300000000000000000e+01
6.000000000000000000e+00
0.000000000000000000e+00
9.000000000000000000e+00
5.700000000000000000e+01
1.500000000000000000e+01
9.000000000000000000e+00
1.000000000000000000e+00
4.300000000000000000e+01
1.100000000000000000e+01
2.200000000000000000e+01
3.000000000000000000e+00
1.500000000000000000e+01
1.500000000000000000e+01
3.000000000000000000e+01
1.900000000000000000e+01
1.000000000000000000e+01
8.000000000000000000e+00
4.500000000000000000e+01
6.000000000000000000e+00
1.000000000000000000e+01
2.200000000000000000e+01
4.000000000000000000e+00
3.700000000000000000e+01
2.400000000000000000e+01
2.000000000000000000e+00
2.400000000000000000e+01
4.000000000000000000e+01
-1.000000000000000000e+00
1.000000000000000000e+00
-7.000000000000000000e+00
3.300000000000000000e+01
3.600000000000000000e+01
1.700000000000000000e+01
1.000000000000000000e+01
3.200000000000000000e+01
4.000000000000000000e+00
2.200000000000000000e+01
9.000000000000000000e+00
0.000000000000000000e+00
-3.000000000000000000e+00
7.000000000000000000e+00
1.600000000000000000e+01
9.000000000000000000e+00
-7.000000000000000000e+00
1.500000000000000000e+01
-9.000000000000000000e+00
-2.000000000000000000e+00
2.800000000000000000e+01
9.000000000000000000e+00
2.800000000000000000e+01
-7.000000000000000000e+00
9.000000000000000000e+00
2.500000000000000000e+01
-3.000000000000000000e+00
3.600000000000000000e+01
2.400000000000000000e+01
8.000000000000000000e+00
1.400000000000000000e+01
-1.000000000000000000e+00
1.600000000000000000e+01
-1.000000000000000000e+01
5.000000000000000000e+00
2.500000000000000000e+01
2.000000000000000000e+01
6.300000000000000000e+01
-4.000000000000000000e+00
1.500000000000000000e+01
-3.000000000000000000e+00
1.800000000000000000e+01
1.000000000000000000e+00
3.300000000000000000e+01
5.400000000000000000e+01
-6.000000000000000000e+00
5.100000000000000000e+01
2.800000000000000000e+01
5.000000000000000000e+00
1.100000000000000000e+01
5.300000000000000000e+01
2.500000000000000000e+01
1.500000000000000000e+01
4.000000000000000000e+00
5.000000000000000000e+00
3.000000000000000000e+01
3.500000000000000000e+01
2.900000000000000000e+01
-2.600000000000000000e+01
-2.000000000000000000e+00
2.800000000000000000e+01
1.600000000000000000e+01
1.000000000000000000e+00
-1.000000000000000000e+00
3.200000000000000000e+01
5.000000000000000000e+01
1.900000000000000000e+01
1.200000000000000000e+01
-3.000000000000000000e+00
1.700000000000000000e+01
1.100000000000000000e+01
2.600000000000000000e+01
4.200000000000000000e+01
4.300000000000000000e+01
-8.000000000000000000e+00
2.900000000000000000e+01
1.900000000000000000e+01
1.000000000000000000e+01
-1.500000000000000000e+01
1.900000000000000000e+01
1.400000000000000000e+01
5.000000000000000000e+00
2.200000000000000000e+01
5.000000000000000000e+00
2.200000000000000000e+01
9.000000000000000000e+00
3.900000000000000000e+01
2.400000000000000000e+01
3.100000000000000000e+01
2.100000000000000000e+01
3.900000000000000000e+01
1.600000000000000000e+01
1.200000000000000000e+01
3.800000000000000000e+01
1.400000000000000000e+01
5.100000000000000000e+01
1.600000000000000000e+01
5.100000000000000000e+01
1.200000000000000000e+01
5.700000000000000000e+01
6.400000000000000000e+01
4.600000000000000000e+01
3.800000000000000000e+01
6.000000000000000000e+01
7.700000000000000000e+01
4.200000000000000000e+01
1.000000000000000000e+02
6.100000000000000000e+01
7.900000000000000000e+01
8.600000000000000000e+01
9.500000000000000000e+01
7.400000000000000000e+01
9.300000000000000000e+01
8.200000000000000000e+01
1.170000000000000000e+02
1.380000000000000000e+02
1.450000000000000000e+02
1.060000000000000000e+02
1.710000000000000000e+02
1.990000000000000000e+02
2.370000000000000000e+02
2.580000000000000000e+02
2.420000000000000000e+02
2.640000000000000000e+02
3.450000000000000000e+02
4.000000000000000000e+02
4.300000000000000000e+02
4.630000000000000000e+02
5.340000000000000000e+02
6.020000000000000000e+02
6.820000000000000000e+02
7.390000000000000000e+02
8.120000000000000000e+02
9.130000000000000000e+02
1.015000000000000000e+03
1.079000000000000000e+03
1.240000000000000000e+03
1.314000000000000000e+03
1.354000000000000000e+03
1.568000000000000000e+03
1.641000000000000000e+03
1.787000000000000000e+03
1.896000000000000000e+03
2.028000000000000000e+03
2.027000000000000000e+03
2.221000000000000000e+03
2.335000000000000000e+03
2.428000000000000000e+03
2.494000000000000000e+03
2.631000000000000000e+03
2.692000000000000000e+03
2.816000000000000000e+03
2.866000000000000000e+03
2.891000000000000000e+03
2.951000000000000000e+03
2.973000000000000000e+03
3.058000000000000000e+03
3.025000000000000000e+03
3.008000000000000000e+03
3.079000000000000000e+03
3.086000000000000000e+03
2.985000000000000000e+03
2.983000000000000000e+03
2.901000000000000000e+03
3.010000000000000000e+03
2.804000000000000000e+03
2.726000000000000000e+03
2.617000000000000000e+03
2.600000000000000000e+03
2.514000000000000000e+03
2.376000000000000000e+03
2.343000000000000000e+03
2.270000000000000000e+03
2.150000000000000000e+03
2.020000000000000000e+03
1.864000000000000000e+03
1.813000000000000000e+03
1.654000000000000000e+03
1.544000000000000000e+03
1.495000000000000000e+03
1.361000000000000000e+03
1.263000000000000000e+03
1.237000000000000000e+03
1.093000000000000000e+03
1.028000000000000000e+03
9.550000000000000000e+02
8.270000000000000000e+02
7.410000000000000000e+02
7.010000000000000000e+02
6.200000000000000000e+02
5.860000000000000000e+02
4.760000000000000000e+02
4.250000000000000000e+02
4.060000000000000000e+02
3.450000000000000000e+02
3.460000000000000000e+02
2.980000000000000000e+02
2.410000000000000000e+02
2.650000000000000000e+02
1.760000000000000000e+02
1.860000000000000000e+02
1.020000000000000000e+02
1.480000000000000000e+02
1.090000000000000000e+02
9.700000000000000000e+01
8.700000000000000000e+01
9.900000000000000000e+01
6.900000000000000000e+01
2.100000000000000000e+01
2.200000000000000000e+01
3.000000000000000000e+01
2.300000000000000000e+01
3.200000000000000000e+01
3.700000000000000000e+01
1.800000000000000000e+01
1.600000000000000000e+01
1.900000000000000000e+01
9.000000000000000000e+00
1.700000000000000000e+01
2.500000000000000000e+01
1.200000000000000000e+01
2.000000000000000000e+01
1.400000000000000000e+01
2.800000000000000000e+01
2.000000000000000000e+00
1.200000000000000000e+01
3.000000000000000000e+01
1.000000000000000000e+00
1.900000000000000000e+01
-2.800000000000000000e+01
2.600000000000000000e+01
1.200000000000000000e+01
1.700000000000000000e+01
1.200000000000000000e+01
1.700000000000000000e+01
3.900000000000000000e+01
6.000000000000000000e+00
2.800000000000000000e+01
-9.000000000000000000e+00
1.500000000000000000e+01
3.100000000000000000e+01
3.700000000000000000e+01
2.000000000000000000e+01
2.200000000000000000e+01
1.000000000000000000e+00
-2.000000000000000000e+00
-2.300000000000000000e+01
1.400000000000000000e+01
2.500000000000000000e+01
1.400000000000000000e+01
-3.000000000000000000e+00
2.700000000000000000e+01
3.400000000000000000e+01
4.000000000000000000e+00
2.000000000000000000e+01
3.000000000000000000e+01
-2.700000000000000000e+01
1.500000000000000000e+01
9.000000000000000000e+00
6.000000000000000000e+00
-4.000000000000000000e+00
2.600000000000000000e+01
-4.000000000000000000e+00
2.100000000000000000e+01
-6.000000000000000000e+00
1.300000000000000000e+01
1.600000000000000000e+01
3.200000000000000000e+01
1.400000000000000000e+01
2.600000000000000000e+01
4.000000000000000000e+00
-1.900000000000000000e+01
1.900000000000000000e+01
-1.000000000000000000e+01
4.300000000000000000e+01
1.000000000000000000e+01
3.300000000000000000e+01
3.000000000000000000e+00
8.000000000000000000e+00
-3.000000000000000000e+00
1.000000000000000000e+01
4.400000000000000000e+01
1.200000000000000000e+01
-1.200000000000000000e+01
1.300000000000000000e+01
4.200000000000000000e+01
1.000000000000000000e+01
6.000000000000000000e+00
6.000000000000000000e+00
2.000000000000000000e+00
4.000000000000000000e+00
-2.000000000000000000e+00
1.200000000000000000e+01
-5.000000000000000000e+00
-1.000000000000000000e+00
-1.000000000000000000e+00
1.400000000000000000e+01
7.000000000000000000e+00
1.600000000000000000e+01
1.000000000000000000e+01
-6.000000000000000000e+00
2.600000000000000000e+01
-8.000000000000000000e+00
8.000000000000000000e+00
2.800000000000000000e+01
3.000000000000000000e+01
-2.300000000000000000e+01
2.600000000000000000e+01
-4.000000000000000000e+00
2.100000000000000000e+01
-5.000000000000000000e+00
-3.000000000000000000e+00
2.800000000000000000e+01
-1.300000000000000000e+01
3.100000000000000000e+01
1.400000000000000000e+01
2.300000000000000000e+01
2.600000000000000000e+01
4.000000000000000000e+00
4.000000000000000000e+00
2.300000000000000000e+01
-9.000000000000000000e+00
1.900000000000000000e+01
1.700000000000000000e+01
6.000000000000000000e+00
5.000000000000000000e+00
-1.900000000000000000e+01
2.900000000000000000e+01
2.200000000000000000e+01
-1.800000000000000000e+01
2.600000000000000000e+01
-1.000000000000000000e+01
1.700000000000000000e+01
8.000000000000000000e+00
2.800000000000000000e+01
1.000000000000000000e+00
2.300000000000000000e+01
1.700000000000000000e+01
-4.000000000000000000e+00
-1.500000000000000000e+01
-3.000000000000000000e+00
3.000000000000000000e+01
1.100000000000000000e+01
2.700000000000000000e+01
1.300000000000000000e+01
4.000000000000000000e+00
1.700000000000000000e+01
1.300000000000000000e+01
-1.900000000000000000e+01
1.900000000000000000e+01
7.000000000000000000e+00
-2.000000000000000000e+00
5.000000000000000000e+00
-4.000000000000000000e+00
2.700000000000000000e+01
9.000000000000000000e+00
2.100000000000000000e+01
1.300000000000000000e+01
-6.000000000000000000e+00
1.200000000000000000e+01
7.000000000000000000e+00
7.000000000000000000e+00
-1.000000000000000000e+00
1.100000000000000000e+01
5.000000000000000000e+00
-9.000000000000000000e+00
-1.300000000000000000e+01
2.600000000000000000e+01
8.000000000000000000e+00
4.000000000000000000e+00
2.600000000000000000e+01
-2.000000000000000000e+00
2.700000000000000000e+01
1.400000000000000000e+01
-2.600000000000000000e+01
2.100000000000000000e+01
-1.000000000000000000e+00
2.400000000000000000e+01
1.000000000000000000e+01
-3.000000000000000000e+00
1.300000000000000000e+01
-2.400000000000000000e+01
2.000000000000000000e+00
2.600000000000000000e+01
-6.000000000000000000e+00
-1.000000000000000000e+00
2.000000000000000000e+01
0.000000000000000000e+00
1.300000000000000000e+01
4.000000000000000000e+00
2.400000000000000000e+01
1.600000000000000000e+01
1.400000000000000000e+01
-5.000000000000000000e+00
8.000000000000000000e+00
4.900000000000000000e+01
1.000000000000000000e+00
-1.600000000000000000e+01
5.000000000000000000e+00
-8.000000000000000000e+00
3.000000000000000000e+01
2.000000000000000000e+00
2.700000000000000000e+01
-1.500000000000000000e+01
-4.000000000000000000e+00
-5.000000000000000000e+00
1.100000000000000000e+01
-1.000000000000000000e+00
1.600000000000000000e+01
2.900000000000000000e+01
2.200000000000000000e+01
9.000000000000000000e+00
2.300000000000000000e+01
2.500000000000000000e+01
-2.000000000000000000e+00
1.000000000000000000e+00
-1.500000000000000000e+01
-1.400000000000000000e+01
1.000000000000000000e+00
-6.000000000000000000e+00
2.400000000000000000e+01
1.200000000000000000e+01
8.000000000000000000e+00
-7.000000000000000000e+00
2.400000000000000000e+01
1.200000000000000000e+01
2.400000000000000000e+01
1.100000000000000000e+01
-3.000000000000000000e+00
5.000000000000000000e+00
-3.000000000000000000e+00
-2.000000000000000000e+00
9.000000000000000000e+00
3.000000000000000000e+00
7.000000000000000000e+00
6.000000000000000000e+00
1.300000000000000000e+01
8.000000000000000000e+00
2.600000000000000000e+01
1.500000000000000000e+01
-1.000000000000000000e+00
-1.700000000000000000e+01
-2.400000000000000000e+01
1.700000000000000000e+01
-3.000000000000000000e+00
2.000000000000000000e+00
1.300000000000000000e+01
-1.000000000000000000e+01
3.800000000000000000e+01
-6.000000000000000000e+00
-1.400000000000000000e+01
1.400000000000000000e+01
-1.000000000000000000e+01
-2.400000000000000000e+01
1.300000000000000000e+01
-2.600000000000000000e+01
0.000000000000000000e+00
-5.000000000000000000e+00
-4.000000000000000000e+00
2.500000000000000000e+01
-2.000000000000000000e+01
6.000000000000000000e+00
1.000000000000000000e+01
-1.200000000000000000e+01
1.000000000000000000e+01
2.900000000000000000e+01
-1.700000000000000000e+01
-1.300000000000000000e+01
4.800000000000000000e+01
2.600000000000000000e+01
1.900000000000000000e+01
-2.000000000000000000e+01
-1.200000000000000000e+01
2.000000000000000000e+01
2.500000000000000000e+01
-1.500000000000000000e+01
-1.100000000000000000e+01
3.300000000000000000e+01
1.300000000000000000e+01
1.200000000000000000e+01
4.000000000000000000e+00
-1.200000000000000000e+01
5.000000000000000000e+00
1.600000000000000000e+01
-8.000000000000000000e+00
2.000000000000000000e+00
-1.200000000000000000e+01
2.000000000000000000e+01
2.000000000000000000e+01
2.700000000000000000e+01
3.000000000000000000e+00
-8.000000000000000000e+00
-1.000000000000000000e+00
-8.000000000000000000e+00
1.400000000000000000e+01
1.400000000000000000e+01
-2.000000000000000000e+00
-6.000000000000000000e+00
-1.200000000000000000e+01
1.500000000000000000e+01
-1.000000000000000000e+00
1.700000000000000000e+01
8.000000000000000000e+00
1.200000000000000000e+01
-1.900000000000000000e+01
7.000000000000000000e+00
1.000000000000000000e+01
-8.000000000000000000e+00
3.400000000000000000e+01
3.000000000000000000e+00
-1.700000000000000000e+01
1.200000000000000000e+01
-8.000000000000000000e+00
2.400000000000000000e+01
7.000000000000000000e+00
-1.700000000000000000e+01
3.100000000000000000e+01
3.000000000000000000e+00
3.500000000000000000e+01
-2.000000000000000000e+00
-2.000000000000000000e+01
-1.000000000000000000e+01
-1.300000000000000000e+01
-7.000000000000000000e+00
-1.200000000000000000e+01
-2.300000000000000000e+01
1.500000000000000000e+01
-2.200000000000000000e+01
-1.000000000000000000e+01
-1.000000000000000000e+00
-8.000000000000000000e+00
-8.000000000000000000e+00
-5.000000000000000000e+00
-1.800000000000000000e+01
1.600000000000000000e+01
7.000000000000000000e+00
-4.000000000000000000e+00
1.300000000000000000e+01
2.500000000000000000e+01
2.300000000000000000e+01
-8.000000000000000000e+00
4.000000000000000000e+00
-7.000000000000000000e+00
-6.000000000000000000e+00
2.600000000000000000e+01
3.000000000000000000e+00
2.000000000000000000e+00
-8.000000000000000000e+00
-2.500000000000000000e+01
2.000000000000000000e+00
1.600000000000000000e+01
5.000000000000000000e+00
-3.600000000000000000e+01
-3.500000000000000000e+01
5.000000000000000000e+00
-2.100000000000000000e+01
1.900000000000000000e+01
1.400000000000000000e+01
3.200000000000000000e+01
-6.000000000000000000e+00
1.800000000000000000e+01
-1.200000000000000000e+01
-1.400000000000000000e+01
-8.000000000000000000e+00
2.100000000000000000e+01
7.000000000000000000e+00
-9.000000000000000000e+00
-1.400000000000000000e+01
1.800000000000000000e+01
-1.500000000000000000e+01
9.000000000000000000e+00
-1.130000000000000000e+02
1.300000000000000000e+01
1.300000000000000000e+01
2.100000000000000000e+01
1.300000000000000000e+01
-1.800000000000000000e+01
-2.000000000000000000e+01
0.000000000000000000e+00
3.000000000000000000e+00
9.000000000000000000e+00
-5.000000000000000000e+00
0.000000000000000000e+00
1.500000000000000000e+01
-2.800000000000000000e+01
-2.000000000000000000e+01
5.000000000000000000e+00
-1.700000000000000000e+01
3.800000000000000000e+01
1.300000000000000000e+01
-2.800000000000000000e+01
4.000000000000000000e+00
5.000000000000000000e+00
-1.000000000000000000e+00
-7.000000000000000000e+00
-1.600000000000000000e+01
-1.200000000000000000e+01
9.000000000000000000e+00
3.300000000000000000e+01
1.900000000000000000e+01
1.100000000000000000e+01
-4.000000000000000000e+00
1.300000000000000000e+01
-6.000000000000000000e+00
1.700000000000000000e+01
1.600000000000000000e+01
2.600000000000000000e+01
-9.000000000000000000e+00
-1.100000000000000000e+01
-1.000000000000000000e+00
1.000000000000000000e+00
-1.400000000000000000e+01
-9.000000000000000000e+00
2.600000000000000000e+01
4.000000000000000000e+00
1.500000000000000000e+01
9.000000000000000000e+00
9.000000000000000000e+00
7.000000000000000000e+00
1.000000000000000000e+01
2.200000000000000000e+01
-9.000000000000000000e+00
1.500000000000000000e+01
-7.000000000000000000e+00
-8.000000000000000000e+00
2.000000000000000000e+01
1.400000000000000000e+01
-4.000000000000000000e+00
2.900000000000000000e+01
-9.000000000000000000e+00
2.000000000000000000e+00
6.000000000000000000e+00
-1.000000000000000000e+00
1.400000000000000000e+01
2.800000000000000000e+01
1.600000000000000000e+01
-2.900000000000000000e+01
-1.000000000000000000e+00
1.600000000000000000e+01
3.100000000000000000e+01
-3.300000000000000000e+01
8.000000000000000000e+00
-1.500000000000000000e+01
1.900000000000000000e+01
1.600000000000000000e+01
5.000000000000000000e+00
2.000000000000000000e+00
-4.000000000000000000e+00
-1.600000000000000000e+01
-4.000000000000000000e+00
1.200000000000000000e+01
1.500000000000000000e+01
2.400000000000000000e+01
1.200000000000000000e+01
-3.000000000000000000e+01
-3.000000000000000000e+00
1.100000000000000000e+01
0.000000000000000000e+00
-1.100000000000000000e+01
1.700000000000000000e+01
-2.300000000000000000e+01
1.300000000000000000e+01
-1.000000000000000000e+01
5.000000000000000000e+00
9.000000000000000000e+00
-1.600000000000000000e+01
-1.300000000000000000e+01
-8.000000000000000000e+00
2.000000000000000000e+00
-2.400000000000000000e+01
-3.000000000000000000e+01
1.400000000000000000e+01
8.000000000000000000e+00
9.000000000000000000e+00
2.000000000000000000e+01
-1.000000000000000000e+01
4.400000000000000000e+01
-1.300000000000000000e+01
2.000000000000000000e+00
1.600000000000000000e+01
1.800000000000000000e+01
2.000000000000000000e+01
-4.000000000000000000e+01
8.000000000000000000e+00
1.000000000000000000e+00
-7.000000000000000000e+00
-8.000000000000000000e+00
5.000000000000000000e+00
1.800000000000000000e+01
1.800000000000000000e+01
-2.000000000000000000e+01
2.000000000000000000e+00
1.800000000000000000e+01
-2.300000000000000000e+01
-6.000000000000000000e+00
1.700000000000000000e+01
-1.700000000000000000e+01
-5.000000000000000000e+00
5.000000000000000000e+00
1.800000000000000000e+01
-1.600000000000000000e+01
-1.200000000000000000e+01
1.300000000000000000e+01
-1.000000000000000000e+01
-1.900000000000000000e+01
1.400000000000000000e+01
-2.500000000000000000e+01
-2.200000000000000000e+01
2.800000000000000000e+01
3.000000000000000000e+00
-1.000000000000000000e+01
0.000000000000000000e+00
2.000000000000000000e+00
-9.000000000000000000e+00
-1.500000000000000000e+01
-1.600000000000000000e+01
-1.800000000000000000e+01
-1.700000000000000000e+01
-1.200000000000000000e+01
2.100000000000000000e+01
2.800000000000000000e+01
2.900000000000000000e+01
1.800000000000000000e+01
-2.500000000000000000e+01
1.500000000000000000e+01
2.300000000000000000e+01
1.700000000000000000e+01
3.100000000000000000e+01
-5.000000000000000000e+00
2.800000000000000000e+01
5.000000000000000000e+00
8.000000000000000000e+00
-1.400000000000000000e+01
-8.000000000000000000e+00
5.000000000000000000e+00
4.000000000000000000e+00
0.000000000000000000e+00
1.600000000000000000e+01
2.100000000000000000e+01
3.400000000000000000e+01
1.300000000000000000e+01
0.000000000000000000e+00
-6.000000000000000000e+00
0.000000000000000000e+00
-2.000000000000000000e+01
-2.000000000000000000e+00
-1.700000000000000000e+01
-1.500000000000000000e+01
-1.300000000000000000e+01
-9.000000000000000000e+00
-2.500000000000000000e+01
2.100000000000000000e+01
6.000000000000000000e+00
4.000000000000000000e+00
-3.000000000000000000e+01
-1.000000000000000000e+00
3.500000000000000000e+01
3.000000000000000000e+00
-1.700000000000000000e+01
-2.000000000000000000e+00
-2.000000000000000000e+01
1.100000000000000000e+01
-1.300000000000000000e+01
2.000000000000000000e+01
-9.000000000000000000e+00
1.400000000000000000e+01
2.000000000000000000e+00
-1.400000000000000000e+01
8.000000000000000000e+00
1.200000000000000000e+01
-1.300000000000000000e+01
-2.000000000000000000e+00
-3.100000000000000000e+01
-2.100000000000000000e+01
1.200000000000000000e+01
2.100000000000000000e+01
1.200000000000000000e+01
-1.000000000000000000e+01
1.700000000000000000e+01
4.000000000000000000e+00
9.000000000000000000e+00
7.000000000000000000e+00
-7.000000000000000000e+00
1.100000000000000000e+01
1.500000000000000000e+01
1.600000000000000000e+01
-3.000000000000000000e+00
-4.000000000000000000e+00
-2.200000000000000000e+01
1.200000000000000000e+01
7.000000000000000000e+00
-4.000000000000000000e+00
-1.200000000000000000e+01
-1.000000000000000000e+01
1.400000000000000000e+01
3.000000000000000000e+00
-9.000000000000000000e+00
-1.100000000000000000e+01
-1.300000000000000000e+01
9.000000000000000000e+00
-5.000000000000000000e+00
4.000000000000000000e+00
3.000000000000000000e+01
-3.000000000000000000e+00
2.400000000000000000e+01
-8.000000000000000000e+00
-7.000000000000000000e+00
1.300000000000000000e+01
2.600000000000000000e+01
-3.700000000000000000e+01
2.300000000000000000e+01
-7.000000000000000000e+00
3.000000000000000000e+01
-3.400000000000000000e+01
-1.700000000000000000e+01
-9.000000000000000000e+00
-1.700000000000000000e+01
1.200000000000000000e+01
5.000000000000000000e+00
-1.900000000000000000e+01
6.000000000000000000e+00
1.300000000000000000e+01
0.000000000000000000e+00
1.300000000000000000e+01
-1.500000000000000000e+01
-1.200000000000000000e+01
0.000000000000000000e+00
-6.000000000000000000e+00
4.000000000000000000e+00
1.300000000000000000e+01
-1.700000000000000000e+01
2.800000000000000000e+01
2.100000000000000000e+01
1.400000000000000000e+01
1.000000000000000000e+01
-1.000000000000000000e+01
1.200000000000000000e+01
1.000000000000000000e+00
1.300000000000000000e+01
1.000000000000000000e+00
4.000000000000000000e+00
1.100000000000000000e+01
8.000000000000000000e+00
-5.000000000000000000e+00
9.000000000000000000e+00
-3.000000000000000000e+00
-5.000000000000000000e+00
4.000000000000000000e+00
5.000000000000000000e+00
1.400000000000000000e+01
-1.400000000000000000e+01
0.000000000000000000e+00
-1.600000000000000000e+01
1.300000000000000000e+01
-2.200000000000000000e+01
3.000000000000000000e+00
-7.000000000000000000e+00
1.500000000000000000e+01
-4.000000000000000000e+00
1.100000000000000000e+01
-2.000000000000000000e+00
1.600000000000000000e+01
-7.000000000000000000e+00
1.000000000000000000e+01
-1.000000000000000000e+00
7.000000000000000000e+00
1.000000000000000000e+00
9.000000000000000000e+00
-1.900000000000000000e+01
1.700000000000000000e+01
-6.000000000000000000e+00
-2.000000000000000000e+00
-1.000000000000000000e+00
-1.400000000000000000e+01
-3.000000000000000000e+01
2.200000000000000000e+01
-2.800000000000000000e+01
2.400000000000000000e+01
-1.400000000000000000e+01
9.000000000000000000e+00
7.000000000000000000e+00
1.100000000000000000e+01
-1.200000000000000000e+01
2.200000000000000000e+01
-2.600000000000000000e+01
1.700000000000000000e+01
3.600000000000000000e+01
-1.000000000000000000e+01
1.500000000000000000e+01
-1.500000000000000000e+01
-1.100000000000000000e+01
-8.000000000000000000e+00
3.000000000000000000e+00
-2.100000000000000000e+01
-2.000000000000000000e+00
3.000000000000000000e+00
-6.000000000000000000e+00
-1.900000000000000000e+01
0.000000000000000000e+00
-2.500000000000000000e+01
1.600000000000000000e+01
1.500000000000000000e+01
1.100000000000000000e+01
-1.900000000000000000e+01
1.200000000000000000e+01
-1.100000000000000000e+01
0.000000000000000000e+00
-2.200000000000000000e+01
0.000000000000000000e+00
-1.700000000000000000e+01
1.100000000000000000e+01
-1.600000000000000000e+01
2.300000000000000000e+01
-2.000000000000000000e+00
8.000000000000000000e+00
4.000000000000000000e+00
5.000000000000000000e+00
-1.700000000000000000e+01
3.300000000000000000e+01
0.000000000000000000e+00
2.300000000000000000e+01
-1.200000000000000000e+01
1.000000000000000000e+01
-4.000000000000000000e+00
-4.000000000000000000e+00
-7.000000000000000000e+00
2.400000000000000000e+01
-3.100000000000000000e+01
1.000000000000000000e+01
-9.000000000000000000e+00
1.000000000000000000e+00
-1.900000000000000000e+01
-1.300000000000000000e+01
-3.000000000000000000e+00
8.000000000000000000e+00
3.100000000000000000e+01
4.000000000000000000e+00
1.400000000000000000e+01
2.200000000000000000e+01
7.000000000000000000e+00
-1.900000000000000000e+01
2.200000000000000000e+01
1.000000000000000000e+01
-1.800000000000000000e+01
1.700000000000000000e+01
1.000000000000000000e+00
-1.100000000000000000e+01
-1.800000000000000000e+01
8.000000000000000000e+00
8.000000000000000000e+00
1.200000000000000000e+01
-7.000000000000000000e+00
3.100000000000000000e+01
-9.000000000000000000e+00
-1.300000000000000000e+01
7.000000000000000000e+00
1.000000000000000000e+01
-1.500000000000000000e+01
2.400000000000000000e+01
9.000000000000000000e+00
1.300000000000000000e+01
-5.000000000000000000e+00
-1.200000000000000000e+01
3.000000000000000000e+00
3.000000000000000000e+00
7.000000000000000000e+00
2.800000000000000000e+01
2.100000000000000000e+01
1.000000000000000000e+01
5.000000000000000000e+00
2.900000000000000000e+01
1.600000000000000000e+01
1.000000000000000000e+01
1.000000000000000000e+01
0.000000000000000000e+00
4.000000000000000000e+00
-1.700000000000000000e+01
6.000000000000000000e+00
1.800000000000000000e+01
2.700000000000000000e+01
1.300000000000000000e+01
3.700000000000000000e+01
4.500000000000000000e+01
2.800000000000000000e+01
2.600000000000000000e+01
1.100000000000000000e+01
4.400000000000000000e+01
3.500000000000000000e+01
5.800000000000000000e+01
2.000000000000000000e+01
1.600000000000000000e+01
7.800000000000000000e+01
5.000000000000000000e+01
3.700000000000000000e+01
5.000000000000000000e+01
7.200000000000000000e+01
4.000000000000000000e+01
8.000000000000000000e+01
7.600000000000000000e+01
5.800000000000000000e+01
7.400000000000000000e+01
4.900000000000000000e+01
5.000000000000000000e+01
7.600000000000000000e+01
8.700000000000000000e+01
6.500000000000000000e+01
1.030000000000000000e+02
7.700000000000000000e+01
1.010000000000000000e+02
1.010000000000000000e+02
1.100000000000000000e+02
1.050000000000000000e+02
1.140000000000000000e+02
1.420000000000000000e+02
1.340000000000000000e+02
1.270000000000000000e+02
1.470000000000000000e+02
1.780000000000000000e+02
1.640000000000000000e+02
2.250000000000000000e+02
1.880000000000000000e+02
2.060000000000000000e+02
2.140000000000000000e+02
2.300000000000000000e+02
2.220000000000000000e+02
2.500000000000000000e+02
2.660000000000000000e+02
2.970000000000000000e+02
3.010000000000000000e+02
3.160000000000000000e+02
3.330000000000000000e+02
3.580000000000000000e+02
3.090000000000000000e+02
3.480000000000000000e+02
3.760000000000000000e+02
4.100000000000000000e+02
4.100000000000000000e+02
4.230000000000000000e+02
4.300000000000000000e+02
4.720000000000000000e+02
4.710000000000000000e+02
5.080000000000000000e+02
5.630000000000000000e+02
5.880000000000000000e+02
6.000000000000000000e+02
5.960000000000000000e+02
6.610000000000000000e+02
6.640000000000000000e+02
6.690000000000000000e+02
6.550000000000000000e+02
6.930000000000000000e+02
7.020000000000000000e+02
7.740000000000000000e+02
7.490000000000000000e+02
7.800000000000000000e+02
8.090000000000000000e+02
8.480000000000000000e+02
8.380000000000000000e+02
8.870000000000000000e+02
8.970000000000000000e+02
9.130000000000000000e+02
9.410000000000000000e+02
9.170000000000000000e+02
9.500000000000000000e+02
9.910000000000000000e+02
1.009000000000000000e+03
1.016000000000000000e+03
1.024000000000000000e+03
1.035000000000000000e+03
1.035000000000000000e+03
1.084000000000000000e+03
1.081000000000000000e+03
1.073000000000000000e+03
1.120000000000000000e+03
1.111000000000000000e+03
1.168000000000000000e+03
1.138000000000000000e+03
1.128000000000000000e+03
1.220000000000000000e+03
1.220000000000000000e+03
1.216000000000000000e+03
1.201000000000000000e+03
1.199000000000000000e+03
1.215000000000000000e+03
1.210000000000000000e+03
1.244000000000000000e+03
1.271000000000000000e+03
1.276000000000000000e+03
1.254000000000000000e+03
1.233000000000000000e+03
1.249000000000000000e+03
1.294000000000000000e+03
1.197000000000000000e+03
1.205000000000000000e+03
1.211000000000000000e+03
1.142000000000000000e+03
1.184000000000000000e+03
1.146000000000000000e+03
1.162000000000000000e+03
1.111000000000000000e+03
1.050000000000000000e+03
1.087000000000000000e+03
1.046000000000000000e+03
1.042000000000000000e+03
1.068000000000000000e+03
1.014000000000000000e+03
1.033000000000000000e+03
1.033000000000000000e+03
1.016000000000000000e+03
9.820000000000000000e+02
9.910000000000000000e+02
9.920000000000000000e+02
9.690000000000000000e+02
9.620000000000000000e+02
9.150000000000000000e+02
9.280000000000000000e+02
9.060000000000000000e+02
9.000000000000000000e+02
8.970000000000000000e+02
8.500000000000000000e+02
8.650000000000000000e+02
8.460000000000000000e+02
8.050000000000000000e+02
7.770000000000000000e+02
7.780000000000000000e+02
7.800000000000000000e+02
7.430000000000000000e+02
6.930000000000000000e+02
7.000000000000000000e+02
7.040000000000000000e+02
6.700000000000000000e+02
6.050000000000000000e+02
6.240000000000000000e+02
6.000000000000000000e+02
5.940000000000000000e+02
5.340000000000000000e+02
5.310000000000000000e+02
5.200000000000000000e+02
5.130000000000000000e+02
4.810000000000000000e+02
4.890000000000000000e+02
4.540000000000000000e+02
4.820000000000000000e+02
3.980000000000000000e+02
3.970000000000000000e+02
4.080000000000000000e+02
3.940000000000000000e+02
3.970000000000000000e+02
3.790000000000000000e+02
3.170000000000000000e+02
3.460000000000000000e+02
3.470000000000000000e+02
3.250000000000000000e+02
3.100000000000000000e+02
2.790000000000000000e+02
2.520000000000000000e+02
2.670000000000000000e+02
2.380000000000000000e+02
2.180000000000000000e+02
2.420000000000000000e+02
2.210000000000000000e+02
1.880000000000000000e+02
1.960000000000000000e+02
1.860000000000000000e+02
1.880000000000000000e+02
1.580000000000000000e+02
1.700000000000000000e+02
1.660000000000000000e+02
1.680000000000000000e+02
1.630000000000000000e+02
1.280000000000000000e+02
1.210000000000000000e+02
1.130000000000000000e+02
1.210000000000000000e+02
1.040000000000000000e+02
1.170000000000000000e+02
1.050000000000000000e+02
9.800000000000000000e+01
8.600000000000000000e+01
1.170000000000000000e+02
6.900000000000000000e+01
9.000000000000000000e+01
1.000000000000000000e+02
6.700000000000000000e+01
5.100000000000000000e+01
5.700000000000000000e+01
7.600000000000000000e+01
6.400000000000000000e+01
6.200000000000000000e+01
5.500000000000000000e+01
5.400000000000000000e+01
7.400000000000000000e+01
3.000000000000000000e+01
6.700000000000000000e+01
1.900000000000000000e+01
4.100000000000000000e+01
-1.300000000000000000e+01
1.600000000000000000e+01
1.200000000000000000e+01
2.000000000000000000e+01
7.000000000000000000e+00
4.200000000000000000e+01
1.100000000000000000e+01
-2.000000000000000000e+00
3.200000000000000000e+01
2.300000000000000000e+01
-9.000000000000000000e+00
2.000000000000000000e+00
4.600000000000000000e+01
4.800000000000000000e+01
-3.000000000000000000e+00
2.000000000000000000e+00
2.000000000000000000e+01
3.200000000000000000e+01
2.600000000000000000e+01
1.100000000000000000e+01
-5.000000000000000000e+00
2.500000000000000000e+01
-4.000000000000000000e+00
2.200000000000000000e+01
-1.800000000000000000e+01
2.800000000000000000e+01
4.000000000000000000e+00
-2.100000000000000000e+01
8.000000000000000000e+00
2.400000000000000000e+01
4.000000000000000000e+00
6.000000000000000000e+00
-2.600000000000000000e+01
2.900000000000000000e+01
2.400000000000000000e+01
-1.400000000000000000e+01
6.000000000000000000e+00
1.300000000000000000e+01
2.000000000000000000e+00
5.000000000000000000e+00
1.500000000000000000e+01
-6.000000000000000000e+00
2.000000000000000000e+01
-8.000000000000000000e+00
2.200000000000000000e+01
6.000000000000000000e+00
1.600000000000000000e+01
4.000000000000000000e+00
2.200000000000000000e+01
-3.000000000000000000e+00
1.900000000000000000e+01
1.200000000000000000e+01
-6.000000000000000000e+00
0.000000000000000000e+00
-3.300000000000000000e+01
9.000000000000000000e+00
-1.800000000000000000e+01
2.000000000000000000e+00
4.000000000000000000e+00
-2.300000000000000000e+01
2.000000000000000000e+00
1.000000000000000000e+00
1.900000000000000000e+01
2.200000000000000000e+01
1.500000000000000000e+01
-1.800000000000000000e+01
-4.000000000000000000e+00
-1.000000000000000000e+01
-1.500000000000000000e+01
2.200000000000000000e+01
5.000000000000000000e+00
1.000000000000000000e+01
5.000000000000000000e+00
6.000000000000000000e+00
-3.000000000000000000e+00
1.600000000000000000e+01
-1.500000000000000000e+01
-3.000000000000000000e+00
-1.400000000000000000e+01
-7.700000000000000000e+01
1.800000000000000000e+01
4.000000000000000000e+00
-3.700000000000000000e+01
-3.000000000000000000e+00
1.500000000000000000e+01
2.000000000000000000e+00
7.000000000000000000e+00
1.800000000000000000e+01
-1.400000000000000000e+01
1.300000000000000000e+01
1.300000000000000000e+01
3.000000000000000000e+00
-3.000000000000000000e+00
1.800000000000000000e+01
-2.000000000000000000e+00
-2.000000000000000000e+00
-3.000000000000000000e+00
3.000000000000000000e+00
