1.000000000000000000e+00
-3.000000000000000000e+00
0.000000000000000000e+00
0.000000000000000000e+00
-9.000000000000000000e+00
-1.000000000000000000e+01
-1.400000000000000000e+01
-1.000000000000000000e+00
-1.400000000000000000e+01
-2.000000000000000000e+00
-5.000000000000000000e+00
3.300000000000000000e+01
-1.500000000000000000e+01
3.000000000000000000e+00
-8.000000000000000000e+00
1.200000000000000000e+01
-6.000000000000000000e+00
-1.200000000000000000e+01
3.200000000000000000e+01
2.000000000000000000e+00
-3.000000000000000000e+00
2.000000000000000000e+00
-1.700000000000000000e+01
2.400000000000000000e+01
-9.000000000000000000e+00
8.000000000000000000e+00
-5.000000000000000000e+00
8.000000000000000000e+00
9.000000000000000000e+00
-7.000000000000000000e+00
-2.100000000000000000e+01
2.000000000000000000e+01
1.300000000000000000e+01
-1.000000000000000000e+00
-1.700000000000000000e+01
-7.000000000000000000e+00
4.000000000000000000e+00
-3.000000000000000000e+00
-3.100000000000000000e+01
1.500000000000000000e+01
1.000000000000000000e+01
1.000000000000000000e+00
6.000000000000000000e+00
-7.000000000000000000e+00
7.000000000000000000e+00
-2.600000000000000000e+01
1.900000000000000000e+01
9.000000000000000000e+00
1.700000000000000000e+01
1.200000000000000000e+01
-3.000000000000000000e+00
-5.000000000000000000e+00
-2.200000000000000000e+01
0.000000000000000000e+00
-7.000000000000000000e+00
1.800000000000000000e+01
-1.000000000000000000e+01
5.000000000000000000e+00
-2.700000000000000000e+01
-2.000000000000000000e+00
4.000000000000000000e+00
-9.000000000000000000e+00
-1.000000000000000000e+01
1.900000000000000000e+01
2.000000000000000000e+00
-2.000000000000000000e+00
2.800000000000000000e+01
-1.500000000000000000e+01
-7.000000000000000000e+00
9.000000000000000000e+00
1.500000000000000000e+01
-8.000000000000000000e+00
1.300000000000000000e+01
-1.100000000000000000e+01
1.800000000000000000e+01
-1.000000000000000000e+01
3.300000000000000000e+01
-8.000000000000000000e+00
-4.000000000000000000e+00
1.600000000000000000e+01
-1.000000000000000000e+01
1.300000000000000000e+01
6.000000000000000000e+00
-8.000000000000000000e+00
0.000000000000000000e+00
-3.600000000000000000e+01
-2.300000000000000000e+01
5.000000000000000000e+00
-1.500000000000000000e+01
2.100000000000000000e+01
3.000000000000000000e+01
9.000000000000000000e+00
3.200000000000000000e+01
-1.000000000000000000e+00
-7.000000000000000000e+00
8.000000000000000000e+00
-1.100000000000000000e+01
6.000000000000000000e+00
1.800000000000000000e+01
-2.500000000000000000e+01
-1.600000000000000000e+01
-2.100000000000000000e+01
5.000000000000000000e+00
-9.000000000000000000e+00
-2.300000000000000000e+01
2.400000000000000000e+01
-1.500000000000000000e+01
1.500000000000000000e+01
-1.900000000000000000e+01
1.100000000000000000e+01
-7.000000000000000000e+00
2.700000000000000000e+01
-1.100000000000000000e+01
1.100000000000000000e+01
-2.000000000000000000e+00
1.200000000000000000e+01
7.000000000000000000e+00
-1.200000000000000000e+01
1.900000000000000000e+01
-2.700000000000000000e+01
-1.200000000000000000e+01
1.700000000000000000e+01
3.000000000000000000e+00
1.200000000000000000e+01
3.000000000000000000e+00
-2.600000000000000000e+01
-4.000000000000000000e+00
1.000000000000000000e+00
-1.600000000000000000e+01
8.000000000000000000e+00
1.000000000000000000e+00
-6.000000000000000000e+00
2.400000000000000000e+01
4.200000000000000000e+01
-3.000000000000000000e+00
1.200000000000000000e+01
9.000000000000000000e+00
5.000000000000000000e+00
1.000000000000000000e+00
-6.000000000000000000e+00
6.000000000000000000e+00
7.000000000000000000e+00
-1.500000000000000000e+01
-2.500000000000000000e+01
2.300000000000000000e+01
-1.400000000000000000e+01
2.900000000000000000e+01
6.000000000000000000e+00
2.100000000000000000e+01
1.000000000000000000e+01
1.200000000000000000e+01
8.000000000000000000e+00
-4.000000000000000000e+00
9.000000000000000000e+00
-1.000000000000000000e+00
6.000000000000000000e+00
-6.000000000000000000e+00
1.200000000000000000e+01
3.000000000000000000e+00
2.700000000000000000e+01
3.000000000000000000e+00
7.000000000000000000e+00
-9.000000000000000000e+00
-2.000000000000000000e+01
-3.000000000000000000e+00
-1.000000000000000000e+01
-1.900000000000000000e+01
1.600000000000000000e+01
-1.800000000000000000e+01
0.000000000000000000e+00
4.100000000000000000e+01
-1.600000000000000000e+01
2.000000000000000000e+00
3.000000000000000000e+00
-1.200000000000000000e+01
-1.800000000000000000e+01
-2.900000000000000000e+01
-2.000000000000000000e+00
1.300000000000000000e+01
-6.000000000000000000e+00
-1.000000000000000000e+00
5.000000000000000000e+00
1.700000000000000000e+01
1.900000000000000000e+01
-8.000000000000000000e+00
-3.000000000000000000e+00
-6.000000000000000000e+00
-1.000000000000000000e+01
-2.100000000000000000e+01
9.000000000000000000e+00
-1.900000000000000000e+01
-7.000000000000000000e+00
1.900000000000000000e+01
-3.700000000000000000e+01
-7.000000000000000000e+00
-2.900000000000000000e+01
-3.000000000000000000e+00
1.300000000000000000e+01
1.800000000000000000e+01
1.100000000000000000e+01
1.000000000000000000e+01
-1.100000000000000000e+01
-3.000000000000000000e+01
-2.600000000000000000e+01
-3.200000000000000000e+01
-4.000000000000000000e+00
-8.000000000000000000e+00
-6.000000000000000000e+00
-8.000000000000000000e+00
-4.000000000000000000e+00
7.000000000000000000e+00
-1.000000000000000000e+00
-1.000000000000000000e+00
-1.100000000000000000e+01
1.500000000000000000e+01
1.100000000000000000e+01
5.000000000000000000e+00
-1.200000000000000000e+01
0.000000000000000000e+00
-3.000000000000000000e+01
-3.700000000000000000e+01
-3.400000000000000000e+01
1.700000000000000000e+01
1.100000000000000000e+01
1.500000000000000000e+01
1.000000000000000000e+00
1.200000000000000000e+01
5.000000000000000000e+00
-4.000000000000000000e+00
1.900000000000000000e+01
-2.400000000000000000e+01
1.500000000000000000e+01
1.700000000000000000e+01
-1.800000000000000000e+01
-1.400000000000000000e+01
-1.300000000000000000e+01
2.000000000000000000e+00
-9.000000000000000000e+00
-4.300000000000000000e+01
1.000000000000000000e+01
-1.500000000000000000e+01
-2.000000000000000000e+00
6.000000000000000000e+00
0.000000000000000000e+00
-1.600000000000000000e+01
2.200000000000000000e+01
1.000000000000000000e+00
-2.900000000000000000e+01
1.800000000000000000e+01
2.200000000000000000e+01
5.000000000000000000e+00
-3.000000000000000000e+00
-3.000000000000000000e+00
-1.400000000000000000e+01
-1.000000000000000000e+00
-3.000000000000000000e+00
-2.700000000000000000e+01
5.000000000000000000e+00
-2.000000000000000000e+01
-1.700000000000000000e+01
1.000000000000000000e+01
-3.500000000000000000e+01
1.700000000000000000e+01
-1.700000000000000000e+01
1.800000000000000000e+01
-9.000000000000000000e+00
-5.000000000000000000e+00
2.900000000000000000e+01
2.900000000000000000e+01
0.000000000000000000e+00
1.100000000000000000e+01
-2.800000000000000000e+01
-5.000000000000000000e+00
4.000000000000000000e+00
-2.000000000000000000e+00
1.800000000000000000e+01
-6.000000000000000000e+00
1.500000000000000000e+01
3.000000000000000000e+00
1.100000000000000000e+01
2.000000000000000000e+01
7.000000000000000000e+00
-7.000000000000000000e+00
5.000000000000000000e+00
-9.000000000000000000e+00
3.300000000000000000e+01
6.000000000000000000e+00
6.000000000000000000e+00
1.300000000000000000e+01
-1.100000000000000000e+01
1.900000000000000000e+01
1.600000000000000000e+01
-1.600000000000000000e+01
-1.300000000000000000e+01
-3.600000000000000000e+01
3.000000000000000000e+00
0.000000000000000000e+00
1.700000000000000000e+01
8.000000000000000000e+00
-7.000000000000000000e+00
1.100000000000000000e+01
9.000000000000000000e+00
-3.100000000000000000e+01
2.000000000000000000e+00
0.000000000000000000e+00
3.600000000000000000e+01
2.100000000000000000e+01
-6.000000000000000000e+00
-2.000000000000000000e+01
-8.000000000000000000e+00
-1.000000000000000000e+01
-1.500000000000000000e+01
-3.600000000000000000e+01
8.000000000000000000e+00
-3.200000000000000000e+01
-5.000000000000000000e+00
-1.300000000000000000e+01
1.000000000000000000e+01
2.000000000000000000e+00
-1.300000000000000000e+01
-2.100000000000000000e+01
-1.100000000000000000e+01
-6.000000000000000000e+00
1.000000000000000000e+01
1.600000000000000000e+01
1.200000000000000000e+01
7.000000000000000000e+00
9.000000000000000000e+00
3.400000000000000000e+01
-1.000000000000000000e+01
-2.300000000000000000e+01
-3.500000000000000000e+01
-2.000000000000000000e+00
2.000000000000000000e+00
-3.000000000000000000e+01
2.600000000000000000e+01
-2.000000000000000000e+00
3.400000000000000000e+01
-1.400000000000000000e+01
5.000000000000000000e+00
1.000000000000000000e+01
-2.000000000000000000e+00
2.000000000000000000e+01
-1.000000000000000000e+01
9.000000000000000000e+00
-7.000000000000000000e+00
-6.000000000000000000e+00
2.200000000000000000e+01
-2.000000000000000000e+00
-1.000000000000000000e+01
0.000000000000000000e+00
-6.000000000000000000e+00
-8.000000000000000000e+00
1.200000000000000000e+01
7.000000000000000000e+00
-2.800000000000000000e+01
4.000000000000000000e+00
1.700000000000000000e+01
2.000000000000000000e+01
7.000000000000000000e+00
3.800000000000000000e+01
-9.000000000000000000e+00
-1.500000000000000000e+01
0.000000000000000000e+00
-2.500000000000000000e+01
-1.300000000000000000e+01
-2.000000000000000000e+01
3.000000000000000000e+00
-2.000000000000000000e+00
-2.100000000000000000e+01
-6.000000000000000000e+00
2.400000000000000000e+01
-2.700000000000000000e+01
1.400000000000000000e+01
2.000000000000000000e+00
-8.000000000000000000e+00
-1.800000000000000000e+01
-2.000000000000000000e+00
1.600000000000000000e+01
3.000000000000000000e+00
5.000000000000000000e+00
-1.000000000000000000e+00
2.300000000000000000e+01
-2.900000000000000000e+01
8.000000000000000000e+00
1.600000000000000000e+01
2.600000000000000000e+01
2.700000000000000000e+01
-8.000000000000000000e+00
-1.000000000000000000e+01
-3.000000000000000000e+00
5.000000000000000000e+00
1.000000000000000000e+01
1.500000000000000000e+01
1.500000000000000000e+01
-1.400000000000000000e+01
7.000000000000000000e+00
1.600000000000000000e+01
7.000000000000000000e+00
5.000000000000000000e+00
6.000000000000000000e+00
-6.000000000000000000e+00
-3.000000000000000000e+00
2.700000000000000000e+01
-7.000000000000000000e+00
3.000000000000000000e+00
-8.000000000000000000e+00
-1.000000000000000000e+01
-4.000000000000000000e+00
1.200000000000000000e+01
2.000000000000000000e+00
-7.000000000000000000e+00
1.900000000000000000e+01
-2.700000000000000000e+01
8.000000000000000000e+00
-7.000000000000000000e+00
3.300000000000000000e+01
-3.700000000000000000e+01
0.000000000000000000e+00
-3.000000000000000000e+00
-2.600000000000000000e+01
-1.400000000000000000e+01
2.600000000000000000e+01
1.000000000000000000e+00
-1.000000000000000000e+00
-2.100000000000000000e+01
4.000000000000000000e+00
1.400000000000000000e+01
3.000000000000000000e+01
-1.000000000000000000e+00
0.000000000000000000e+00
4.000000000000000000e+00
4.000000000000000000e+01
-1.300000000000000000e+01
-2.000000000000000000e+00
9.000000000000000000e+00
-3.000000000000000000e+00
-1.000000000000000000e+00
-1.500000000000000000e+01
3.300000000000000000e+01
-2.200000000000000000e+01
-4.000000000000000000e+00
5.000000000000000000e+00
-1.300000000000000000e+01
5.000000000000000000e+00
-2.000000000000000000e+01
1.700000000000000000e+01
-1.700000000000000000e+01
1.100000000000000000e+01
4.000000000000000000e+00
0.000000000000000000e+00
-7.000000000000000000e+00
-6.000000000000000000e+00
1.000000000000000000e+01
-9.000000000000000000e+00
-8.000000000000000000e+00
2.900000000000000000e+01
9.000000000000000000e+00
1.500000000000000000e+01
1.200000000000000000e+01
-1.400000000000000000e+01
4.500000000000000000e+01
-1.200000000000000000e+01
-7.000000000000000000e+00
-5.000000000000000000e+00
1.300000000000000000e+01
-7.000000000000000000e+00
2.800000000000000000e+01
1.400000000000000000e+01
-5.000000000000000000e+00
-8.000000000000000000e+00
-1.900000000000000000e+01
2.100000000000000000e+01
1.600000000000000000e+01
-2.200000000000000000e+01
1.200000000000000000e+01
9.000000000000000000e+00
3.100000000000000000e+01
1.500000000000000000e+01
7.000000000000000000e+00
2.200000000000000000e+01
9.000000000000000000e+00
-1.600000000000000000e+01
-7.000000000000000000e+00
-2.100000000000000000e+01
3.000000000000000000e+00
1.100000000000000000e+01
2.000000000000000000e+00
2.600000000000000000e+01
-1.100000000000000000e+01
-8.000000000000000000e+00
-2.000000000000000000e+01
-1.000000000000000000e+00
1.000000000000000000e+00
-1.400000000000000000e+01
-3.500000000000000000e+01
1.000000000000000000e+00
7.000000000000000000e+00
3.900000000000000000e+01
1.000000000000000000e+00
-2.100000000000000000e+01
-1.400000000000000000e+01
-1.500000000000000000e+01
-3.000000000000000000e+00
3.000000000000000000e+00
-4.000000000000000000e+00
4.000000000000000000e+00
-2.800000000000000000e+01
1.900000000000000000e+01
4.000000000000000000e+00
6.000000000000000000e+00
2.000000000000000000e+00
-1.700000000000000000e+01
-1.000000000000000000e+01
1.500000000000000000e+01
2.000000000000000000e+01
2.300000000000000000e+01
4.000000000000000000e+00
1.100000000000000000e+01
2.700000000000000000e+01
1.100000000000000000e+01
1.300000000000000000e+01
4.300000000000000000e+01
3.000000000000000000e+00
3.600000000000000000e+01
4.300000000000000000e+01
5.000000000000000000e+00
4.400000000000000000e+01
3.100000000000000000e+01
2.600000000000000000e+01
1.500000000000000000e+01
3.200000000000000000e+01
7.600000000000000000e+01
6.700000000000000000e+01
2.400000000000000000e+01
5.800000000000000000e+01
2.800000000000000000e+01
4.200000000000000000e+01
5.400000000000000000e+01
3.500000000000000000e+01
3.700000000000000000e+01
3.400000000000000000e+01
2.200000000000000000e+01
3.700000000000000000e+01
5.200000000000000000e+01
6.400000000000000000e+01
-3.000000000000000000e+00
1.300000000000000000e+01
4.800000000000000000e+01
2.900000000000000000e+01
-3.000000000000000000e+00
3.500000000000000000e+01
3.100000000000000000e+01
-7.000000000000000000e+00
2.400000000000000000e+01
-4.000000000000000000e+00
-4.000000000000000000e+01
1.000000000000000000e+01
-6.000000000000000000e+00
-1.100000000000000000e+01
-1.600000000000000000e+01
-9.000000000000000000e+00
1.700000000000000000e+01
2.000000000000000000e+00
9.000000000000000000e+00
1.400000000000000000e+01
1.100000000000000000e+01
-1.400000000000000000e+01
-3.000000000000000000e+00
2.300000000000000000e+01
6.000000000000000000e+00
1.100000000000000000e+01
-8.000000000000000000e+00
-7.000000000000000000e+00
2.600000000000000000e+01
1.800000000000000000e+01
2.300000000000000000e+01
4.500000000000000000e+01
-9.000000000000000000e+00
8.000000000000000000e+00
-8.000000000000000000e+00
2.600000000000000000e+01
1.400000000000000000e+01
4.000000000000000000e+00
1.500000000000000000e+01
0.000000000000000000e+00
1.200000000000000000e+01
1.000000000000000000e+00
-5.000000000000000000e+00
-9.000000000000000000e+00
3.600000000000000000e+01
5.000000000000000000e+00
2.000000000000000000e+01
2.200000000000000000e+01
-8.000000000000000000e+00
-3.800000000000000000e+01
1.300000000000000000e+01
9.000000000000000000e+00
1.000000000000000000e+01
-1.600000000000000000e+01
-2.000000000000000000e+00
-8.000000000000000000e+00
2.400000000000000000e+01
-4.000000000000000000e+00
1.400000000000000000e+01
1.500000000000000000e+01
2.600000000000000000e+01
-2.000000000000000000e+00
-6.000000000000000000e+00
1.400000000000000000e+01
-1.800000000000000000e+01
-2.400000000000000000e+01
8.000000000000000000e+00
4.800000000000000000e+01
1.400000000000000000e+01
1.100000000000000000e+01
1.700000000000000000e+01
-1.100000000000000000e+01
2.100000000000000000e+01
3.000000000000000000e+00
3.700000000000000000e+01
1.100000000000000000e+01
2.000000000000000000e+01
5.000000000000000000e+00
-4.000000000000000000e+00
-2.000000000000000000e+00
1.700000000000000000e+01
5.000000000000000000e+00
2.100000000000000000e+01
1.700000000000000000e+01
-1.000000000000000000e+00
-2.000000000000000000e+01
3.000000000000000000e+00
0.000000000000000000e+00
1.800000000000000000e+01
3.500000000000000000e+01
1.900000000000000000e+01
-9.000000000000000000e+00
1.700000000000000000e+01
1.500000000000000000e+01
1.800000000000000000e+01
8.000000000000000000e+00
2.500000000000000000e+01
1.100000000000000000e+01
4.000000000000000000e+00
-1.200000000000000000e+01
-1.200000000000000000e+01
2.200000000000000000e+01
-2.100000000000000000e+01
1.400000000000000000e+01
1.400000000000000000e+01
-2.500000000000000000e+01
3.600000000000000000e+01
2.300000000000000000e+01
1.200000000000000000e+01
-8.000000000000000000e+00
-1.900000000000000000e+01
2.100000000000000000e+01
3.800000000000000000e+01
-1.600000000000000000e+01
2.000000000000000000e+01
-1.300000000000000000e+01
9.000000000000000000e+00
1.000000000000000000e+00
-1.100000000000000000e+01
3.100000000000000000e+01
9.000000000000000000e+00
-1.000000000000000000e+00
5.000000000000000000e+00
1.500000000000000000e+01
2.300000000000000000e+01
5.000000000000000000e+00
2.200000000000000000e+01
2.900000000000000000e+01
-6.000000000000000000e+00
2.100000000000000000e+01
6.000000000000000000e+00
8.000000000000000000e+00
2.300000000000000000e+01
-8.000000000000000000e+00
-9.000000000000000000e+00
-2.200000000000000000e+01
2.000000000000000000e+01
1.700000000000000000e+01
9.000000000000000000e+00
-1.000000000000000000e+00
5.000000000000000000e+00
-6.000000000000000000e+00
2.100000000000000000e+01
1.600000000000000000e+01
-3.000000000000000000e+00
3.000000000000000000e+00
1.800000000000000000e+01
1.700000000000000000e+01
3.000000000000000000e+00
3.100000000000000000e+01
9.000000000000000000e+00
-1.000000000000000000e+01
9.000000000000000000e+00
6.000000000000000000e+00
1.200000000000000000e+01
3.000000000000000000e+01
-1.900000000000000000e+01
-3.200000000000000000e+01
2.500000000000000000e+01
-4.000000000000000000e+00
2.300000000000000000e+01
1.400000000000000000e+01
2.800000000000000000e+01
1.500000000000000000e+01
-1.000000000000000000e+00
2.300000000000000000e+01
2.400000000000000000e+01
2.000000000000000000e+00
2.400000000000000000e+01
1.900000000000000000e+01
1.000000000000000000e+01
1.000000000000000000e+01
3.300000000000000000e+01
3.000000000000000000e+01
-1.900000000000000000e+01
9.000000000000000000e+00
1.900000000000000000e+01
1.700000000000000000e+01
-6.000000000000000000e+00
1.300000000000000000e+01
2.100000000000000000e+01
9.000000000000000000e+00
2.100000000000000000e+01
2.000000000000000000e+01
2.700000000000000000e+01
-1.000000000000000000e+00
1.200000000000000000e+01
1.600000000000000000e+01
2.300000000000000000e+01
7.000000000000000000e+00
4.600000000000000000e+01
1.500000000000000000e+01
-9.000000000000000000e+00
1.400000000000000000e+01
2.500000000000000000e+01
6.200000000000000000e+01
3.300000000000000000e+01
5.000000000000000000e+00
7.000000000000000000e+00
2.300000000000000000e+01
1.700000000000000000e+01
1.800000000000000000e+01
5.700000000000000000e+01
1.800000000000000000e+01
1.400000000000000000e+01
-8.000000000000000000e+00
2.000000000000000000e+01
3.900000000000000000e+01
5.000000000000000000e+01
1.600000000000000000e+01
2.800000000000000000e+01
3.300000000000000000e+01
4.500000000000000000e+01
2.500000000000000000e+01
2.800000000000000000e+01
3.000000000000000000e+00
2.700000000000000000e+01
4.800000000000000000e+01
1.600000000000000000e+01
2.200000000000000000e+01
2.000000000000000000e+01
2.100000000000000000e+01
-3.000000000000000000e+00
1.100000000000000000e+01
1.200000000000000000e+01
4.600000000000000000e+01
1.700000000000000000e+01
6.300000000000000000e+01
-8.000000000000000000e+00
1.500000000000000000e+01
1.900000000000000000e+01
0.000000000000000000e+00
1.200000000000000000e+01
-1.700000000000000000e+01
1.500000000000000000e+01
9.000000000000000000e+00
2.300000000000000000e+01
3.000000000000000000e+01
3.300000000000000000e+01
1.900000000000000000e+01
2.000000000000000000e+00
2.300000000000000000e+01
1.000000000000000000e+00
1.500000000000000000e+01
1.100000000000000000e+01
4.900000000000000000e+01
4.500000000000000000e+01
7.800000000000000000e+01
2.100000000000000000e+01
3.200000000000000000e+01
2.500000000000000000e+01
2.600000000000000000e+01
3.200000000000000000e+01
-7.000000000000000000e+00
2.300000000000000000e+01
4.200000000000000000e+01
1.500000000000000000e+01
5.000000000000000000e+00
1.800000000000000000e+01
1.600000000000000000e+01
-1.600000000000000000e+01
3.700000000000000000e+01
2.000000000000000000e+00
4.100000000000000000e+01
6.000000000000000000e+00
4.300000000000000000e+01
5.000000000000000000e+00
1.500000000000000000e+01
3.000000000000000000e+00
2.100000000000000000e+01
3.100000000000000000e+01
2.400000000000000000e+01
3.100000000000000000e+01
5.000000000000000000e+01
4.000000000000000000e+01
1.600000000000000000e+01
0.000000000000000000e+00
3.200000000000000000e+01
3.200000000000000000e+01
-2.400000000000000000e+01
1.100000000000000000e+01
4.200000000000000000e+01
2.500000000000000000e+01
5.400000000000000000e+01
2.100000000000000000e+01
2.300000000000000000e+01
1.900000000000000000e+01
2.200000000000000000e+01
4.000000000000000000e+01
4.300000000000000000e+01
8.000000000000000000e+00
4.300000000000000000e+01
3.000000000000000000e+00
6.300000000000000000e+01
4.500000000000000000e+01
3.500000000000000000e+01
4.200000000000000000e+01
2.600000000000000000e+01
1.500000000000000000e+01
3.300000000000000000e+01
-1.000000000000000000e+00
3.700000000000000000e+01
2.400000000000000000e+01
2.700000000000000000e+01
1.400000000000000000e+01
2.700000000000000000e+01
3.400000000000000000e+01
1.000000000000000000e+01
4.100000000000000000e+01
1.700000000000000000e+01
4.800000000000000000e+01
1.100000000000000000e+01
1.500000000000000000e+01
6.500000000000000000e+01
3.500000000000000000e+01
4.600000000000000000e+01
5.100000000000000000e+01
7.500000000000000000e+01
7.200000000000000000e+01
4.100000000000000000e+01
-6.000000000000000000e+00
3.400000000000000000e+01
4.100000000000000000e+01
4.400000000000000000e+01
5.500000000000000000e+01
3.800000000000000000e+01
9.600000000000000000e+01
8.900000000000000000e+01
1.080000000000000000e+02
8.200000000000000000e+01
8.500000000000000000e+01
1.000000000000000000e+02
9.600000000000000000e+01
8.400000000000000000e+01
1.190000000000000000e+02
1.140000000000000000e+02
1.450000000000000000e+02
1.690000000000000000e+02
1.610000000000000000e+02
1.540000000000000000e+02
2.120000000000000000e+02
2.090000000000000000e+02
1.990000000000000000e+02
2.130000000000000000e+02
2.260000000000000000e+02
2.800000000000000000e+02
3.010000000000000000e+02
2.830000000000000000e+02
2.850000000000000000e+02
3.500000000000000000e+02
3.360000000000000000e+02
4.290000000000000000e+02
4.610000000000000000e+02
5.160000000000000000e+02
5.380000000000000000e+02
5.560000000000000000e+02
6.300000000000000000e+02
6.900000000000000000e+02
7.480000000000000000e+02
7.600000000000000000e+02
8.910000000000000000e+02
9.660000000000000000e+02
1.031000000000000000e+03
1.182000000000000000e+03
1.246000000000000000e+03
1.356000000000000000e+03
1.430000000000000000e+03
1.552000000000000000e+03
1.585000000000000000e+03
1.753000000000000000e+03
1.852000000000000000e+03
1.951000000000000000e+03
2.098000000000000000e+03
2.186000000000000000e+03
2.281000000000000000e+03
2.394000000000000000e+03
2.537000000000000000e+03
2.671000000000000000e+03
2.757000000000000000e+03
2.907000000000000000e+03
2.969000000000000000e+03
3.044000000000000000e+03
3.148000000000000000e+03
3.247000000000000000e+03
3.288000000000000000e+03
3.317000000000000000e+03
3.406000000000000000e+03
3.528000000000000000e+03
3.420000000000000000e+03
3.421000000000000000e+03
3.554000000000000000e+03
3.544000000000000000e+03
3.449000000000000000e+03
3.433000000000000000e+03
3.438000000000000000e+03
3.330000000000000000e+03
3.353000000000000000e+03
3.335000000000000000e+03
3.192000000000000000e+03
3.106000000000000000e+03
2.960000000000000000e+03
2.947000000000000000e+03
2.804000000000000000e+03
2.718000000000000000e+03
2.621000000000000000e+03
2.544000000000000000e+03
2.408000000000000000e+03
2.223000000000000000e+03
2.148000000000000000e+03
2.005000000000000000e+03
1.914000000000000000e+03
1.791000000000000000e+03
1.655000000000000000e+03
1.566000000000000000e+03
1.442000000000000000e+03
1.331000000000000000e+03
1.208000000000000000e+03
1.090000000000000000e+03
1.061000000000000000e+03
9.310000000000000000e+02
8.490000000000000000e+02
8.120000000000000000e+02
7.000000000000000000e+02
6.600000000000000000e+02
5.530000000000000000e+02
5.320000000000000000e+02
4.470000000000000000e+02
4.260000000000000000e+02
3.760000000000000000e+02
3.520000000000000000e+02
3.080000000000000000e+02
2.190000000000000000e+02
2.900000000000000000e+02
1.970000000000000000e+02
1.870000000000000000e+02
1.590000000000000000e+02
1.380000000000000000e+02
1.370000000000000000e+02
1.240000000000000000e+02
9.900000000000000000e+01
8.400000000000000000e+01
4.000000000000000000e+01
6.000000000000000000e+01
2.400000000000000000e+01
4.700000000000000000e+01
5.100000000000000000e+01
8.200000000000000000e+01
1.400000000000000000e+01
1.800000000000000000e+01
6.000000000000000000e+00
2.600000000000000000e+01
7.600000000000000000e+01
1.500000000000000000e+01
7.600000000000000000e+01
8.000000000000000000e+00
2.500000000000000000e+01
1.100000000000000000e+01
4.500000000000000000e+01
-1.000000000000000000e+00
1.600000000000000000e+01
1.900000000000000000e+01
3.900000000000000000e+01
7.000000000000000000e+00
-5.000000000000000000e+00
4.300000000000000000e+01
2.000000000000000000e+00
4.100000000000000000e+01
2.400000000000000000e+01
2.600000000000000000e+01
-1.600000000000000000e+01
2.600000000000000000e+01
-1.600000000000000000e+01
-1.600000000000000000e+01
1.000000000000000000e+00
6.900000000000000000e+01
2.200000000000000000e+01
2.800000000000000000e+01
-9.000000000000000000e+00
3.000000000000000000e+01
-1.400000000000000000e+01
3.000000000000000000e+01
-2.000000000000000000e+00
8.000000000000000000e+00
1.300000000000000000e+01
-5.000000000000000000e+00
8.000000000000000000e+00
3.500000000000000000e+01
6.000000000000000000e+00
1.800000000000000000e+01
7.000000000000000000e+00
6.000000000000000000e+00
2.400000000000000000e+01
3.000000000000000000e+01
2.500000000000000000e+01
6.000000000000000000e+00
4.000000000000000000e+00
1.100000000000000000e+01
1.000000000000000000e+01
2.300000000000000000e+01
1.300000000000000000e+01
2.900000000000000000e+01
-1.300000000000000000e+01
4.000000000000000000e+00
3.400000000000000000e+01
2.300000000000000000e+01
4.600000000000000000e+01
5.200000000000000000e+01
2.400000000000000000e+01
3.200000000000000000e+01
2.300000000000000000e+01
2.900000000000000000e+01
1.600000000000000000e+01
1.200000000000000000e+01
3.100000000000000000e+01
-9.000000000000000000e+00
1.800000000000000000e+01
1.300000000000000000e+01
6.000000000000000000e+00
2.700000000000000000e+01
2.300000000000000000e+01
-1.200000000000000000e+01
1.000000000000000000e+01
-1.000000000000000000e+00
2.700000000000000000e+01
2.000000000000000000e+00
-1.700000000000000000e+01
-1.000000000000000000e+00
6.000000000000000000e+00
-2.000000000000000000e+01
8.000000000000000000e+00
-2.100000000000000000e+01
1.100000000000000000e+01
2.000000000000000000e+01
-1.500000000000000000e+01
2.000000000000000000e+00
2.000000000000000000e+01
1.800000000000000000e+01
-1.100000000000000000e+01
2.500000000000000000e+01
9.000000000000000000e+00
1.400000000000000000e+01
2.300000000000000000e+01
4.000000000000000000e+00
0.000000000000000000e+00
3.000000000000000000e+00
-1.000000000000000000e+01
1.800000000000000000e+01
9.000000000000000000e+00
1.700000000000000000e+01
2.300000000000000000e+01
2.200000000000000000e+01
1.000000000000000000e+01
1.600000000000000000e+01
3.000000000000000000e+01
-1.200000000000000000e+01
-3.000000000000000000e+00
2.200000000000000000e+01
1.700000000000000000e+01
-3.000000000000000000e+00
2.200000000000000000e+01
2.600000000000000000e+01
3.300000000000000000e+01
2.900000000000000000e+01
-3.000000000000000000e+00
3.000000000000000000e+00
2.100000000000000000e+01
1.800000000000000000e+01
2.600000000000000000e+01
2.400000000000000000e+01
1.400000000000000000e+01
2.900000000000000000e+01
1.700000000000000000e+01
8.000000000000000000e+00
1.100000000000000000e+01
9.000000000000000000e+00
1.200000000000000000e+01
3.700000000000000000e+01
9.000000000000000000e+00
2.200000000000000000e+01
2.200000000000000000e+01
3.100000000000000000e+01
1.500000000000000000e+01
3.100000000000000000e+01
1.000000000000000000e+01
3.000000000000000000e+00
-1.300000000000000000e+01
1.800000000000000000e+01
3.500000000000000000e+01
1.400000000000000000e+01
-5.000000000000000000e+00
0.000000000000000000e+00
1.300000000000000000e+01
0.000000000000000000e+00
1.000000000000000000e+01
5.000000000000000000e+00
1.900000000000000000e+01
2.100000000000000000e+01
2.900000000000000000e+01
1.900000000000000000e+01
5.000000000000000000e+00
-9.000000000000000000e+00
2.300000000000000000e+01
2.400000000000000000e+01
-1.000000000000000000e+00
1.800000000000000000e+01
1.000000000000000000e+01
1.200000000000000000e+01
1.400000000000000000e+01
0.000000000000000000e+00
4.000000000000000000e+00
1.500000000000000000e+01
3.700000000000000000e+01
7.000000000000000000e+00
1.300000000000000000e+01
1.800000000000000000e+01
5.200000000000000000e+01
8.000000000000000000e+00
-8.000000000000000000e+00
9.000000000000000000e+00
4.000000000000000000e+00
-1.000000000000000000e+00
2.900000000000000000e+01
2.400000000000000000e+01
3.700000000000000000e+01
2.200000000000000000e+01
1.700000000000000000e+01
8.000000000000000000e+00
1.000000000000000000e+00
-1.000000000000000000e+01
-1.000000000000000000e+01
-1.000000000000000000e+00
1.800000000000000000e+01
1.700000000000000000e+01
4.000000000000000000e+00
3.400000000000000000e+01
-6.000000000000000000e+00
-4.000000000000000000e+00
1.600000000000000000e+01
-5.000000000000000000e+00
3.000000000000000000e+00
-1.300000000000000000e+01
1.000000000000000000e+00
4.000000000000000000e+00
-4.000000000000000000e+00
1.100000000000000000e+01
-1.300000000000000000e+01
-3.100000000000000000e+01
1.100000000000000000e+01
-1.000000000000000000e+00
4.000000000000000000e+00
2.700000000000000000e+01
2.700000000000000000e+01
4.000000000000000000e+00
1.800000000000000000e+01
7.000000000000000000e+00
3.200000000000000000e+01
1.000000000000000000e+01
1.000000000000000000e+01
1.900000000000000000e+01
-1.000000000000000000e+00
7.000000000000000000e+00
7.000000000000000000e+00
4.000000000000000000e+00
1.400000000000000000e+01
-2.300000000000000000e+01
1.200000000000000000e+01
1.700000000000000000e+01
1.100000000000000000e+01
1.800000000000000000e+01
6.000000000000000000e+00
-5.000000000000000000e+00
2.400000000000000000e+01
-3.200000000000000000e+01
2.000000000000000000e+00
-6.000000000000000000e+00
2.100000000000000000e+01
-7.000000000000000000e+00
-6.000000000000000000e+00
2.100000000000000000e+01
4.000000000000000000e+01
9.000000000000000000e+00
-2.700000000000000000e+01
-9.000000000000000000e+00
-6.000000000000000000e+00
-2.800000000000000000e+01
1.500000000000000000e+01
1.700000000000000000e+01
1.600000000000000000e+01
2.200000000000000000e+01
-1.600000000000000000e+01
5.000000000000000000e+00
-4.000000000000000000e+00
-3.800000000000000000e+01
-1.000000000000000000e+00
3.600000000000000000e+01
5.000000000000000000e+00
-1.000000000000000000e+00
4.900000000000000000e+01
2.000000000000000000e+00
1.600000000000000000e+01
3.500000000000000000e+01
1.500000000000000000e+01
1.400000000000000000e+01
6.000000000000000000e+00
2.700000000000000000e+01
-1.000000000000000000e+00
1.000000000000000000e+00
1.000000000000000000e+00
5.000000000000000000e+00
2.100000000000000000e+01
-4.000000000000000000e+00
-1.300000000000000000e+01
-6.000000000000000000e+00
1.900000000000000000e+01
-2.000000000000000000e+00
1.100000000000000000e+01
2.400000000000000000e+01
9.000000000000000000e+00
-7.000000000000000000e+00
1.800000000000000000e+01
8.000000000000000000e+00
1.200000000000000000e+01
4.000000000000000000e+01
8.000000000000000000e+00
2.500000000000000000e+01
-1.000000000000000000e+00
9.000000000000000000e+00
-2.000000000000000000e+00
1.500000000000000000e+01
1.000000000000000000e+00
-7.000000000000000000e+00
-3.000000000000000000e+00
7.000000000000000000e+00
-1.000000000000000000e+00
2.500000000000000000e+01
2.100000000000000000e+01
-1.000000000000000000e+01
1.500000000000000000e+01
1.700000000000000000e+01
6.000000000000000000e+00
2.100000000000000000e+01
7.000000000000000000e+00
3.000000000000000000e+00
-8.000000000000000000e+00
7.000000000000000000e+00
3.000000000000000000e+00
-2.000000000000000000e+00
-1.300000000000000000e+01
4.100000000000000000e+01
-4.000000000000000000e+00
3.300000000000000000e+01
1.100000000000000000e+01
1.900000000000000000e+01
-1.100000000000000000e+01
2.300000000000000000e+01
-6.000000000000000000e+00
-9.000000000000000000e+00
2.800000000000000000e+01
2.600000000000000000e+01
7.000000000000000000e+00
-3.400000000000000000e+01
0.000000000000000000e+00
-1.100000000000000000e+01
2.600000000000000000e+01
-1.000000000000000000e+00
-2.000000000000000000e+00
5.000000000000000000e+00
-2.000000000000000000e+00
3.000000000000000000e+00
-1.400000000000000000e+01
-2.000000000000000000e+00
-8.000000000000000000e+00
-1.700000000000000000e+01
-6.000000000000000000e+00
-2.000000000000000000e+00
-2.200000000000000000e+01
-1.000000000000000000e+00
-1.000000000000000000e+01
1.000000000000000000e+01
4.000000000000000000e+00
-1.900000000000000000e+01
1.000000000000000000e+00
1.500000000000000000e+01
-1.900000000000000000e+01
9.000000000000000000e+00
-3.000000000000000000e+00
-4.000000000000000000e+00
-7.000000000000000000e+00
2.500000000000000000e+01
-1.600000000000000000e+01
-1.000000000000000000e+00
3.000000000000000000e+00
3.000000000000000000e+00
-1.200000000000000000e+01
1.200000000000000000e+01
-5.000000000000000000e+00
1.000000000000000000e+00
-8.000000000000000000e+00
1.800000000000000000e+01
1.700000000000000000e+01
4.000000000000000000e+00
-4.000000000000000000e+00
-1.700000000000000000e+01
1.500000000000000000e+01
-1.500000000000000000e+01
-2.800000000000000000e+01
-5.000000000000000000e+00
-1.600000000000000000e+01
-1.500000000000000000e+01
7.000000000000000000e+00
-1.200000000000000000e+01
2.500000000000000000e+01
-1.100000000000000000e+01
-1.600000000000000000e+01
2.500000000000000000e+01
1.200000000000000000e+01
3.000000000000000000e+00
-2.200000000000000000e+01
-6.000000000000000000e+00
-1.900000000000000000e+01
2.200000000000000000e+01
-1.000000000000000000e+00
-5.000000000000000000e+00
1.700000000000000000e+01
1.500000000000000000e+01
1.900000000000000000e+01
-2.000000000000000000e+01
1.500000000000000000e+01
1.000000000000000000e+01
-1.200000000000000000e+01
1.800000000000000000e+01
-1.200000000000000000e+01
4.000000000000000000e+00
-1.000000000000000000e+00
-2.400000000000000000e+01
-1.900000000000000000e+01
-1.900000000000000000e+01
-7.000000000000000000e+00
4.000000000000000000e+00
-9.000000000000000000e+00
-1.000000000000000000e+00
1.800000000000000000e+01
-2.200000000000000000e+01
5.000000000000000000e+00
5.000000000000000000e+00
5.000000000000000000e+00
0.000000000000000000e+00
-1.000000000000000000e+00
2.300000000000000000e+01
2.200000000000000000e+01
2.000000000000000000e+00
2.000000000000000000e+00
-8.000000000000000000e+00
-3.300000000000000000e+01
7.000000000000000000e+00
-7.000000000000000000e+00
1.100000000000000000e+01
-6.700000000000000000e+01
-1.400000000000000000e+01
1.300000000000000000e+01
-1.000000000000000000e+00
2.200000000000000000e+01
-2.000000000000000000e+00
2.400000000000000000e+01
4.000000000000000000e+00
6.000000000000000000e+00
-3.000000000000000000e+00
1.300000000000000000e+01
-1.500000000000000000e+01
1.200000000000000000e+01
9.000000000000000000e+00
-1.700000000000000000e+01
1.900000000000000000e+01
-2.000000000000000000e+01
-7.000000000000000000e+00
1.000000000000000000e+00
2.000000000000000000e+00
1.800000000000000000e+01
-1.000000000000000000e+01
-2.000000000000000000e+01
1.500000000000000000e+01
-1.700000000000000000e+01
-1.300000000000000000e+01
2.000000000000000000e+01
1.000000000000000000e+01
-4.000000000000000000e+00
2.700000000000000000e+01
2.000000000000000000e+01
8.000000000000000000e+00
-1.400000000000000000e+01
4.000000000000000000e+00
8.000000000000000000e+00
-1.000000000000000000e+00
1.000000000000000000e+01
-2.600000000000000000e+01
-6.000000000000000000e+00
4.000000000000000000e+00
5.000000000000000000e+00
-1.200000000000000000e+01
-1.800000000000000000e+01
-4.000000000000000000e+00
-2.300000000000000000e+01
-2.000000000000000000e+00
2.400000000000000000e+01
-2.100000000000000000e+01
1.300000000000000000e+01
5.000000000000000000e+00
-2.600000000000000000e+01
-3.000000000000000000e+00
-2.000000000000000000e+00
1.100000000000000000e+01
5.000000000000000000e+00
1.400000000000000000e+01
1.700000000000000000e+01
2.500000000000000000e+01
-1.100000000000000000e+01
-6.000000000000000000e+00
2.100000000000000000e+01
1.400000000000000000e+01
1.600000000000000000e+01
-2.000000000000000000e+00
1.300000000000000000e+01
3.300000000000000000e+01
-4.000000000000000000e+00
7.000000000000000000e+00
1.000000000000000000e+00
-1.900000000000000000e+01
-1.400000000000000000e+01
1.300000000000000000e+01
-1.400000000000000000e+01
5.000000000000000000e+00
0.000000000000000000e+00
-7.000000000000000000e+00
1.000000000000000000e+00
-7.000000000000000000e+00
2.000000000000000000e+00
-5.000000000000000000e+00
-1.000000000000000000e+01
0.000000000000000000e+00
-1.000000000000000000e+00
2.700000000000000000e+01
-9.000000000000000000e+00
-2.000000000000000000e+01
-2.000000000000000000e+00
3.200000000000000000e+01
-6.000000000000000000e+00
-7.000000000000000000e+00
6.000000000000000000e+00
-6.000000000000000000e+00
1.000000000000000000e+01
9.000000000000000000e+00
-2.700000000000000000e+01
5.000000000000000000e+00
-9.000000000000000000e+00
3.000000000000000000e+00
8.000000000000000000e+00
1.800000000000000000e+01
-1.900000000000000000e+01
-2.200000000000000000e+01
-8.000000000000000000e+00
1.600000000000000000e+01
2.200000000000000000e+01
1.500000000000000000e+01
-7.000000000000000000e+00
-1.900000000000000000e+01
-1.700000000000000000e+01
-9.000000000000000000e+00
3.100000000000000000e+01
1.100000000000000000e+01
2.600000000000000000e+01
1.000000000000000000e+01
7.000000000000000000e+00
-3.100000000000000000e+01
-5.000000000000000000e+00
-3.800000000000000000e+01
0.000000000000000000e+00
1.200000000000000000e+01
2.100000000000000000e+01
8.000000000000000000e+00
6.000000000000000000e+00
-1.400000000000000000e+01
1.000000000000000000e+01
-9.000000000000000000e+00
-3.000000000000000000e+00
1.200000000000000000e+01
5.000000000000000000e+00
-1.700000000000000000e+01
-9.000000000000000000e+00
-5.000000000000000000e+00
1.400000000000000000e+01
-9.000000000000000000e+00
-1.300000000000000000e+01
-7.000000000000000000e+00
2.700000000000000000e+01
3.000000000000000000e+00
-1.500000000000000000e+01
2.800000000000000000e+01
-3.000000000000000000e+00
5.000000000000000000e+00
-1.200000000000000000e+01
-1.200000000000000000e+01
-5.000000000000000000e+00
2.800000000000000000e+01
-7.000000000000000000e+00
1.800000000000000000e+01
-1.400000000000000000e+01
1.600000000000000000e+01
1.500000000000000000e+01
-5.000000000000000000e+00
1.200000000000000000e+01
-1.300000000000000000e+01
1.800000000000000000e+01
2.400000000000000000e+01
-1.500000000000000000e+01
1.500000000000000000e+01
-3.000000000000000000e+00
-1.600000000000000000e+01
1.300000000000000000e+01
-6.000000000000000000e+00
-1.600000000000000000e+01
-2.000000000000000000e+00
-8.000000000000000000e+00
1.000000000000000000e+01
-1.800000000000000000e+01
1.000000000000000000e+00
1.000000000000000000e+00
-2.000000000000000000e+00
8.000000000000000000e+00
9.000000000000000000e+00
-1.500000000000000000e+01
1.000000000000000000e+01
-1.800000000000000000e+01
-9.000000000000000000e+00
-4.000000000000000000e+00
5.000000000000000000e+00
1.600000000000000000e+01
-5.000000000000000000e+00
0.000000000000000000e+00
-4.000000000000000000e+00
-2.300000000000000000e+01
-2.600000000000000000e+01
-7.000000000000000000e+00
1.200000000000000000e+01
-5.000000000000000000e+00
-8.000000000000000000e+00
1.400000000000000000e+01
-5.000000000000000000e+00
-1.600000000000000000e+01
-1.000000000000000000e+01
-2.000000000000000000e+00
-1.800000000000000000e+01
-9.000000000000000000e+00
4.000000000000000000e+00
-1.300000000000000000e+01
5.000000000000000000e+00
-1.400000000000000000e+01
0.000000000000000000e+00
-5.000000000000000000e+00
2.100000000000000000e+01
1.500000000000000000e+01
-2.000000000000000000e+00
1.700000000000000000e+01
2.000000000000000000e+00
-9.000000000000000000e+00
-2.000000000000000000e+00
1.600000000000000000e+01
0.000000000000000000e+00
-4.000000000000000000e+00
1.500000000000000000e+01
5.000000000000000000e+00
-1.000000000000000000e+01
2.700000000000000000e+01
2.400000000000000000e+01
1.000000000000000000e+00
2.000000000000000000e+01
-5.000000000000000000e+00
-2.000000000000000000e+00
7.000000000000000000e+00
-1.000000000000000000e+00
1.400000000000000000e+01
-1.500000000000000000e+01
-1.000000000000000000e+00
0.000000000000000000e+00
1.100000000000000000e+01
-6.000000000000000000e+00
3.200000000000000000e+01
-2.600000000000000000e+01
1.100000000000000000e+01
-4.000000000000000000e+00
1.800000000000000000e+01
-2.200000000000000000e+01
1.000000000000000000e+01
-2.000000000000000000e+01
6.000000000000000000e+00
7.000000000000000000e+00
-1.000000000000000000e+00
1.200000000000000000e+01
-7.000000000000000000e+00
-2.000000000000000000e+00
1.900000000000000000e+01
-8.000000000000000000e+00
-3.000000000000000000e+01
1.000000000000000000e+00
1.700000000000000000e+01
-1.200000000000000000e+01
8.000000000000000000e+00
-2.300000000000000000e+01
1.400000000000000000e+01
-6.000000000000000000e+00
-1.800000000000000000e+01
-1.900000000000000000e+01
-7.000000000000000000e+00
5.000000000000000000e+00
8.000000000000000000e+00
-1.000000000000000000e+00
-1.100000000000000000e+01
-1.700000000000000000e+01
5.000000000000000000e+00
9.000000000000000000e+00
1.200000000000000000e+01
2.500000000000000000e+01
-1.300000000000000000e+01
8.000000000000000000e+00
-6.000000000000000000e+00
2.600000000000000000e+01
-3.900000000000000000e+01
0.000000000000000000e+00
6.000000000000000000e+00
1.000000000000000000e+01
3.000000000000000000e+00
-2.100000000000000000e+01
3.600000000000000000e+01
-4.000000000000000000e+00
5.000000000000000000e+00
-9.000000000000000000e+00
-6.000000000000000000e+00
-2.200000000000000000e+01
1.400000000000000000e+01
-2.500000000000000000e+01
2.000000000000000000e+00
-6.000000000000000000e+00
2.000000000000000000e+01
4.100000000000000000e+01
-4.000000000000000000e+00
5.000000000000000000e+00
-2.200000000000000000e+01
1.900000000000000000e+01
-5.000000000000000000e+00
3.000000000000000000e+00
-9.000000000000000000e+00
8.000000000000000000e+00
1.700000000000000000e+01
1.800000000000000000e+01
-1.400000000000000000e+01
-4.000000000000000000e+00
-1.000000000000000000e+00
-1.000000000000000000e+00
8.000000000000000000e+00
-4.000000000000000000e+00
1.600000000000000000e+01
-1.300000000000000000e+01
6.000000000000000000e+00
-1.000000000000000000e+01
-4.000000000000000000e+00
5.000000000000000000e+00
-1.700000000000000000e+01
0.000000000000000000e+00
7.000000000000000000e+00
1.000000000000000000e+00
2.600000000000000000e+01
2.900000000000000000e+01
4.300000000000000000e+01
3.700000000000000000e+01
2.700000000000000000e+01
-4.000000000000000000e+00
1.200000000000000000e+01
1.600000000000000000e+01
4.000000000000000000e+00
1.200000000000000000e+01
1.000000000000000000e+01
7.000000000000000000e+00
3.200000000000000000e+01
1.200000000000000000e+01
1.500000000000000000e+01
2.400000000000000000e+01
3.900000000000000000e+01
-1.300000000000000000e+01
6.000000000000000000e+00
1.500000000000000000e+01
3.300000000000000000e+01
-2.000000000000000000e+00
2.800000000000000000e+01
1.000000000000000000e+01
1.000000000000000000e+01
-1.300000000000000000e+01
-1.200000000000000000e+01
2.000000000000000000e+01
2.400000000000000000e+01
1.000000000000000000e+01
2.000000000000000000e+00
7.000000000000000000e+00
4.200000000000000000e+01
1.900000000000000000e+01
1.600000000000000000e+01
1.100000000000000000e+01
3.000000000000000000e+01
1.500000000000000000e+01
2.900000000000000000e+01
1.900000000000000000e+01
2.800000000000000000e+01
3.700000000000000000e+01
6.400000000000000000e+01
3.600000000000000000e+01
4.100000000000000000e+01
4.800000000000000000e+01
4.600000000000000000e+01
3.300000000000000000e+01
2.900000000000000000e+01
5.500000000000000000e+01
6.000000000000000000e+01
6.700000000000000000e+01
7.000000000000000000e+01
5.400000000000000000e+01
6.200000000000000000e+01
8.000000000000000000e+01
9.600000000000000000e+01
8.800000000000000000e+01
8.800000000000000000e+01
8.900000000000000000e+01
1.070000000000000000e+02
8.800000000000000000e+01
1.600000000000000000e+02
1.390000000000000000e+02
1.360000000000000000e+02
1.480000000000000000e+02
1.450000000000000000e+02
1.660000000000000000e+02
1.690000000000000000e+02
1.620000000000000000e+02
1.850000000000000000e+02
2.030000000000000000e+02
2.160000000000000000e+02
2.080000000000000000e+02
2.670000000000000000e+02
2.280000000000000000e+02
2.600000000000000000e+02
2.840000000000000000e+02
2.690000000000000000e+02
3.140000000000000000e+02
3.340000000000000000e+02
3.150000000000000000e+02
3.500000000000000000e+02
3.610000000000000000e+02
3.950000000000000000e+02
4.130000000000000000e+02
4.480000000000000000e+02
4.440000000000000000e+02
4.680000000000000000e+02
5.230000000000000000e+02
4.900000000000000000e+02
4.870000000000000000e+02
5.490000000000000000e+02
5.600000000000000000e+02
5.940000000000000000e+02
5.910000000000000000e+02
6.450000000000000000e+02
6.290000000000000000e+02
6.620000000000000000e+02
7.230000000000000000e+02
7.780000000000000000e+02
7.840000000000000000e+02
8.160000000000000000e+02
8.310000000000000000e+02
8.610000000000000000e+02
9.130000000000000000e+02
9.150000000000000000e+02
1.001000000000000000e+03
1.035000000000000000e+03
1.025000000000000000e+03
1.048000000000000000e+03
1.118000000000000000e+03
1.153000000000000000e+03
1.162000000000000000e+03
1.181000000000000000e+03
1.217000000000000000e+03
1.183000000000000000e+03
1.235000000000000000e+03
1.309000000000000000e+03
1.344000000000000000e+03
1.331000000000000000e+03
1.360000000000000000e+03
1.392000000000000000e+03
1.339000000000000000e+03
1.417000000000000000e+03
1.492000000000000000e+03
1.441000000000000000e+03
1.513000000000000000e+03
1.543000000000000000e+03
1.537000000000000000e+03
1.566000000000000000e+03
1.547000000000000000e+03
1.547000000000000000e+03
1.597000000000000000e+03
1.650000000000000000e+03
1.585000000000000000e+03
1.681000000000000000e+03
1.615000000000000000e+03
1.704000000000000000e+03
1.757000000000000000e+03
1.758000000000000000e+03
1.756000000000000000e+03
1.752000000000000000e+03
1.748000000000000000e+03
1.794000000000000000e+03
1.739000000000000000e+03
1.764000000000000000e+03
1.824000000000000000e+03
1.790000000000000000e+03
1.851000000000000000e+03
1.771000000000000000e+03
1.794000000000000000e+03
1.765000000000000000e+03
1.708000000000000000e+03
1.716000000000000000e+03
1.679000000000000000e+03
1.699000000000000000e+03
1.636000000000000000e+03
1.715000000000000000e+03
1.627000000000000000e+03
1.551000000000000000e+03
1.586000000000000000e+03
1.625000000000000000e+03
1.559000000000000000e+03
1.551000000000000000e+03
1.532000000000000000e+03
1.502000000000000000e+03
1.517000000000000000e+03
1.545000000000000000e+03
1.507000000000000000e+03
1.499000000000000000e+03
1.481000000000000000e+03
1.460000000000000000e+03
1.438000000000000000e+03
1.385000000000000000e+03
1.389000000000000000e+03
1.341000000000000000e+03
1.343000000000000000e+03
1.284000000000000000e+03
1.296000000000000000e+03
1.266000000000000000e+03
1.253000000000000000e+03
1.199000000000000000e+03
1.158000000000000000e+03
1.106000000000000000e+03
1.113000000000000000e+03
1.075000000000000000e+03
1.062000000000000000e+03
9.800000000000000000e+02
1.019000000000000000e+03
9.430000000000000000e+02
9.190000000000000000e+02
9.090000000000000000e+02
8.660000000000000000e+02
8.590000000000000000e+02
8.340000000000000000e+02
8.170000000000000000e+02
8.140000000000000000e+02
7.430000000000000000e+02
6.990000000000000000e+02
7.480000000000000000e+02
7.000000000000000000e+02
6.910000000000000000e+02
6.650000000000000000e+02
6.220000000000000000e+02
5.970000000000000000e+02
5.750000000000000000e+02
5.460000000000000000e+02
5.450000000000000000e+02
5.350000000000000000e+02
4.950000000000000000e+02
4.850000000000000000e+02
4.850000000000000000e+02
4.440000000000000000e+02
4.140000000000000000e+02
3.810000000000000000e+02
3.810000000000000000e+02
3.630000000000000000e+02
3.150000000000000000e+02
3.190000000000000000e+02
3.300000000000000000e+02
2.940000000000000000e+02
2.950000000000000000e+02
3.000000000000000000e+02
2.870000000000000000e+02
2.640000000000000000e+02
2.580000000000000000e+02
2.590000000000000000e+02
2.060000000000000000e+02
2.240000000000000000e+02
2.050000000000000000e+02
2.070000000000000000e+02
2.110000000000000000e+02
1.830000000000000000e+02
1.610000000000000000e+02
1.580000000000000000e+02
1.470000000000000000e+02
1.510000000000000000e+02
1.480000000000000000e+02
9.900000000000000000e+01
1.380000000000000000e+02
1.210000000000000000e+02
1.160000000000000000e+02
1.110000000000000000e+02
8.400000000000000000e+01
9.300000000000000000e+01
1.030000000000000000e+02
9.200000000000000000e+01
7.900000000000000000e+01
9.000000000000000000e+01
8.000000000000000000e+01
6.000000000000000000e+01
6.800000000000000000e+01
6.700000000000000000e+01
5.700000000000000000e+01
5.500000000000000000e+01
7.400000000000000000e+01
5.600000000000000000e+01
5.800000000000000000e+01
2.200000000000000000e+01
3.700000000000000000e+01
3.400000000000000000e+01
4.200000000000000000e+01
2.400000000000000000e+01
3.700000000000000000e+01
0.000000000000000000e+00
1.500000000000000000e+01
4.600000000000000000e+01
1.700000000000000000e+01
2.200000000000000000e+01
0.000000000000000000e+00
3.000000000000000000e+01
-1.300000000000000000e+01
3.700000000000000000e+01
1.200000000000000000e+01
3.600000000000000000e+01
2.400000000000000000e+01
2.900000000000000000e+01
3.200000000000000000e+01
5.000000000000000000e+00
3.000000000000000000e+01
1.800000000000000000e+01
1.000000000000000000e+01
5.400000000000000000e+01
1.600000000000000000e+01
1.500000000000000000e+01
4.100000000000000000e+01
-1.900000000000000000e+01
2.200000000000000000e+01
4.300000000000000000e+01
2.000000000000000000e+00
4.600000000000000000e+01
2.200000000000000000e+01
-8.000000000000000000e+00
-1.300000000000000000e+01
1.300000000000000000e+01
1.400000000000000000e+01
-1.000000000000000000e+01
8.000000000000000000e+00
-3.000000000000000000e+00
2.000000000000000000e+00
3.200000000000000000e+01
4.000000000000000000e+00
2.000000000000000000e+00
5.000000000000000000e+00
3.000000000000000000e+00
1.200000000000000000e+01
-1.800000000000000000e+01
1.100000000000000000e+01
-1.100000000000000000e+01
3.700000000000000000e+01
3.000000000000000000e+00
2.800000000000000000e+01
3.000000000000000000e+00
1.900000000000000000e+01
-4.000000000000000000e+00
1.000000000000000000e+00
1.300000000000000000e+01
-3.000000000000000000e+00
6.000000000000000000e+00
9.000000000000000000e+00
1.000000000000000000e+01
2.000000000000000000e+00
1.800000000000000000e+01
1.300000000000000000e+01
1.200000000000000000e+01
-2.100000000000000000e+01
7.000000000000000000e+00
-5.000000000000000000e+00
-9.000000000000000000e+00
-7.000000000000000000e+00
2.400000000000000000e+01
0.000000000000000000e+00
1.900000000000000000e+01
-3.000000000000000000e+00
5.000000000000000000e+00
5.000000000000000000e+00
4.000000000000000000e+00
6.000000000000000000e+00
2.400000000000000000e+01
-1.000000000000000000e+00
7.000000000000000000e+00
7.000000000000000000e+00
1.000000000000000000e+01
1.100000000000000000e+01
0.000000000000000000e+00
-3.000000000000000000e+01
1.200000000000000000e+01
1.600000000000000000e+01
-6.000000000000000000e+00
4.000000000000000000e+00
-1.000000000000000000e+00
2.000000000000000000e+00
