1.000000000000000000e+00
-1.000000000000000000e+00
7.000000000000000000e+00
5.000000000000000000e+00
1.300000000000000000e+01
-1.600000000000000000e+01
-4.300000000000000000e+01
1.000000000000000000e+00
2.000000000000000000e+01
-1.300000000000000000e+01
0.000000000000000000e+00
-1.300000000000000000e+01
2.000000000000000000e+00
4.000000000000000000e+00
-7.000000000000000000e+00
1.000000000000000000e+00
2.400000000000000000e+01
6.000000000000000000e+00
1.900000000000000000e+01
1.000000000000000000e+01
1.200000000000000000e+01
-1.400000000000000000e+01
7.000000000000000000e+00
-8.000000000000000000e+00
5.000000000000000000e+00
3.000000000000000000e+00
1.700000000000000000e+01
1.400000000000000000e+01
-5.000000000000000000e+00
-1.100000000000000000e+01
-3.500000000000000000e+01
-7.000000000000000000e+00
1.700000000000000000e+01
5.000000000000000000e+00
-2.000000000000000000e+00
-2.500000000000000000e+01
-1.400000000000000000e+01
2.500000000000000000e+01
1.200000000000000000e+01
2.700000000000000000e+01
-2.000000000000000000e+00
-4.000000000000000000e+00
-1.100000000000000000e+01
3.000000000000000000e+00
1.300000000000000000e+01
-3.000000000000000000e+00
1.000000000000000000e+00
-7.000000000000000000e+00
-1.400000000000000000e+01
-1.400000000000000000e+01
-1.400000000000000000e+01
-1.100000000000000000e+01
-1.100000000000000000e+01
4.000000000000000000e+00
-1.600000000000000000e+01
-2.100000000000000000e+01
1.100000000000000000e+01
-3.300000000000000000e+01
-2.000000000000000000e+01
1.300000000000000000e+01
1.000000000000000000e+00
5.000000000000000000e+00
-3.500000000000000000e+01
-5.000000000000000000e+00
2.500000000000000000e+01
2.400000000000000000e+01
-2.600000000000000000e+01
-1.000000000000000000e+00
-1.100000000000000000e+01
1.100000000000000000e+01
1.200000000000000000e+01
-7.000000000000000000e+00
1.000000000000000000e+00
-2.300000000000000000e+01
-1.000000000000000000e+00
-2.200000000000000000e+01
-1.100000000000000000e+01
1.000000000000000000e+01
9.000000000000000000e+00
-1.500000000000000000e+01
-2.300000000000000000e+01
9.000000000000000000e+00
-3.600000000000000000e+01
3.000000000000000000e+01
6.000000000000000000e+00
-3.700000000000000000e+01
1.100000000000000000e+01
0.000000000000000000e+00
1.400000000000000000e+01
1.000000000000000000e+00
-5.000000000000000000e+00
9.000000000000000000e+00
1.200000000000000000e+01
-2.000000000000000000e+01
1.300000000000000000e+01
1.500000000000000000e+01
-2.000000000000000000e+00
1.500000000000000000e+01
-3.100000000000000000e+01
6.000000000000000000e+00
1.300000000000000000e+01
1.800000000000000000e+01
1.000000000000000000e+00
-1.200000000000000000e+01
1.100000000000000000e+01
1.000000000000000000e+01
6.000000000000000000e+00
3.000000000000000000e+01
5.000000000000000000e+00
2.000000000000000000e+00
2.100000000000000000e+01
-3.000000000000000000e+00
3.200000000000000000e+01
-7.000000000000000000e+00
-1.500000000000000000e+01
-5.000000000000000000e+00
1.400000000000000000e+01
3.000000000000000000e+00
-1.900000000000000000e+01
1.500000000000000000e+01
5.000000000000000000e+00
1.200000000000000000e+01
-2.000000000000000000e+00
8.000000000000000000e+00
2.100000000000000000e+01
-1.900000000000000000e+01
-1.000000000000000000e+00
7.000000000000000000e+00
3.000000000000000000e+00
2.700000000000000000e+01
7.000000000000000000e+00
3.800000000000000000e+01
-2.300000000000000000e+01
3.000000000000000000e+00
-1.600000000000000000e+01
9.000000000000000000e+00
1.700000000000000000e+01
1.200000000000000000e+01
2.000000000000000000e+00
2.100000000000000000e+01
-4.000000000000000000e+00
-1.700000000000000000e+01
-9.000000000000000000e+00
1.100000000000000000e+01
9.000000000000000000e+00
9.000000000000000000e+00
5.000000000000000000e+00
-1.800000000000000000e+01
2.700000000000000000e+01
3.000000000000000000e+00
-6.000000000000000000e+00
7.000000000000000000e+00
-3.000000000000000000e+00
-1.000000000000000000e+00
-4.000000000000000000e+00
5.000000000000000000e+00
2.000000000000000000e+00
3.600000000000000000e+01
-3.000000000000000000e+00
-2.200000000000000000e+01
-3.000000000000000000e+00
-1.000000000000000000e+01
-3.300000000000000000e+01
9.000000000000000000e+00
-3.300000000000000000e+01
-2.200000000000000000e+01
-3.000000000000000000e+00
-1.800000000000000000e+01
9.000000000000000000e+00
-1.800000000000000000e+01
1.300000000000000000e+01
-3.000000000000000000e+00
-4.000000000000000000e+00
1.100000000000000000e+01
-5.000000000000000000e+00
-6.000000000000000000e+00
2.000000000000000000e+00
1.000000000000000000e+00
-2.100000000000000000e+01
0.000000000000000000e+00
5.000000000000000000e+00
9.000000000000000000e+00
5.000000000000000000e+00
1.100000000000000000e+01
-1.000000000000000000e+00
-5.000000000000000000e+01
-1.500000000000000000e+01
-4.000000000000000000e+00
-3.000000000000000000e+00
1.500000000000000000e+01
-5.000000000000000000e+00
-3.400000000000000000e+01
-2.100000000000000000e+01
-2.300000000000000000e+01
8.000000000000000000e+00
-5.000000000000000000e+00
2.300000000000000000e+01
-6.000000000000000000e+00
-8.000000000000000000e+00
1.400000000000000000e+01
2.200000000000000000e+01
1.100000000000000000e+01
0.000000000000000000e+00
1.200000000000000000e+01
2.000000000000000000e+01
-2.000000000000000000e+00
-6.000000000000000000e+00
-1.000000000000000000e+01
-3.800000000000000000e+01
-1.200000000000000000e+01
2.400000000000000000e+01
7.000000000000000000e+00
2.000000000000000000e+00
2.000000000000000000e+00
1.100000000000000000e+01
-1.300000000000000000e+01
1.300000000000000000e+01
2.400000000000000000e+01
2.500000000000000000e+01
-6.000000000000000000e+00
3.300000000000000000e+01
1.000000000000000000e+00
-1.000000000000000000e+01
2.400000000000000000e+01
-2.000000000000000000e+01
-3.000000000000000000e+00
-2.700000000000000000e+01
-7.000000000000000000e+00
2.500000000000000000e+01
1.400000000000000000e+01
1.300000000000000000e+01
-3.000000000000000000e+00
-2.000000000000000000e+00
7.000000000000000000e+00
-4.400000000000000000e+01
2.600000000000000000e+01
2.000000000000000000e+00
-2.900000000000000000e+01
3.000000000000000000e+00
4.000000000000000000e+00
-7.000000000000000000e+00
-1.600000000000000000e+01
1.200000000000000000e+01
4.000000000000000000e+00
2.000000000000000000e+01
8.000000000000000000e+00
-5.000000000000000000e+00
2.600000000000000000e+01
-1.500000000000000000e+01
3.300000000000000000e+01
1.600000000000000000e+01
-1.900000000000000000e+01
3.000000000000000000e+00
-5.000000000000000000e+00
-1.900000000000000000e+01
3.000000000000000000e+00
3.200000000000000000e+01
-2.700000000000000000e+01
-4.000000000000000000e+00
-7.000000000000000000e+00
-2.000000000000000000e+00
8.000000000000000000e+00
1.000000000000000000e+00
3.000000000000000000e+00
2.200000000000000000e+01
3.700000000000000000e+01
4.000000000000000000e+00
-1.300000000000000000e+01
-2.300000000000000000e+01
0.000000000000000000e+00
-6.000000000000000000e+00
1.600000000000000000e+01
-5.000000000000000000e+00
-7.000000000000000000e+00
1.100000000000000000e+01
-2.000000000000000000e+00
1.000000000000000000e+00
-2.500000000000000000e+01
-9.000000000000000000e+00
0.000000000000000000e+00
-9.000000000000000000e+00
-7.000000000000000000e+00
-2.500000000000000000e+01
1.000000000000000000e+01
6.000000000000000000e+00
-1.000000000000000000e+00
-3.100000000000000000e+01
-2.000000000000000000e+01
-3.700000000000000000e+01
1.200000000000000000e+01
-2.600000000000000000e+01
-2.400000000000000000e+01
-2.200000000000000000e+01
-3.000000000000000000e+00
9.000000000000000000e+00
2.400000000000000000e+01
-1.500000000000000000e+01
1.600000000000000000e+01
-4.000000000000000000e+00
3.900000000000000000e+01
0.000000000000000000e+00
-2.000000000000000000e+01
-2.700000000000000000e+01
-1.500000000000000000e+01
-1.400000000000000000e+01
-1.600000000000000000e+01
-1.500000000000000000e+01
-1.000000000000000000e+01
1.800000000000000000e+01
1.800000000000000000e+01
-1.200000000000000000e+01
1.200000000000000000e+01
2.700000000000000000e+01
0.000000000000000000e+00
-1.000000000000000000e+00
2.600000000000000000e+01
1.500000000000000000e+01
1.700000000000000000e+01
-1.700000000000000000e+01
-3.100000000000000000e+01
-4.800000000000000000e+01
1.000000000000000000e+00
-4.000000000000000000e+00
-2.200000000000000000e+01
1.200000000000000000e+01
-2.100000000000000000e+01
5.000000000000000000e+00
2.400000000000000000e+01
3.000000000000000000e+00
8.000000000000000000e+00
-1.500000000000000000e+01
3.400000000000000000e+01
-3.000000000000000000e+01
0.000000000000000000e+00
4.000000000000000000e+00
-1.600000000000000000e+01
2.400000000000000000e+01
3.000000000000000000e+00
-8.000000000000000000e+00
6.000000000000000000e+00
-4.000000000000000000e+00
-1.000000000000000000e+01
-1.000000000000000000e+01
2.000000000000000000e+01
-1.500000000000000000e+01
-3.000000000000000000e+01
3.000000000000000000e+00
-3.000000000000000000e+00
1.100000000000000000e+01
4.000000000000000000e+00
-9.000000000000000000e+00
1.000000000000000000e+00
9.000000000000000000e+00
-1.000000000000000000e+01
2.600000000000000000e+01
1.500000000000000000e+01
5.000000000000000000e+00
5.000000000000000000e+00
-3.000000000000000000e+00
-4.300000000000000000e+01
4.000000000000000000e+00
1.100000000000000000e+01
0.000000000000000000e+00
8.000000000000000000e+00
-1.300000000000000000e+01
1.600000000000000000e+01
1.100000000000000000e+01
-2.400000000000000000e+01
1.900000000000000000e+01
1.000000000000000000e+00
-7.000000000000000000e+00
1.700000000000000000e+01
2.200000000000000000e+01
-1.000000000000000000e+00
2.600000000000000000e+01
-7.000000000000000000e+00
9.000000000000000000e+00
-3.100000000000000000e+01
-1.000000000000000000e+01
3.000000000000000000e+00
3.700000000000000000e+01
-2.000000000000000000e+00
-2.600000000000000000e+01
7.000000000000000000e+00
-5.000000000000000000e+00
8.000000000000000000e+00
-1.800000000000000000e+01
-2.000000000000000000e+00
-9.000000000000000000e+00
1.100000000000000000e+01
1.600000000000000000e+01
-5.000000000000000000e+00
-1.000000000000000000e+00
-2.600000000000000000e+01
-1.400000000000000000e+01
3.100000000000000000e+01
1.300000000000000000e+01
1.500000000000000000e+01
1.100000000000000000e+01
2.200000000000000000e+01
1.800000000000000000e+01
-9.000000000000000000e+00
2.400000000000000000e+01
8.000000000000000000e+00
-2.000000000000000000e+01
1.000000000000000000e+00
2.700000000000000000e+01
-7.000000000000000000e+00
-2.200000000000000000e+01
4.000000000000000000e+00
-5.000000000000000000e+00
-1.700000000000000000e+01
-1.300000000000000000e+01
-2.000000000000000000e+00
2.300000000000000000e+01
5.000000000000000000e+00
-8.000000000000000000e+00
-1.800000000000000000e+01
-2.000000000000000000e+01
1.500000000000000000e+01
2.300000000000000000e+01
-8.000000000000000000e+00
-1.500000000000000000e+01
-2.900000000000000000e+01
1.000000000000000000e+00
-1.000000000000000000e+01
-1.400000000000000000e+01
-1.100000000000000000e+01
-1.900000000000000000e+01
-1.700000000000000000e+01
3.000000000000000000e+00
2.400000000000000000e+01
-5.000000000000000000e+00
9.000000000000000000e+00
3.300000000000000000e+01
-9.000000000000000000e+00
-1.900000000000000000e+01
2.600000000000000000e+01
6.000000000000000000e+00
0.000000000000000000e+00
2.400000000000000000e+01
-1.700000000000000000e+01
2.300000000000000000e+01
-7.000000000000000000e+00
1.300000000000000000e+01
2.500000000000000000e+01
3.500000000000000000e+01
-2.000000000000000000e+00
-2.000000000000000000e+01
6.000000000000000000e+00
2.500000000000000000e+01
1.100000000000000000e+01
8.000000000000000000e+00
-1.700000000000000000e+01
-1.000000000000000000e+01
2.600000000000000000e+01
1.900000000000000000e+01
2.000000000000000000e+00
2.400000000000000000e+01
-2.100000000000000000e+01
0.000000000000000000e+00
-2.000000000000000000e+01
-1.400000000000000000e+01
-3.500000000000000000e+01
2.000000000000000000e+00
-4.000000000000000000e+00
1.200000000000000000e+01
2.000000000000000000e+00
-1.300000000000000000e+01
2.600000000000000000e+01
-1.500000000000000000e+01
-1.000000000000000000e+01
8.400000000000000000e+01
-1.600000000000000000e+01
-1.100000000000000000e+01
-1.300000000000000000e+01
1.000000000000000000e+01
0.000000000000000000e+00
1.400000000000000000e+01
-8.000000000000000000e+00
-3.100000000000000000e+01
7.000000000000000000e+00
1.800000000000000000e+01
-8.000000000000000000e+00
-1.900000000000000000e+01
3.000000000000000000e+00
-1.000000000000000000e+00
1.000000000000000000e+00
-2.300000000000000000e+01
2.500000000000000000e+01
2.900000000000000000e+01
1.700000000000000000e+01
2.000000000000000000e+00
-1.200000000000000000e+01
1.000000000000000000e+01
-1.600000000000000000e+01
1.000000000000000000e+00
-1.100000000000000000e+01
-1.500000000000000000e+01
5.000000000000000000e+00
2.900000000000000000e+01
-4.000000000000000000e+00
-2.000000000000000000e+00
1.700000000000000000e+01
1.400000000000000000e+01
-4.000000000000000000e+00
-6.000000000000000000e+00
1.500000000000000000e+01
-1.900000000000000000e+01
-8.000000000000000000e+00
3.000000000000000000e+00
6.000000000000000000e+00
1.500000000000000000e+01
1.000000000000000000e+01
3.000000000000000000e+00
2.000000000000000000e+00
7.000000000000000000e+00
-4.000000000000000000e+00
-4.000000000000000000e+00
1.800000000000000000e+01
-3.000000000000000000e+00
-1.000000000000000000e+00
-2.900000000000000000e+01
1.000000000000000000e+01
-1.300000000000000000e+01
-1.500000000000000000e+01
-2.600000000000000000e+01
-6.000000000000000000e+00
2.500000000000000000e+01
-6.000000000000000000e+00
1.600000000000000000e+01
4.000000000000000000e+00
1.900000000000000000e+01
5.000000000000000000e+00
1.800000000000000000e+01
1.000000000000000000e+01
-6.000000000000000000e+00
2.000000000000000000e+00
0.000000000000000000e+00
3.100000000000000000e+01
3.000000000000000000e+01
5.000000000000000000e+00
3.100000000000000000e+01
-2.200000000000000000e+01
3.100000000000000000e+01
2.000000000000000000e+00
1.900000000000000000e+01
-2.800000000000000000e+01
1.300000000000000000e+01
-1.800000000000000000e+01
-1.400000000000000000e+01
-3.800000000000000000e+01
3.000000000000000000e+01
-2.800000000000000000e+01
3.200000000000000000e+01
-8.000000000000000000e+00
4.000000000000000000e+00
2.000000000000000000e+00
-1.400000000000000000e+01
5.000000000000000000e+00
5.000000000000000000e+00
-9.000000000000000000e+00
4.000000000000000000e+00
1.000000000000000000e+01
1.400000000000000000e+01
3.000000000000000000e+01
-9.000000000000000000e+00
-1.200000000000000000e+01
-1.600000000000000000e+01
1.100000000000000000e+01
-2.500000000000000000e+01
1.000000000000000000e+00
5.000000000000000000e+00
-9.000000000000000000e+00
1.600000000000000000e+01
4.800000000000000000e+01
-1.300000000000000000e+01
9.000000000000000000e+00
1.400000000000000000e+01
1.400000000000000000e+01
-5.000000000000000000e+00
1.400000000000000000e+01
2.100000000000000000e+01
-4.000000000000000000e+00
2.800000000000000000e+01
3.300000000000000000e+01
9.000000000000000000e+00
1.400000000000000000e+01
1.400000000000000000e+01
1.200000000000000000e+01
-3.100000000000000000e+01
-7.000000000000000000e+00
0.000000000000000000e+00
-8.000000000000000000e+00
-7.000000000000000000e+00
4.000000000000000000e+00
-1.100000000000000000e+01
0.000000000000000000e+00
2.200000000000000000e+01
-2.400000000000000000e+01
-2.200000000000000000e+01
1.900000000000000000e+01
3.900000000000000000e+01
1.200000000000000000e+01
2.100000000000000000e+01
-8.000000000000000000e+00
1.000000000000000000e+00
2.300000000000000000e+01
-6.000000000000000000e+00
-3.000000000000000000e+00
2.500000000000000000e+01
1.200000000000000000e+01
-3.000000000000000000e+00
1.000000000000000000e+00
-1.000000000000000000e+00
-1.000000000000000000e+00
-1.600000000000000000e+01
4.000000000000000000e+00
-4.000000000000000000e+00
-3.000000000000000000e+00
2.400000000000000000e+01
-2.900000000000000000e+01
2.300000000000000000e+01
1.000000000000000000e+01
-1.100000000000000000e+01
-2.400000000000000000e+01
2.000000000000000000e+00
1.800000000000000000e+01
1.500000000000000000e+01
-3.500000000000000000e+01
6.000000000000000000e+00
1.200000000000000000e+01
-2.000000000000000000e+00
0.000000000000000000e+00
-1.400000000000000000e+01
-1.000000000000000000e+00
-1.200000000000000000e+01
1.300000000000000000e+01
1.700000000000000000e+01
9.000000000000000000e+00
4.400000000000000000e+01
-6.000000000000000000e+00
-1.200000000000000000e+01
-1.600000000000000000e+01
2.600000000000000000e+01
3.200000000000000000e+01
-2.000000000000000000e+01
9.000000000000000000e+00
1.100000000000000000e+01
1.900000000000000000e+01
-2.200000000000000000e+01
-1.100000000000000000e+01
9.000000000000000000e+00
1.100000000000000000e+01
1.800000000000000000e+01
-3.500000000000000000e+01
1.000000000000000000e+00
1.800000000000000000e+01
2.200000000000000000e+01
-3.000000000000000000e+00
2.000000000000000000e+01
1.500000000000000000e+01
-2.300000000000000000e+01
2.100000000000000000e+01
-2.600000000000000000e+01
0.000000000000000000e+00
8.000000000000000000e+00
3.000000000000000000e+01
9.000000000000000000e+00
5.000000000000000000e+00
-2.800000000000000000e+01
1.000000000000000000e+01
1.200000000000000000e+01
2.500000000000000000e+01
1.300000000000000000e+01
-1.800000000000000000e+01
9.000000000000000000e+00
4.100000000000000000e+01
2.200000000000000000e+01
-7.000000000000000000e+00
-8.000000000000000000e+00
2.900000000000000000e+01
-6.000000000000000000e+00
6.000000000000000000e+00
6.000000000000000000e+00
1.200000000000000000e+01
2.200000000000000000e+01
1.300000000000000000e+01
1.800000000000000000e+01
6.000000000000000000e+00
-9.000000000000000000e+00
-1.900000000000000000e+01
-1.000000000000000000e+00
9.000000000000000000e+00
1.400000000000000000e+01
-1.000000000000000000e+01
-2.800000000000000000e+01
9.000000000000000000e+00
7.000000000000000000e+00
1.700000000000000000e+01
1.000000000000000000e+00
2.100000000000000000e+01
0.000000000000000000e+00
-5.000000000000000000e+00
-2.000000000000000000e+00
3.400000000000000000e+01
1.500000000000000000e+01
1.400000000000000000e+01
-1.000000000000000000e+01
3.900000000000000000e+01
-1.900000000000000000e+01
5.000000000000000000e+00
2.000000000000000000e+00
3.100000000000000000e+01
2.700000000000000000e+01
-1.000000000000000000e+00
7.000000000000000000e+00
-8.000000000000000000e+00
1.900000000000000000e+01
4.400000000000000000e+01
-1.100000000000000000e+01
4.500000000000000000e+01
4.000000000000000000e+00
4.000000000000000000e+00
-8.000000000000000000e+00
1.500000000000000000e+01
-6.000000000000000000e+00
2.200000000000000000e+01
-3.000000000000000000e+00
7.000000000000000000e+00
2.000000000000000000e+01
2.400000000000000000e+01
2.700000000000000000e+01
5.000000000000000000e+00
5.000000000000000000e+00
2.300000000000000000e+01
3.000000000000000000e+00
1.500000000000000000e+01
2.800000000000000000e+01
3.300000000000000000e+01
4.700000000000000000e+01
6.000000000000000000e+00
7.000000000000000000e+00
-1.300000000000000000e+01
-3.600000000000000000e+01
9.000000000000000000e+00
1.600000000000000000e+01
1.900000000000000000e+01
6.000000000000000000e+00
3.000000000000000000e+00
3.300000000000000000e+01
1.700000000000000000e+01
1.100000000000000000e+01
3.400000000000000000e+01
4.500000000000000000e+01
1.000000000000000000e+01
1.600000000000000000e+01
1.700000000000000000e+01
6.000000000000000000e+00
4.400000000000000000e+01
3.600000000000000000e+01
1.900000000000000000e+01
1.000000000000000000e+00
-1.200000000000000000e+01
3.700000000000000000e+01
2.200000000000000000e+01
9.000000000000000000e+00
2.300000000000000000e+01
9.000000000000000000e+00
2.600000000000000000e+01
9.000000000000000000e+00
6.000000000000000000e+00
2.300000000000000000e+01
4.100000000000000000e+01
-5.000000000000000000e+00
1.700000000000000000e+01
-3.000000000000000000e+00
1.300000000000000000e+01
1.700000000000000000e+01
-4.000000000000000000e+00
2.400000000000000000e+01
2.600000000000000000e+01
2.000000000000000000e+01
3.000000000000000000e+00
2.900000000000000000e+01
-2.000000000000000000e+00
1.400000000000000000e+01
7.000000000000000000e+00
3.100000000000000000e+01
3.800000000000000000e+01
0.000000000000000000e+00
-3.000000000000000000e+00
-3.500000000000000000e+01
1.200000000000000000e+01
3.500000000000000000e+01
1.500000000000000000e+01
1.200000000000000000e+01
9.000000000000000000e+00
9.000000000000000000e+00
2.300000000000000000e+01
-1.000000000000000000e+00
3.900000000000000000e+01
6.000000000000000000e+00
-4.000000000000000000e+00
-6.000000000000000000e+00
5.000000000000000000e+00
1.200000000000000000e+01
1.700000000000000000e+01
1.300000000000000000e+01
2.000000000000000000e+01
1.700000000000000000e+01
2.800000000000000000e+01
3.200000000000000000e+01
1.500000000000000000e+01
5.000000000000000000e+00
9.000000000000000000e+00
1.300000000000000000e+01
1.400000000000000000e+01
1.000000000000000000e+00
2.100000000000000000e+01
1.000000000000000000e+01
1.500000000000000000e+01
-1.300000000000000000e+01
3.000000000000000000e+01
4.800000000000000000e+01
4.100000000000000000e+01
2.100000000000000000e+01
2.400000000000000000e+01
5.000000000000000000e+00
2.300000000000000000e+01
1.600000000000000000e+01
3.000000000000000000e+01
-2.000000000000000000e+01
-3.000000000000000000e+00
2.800000000000000000e+01
3.000000000000000000e+01
3.300000000000000000e+01
-1.600000000000000000e+01
8.000000000000000000e+00
2.800000000000000000e+01
1.800000000000000000e+01
2.600000000000000000e+01
-4.400000000000000000e+01
8.000000000000000000e+00
2.400000000000000000e+01
5.200000000000000000e+01
5.000000000000000000e+00
3.600000000000000000e+01
2.200000000000000000e+01
2.200000000000000000e+01
-5.000000000000000000e+00
1.000000000000000000e+01
1.000000000000000000e+00
2.800000000000000000e+01
6.000000000000000000e+00
2.100000000000000000e+01
2.300000000000000000e+01
3.500000000000000000e+01
1.600000000000000000e+01
1.700000000000000000e+01
2.700000000000000000e+01
3.000000000000000000e+00
3.400000000000000000e+01
3.600000000000000000e+01
1.000000000000000000e+01
1.500000000000000000e+01
2.100000000000000000e+01
2.700000000000000000e+01
1.400000000000000000e+01
2.500000000000000000e+01
3.400000000000000000e+01
4.100000000000000000e+01
4.300000000000000000e+01
3.000000000000000000e+01
3.400000000000000000e+01
4.600000000000000000e+01
3.800000000000000000e+01
3.000000000000000000e+01
7.600000000000000000e+01
2.900000000000000000e+01
6.400000000000000000e+01
4.900000000000000000e+01
9.200000000000000000e+01
4.800000000000000000e+01
8.900000000000000000e+01
5.600000000000000000e+01
1.290000000000000000e+02
6.700000000000000000e+01
9.800000000000000000e+01
1.340000000000000000e+02
1.360000000000000000e+02
1.510000000000000000e+02
1.900000000000000000e+02
2.460000000000000000e+02
2.390000000000000000e+02
3.130000000000000000e+02
3.000000000000000000e+02
3.980000000000000000e+02
4.390000000000000000e+02
4.910000000000000000e+02
5.730000000000000000e+02
6.110000000000000000e+02
7.190000000000000000e+02
8.170000000000000000e+02
9.190000000000000000e+02
9.630000000000000000e+02
1.152000000000000000e+03
1.279000000000000000e+03
1.427000000000000000e+03
1.549000000000000000e+03
1.676000000000000000e+03
1.899000000000000000e+03
1.995000000000000000e+03
2.167000000000000000e+03
2.316000000000000000e+03
2.503000000000000000e+03
2.642000000000000000e+03
2.823000000000000000e+03
3.014000000000000000e+03
3.203000000000000000e+03
3.396000000000000000e+03
3.551000000000000000e+03
3.642000000000000000e+03
3.861000000000000000e+03
3.923000000000000000e+03
4.070000000000000000e+03
4.162000000000000000e+03
4.281000000000000000e+03
4.378000000000000000e+03
4.488000000000000000e+03
4.468000000000000000e+03
4.538000000000000000e+03
4.579000000000000000e+03
4.611000000000000000e+03
4.684000000000000000e+03
4.504000000000000000e+03
4.568000000000000000e+03
4.469000000000000000e+03
4.452000000000000000e+03
4.307000000000000000e+03
4.146000000000000000e+03
4.049000000000000000e+03
3.975000000000000000e+03
3.822000000000000000e+03
3.638000000000000000e+03
3.508000000000000000e+03
3.474000000000000000e+03
3.237000000000000000e+03
3.013000000000000000e+03
2.937000000000000000e+03
2.774000000000000000e+03
2.557000000000000000e+03
2.405000000000000000e+03
2.237000000000000000e+03
2.103000000000000000e+03
1.906000000000000000e+03
1.778000000000000000e+03
1.588000000000000000e+03
1.480000000000000000e+03
1.359000000000000000e+03
1.220000000000000000e+03
1.077000000000000000e+03
9.870000000000000000e+02
8.840000000000000000e+02
7.720000000000000000e+02
6.760000000000000000e+02
6.550000000000000000e+02
5.280000000000000000e+02
4.730000000000000000e+02
3.950000000000000000e+02
3.770000000000000000e+02
3.030000000000000000e+02
2.700000000000000000e+02
2.220000000000000000e+02
2.080000000000000000e+02
1.450000000000000000e+02
1.390000000000000000e+02
1.480000000000000000e+02
9.200000000000000000e+01
9.000000000000000000e+01
8.300000000000000000e+01
7.900000000000000000e+01
1.900000000000000000e+01
4.300000000000000000e+01
2.800000000000000000e+01
3.300000000000000000e+01
5.900000000000000000e+01
1.600000000000000000e+01
5.000000000000000000e+00
2.100000000000000000e+01
3.000000000000000000e+00
1.800000000000000000e+01
2.100000000000000000e+01
3.200000000000000000e+01
3.400000000000000000e+01
2.000000000000000000e+01
2.300000000000000000e+01
2.500000000000000000e+01
9.000000000000000000e+00
2.000000000000000000e+01
2.400000000000000000e+01
-1.600000000000000000e+01
2.500000000000000000e+01
-1.100000000000000000e+01
1.900000000000000000e+01
3.800000000000000000e+01
7.000000000000000000e+00
3.300000000000000000e+01
9.000000000000000000e+00
4.800000000000000000e+01
-7.000000000000000000e+00
4.100000000000000000e+01
1.000000000000000000e+00
1.600000000000000000e+01
1.300000000000000000e+01
2.800000000000000000e+01
6.000000000000000000e+00
1.300000000000000000e+01
1.000000000000000000e+00
2.100000000000000000e+01
-1.500000000000000000e+01
4.000000000000000000e+00
4.700000000000000000e+01
-3.000000000000000000e+00
2.800000000000000000e+01
1.800000000000000000e+01
3.500000000000000000e+01
-6.000000000000000000e+00
1.600000000000000000e+01
2.800000000000000000e+01
-9.000000000000000000e+00
2.000000000000000000e+01
-3.000000000000000000e+00
2.100000000000000000e+01
1.300000000000000000e+01
2.600000000000000000e+01
2.700000000000000000e+01
1.200000000000000000e+01
7.000000000000000000e+00
1.600000000000000000e+01
-1.600000000000000000e+01
3.100000000000000000e+01
1.500000000000000000e+01
-5.000000000000000000e+00
1.500000000000000000e+01
-2.200000000000000000e+01
6.000000000000000000e+00
1.000000000000000000e+00
4.000000000000000000e+01
3.600000000000000000e+01
3.600000000000000000e+01
-1.400000000000000000e+01
2.000000000000000000e+00
3.100000000000000000e+01
6.000000000000000000e+00
3.000000000000000000e+01
4.900000000000000000e+01
2.000000000000000000e+00
-7.000000000000000000e+00
2.000000000000000000e+01
-1.300000000000000000e+01
6.000000000000000000e+00
1.000000000000000000e+00
2.500000000000000000e+01
3.000000000000000000e+00
5.000000000000000000e+00
-1.300000000000000000e+01
2.100000000000000000e+01
1.000000000000000000e+01
1.000000000000000000e+00
6.000000000000000000e+00
1.100000000000000000e+01
1.800000000000000000e+01
2.300000000000000000e+01
1.900000000000000000e+01
2.000000000000000000e+01
4.700000000000000000e+01
-3.000000000000000000e+00
1.800000000000000000e+01
2.900000000000000000e+01
7.000000000000000000e+00
3.200000000000000000e+01
-2.300000000000000000e+01
1.600000000000000000e+01
1.000000000000000000e+00
-1.800000000000000000e+01
2.800000000000000000e+01
-3.000000000000000000e+00
4.400000000000000000e+01
4.000000000000000000e+00
1.000000000000000000e+00
3.600000000000000000e+01
-4.000000000000000000e+00
2.300000000000000000e+01
2.700000000000000000e+01
1.300000000000000000e+01
1.500000000000000000e+01
2.000000000000000000e+01
2.200000000000000000e+01
1.400000000000000000e+01
1.000000000000000000e+01
8.000000000000000000e+00
-5.000000000000000000e+00
-1.000000000000000000e+01
-2.000000000000000000e+00
-4.000000000000000000e+00
4.800000000000000000e+01
0.000000000000000000e+00
1.000000000000000000e+01
2.200000000000000000e+01
8.000000000000000000e+00
7.000000000000000000e+00
1.300000000000000000e+01
-2.000000000000000000e+00
9.000000000000000000e+00
1.900000000000000000e+01
1.000000000000000000e+00
1.800000000000000000e+01
1.400000000000000000e+01
2.200000000000000000e+01
3.700000000000000000e+01
6.000000000000000000e+00
-3.800000000000000000e+01
2.800000000000000000e+01
1.000000000000000000e+01
-1.000000000000000000e+00
1.700000000000000000e+01
-9.000000000000000000e+00
2.200000000000000000e+01
8.000000000000000000e+00
4.000000000000000000e+00
7.000000000000000000e+00
9.000000000000000000e+00
1.400000000000000000e+01
1.400000000000000000e+01
7.000000000000000000e+00
-2.600000000000000000e+01
1.000000000000000000e+01
1.700000000000000000e+01
7.000000000000000000e+00
-1.000000000000000000e+01
1.200000000000000000e+01
-6.000000000000000000e+00
2.100000000000000000e+01
2.200000000000000000e+01
-7.000000000000000000e+00
7.000000000000000000e+00
-3.000000000000000000e+00
-1.400000000000000000e+01
3.100000000000000000e+01
8.000000000000000000e+00
1.300000000000000000e+01
2.000000000000000000e+00
1.700000000000000000e+01
7.000000000000000000e+00
8.000000000000000000e+00
1.300000000000000000e+01
2.000000000000000000e+01
2.000000000000000000e+00
6.000000000000000000e+00
2.000000000000000000e+00
1.300000000000000000e+01
2.700000000000000000e+01
3.200000000000000000e+01
1.800000000000000000e+01
3.900000000000000000e+01
1.100000000000000000e+01
-9.000000000000000000e+00
3.100000000000000000e+01
3.500000000000000000e+01
-5.000000000000000000e+00
-6.000000000000000000e+00
-6.000000000000000000e+00
-1.000000000000000000e+00
2.700000000000000000e+01
1.200000000000000000e+01
2.000000000000000000e+01
-2.200000000000000000e+01
-4.000000000000000000e+00
1.000000000000000000e+01
7.000000000000000000e+00
-1.100000000000000000e+01
2.700000000000000000e+01
3.000000000000000000e+01
-1.300000000000000000e+01
1.000000000000000000e+00
2.000000000000000000e+00
1.700000000000000000e+01
-4.000000000000000000e+00
-8.000000000000000000e+00
-6.000000000000000000e+00
6.000000000000000000e+00
-2.300000000000000000e+01
-1.000000000000000000e+00
5.000000000000000000e+00
-3.000000000000000000e+00
2.200000000000000000e+01
-2.000000000000000000e+01
3.100000000000000000e+01
-5.000000000000000000e+00
2.100000000000000000e+01
1.800000000000000000e+01
2.200000000000000000e+01
1.300000000000000000e+01
2.000000000000000000e+01
1.000000000000000000e+00
2.200000000000000000e+01
1.000000000000000000e+01
3.000000000000000000e+01
1.900000000000000000e+01
-1.800000000000000000e+01
1.700000000000000000e+01
2.300000000000000000e+01
1.700000000000000000e+01
0.000000000000000000e+00
-3.000000000000000000e+00
-1.800000000000000000e+01
1.100000000000000000e+01
3.200000000000000000e+01
-1.300000000000000000e+01
1.100000000000000000e+01
8.000000000000000000e+00
3.100000000000000000e+01
-1.000000000000000000e+01
-1.000000000000000000e+01
1.000000000000000000e+01
7.000000000000000000e+00
1.100000000000000000e+01
1.100000000000000000e+01
1.200000000000000000e+01
2.500000000000000000e+01
0.000000000000000000e+00
-1.000000000000000000e+00
1.500000000000000000e+01
-2.900000000000000000e+01
2.400000000000000000e+01
-3.000000000000000000e+00
-2.100000000000000000e+01
8.000000000000000000e+00
2.700000000000000000e+01
-9.000000000000000000e+00
-9.000000000000000000e+00
2.000000000000000000e+00
-4.000000000000000000e+00
3.500000000000000000e+01
-8.000000000000000000e+00
-9.000000000000000000e+00
2.000000000000000000e+00
3.000000000000000000e+00
2.900000000000000000e+01
1.400000000000000000e+01
7.000000000000000000e+00
1.300000000000000000e+01
-3.000000000000000000e+00
-1.300000000000000000e+01
-1.300000000000000000e+01
-2.400000000000000000e+01
-4.000000000000000000e+00
3.000000000000000000e+00
0.000000000000000000e+00
1.800000000000000000e+01
1.300000000000000000e+01
1.100000000000000000e+01
3.400000000000000000e+01
8.000000000000000000e+00
-1.000000000000000000e+01
1.200000000000000000e+01
1.000000000000000000e+01
1.000000000000000000e+01
-1.000000000000000000e+00
-1.100000000000000000e+01
-8.000000000000000000e+00
-3.000000000000000000e+00
1.400000000000000000e+01
2.600000000000000000e+01
3.000000000000000000e+00
2.800000000000000000e+01
1.000000000000000000e+01
-2.000000000000000000e+00
1.200000000000000000e+01
-9.000000000000000000e+00
1.500000000000000000e+01
1.500000000000000000e+01
9.000000000000000000e+00
-2.700000000000000000e+01
8.000000000000000000e+00
6.000000000000000000e+00
6.000000000000000000e+00
-5.000000000000000000e+00
8.000000000000000000e+00
2.000000000000000000e+01
-4.000000000000000000e+00
3.400000000000000000e+01
1.000000000000000000e+00
6.000000000000000000e+00
-9.000000000000000000e+00
1.000000000000000000e+00
8.000000000000000000e+00
4.000000000000000000e+00
-1.400000000000000000e+01
2.300000000000000000e+01
-2.100000000000000000e+01
0.000000000000000000e+00
-9.000000000000000000e+00
-1.400000000000000000e+01
-3.000000000000000000e+00
2.500000000000000000e+01
-1.100000000000000000e+01
3.900000000000000000e+01
-5.000000000000000000e+00
1.800000000000000000e+01
-3.000000000000000000e+00
1.500000000000000000e+01
2.100000000000000000e+01
-1.000000000000000000e+00
1.400000000000000000e+01
8.000000000000000000e+00
-4.000000000000000000e+00
6.000000000000000000e+00
-3.000000000000000000e+00
-1.500000000000000000e+01
-2.400000000000000000e+01
6.000000000000000000e+00
-5.000000000000000000e+00
2.600000000000000000e+01
5.000000000000000000e+00
4.000000000000000000e+00
-2.100000000000000000e+01
3.000000000000000000e+00
-5.000000000000000000e+00
2.400000000000000000e+01
3.100000000000000000e+01
1.700000000000000000e+01
1.300000000000000000e+01
2.000000000000000000e+01
-3.000000000000000000e+00
-1.000000000000000000e+00
-1.000000000000000000e+00
2.900000000000000000e+01
-7.000000000000000000e+00
-6.000000000000000000e+00
8.000000000000000000e+00
3.000000000000000000e+00
6.000000000000000000e+00
-2.500000000000000000e+01
-9.600000000000000000e+01
9.000000000000000000e+00
1.100000000000000000e+01
1.200000000000000000e+01
3.400000000000000000e+01
-1.400000000000000000e+01
-1.800000000000000000e+01
-2.000000000000000000e+00
-2.000000000000000000e+01
1.500000000000000000e+01
2.000000000000000000e+01
8.000000000000000000e+00
1.000000000000000000e+01
-2.400000000000000000e+01
9.000000000000000000e+00
1.300000000000000000e+01
3.000000000000000000e+01
2.900000000000000000e+01
0.000000000000000000e+00
-1.300000000000000000e+01
-5.000000000000000000e+00
3.000000000000000000e+01
-2.200000000000000000e+01
1.000000000000000000e+00
-1.600000000000000000e+01
-6.000000000000000000e+00
2.000000000000000000e+00
3.700000000000000000e+01
3.300000000000000000e+01
5.000000000000000000e+00
-1.200000000000000000e+01
1.300000000000000000e+01
2.200000000000000000e+01
2.700000000000000000e+01
2.100000000000000000e+01
7.000000000000000000e+00
-1.100000000000000000e+01
0.000000000000000000e+00
-2.000000000000000000e+00
-3.000000000000000000e+00
-1.900000000000000000e+01
-3.000000000000000000e+00
1.000000000000000000e+00
4.000000000000000000e+00
-1.100000000000000000e+01
8.000000000000000000e+00
-1.000000000000000000e+01
2.100000000000000000e+01
7.000000000000000000e+00
1.700000000000000000e+01
-3.000000000000000000e+00
-3.000000000000000000e+00
-5.000000000000000000e+00
-2.000000000000000000e+01
2.300000000000000000e+01
4.000000000000000000e+00
2.000000000000000000e+00
2.000000000000000000e+01
-1.000000000000000000e+01
5.000000000000000000e+00
1.300000000000000000e+01
-4.000000000000000000e+00
2.600000000000000000e+01
2.800000000000000000e+01
1.200000000000000000e+01
-6.000000000000000000e+00
0.000000000000000000e+00
1.300000000000000000e+01
2.800000000000000000e+01
-2.300000000000000000e+01
2.000000000000000000e+00
-1.800000000000000000e+01
0.000000000000000000e+00
1.500000000000000000e+01
-8.000000000000000000e+00
-3.000000000000000000e+00
4.000000000000000000e+00
-1.000000000000000000e+00
-1.600000000000000000e+01
1.600000000000000000e+01
8.000000000000000000e+00
1.000000000000000000e+00
2.000000000000000000e+00
-1.300000000000000000e+01
0.000000000000000000e+00
5.000000000000000000e+00
1.200000000000000000e+01
1.800000000000000000e+01
-4.000000000000000000e+00
2.500000000000000000e+01
-2.000000000000000000e+00
0.000000000000000000e+00
1.200000000000000000e+01
-2.000000000000000000e+00
-1.700000000000000000e+01
5.000000000000000000e+00
-2.300000000000000000e+01
1.200000000000000000e+01
-1.400000000000000000e+01
-2.800000000000000000e+01
1.600000000000000000e+01
1.400000000000000000e+01
-3.000000000000000000e+00
1.900000000000000000e+01
-1.000000000000000000e+00
4.400000000000000000e+01
-8.000000000000000000e+00
-4.000000000000000000e+00
4.000000000000000000e+00
-1.400000000000000000e+01
9.000000000000000000e+00
-1.300000000000000000e+01
1.500000000000000000e+01
8.000000000000000000e+00
-9.000000000000000000e+00
1.000000000000000000e+00
7.000000000000000000e+00
-1.000000000000000000e+00
1.100000000000000000e+01
-2.000000000000000000e+01
1.000000000000000000e+00
-1.400000000000000000e+01
-3.100000000000000000e+01
-8.000000000000000000e+00
-1.100000000000000000e+01
0.000000000000000000e+00
1.000000000000000000e+01
5.000000000000000000e+00
1.000000000000000000e+01
-7.000000000000000000e+00
-6.000000000000000000e+00
1.600000000000000000e+01
1.200000000000000000e+01
-1.800000000000000000e+01
2.600000000000000000e+01
-3.000000000000000000e+00
1.300000000000000000e+01
1.500000000000000000e+01
-2.000000000000000000e+01
1.200000000000000000e+01
-3.000000000000000000e+00
-1.000000000000000000e+00
-2.900000000000000000e+01
-2.300000000000000000e+01
5.000000000000000000e+00
-2.300000000000000000e+01
-3.000000000000000000e+00
1.200000000000000000e+01
-1.000000000000000000e+00
-1.000000000000000000e+01
1.000000000000000000e+01
9.000000000000000000e+00
3.000000000000000000e+00
1.200000000000000000e+01
6.000000000000000000e+00
8.000000000000000000e+00
3.900000000000000000e+01
-1.300000000000000000e+01
1.700000000000000000e+01
0.000000000000000000e+00
-1.600000000000000000e+01
3.000000000000000000e+00
5.000000000000000000e+00
-1.600000000000000000e+01
-1.000000000000000000e+01
-3.000000000000000000e+00
1.500000000000000000e+01
1.200000000000000000e+01
2.700000000000000000e+01
1.000000000000000000e+00
-1.200000000000000000e+01
9.000000000000000000e+00
-5.000000000000000000e+00
-2.900000000000000000e+01
-4.000000000000000000e+00
-1.900000000000000000e+01
-1.200000000000000000e+01
3.000000000000000000e+01
-7.000000000000000000e+00
-2.500000000000000000e+01
7.000000000000000000e+00
0.000000000000000000e+00
-2.000000000000000000e+00
-2.100000000000000000e+01
-1.100000000000000000e+01
4.000000000000000000e+00
-1.000000000000000000e+00
-1.000000000000000000e+01
-9.000000000000000000e+00
-5.000000000000000000e+00
1.300000000000000000e+01
2.000000000000000000e+00
-2.000000000000000000e+00
-9.000000000000000000e+00
1.100000000000000000e+01
4.400000000000000000e+01
-3.200000000000000000e+01
1.100000000000000000e+01
9.000000000000000000e+00
-3.000000000000000000e+00
4.000000000000000000e+00
-1.900000000000000000e+01
-1.600000000000000000e+01
8.000000000000000000e+00
2.800000000000000000e+01
0.000000000000000000e+00
1.300000000000000000e+01
-5.000000000000000000e+00
2.500000000000000000e+01
4.000000000000000000e+00
1.500000000000000000e+01
-3.400000000000000000e+01
2.000000000000000000e+01
1.000000000000000000e+01
0.000000000000000000e+00
-3.000000000000000000e+00
2.400000000000000000e+01
7.000000000000000000e+00
1.200000000000000000e+01
-4.000000000000000000e+00
-8.000000000000000000e+00
-4.000000000000000000e+00
-2.400000000000000000e+01
1.500000000000000000e+01
-4.000000000000000000e+00
4.000000000000000000e+00
-1.200000000000000000e+01
1.900000000000000000e+01
3.400000000000000000e+01
1.000000000000000000e+00
0.000000000000000000e+00
9.000000000000000000e+00
2.000000000000000000e+00
2.400000000000000000e+01
-6.000000000000000000e+00
-1.100000000000000000e+01
2.500000000000000000e+01
1.700000000000000000e+01
-3.100000000000000000e+01
-1.000000000000000000e+00
1.000000000000000000e+00
1.600000000000000000e+01
-4.200000000000000000e+01
-8.000000000000000000e+00
-1.000000000000000000e+01
-1.200000000000000000e+01
1.700000000000000000e+01
-1.200000000000000000e+01
-1.500000000000000000e+01
-6.000000000000000000e+00
8.000000000000000000e+00
-1.100000000000000000e+01
-8.000000000000000000e+00
-2.000000000000000000e+00
-8.000000000000000000e+00
-1.200000000000000000e+01
1.000000000000000000e+01
9.000000000000000000e+00
-5.000000000000000000e+00
-2.400000000000000000e+01
1.500000000000000000e+01
1.100000000000000000e+01
-7.000000000000000000e+00
2.100000000000000000e+01
1.200000000000000000e+01
-3.000000000000000000e+00
2.000000000000000000e+00
6.000000000000000000e+00
-6.000000000000000000e+00
-2.300000000000000000e+01
-3.000000000000000000e+00
7.000000000000000000e+00
6.000000000000000000e+00
3.000000000000000000e+00
-3.000000000000000000e+00
0.000000000000000000e+00
-6.000000000000000000e+00
1.100000000000000000e+01
1.900000000000000000e+01
-1.300000000000000000e+01
1.600000000000000000e+01
-2.000000000000000000e+00
6.000000000000000000e+00
-1.800000000000000000e+01
7.000000000000000000e+00
6.000000000000000000e+00
-5.000000000000000000e+00
-7.000000000000000000e+00
1.400000000000000000e+01
1.500000000000000000e+01
1.900000000000000000e+01
1.000000000000000000e+00
1.700000000000000000e+01
7.000000000000000000e+00
1.300000000000000000e+01
-1.200000000000000000e+01
3.000000000000000000e+00
1.000000000000000000e+00
1.000000000000000000e+01
6.000000000000000000e+00
0.000000000000000000e+00
1.000000000000000000e+00
3.000000000000000000e+00
-1.300000000000000000e+01
2.200000000000000000e+01
-4.000000000000000000e+00
2.300000000000000000e+01
-3.000000000000000000e+00
2.600000000000000000e+01
1.000000000000000000e+01
-5.000000000000000000e+00
1.700000000000000000e+01
1.400000000000000000e+01
-3.800000000000000000e+01
5.000000000000000000e+00
1.700000000000000000e+01
-1.900000000000000000e+01
1.600000000000000000e+01
5.000000000000000000e+00
-9.000000000000000000e+00
2.000000000000000000e+01
1.300000000000000000e+01
1.300000000000000000e+01
1.700000000000000000e+01
-3.000000000000000000e+00
-1.900000000000000000e+01
6.000000000000000000e+00
-1.000000000000000000e+01
-2.400000000000000000e+01
2.700000000000000000e+01
8.000000000000000000e+00
6.000000000000000000e+00
-4.000000000000000000e+00
0.000000000000000000e+00
-2.900000000000000000e+01
-5.000000000000000000e+00
-2.900000000000000000e+01
-9.000000000000000000e+00
-2.000000000000000000e+00
4.000000000000000000e+00
-2.000000000000000000e+01
2.900000000000000000e+01
-6.000000000000000000e+00
1.200000000000000000e+01
-2.000000000000000000e+00
-4.000000000000000000e+00
5.000000000000000000e+00
8.000000000000000000e+00
1.000000000000000000e+01
3.900000000000000000e+01
-2.000000000000000000e+01
1.600000000000000000e+01
2.000000000000000000e+00
-1.700000000000000000e+01
2.600000000000000000e+01
-1.400000000000000000e+01
-2.400000000000000000e+01
8.000000000000000000e+00
-2.300000000000000000e+01
-1.300000000000000000e+01
1.600000000000000000e+01
0.000000000000000000e+00
0.000000000000000000e+00
-9.000000000000000000e+00
2.800000000000000000e+01
-3.000000000000000000e+00
3.200000000000000000e+01
4.000000000000000000e+00
-1.800000000000000000e+01
3.000000000000000000e+00
1.600000000000000000e+01
1.400000000000000000e+01
-3.600000000000000000e+01
1.000000000000000000e+00
3.000000000000000000e+00
-1.900000000000000000e+01
-1.200000000000000000e+01
1.000000000000000000e+01
2.800000000000000000e+01
3.600000000000000000e+01
-3.000000000000000000e+00
3.700000000000000000e+01
-1.000000000000000000e+01
1.900000000000000000e+01
1.500000000000000000e+01
1.400000000000000000e+01
-1.600000000000000000e+01
2.100000000000000000e+01
1.200000000000000000e+01
1.000000000000000000e+00
-5.000000000000000000e+00
2.000000000000000000e+00
1.700000000000000000e+01
-4.000000000000000000e+00
2.300000000000000000e+01
-1.000000000000000000e+00
2.100000000000000000e+01
9.000000000000000000e+00
1.500000000000000000e+01
7.000000000000000000e+00
2.000000000000000000e+00
4.000000000000000000e+00
-4.000000000000000000e+00
-1.500000000000000000e+01
1.000000000000000000e+01
4.000000000000000000e+00
2.800000000000000000e+01
1.300000000000000000e+01
-3.000000000000000000e+00
2.900000000000000000e+01
3.000000000000000000e+01
1.500000000000000000e+01
2.600000000000000000e+01
2.500000000000000000e+01
0.000000000000000000e+00
3.800000000000000000e+01
2.000000000000000000e+01
5.100000000000000000e+01
3.000000000000000000e+00
1.600000000000000000e+01
6.200000000000000000e+01
5.400000000000000000e+01
2.500000000000000000e+01
4.600000000000000000e+01
2.900000000000000000e+01
4.100000000000000000e+01
8.800000000000000000e+01
5.400000000000000000e+01
6.500000000000000000e+01
7.100000000000000000e+01
4.400000000000000000e+01
6.900000000000000000e+01
8.600000000000000000e+01
4.700000000000000000e+01
7.400000000000000000e+01
1.120000000000000000e+02
7.600000000000000000e+01
1.080000000000000000e+02
7.700000000000000000e+01
1.120000000000000000e+02
8.700000000000000000e+01
9.500000000000000000e+01
1.410000000000000000e+02
1.200000000000000000e+02
1.250000000000000000e+02
1.060000000000000000e+02
1.610000000000000000e+02
1.680000000000000000e+02
1.770000000000000000e+02
1.880000000000000000e+02
1.990000000000000000e+02
2.330000000000000000e+02
2.400000000000000000e+02
2.300000000000000000e+02
2.360000000000000000e+02
2.610000000000000000e+02
2.820000000000000000e+02
3.100000000000000000e+02
3.330000000000000000e+02
3.230000000000000000e+02
3.750000000000000000e+02
3.520000000000000000e+02
3.420000000000000000e+02
3.420000000000000000e+02
3.880000000000000000e+02
3.790000000000000000e+02
4.220000000000000000e+02
4.580000000000000000e+02
4.790000000000000000e+02
4.780000000000000000e+02
5.170000000000000000e+02
5.510000000000000000e+02
5.680000000000000000e+02
6.140000000000000000e+02
6.080000000000000000e+02
6.350000000000000000e+02
6.750000000000000000e+02
6.730000000000000000e+02
7.380000000000000000e+02
7.390000000000000000e+02
7.610000000000000000e+02
7.810000000000000000e+02
7.880000000000000000e+02
8.130000000000000000e+02
8.550000000000000000e+02
8.950000000000000000e+02
8.600000000000000000e+02
9.780000000000000000e+02
9.280000000000000000e+02
9.970000000000000000e+02
9.650000000000000000e+02
1.050000000000000000e+03
1.024000000000000000e+03
1.037000000000000000e+03
1.102000000000000000e+03
1.074000000000000000e+03
1.083000000000000000e+03
1.119000000000000000e+03
1.152000000000000000e+03
1.174000000000000000e+03
1.182000000000000000e+03
1.172000000000000000e+03
1.199000000000000000e+03
1.225000000000000000e+03
1.291000000000000000e+03
1.270000000000000000e+03
1.219000000000000000e+03
1.317000000000000000e+03
1.371000000000000000e+03
1.317000000000000000e+03
1.326000000000000000e+03
1.355000000000000000e+03
1.393000000000000000e+03
1.364000000000000000e+03
1.423000000000000000e+03
1.442000000000000000e+03
1.379000000000000000e+03
1.412000000000000000e+03
1.402000000000000000e+03
1.437000000000000000e+03
1.435000000000000000e+03
1.376000000000000000e+03
1.363000000000000000e+03
1.376000000000000000e+03
1.361000000000000000e+03
1.375000000000000000e+03
1.335000000000000000e+03
1.306000000000000000e+03
1.263000000000000000e+03
1.225000000000000000e+03
1.237000000000000000e+03
1.216000000000000000e+03
1.221000000000000000e+03
1.235000000000000000e+03
1.175000000000000000e+03
1.200000000000000000e+03
1.161000000000000000e+03
1.202000000000000000e+03
1.184000000000000000e+03
1.172000000000000000e+03
1.165000000000000000e+03
1.122000000000000000e+03
1.150000000000000000e+03
1.085000000000000000e+03
1.093000000000000000e+03
1.105000000000000000e+03
1.076000000000000000e+03
1.111000000000000000e+03
1.056000000000000000e+03
1.067000000000000000e+03
1.032000000000000000e+03
1.021000000000000000e+03
9.460000000000000000e+02
9.680000000000000000e+02
9.340000000000000000e+02
9.210000000000000000e+02
9.020000000000000000e+02
8.660000000000000000e+02
8.390000000000000000e+02
8.000000000000000000e+02
7.860000000000000000e+02
7.840000000000000000e+02
7.740000000000000000e+02
7.140000000000000000e+02
7.150000000000000000e+02
6.710000000000000000e+02
6.300000000000000000e+02
6.230000000000000000e+02
6.360000000000000000e+02
6.030000000000000000e+02
6.020000000000000000e+02
5.940000000000000000e+02
5.890000000000000000e+02
5.050000000000000000e+02
5.410000000000000000e+02
5.230000000000000000e+02
5.240000000000000000e+02
5.130000000000000000e+02
4.740000000000000000e+02
4.570000000000000000e+02
4.270000000000000000e+02
4.280000000000000000e+02
4.210000000000000000e+02
3.890000000000000000e+02
3.500000000000000000e+02
3.840000000000000000e+02
3.340000000000000000e+02
2.910000000000000000e+02
3.320000000000000000e+02
2.790000000000000000e+02
2.690000000000000000e+02
2.700000000000000000e+02
2.550000000000000000e+02
2.700000000000000000e+02
2.520000000000000000e+02
2.390000000000000000e+02
2.370000000000000000e+02
2.130000000000000000e+02
2.200000000000000000e+02
2.090000000000000000e+02
1.920000000000000000e+02
2.070000000000000000e+02
1.680000000000000000e+02
1.750000000000000000e+02
1.560000000000000000e+02
1.640000000000000000e+02
1.520000000000000000e+02
1.410000000000000000e+02
1.270000000000000000e+02
1.030000000000000000e+02
1.050000000000000000e+02
1.370000000000000000e+02
9.600000000000000000e+01
7.300000000000000000e+01
9.500000000000000000e+01
8.900000000000000000e+01
7.900000000000000000e+01
9.300000000000000000e+01
8.500000000000000000e+01
8.900000000000000000e+01
7.800000000000000000e+01
5.000000000000000000e+01
8.200000000000000000e+01
6.500000000000000000e+01
4.300000000000000000e+01
2.400000000000000000e+01
4.400000000000000000e+01
2.500000000000000000e+01
1.100000000000000000e+01
2.100000000000000000e+01
5.000000000000000000e+01
4.800000000000000000e+01
3.300000000000000000e+01
7.000000000000000000e+01
4.800000000000000000e+01
1.600000000000000000e+01
1.900000000000000000e+01
3.400000000000000000e+01
5.200000000000000000e+01
-8.000000000000000000e+00
1.200000000000000000e+01
3.500000000000000000e+01
4.800000000000000000e+01
4.500000000000000000e+01
2.600000000000000000e+01
-2.300000000000000000e+01
2.300000000000000000e+01
1.600000000000000000e+01
3.500000000000000000e+01
-8.000000000000000000e+00
3.500000000000000000e+01
1.900000000000000000e+01
-3.000000000000000000e+00
2.200000000000000000e+01
4.000000000000000000e+00
-1.100000000000000000e+01
3.600000000000000000e+01
-7.000000000000000000e+00
1.100000000000000000e+01
2.800000000000000000e+01
1.700000000000000000e+01
2.300000000000000000e+01
-1.100000000000000000e+01
0.000000000000000000e+00
2.600000000000000000e+01
-1.000000000000000000e+00
-3.000000000000000000e+00
3.600000000000000000e+01
-1.800000000000000000e+01
3.200000000000000000e+01
3.500000000000000000e+01
1.700000000000000000e+01
4.900000000000000000e+01
2.500000000000000000e+01
3.000000000000000000e+00
7.000000000000000000e+00
0.000000000000000000e+00
2.000000000000000000e+00
6.000000000000000000e+00
4.000000000000000000e+00
3.600000000000000000e+01
-1.800000000000000000e+01
-3.000000000000000000e+00
-8.000000000000000000e+00
-2.400000000000000000e+01
-1.100000000000000000e+01
-1.000000000000000000e+00
1.000000000000000000e+01
5.000000000000000000e+00
-2.000000000000000000e+01
4.000000000000000000e+00
-2.000000000000000000e+00
-1.900000000000000000e+01
-1.300000000000000000e+01
2.400000000000000000e+01
3.000000000000000000e+00
-3.000000000000000000e+00
-2.000000000000000000e+00
-2.000000000000000000e+00
0.000000000000000000e+00
-1.200000000000000000e+01
-1.000000000000000000e+01
2.000000000000000000e+00
-3.000000000000000000e+00
1.500000000000000000e+01
1.000000000000000000e+01
-9.000000000000000000e+00
1.200000000000000000e+01
-2.000000000000000000e+01
5.000000000000000000e+00
1.800000000000000000e+01
1.400000000000000000e+01
1.500000000000000000e+01
-6.000000000000000000e+00
2.400000000000000000e+01
-5.000000000000000000e+00
1.200000000000000000e+01
-9.000000000000000000e+00
4.100000000000000000e+01
0.000000000000000000e+00
3.000000000000000000e+00
-5.000000000000000000e+00
2.000000000000000000e+00
