5.000000000000000000e+00
-2.000000000000000000e+00
0.000000000000000000e+00
3.000000000000000000e+00
-4.000000000000000000e+00
-1.300000000000000000e+01
-3.200000000000000000e+01
-1.500000000000000000e+01
3.000000000000000000e+00
-9.000000000000000000e+00
0.000000000000000000e+00
-2.200000000000000000e+01
-3.000000000000000000e+00
8.000000000000000000e+00
-1.700000000000000000e+01
1.000000000000000000e+00
-8.000000000000000000e+00
1.500000000000000000e+01
-1.000000000000000000e+00
9.000000000000000000e+00
3.500000000000000000e+01
-2.400000000000000000e+01
1.200000000000000000e+01
-1.700000000000000000e+01
-1.500000000000000000e+01
0.000000000000000000e+00
-2.000000000000000000e+01
-9.000000000000000000e+00
-3.000000000000000000e+00
-1.300000000000000000e+01
-2.100000000000000000e+01
-1.500000000000000000e+01
1.900000000000000000e+01
-2.000000000000000000e+00
-5.000000000000000000e+00
-3.100000000000000000e+01
-1.400000000000000000e+01
-4.000000000000000000e+00
2.900000000000000000e+01
8.000000000000000000e+00
-6.000000000000000000e+00
1.100000000000000000e+01
-2.700000000000000000e+01
3.000000000000000000e+00
1.500000000000000000e+01
-1.000000000000000000e+00
-3.000000000000000000e+00
-6.000000000000000000e+00
1.800000000000000000e+01
7.000000000000000000e+00
2.100000000000000000e+01
-2.800000000000000000e+01
-1.600000000000000000e+01
9.000000000000000000e+00
-5.000000000000000000e+00
1.700000000000000000e+01
-8.000000000000000000e+00
-3.500000000000000000e+01
-2.500000000000000000e+01
-2.800000000000000000e+01
-7.000000000000000000e+00
2.700000000000000000e+01
-8.000000000000000000e+00
2.000000000000000000e+00
-1.000000000000000000e+01
2.200000000000000000e+01
-2.200000000000000000e+01
1.000000000000000000e+01
2.000000000000000000e+00
-1.400000000000000000e+01
-3.000000000000000000e+00
4.000000000000000000e+00
-3.000000000000000000e+00
-1.600000000000000000e+01
-2.800000000000000000e+01
1.100000000000000000e+01
-1.700000000000000000e+01
7.000000000000000000e+00
0.000000000000000000e+00
-1.300000000000000000e+01
3.000000000000000000e+00
-1.000000000000000000e+00
-3.100000000000000000e+01
1.200000000000000000e+01
-2.000000000000000000e+00
-3.500000000000000000e+01
7.000000000000000000e+00
-1.300000000000000000e+01
2.900000000000000000e+01
-1.300000000000000000e+01
-3.000000000000000000e+00
-2.200000000000000000e+01
-1.300000000000000000e+01
-1.300000000000000000e+01
-3.000000000000000000e+00
2.100000000000000000e+01
-1.500000000000000000e+01
8.000000000000000000e+00
-7.000000000000000000e+00
1.800000000000000000e+01
-2.000000000000000000e+00
5.000000000000000000e+00
-4.000000000000000000e+00
-2.100000000000000000e+01
4.000000000000000000e+00
2.000000000000000000e+00
-1.500000000000000000e+01
-3.000000000000000000e+00
5.000000000000000000e+00
-3.000000000000000000e+00
0.000000000000000000e+00
5.000000000000000000e+00
6.000000000000000000e+00
-6.000000000000000000e+00
-8.000000000000000000e+00
1.300000000000000000e+01
-2.100000000000000000e+01
-1.200000000000000000e+01
-7.000000000000000000e+00
3.100000000000000000e+01
-1.000000000000000000e+00
-2.400000000000000000e+01
1.000000000000000000e+01
-1.700000000000000000e+01
3.600000000000000000e+01
-3.100000000000000000e+01
1.000000000000000000e+00
-1.600000000000000000e+01
1.200000000000000000e+01
3.000000000000000000e+00
9.000000000000000000e+00
4.400000000000000000e+01
-1.200000000000000000e+01
2.000000000000000000e+00
3.000000000000000000e+00
1.500000000000000000e+01
2.600000000000000000e+01
6.000000000000000000e+00
-8.000000000000000000e+00
1.500000000000000000e+01
2.000000000000000000e+00
0.000000000000000000e+00
-1.800000000000000000e+01
-3.000000000000000000e+00
1.100000000000000000e+01
3.700000000000000000e+01
3.000000000000000000e+01
-1.100000000000000000e+01
1.000000000000000000e+00
-5.000000000000000000e+00
6.000000000000000000e+00
5.200000000000000000e+01
3.000000000000000000e+00
-1.400000000000000000e+01
1.100000000000000000e+01
-2.100000000000000000e+01
1.400000000000000000e+01
2.400000000000000000e+01
2.000000000000000000e+00
2.000000000000000000e+00
3.900000000000000000e+01
-6.000000000000000000e+00
-2.700000000000000000e+01
-1.700000000000000000e+01
-3.700000000000000000e+01
-4.000000000000000000e+00
-8.000000000000000000e+00
-3.000000000000000000e+00
2.000000000000000000e+00
8.000000000000000000e+00
1.000000000000000000e+00
-2.900000000000000000e+01
7.000000000000000000e+00
-3.000000000000000000e+00
5.000000000000000000e+00
2.300000000000000000e+01
-1.600000000000000000e+01
-9.000000000000000000e+00
1.800000000000000000e+01
8.000000000000000000e+00
-9.000000000000000000e+00
-3.000000000000000000e+00
4.000000000000000000e+00
-2.100000000000000000e+01
1.400000000000000000e+01
-2.000000000000000000e+01
-1.000000000000000000e+00
-1.900000000000000000e+01
8.000000000000000000e+00
4.000000000000000000e+01
1.200000000000000000e+01
-2.900000000000000000e+01
-2.600000000000000000e+01
-3.000000000000000000e+00
6.000000000000000000e+00
2.000000000000000000e+00
9.000000000000000000e+00
2.000000000000000000e+00
8.000000000000000000e+00
-1.200000000000000000e+01
0.000000000000000000e+00
1.600000000000000000e+01
-1.000000000000000000e+01
1.000000000000000000e+01
3.000000000000000000e+00
5.000000000000000000e+00
1.000000000000000000e+01
0.000000000000000000e+00
-1.100000000000000000e+01
-5.000000000000000000e+00
1.200000000000000000e+01
7.000000000000000000e+00
1.600000000000000000e+01
-7.000000000000000000e+00
3.000000000000000000e+00
-1.200000000000000000e+01
1.700000000000000000e+01
1.900000000000000000e+01
2.900000000000000000e+01
4.000000000000000000e+00
3.000000000000000000e+01
-2.800000000000000000e+01
-1.600000000000000000e+01
2.400000000000000000e+01
-3.100000000000000000e+01
5.000000000000000000e+00
9.000000000000000000e+00
-1.000000000000000000e+00
4.000000000000000000e+00
3.400000000000000000e+01
-6.000000000000000000e+00
1.000000000000000000e+00
-8.000000000000000000e+00
5.000000000000000000e+00
-1.300000000000000000e+01
8.000000000000000000e+00
-1.000000000000000000e+01
-5.000000000000000000e+00
6.000000000000000000e+00
-7.000000000000000000e+00
3.200000000000000000e+01
-2.100000000000000000e+01
-1.700000000000000000e+01
-1.000000000000000000e+00
7.000000000000000000e+00
2.900000000000000000e+01
-1.200000000000000000e+01
1.400000000000000000e+01
-2.900000000000000000e+01
2.900000000000000000e+01
1.500000000000000000e+01
-3.000000000000000000e+00
0.000000000000000000e+00
1.100000000000000000e+01
-7.000000000000000000e+00
-7.000000000000000000e+00
1.600000000000000000e+01
-5.000000000000000000e+00
-2.500000000000000000e+01
1.000000000000000000e+00
1.000000000000000000e+00
1.300000000000000000e+01
-6.000000000000000000e+00
-1.700000000000000000e+01
1.200000000000000000e+01
1.800000000000000000e+01
9.000000000000000000e+00
-1.100000000000000000e+01
-1.200000000000000000e+01
-1.500000000000000000e+01
2.100000000000000000e+01
1.300000000000000000e+01
-1.400000000000000000e+01
-2.000000000000000000e+00
1.200000000000000000e+01
-1.300000000000000000e+01
1.100000000000000000e+01
-1.600000000000000000e+01
4.000000000000000000e+00
2.300000000000000000e+01
-2.300000000000000000e+01
-1.700000000000000000e+01
-1.000000000000000000e+00
-5.000000000000000000e+00
1.000000000000000000e+00
5.000000000000000000e+00
-3.600000000000000000e+01
-1.100000000000000000e+01
-2.100000000000000000e+01
0.000000000000000000e+00
0.000000000000000000e+00
1.600000000000000000e+01
-1.100000000000000000e+01
4.400000000000000000e+01
2.000000000000000000e+00
1.700000000000000000e+01
1.900000000000000000e+01
-3.000000000000000000e+00
-1.000000000000000000e+01
-1.900000000000000000e+01
-8.000000000000000000e+00
-8.000000000000000000e+00
-4.700000000000000000e+01
6.000000000000000000e+00
-3.400000000000000000e+01
-3.400000000000000000e+01
-1.900000000000000000e+01
-1.200000000000000000e+01
-1.000000000000000000e+01
-2.000000000000000000e+00
-1.400000000000000000e+01
1.700000000000000000e+01
3.800000000000000000e+01
1.100000000000000000e+01
4.000000000000000000e+00
1.100000000000000000e+01
-1.000000000000000000e+01
1.700000000000000000e+01
6.000000000000000000e+00
-2.700000000000000000e+01
-1.700000000000000000e+01
5.000000000000000000e+00
-1.300000000000000000e+01
-5.000000000000000000e+00
1.200000000000000000e+01
-2.400000000000000000e+01
1.500000000000000000e+01
-1.100000000000000000e+01
-1.100000000000000000e+01
1.100000000000000000e+01
-1.200000000000000000e+01
2.500000000000000000e+01
-6.000000000000000000e+00
0.000000000000000000e+00
-9.000000000000000000e+00
-1.900000000000000000e+01
-6.000000000000000000e+00
-8.000000000000000000e+00
1.800000000000000000e+01
-5.000000000000000000e+00
-1.200000000000000000e+01
-1.100000000000000000e+01
1.800000000000000000e+01
-2.500000000000000000e+01
4.000000000000000000e+00
-1.000000000000000000e+01
-8.000000000000000000e+00
-1.100000000000000000e+01
6.000000000000000000e+00
-3.000000000000000000e+00
1.200000000000000000e+01
-5.000000000000000000e+00
2.600000000000000000e+01
-2.700000000000000000e+01
2.200000000000000000e+01
-3.000000000000000000e+00
7.000000000000000000e+00
2.500000000000000000e+01
2.000000000000000000e+00
-1.300000000000000000e+01
-2.100000000000000000e+01
1.100000000000000000e+01
1.400000000000000000e+01
2.000000000000000000e+00
-1.400000000000000000e+01
1.300000000000000000e+01
1.000000000000000000e+00
-1.600000000000000000e+01
2.300000000000000000e+01
-3.500000000000000000e+01
8.000000000000000000e+00
-5.000000000000000000e+00
6.000000000000000000e+00
-1.100000000000000000e+01
-1.700000000000000000e+01
7.000000000000000000e+00
-1.100000000000000000e+01
-2.000000000000000000e+00
2.000000000000000000e+00
9.000000000000000000e+00
7.000000000000000000e+00
-3.000000000000000000e+00
-6.200000000000000000e+01
2.900000000000000000e+01
-1.400000000000000000e+01
5.000000000000000000e+00
-1.100000000000000000e+01
-6.000000000000000000e+00
-9.000000000000000000e+00
2.000000000000000000e+01
-1.200000000000000000e+01
2.500000000000000000e+01
5.000000000000000000e+00
-4.000000000000000000e+00
-9.000000000000000000e+00
3.900000000000000000e+01
1.600000000000000000e+01
-7.000000000000000000e+00
2.000000000000000000e+00
1.900000000000000000e+01
1.400000000000000000e+01
-1.000000000000000000e+01
1.500000000000000000e+01
-1.300000000000000000e+01
-2.000000000000000000e+01
6.000000000000000000e+00
2.500000000000000000e+01
1.700000000000000000e+01
-1.700000000000000000e+01
-2.900000000000000000e+01
1.800000000000000000e+01
6.000000000000000000e+00
-4.000000000000000000e+00
-2.100000000000000000e+01
1.900000000000000000e+01
1.000000000000000000e+00
1.700000000000000000e+01
2.600000000000000000e+01
-1.600000000000000000e+01
1.700000000000000000e+01
2.300000000000000000e+01
-8.000000000000000000e+00
-1.900000000000000000e+01
-1.800000000000000000e+01
8.000000000000000000e+00
2.000000000000000000e+00
3.000000000000000000e+00
-1.400000000000000000e+01
-1.900000000000000000e+01
-4.000000000000000000e+00
-4.000000000000000000e+00
-8.000000000000000000e+00
-5.000000000000000000e+00
-2.100000000000000000e+01
1.300000000000000000e+01
5.000000000000000000e+00
-7.000000000000000000e+00
1.100000000000000000e+01
-7.000000000000000000e+00
-1.400000000000000000e+01
-7.000000000000000000e+00
-1.100000000000000000e+01
1.100000000000000000e+01
1.200000000000000000e+01
1.100000000000000000e+01
5.000000000000000000e+00
2.100000000000000000e+01
-2.200000000000000000e+01
-6.000000000000000000e+00
-1.300000000000000000e+01
2.600000000000000000e+01
5.000000000000000000e+00
-1.400000000000000000e+01
-3.000000000000000000e+00
-2.000000000000000000e+01
1.400000000000000000e+01
1.300000000000000000e+01
2.700000000000000000e+01
-3.300000000000000000e+01
8.000000000000000000e+00
5.000000000000000000e+00
-1.700000000000000000e+01
-1.500000000000000000e+01
-1.000000000000000000e+01
0.000000000000000000e+00
-7.000000000000000000e+00
2.000000000000000000e+01
1.400000000000000000e+01
-2.000000000000000000e+00
2.000000000000000000e+01
1.300000000000000000e+01
-3.000000000000000000e+00
2.400000000000000000e+01
4.000000000000000000e+00
-5.000000000000000000e+00
3.000000000000000000e+00
-1.300000000000000000e+01
-1.000000000000000000e+01
2.500000000000000000e+01
9.000000000000000000e+00
-7.000000000000000000e+00
-1.800000000000000000e+01
3.000000000000000000e+00
-1.900000000000000000e+01
-1.100000000000000000e+01
1.000000000000000000e+00
-2.600000000000000000e+01
2.100000000000000000e+01
7.000000000000000000e+00
3.000000000000000000e+01
1.900000000000000000e+01
8.000000000000000000e+00
1.600000000000000000e+01
0.000000000000000000e+00
-2.000000000000000000e+00
3.000000000000000000e+00
-1.000000000000000000e+01
-1.700000000000000000e+01
1.300000000000000000e+01
0.000000000000000000e+00
2.700000000000000000e+01
1.500000000000000000e+01
1.900000000000000000e+01
1.000000000000000000e+00
-1.800000000000000000e+01
7.000000000000000000e+00
-8.000000000000000000e+00
1.000000000000000000e+00
-1.900000000000000000e+01
-1.800000000000000000e+01
-2.100000000000000000e+01
1.200000000000000000e+01
3.000000000000000000e+00
-8.000000000000000000e+00
-2.000000000000000000e+00
0.000000000000000000e+00
-9.000000000000000000e+00
3.000000000000000000e+00
6.000000000000000000e+00
1.000000000000000000e+01
2.000000000000000000e+00
2.900000000000000000e+01
-1.400000000000000000e+01
1.200000000000000000e+01
-4.000000000000000000e+00
-1.400000000000000000e+01
2.900000000000000000e+01
3.000000000000000000e+00
2.900000000000000000e+01
-2.000000000000000000e+00
4.200000000000000000e+01
9.000000000000000000e+00
1.900000000000000000e+01
3.200000000000000000e+01
5.400000000000000000e+01
1.500000000000000000e+01
-1.500000000000000000e+01
1.200000000000000000e+01
-1.000000000000000000e+01
2.300000000000000000e+01
5.000000000000000000e+01
1.000000000000000000e+01
1.100000000000000000e+01
2.400000000000000000e+01
1.800000000000000000e+01
1.400000000000000000e+01
4.600000000000000000e+01
-2.200000000000000000e+01
1.700000000000000000e+01
4.000000000000000000e+00
-3.000000000000000000e+00
-7.000000000000000000e+00
1.500000000000000000e+01
-9.000000000000000000e+00
3.400000000000000000e+01
-9.000000000000000000e+00
1.300000000000000000e+01
-1.000000000000000000e+00
1.000000000000000000e+01
1.000000000000000000e+00
-2.500000000000000000e+01
-1.100000000000000000e+01
7.000000000000000000e+00
2.000000000000000000e+01
1.000000000000000000e+00
1.000000000000000000e+01
5.000000000000000000e+00
8.000000000000000000e+00
-1.500000000000000000e+01
1.200000000000000000e+01
-9.000000000000000000e+00
2.400000000000000000e+01
1.000000000000000000e+00
4.000000000000000000e+00
2.600000000000000000e+01
4.200000000000000000e+01
-1.500000000000000000e+01
-2.100000000000000000e+01
2.000000000000000000e+01
-8.000000000000000000e+00
-1.500000000000000000e+01
3.000000000000000000e+00
-1.100000000000000000e+01
1.600000000000000000e+01
1.200000000000000000e+01
2.900000000000000000e+01
2.600000000000000000e+01
8.000000000000000000e+00
-1.000000000000000000e+01
9.000000000000000000e+00
-2.300000000000000000e+01
1.900000000000000000e+01
-1.000000000000000000e+00
-2.300000000000000000e+01
1.400000000000000000e+01
-2.700000000000000000e+01
-4.000000000000000000e+00
-2.300000000000000000e+01
2.100000000000000000e+01
2.000000000000000000e+00
4.000000000000000000e+00
-6.000000000000000000e+00
6.000000000000000000e+00
2.200000000000000000e+01
1.400000000000000000e+01
3.000000000000000000e+00
4.000000000000000000e+01
4.800000000000000000e+01
1.000000000000000000e+01
1.700000000000000000e+01
2.800000000000000000e+01
-1.000000000000000000e+01
-1.200000000000000000e+01
1.600000000000000000e+01
0.000000000000000000e+00
-2.900000000000000000e+01
-1.600000000000000000e+01
-1.500000000000000000e+01
-3.000000000000000000e+00
-1.300000000000000000e+01
1.000000000000000000e+01
-2.000000000000000000e+01
4.400000000000000000e+01
4.000000000000000000e+00
1.300000000000000000e+01
-3.600000000000000000e+01
3.000000000000000000e+00
1.500000000000000000e+01
-1.300000000000000000e+01
-2.600000000000000000e+01
-6.000000000000000000e+00
8.000000000000000000e+00
-1.300000000000000000e+01
-2.700000000000000000e+01
-2.700000000000000000e+01
-1.200000000000000000e+01
-2.800000000000000000e+01
3.200000000000000000e+01
-3.000000000000000000e+00
-4.000000000000000000e+00
1.400000000000000000e+01
-1.500000000000000000e+01
-5.000000000000000000e+00
-1.500000000000000000e+01
2.900000000000000000e+01
8.000000000000000000e+00
-2.300000000000000000e+01
2.400000000000000000e+01
6.000000000000000000e+00
3.000000000000000000e+00
-1.100000000000000000e+01
-1.200000000000000000e+01
1.800000000000000000e+01
3.600000000000000000e+01
-8.000000000000000000e+00
-2.700000000000000000e+01
3.400000000000000000e+01
-2.000000000000000000e+00
9.000000000000000000e+00
-4.000000000000000000e+00
4.200000000000000000e+01
2.300000000000000000e+01
-9.000000000000000000e+00
1.600000000000000000e+01
1.800000000000000000e+01
-7.000000000000000000e+00
3.300000000000000000e+01
1.600000000000000000e+01
2.700000000000000000e+01
1.900000000000000000e+01
-2.100000000000000000e+01
-2.200000000000000000e+01
2.400000000000000000e+01
1.300000000000000000e+01
-2.000000000000000000e+00
-2.700000000000000000e+01
2.000000000000000000e+00
3.100000000000000000e+01
3.000000000000000000e+00
-1.800000000000000000e+01
1.200000000000000000e+01
2.400000000000000000e+01
-1.600000000000000000e+01
-2.000000000000000000e+00
-8.000000000000000000e+00
2.700000000000000000e+01
3.900000000000000000e+01
-1.000000000000000000e+00
-2.000000000000000000e+01
-1.600000000000000000e+01
5.000000000000000000e+00
2.900000000000000000e+01
1.000000000000000000e+00
1.300000000000000000e+01
1.600000000000000000e+01
-5.000000000000000000e+00
1.000000000000000000e+01
9.000000000000000000e+00
-1.000000000000000000e+01
2.300000000000000000e+01
5.000000000000000000e+00
2.200000000000000000e+01
1.100000000000000000e+01
-1.000000000000000000e+00
1.100000000000000000e+01
3.200000000000000000e+01
-2.000000000000000000e+00
5.000000000000000000e+00
1.600000000000000000e+01
-2.000000000000000000e+00
-1.000000000000000000e+00
1.300000000000000000e+01
6.000000000000000000e+00
1.800000000000000000e+01
2.300000000000000000e+01
5.000000000000000000e+00
2.900000000000000000e+01
4.000000000000000000e+00
1.400000000000000000e+01
3.700000000000000000e+01
-2.000000000000000000e+00
3.000000000000000000e+01
1.500000000000000000e+01
8.000000000000000000e+00
-9.000000000000000000e+00
-1.000000000000000000e+00
0.000000000000000000e+00
1.900000000000000000e+01
1.300000000000000000e+01
2.900000000000000000e+01
2.300000000000000000e+01
2.100000000000000000e+01
1.400000000000000000e+01
-1.000000000000000000e+00
-2.400000000000000000e+01
5.000000000000000000e+00
-9.000000000000000000e+00
5.000000000000000000e+00
2.700000000000000000e+01
5.300000000000000000e+01
-3.000000000000000000e+00
9.000000000000000000e+00
1.900000000000000000e+01
-1.300000000000000000e+01
-4.200000000000000000e+01
-1.900000000000000000e+01
4.000000000000000000e+00
1.000000000000000000e+01
1.000000000000000000e+00
-1.900000000000000000e+01
3.100000000000000000e+01
2.100000000000000000e+01
2.100000000000000000e+01
1.400000000000000000e+01
2.500000000000000000e+01
2.400000000000000000e+01
2.600000000000000000e+01
1.000000000000000000e+01
-4.000000000000000000e+00
2.700000000000000000e+01
3.000000000000000000e+00
1.800000000000000000e+01
-1.900000000000000000e+01
-1.300000000000000000e+01
1.500000000000000000e+01
4.900000000000000000e+01
1.200000000000000000e+01
3.000000000000000000e+01
2.600000000000000000e+01
2.900000000000000000e+01
1.000000000000000000e+00
2.000000000000000000e+00
1.700000000000000000e+01
4.000000000000000000e+00
1.100000000000000000e+01
2.000000000000000000e+00
-1.000000000000000000e+01
2.500000000000000000e+01
2.000000000000000000e+01
9.000000000000000000e+00
1.800000000000000000e+01
1.600000000000000000e+01
2.900000000000000000e+01
8.000000000000000000e+00
3.700000000000000000e+01
2.300000000000000000e+01
2.000000000000000000e+00
1.000000000000000000e+01
2.500000000000000000e+01
3.700000000000000000e+01
2.500000000000000000e+01
6.000000000000000000e+00
-2.000000000000000000e+00
-1.200000000000000000e+01
2.200000000000000000e+01
1.700000000000000000e+01
2.800000000000000000e+01
2.100000000000000000e+01
1.700000000000000000e+01
1.800000000000000000e+01
1.500000000000000000e+01
5.300000000000000000e+01
1.000000000000000000e+01
-1.000000000000000000e+01
-2.200000000000000000e+01
4.000000000000000000e+00
3.200000000000000000e+01
-1.000000000000000000e+00
-2.300000000000000000e+01
3.000000000000000000e+01
4.600000000000000000e+01
4.200000000000000000e+01
2.300000000000000000e+01
1.300000000000000000e+01
-1.800000000000000000e+01
2.500000000000000000e+01
8.000000000000000000e+00
3.300000000000000000e+01
3.200000000000000000e+01
1.000000000000000000e+01
3.500000000000000000e+01
2.600000000000000000e+01
2.000000000000000000e+00
1.400000000000000000e+01
4.900000000000000000e+01
7.000000000000000000e+00
2.400000000000000000e+01
2.400000000000000000e+01
5.000000000000000000e+00
1.000000000000000000e+01
1.200000000000000000e+01
2.600000000000000000e+01
-2.600000000000000000e+01
-1.000000000000000000e+01
4.300000000000000000e+01
-6.000000000000000000e+00
2.500000000000000000e+01
-2.000000000000000000e+00
2.600000000000000000e+01
5.400000000000000000e+01
1.700000000000000000e+01
1.800000000000000000e+01
-2.000000000000000000e+00
2.700000000000000000e+01
2.600000000000000000e+01
2.500000000000000000e+01
1.200000000000000000e+01
3.400000000000000000e+01
1.900000000000000000e+01
2.800000000000000000e+01
2.300000000000000000e+01
8.000000000000000000e+00
-3.000000000000000000e+00
3.500000000000000000e+01
-2.000000000000000000e+00
1.500000000000000000e+01
2.500000000000000000e+01
5.200000000000000000e+01
4.000000000000000000e+01
7.000000000000000000e+00
4.100000000000000000e+01
4.500000000000000000e+01
3.800000000000000000e+01
7.000000000000000000e+00
2.600000000000000000e+01
3.300000000000000000e+01
2.900000000000000000e+01
2.300000000000000000e+01
1.400000000000000000e+01
4.200000000000000000e+01
4.600000000000000000e+01
3.000000000000000000e+01
4.800000000000000000e+01
3.900000000000000000e+01
5.200000000000000000e+01
7.900000000000000000e+01
5.700000000000000000e+01
7.900000000000000000e+01
6.100000000000000000e+01
5.800000000000000000e+01
9.200000000000000000e+01
8.200000000000000000e+01
8.600000000000000000e+01
1.140000000000000000e+02
1.310000000000000000e+02
9.800000000000000000e+01
1.430000000000000000e+02
1.040000000000000000e+02
1.390000000000000000e+02
1.730000000000000000e+02
2.050000000000000000e+02
1.890000000000000000e+02
2.050000000000000000e+02
2.450000000000000000e+02
2.450000000000000000e+02
2.990000000000000000e+02
2.930000000000000000e+02
3.550000000000000000e+02
4.090000000000000000e+02
5.170000000000000000e+02
4.970000000000000000e+02
5.820000000000000000e+02
6.450000000000000000e+02
7.610000000000000000e+02
8.140000000000000000e+02
9.240000000000000000e+02
9.850000000000000000e+02
1.143000000000000000e+03
1.243000000000000000e+03
1.324000000000000000e+03
1.455000000000000000e+03
1.580000000000000000e+03
1.701000000000000000e+03
1.817000000000000000e+03
2.025000000000000000e+03
2.173000000000000000e+03
2.233000000000000000e+03
2.384000000000000000e+03
2.542000000000000000e+03
2.713000000000000000e+03
2.858000000000000000e+03
2.968000000000000000e+03
3.085000000000000000e+03
3.304000000000000000e+03
3.425000000000000000e+03
3.520000000000000000e+03
3.606000000000000000e+03
3.706000000000000000e+03
3.796000000000000000e+03
3.842000000000000000e+03
3.860000000000000000e+03
3.910000000000000000e+03
3.976000000000000000e+03
4.012000000000000000e+03
4.028000000000000000e+03
3.977000000000000000e+03
3.978000000000000000e+03
3.943000000000000000e+03
3.878000000000000000e+03
3.796000000000000000e+03
3.728000000000000000e+03
3.619000000000000000e+03
3.568000000000000000e+03
3.445000000000000000e+03
3.356000000000000000e+03
3.220000000000000000e+03
3.131000000000000000e+03
2.926000000000000000e+03
2.821000000000000000e+03
2.733000000000000000e+03
2.600000000000000000e+03
2.423000000000000000e+03
2.235000000000000000e+03
2.181000000000000000e+03
1.997000000000000000e+03
1.866000000000000000e+03
1.731000000000000000e+03
1.563000000000000000e+03
1.528000000000000000e+03
1.415000000000000000e+03
1.252000000000000000e+03
1.131000000000000000e+03
1.016000000000000000e+03
9.670000000000000000e+02
8.390000000000000000e+02
7.450000000000000000e+02
6.860000000000000000e+02
6.040000000000000000e+02
5.540000000000000000e+02
4.790000000000000000e+02
4.280000000000000000e+02
3.480000000000000000e+02
3.140000000000000000e+02
3.010000000000000000e+02
2.450000000000000000e+02
2.180000000000000000e+02
1.760000000000000000e+02
1.810000000000000000e+02
1.310000000000000000e+02
1.030000000000000000e+02
1.340000000000000000e+02
8.200000000000000000e+01
5.900000000000000000e+01
6.200000000000000000e+01
4.300000000000000000e+01
5.700000000000000000e+01
5.800000000000000000e+01
3.600000000000000000e+01
1.100000000000000000e+01
4.800000000000000000e+01
2.900000000000000000e+01
3.500000000000000000e+01
3.800000000000000000e+01
2.100000000000000000e+01
9.000000000000000000e+00
2.000000000000000000e+01
3.400000000000000000e+01
6.500000000000000000e+01
-4.000000000000000000e+00
2.300000000000000000e+01
4.400000000000000000e+01
-6.000000000000000000e+00
3.000000000000000000e+01
3.000000000000000000e+00
3.200000000000000000e+01
1.700000000000000000e+01
-1.400000000000000000e+01
3.500000000000000000e+01
-5.000000000000000000e+00
3.800000000000000000e+01
-2.000000000000000000e+00
1.000000000000000000e+01
2.000000000000000000e+00
4.300000000000000000e+01
1.500000000000000000e+01
3.300000000000000000e+01
0.000000000000000000e+00
9.000000000000000000e+00
-1.700000000000000000e+01
2.300000000000000000e+01
-2.000000000000000000e+00
1.200000000000000000e+01
5.200000000000000000e+01
5.000000000000000000e+00
4.500000000000000000e+01
1.700000000000000000e+01
3.100000000000000000e+01
2.000000000000000000e+00
1.000000000000000000e+01
3.300000000000000000e+01
1.300000000000000000e+01
3.000000000000000000e+00
-1.800000000000000000e+01
-1.400000000000000000e+01
1.500000000000000000e+01
1.000000000000000000e+00
2.700000000000000000e+01
-7.000000000000000000e+00
1.300000000000000000e+01
1.000000000000000000e+01
1.500000000000000000e+01
4.600000000000000000e+01
6.000000000000000000e+00
1.700000000000000000e+01
4.900000000000000000e+01
-1.000000000000000000e+01
9.000000000000000000e+00
-4.000000000000000000e+00
2.400000000000000000e+01
4.400000000000000000e+01
1.600000000000000000e+01
-5.000000000000000000e+00
2.100000000000000000e+01
6.000000000000000000e+00
1.300000000000000000e+01
7.000000000000000000e+00
2.700000000000000000e+01
1.900000000000000000e+01
6.000000000000000000e+00
1.900000000000000000e+01
5.000000000000000000e+00
1.100000000000000000e+01
1.200000000000000000e+01
2.700000000000000000e+01
5.000000000000000000e+00
4.000000000000000000e+00
-3.000000000000000000e+00
1.900000000000000000e+01
-7.000000000000000000e+00
-2.000000000000000000e+01
9.000000000000000000e+00
1.900000000000000000e+01
2.900000000000000000e+01
1.000000000000000000e+01
1.100000000000000000e+01
2.200000000000000000e+01
2.400000000000000000e+01
1.600000000000000000e+01
4.300000000000000000e+01
2.700000000000000000e+01
7.000000000000000000e+00
1.300000000000000000e+01
-2.000000000000000000e+01
1.700000000000000000e+01
1.200000000000000000e+01
2.600000000000000000e+01
4.300000000000000000e+01
-9.000000000000000000e+00
5.200000000000000000e+01
1.500000000000000000e+01
4.000000000000000000e+00
4.000000000000000000e+01
1.300000000000000000e+01
2.200000000000000000e+01
1.800000000000000000e+01
1.000000000000000000e+01
2.100000000000000000e+01
-1.300000000000000000e+01
3.000000000000000000e+00
6.000000000000000000e+00
5.000000000000000000e+00
6.000000000000000000e+00
1.900000000000000000e+01
-4.000000000000000000e+00
1.800000000000000000e+01
1.400000000000000000e+01
3.400000000000000000e+01
1.800000000000000000e+01
-1.000000000000000000e+01
7.000000000000000000e+00
2.000000000000000000e+01
3.000000000000000000e+00
0.000000000000000000e+00
-7.000000000000000000e+00
4.600000000000000000e+01
3.200000000000000000e+01
2.200000000000000000e+01
-8.000000000000000000e+00
1.200000000000000000e+01
-5.000000000000000000e+00
2.700000000000000000e+01
1.700000000000000000e+01
-2.000000000000000000e+00
2.000000000000000000e+00
4.000000000000000000e+00
5.000000000000000000e+00
1.100000000000000000e+01
-1.700000000000000000e+01
4.000000000000000000e+01
2.000000000000000000e+01
1.000000000000000000e+00
-4.000000000000000000e+00
1.300000000000000000e+01
2.300000000000000000e+01
-9.000000000000000000e+00
2.200000000000000000e+01
-7.000000000000000000e+00
1.100000000000000000e+01
2.100000000000000000e+01
2.000000000000000000e+00
-2.500000000000000000e+01
2.800000000000000000e+01
2.900000000000000000e+01
-1.000000000000000000e+01
3.400000000000000000e+01
-1.800000000000000000e+01
2.800000000000000000e+01
1.200000000000000000e+01
-8.000000000000000000e+00
-1.000000000000000000e+00
1.000000000000000000e+00
1.100000000000000000e+01
9.000000000000000000e+00
2.000000000000000000e+00
-1.200000000000000000e+01
2.000000000000000000e+00
3.700000000000000000e+01
3.700000000000000000e+01
3.000000000000000000e+00
-1.200000000000000000e+01
3.500000000000000000e+01
1.000000000000000000e+01
-1.800000000000000000e+01
-8.000000000000000000e+00
1.800000000000000000e+01
1.000000000000000000e+01
1.600000000000000000e+01
2.700000000000000000e+01
2.400000000000000000e+01
2.300000000000000000e+01
-8.000000000000000000e+00
2.700000000000000000e+01
-2.000000000000000000e+00
-8.000000000000000000e+00
2.500000000000000000e+01
-1.700000000000000000e+01
2.500000000000000000e+01
-2.000000000000000000e+00
1.200000000000000000e+01
-8.000000000000000000e+00
2.500000000000000000e+01
-2.500000000000000000e+01
3.200000000000000000e+01
4.400000000000000000e+01
1.800000000000000000e+01
3.000000000000000000e+00
-2.300000000000000000e+01
8.000000000000000000e+00
1.100000000000000000e+01
0.000000000000000000e+00
2.400000000000000000e+01
1.000000000000000000e+00
-4.000000000000000000e+00
7.000000000000000000e+00
6.000000000000000000e+00
6.000000000000000000e+00
1.500000000000000000e+01
-4.000000000000000000e+00
2.000000000000000000e+01
7.000000000000000000e+00
1.000000000000000000e+01
1.200000000000000000e+01
5.000000000000000000e+00
6.000000000000000000e+00
1.000000000000000000e+01
-3.000000000000000000e+00
-7.000000000000000000e+00
1.300000000000000000e+01
-9.000000000000000000e+00
1.800000000000000000e+01
-1.400000000000000000e+01
1.000000000000000000e+01
1.800000000000000000e+01
1.900000000000000000e+01
3.000000000000000000e+00
-1.100000000000000000e+01
1.000000000000000000e+00
-1.000000000000000000e+00
1.900000000000000000e+01
0.000000000000000000e+00
1.000000000000000000e+00
5.000000000000000000e+00
1.100000000000000000e+01
6.000000000000000000e+00
-1.100000000000000000e+01
-8.000000000000000000e+00
9.000000000000000000e+00
-2.000000000000000000e+00
2.000000000000000000e+01
5.000000000000000000e+00
2.000000000000000000e+00
4.000000000000000000e+00
5.000000000000000000e+00
1.800000000000000000e+01
-1.100000000000000000e+01
-6.000000000000000000e+00
-4.000000000000000000e+00
-9.000000000000000000e+00
9.000000000000000000e+00
3.000000000000000000e+01
-1.300000000000000000e+01
-1.100000000000000000e+01
1.400000000000000000e+01
-1.300000000000000000e+01
4.000000000000000000e+00
1.200000000000000000e+01
-7.000000000000000000e+00
-1.000000000000000000e+00
0.000000000000000000e+00
3.000000000000000000e+00
-1.700000000000000000e+01
-2.000000000000000000e+00
-5.000000000000000000e+00
6.000000000000000000e+00
-9.000000000000000000e+00
1.800000000000000000e+01
-1.000000000000000000e+01
6.000000000000000000e+00
-2.800000000000000000e+01
-2.200000000000000000e+01
-1.000000000000000000e+00
2.700000000000000000e+01
2.500000000000000000e+01
2.000000000000000000e+00
-7.000000000000000000e+00
8.000000000000000000e+00
2.000000000000000000e+00
-1.100000000000000000e+01
2.400000000000000000e+01
-3.000000000000000000e+00
-7.000000000000000000e+00
-3.000000000000000000e+00
9.000000000000000000e+00
2.600000000000000000e+01
-1.200000000000000000e+01
-8.000000000000000000e+00
3.800000000000000000e+01
8.000000000000000000e+00
7.000000000000000000e+00
2.300000000000000000e+01
1.400000000000000000e+01
-1.700000000000000000e+01
1.000000000000000000e+01
2.000000000000000000e+01
-7.000000000000000000e+00
6.000000000000000000e+00
-3.000000000000000000e+00
1.400000000000000000e+01
-4.000000000000000000e+00
-4.000000000000000000e+00
3.700000000000000000e+01
1.900000000000000000e+01
1.600000000000000000e+01
2.500000000000000000e+01
1.200000000000000000e+01
-1.900000000000000000e+01
3.000000000000000000e+00
-1.300000000000000000e+01
-1.500000000000000000e+01
-2.000000000000000000e+00
9.000000000000000000e+00
-1.000000000000000000e+01
7.000000000000000000e+00
-2.000000000000000000e+00
-1.300000000000000000e+01
-1.700000000000000000e+01
2.000000000000000000e+01
-7.000000000000000000e+00
-1.000000000000000000e+00
4.000000000000000000e+00
-2.000000000000000000e+00
1.000000000000000000e+00
4.800000000000000000e+01
3.400000000000000000e+01
5.000000000000000000e+00
1.200000000000000000e+01
9.000000000000000000e+00
-1.800000000000000000e+01
1.400000000000000000e+01
-2.000000000000000000e+00
2.300000000000000000e+01
-1.100000000000000000e+01
-5.000000000000000000e+00
8.000000000000000000e+00
3.300000000000000000e+01
-1.500000000000000000e+01
-1.000000000000000000e+01
-7.000000000000000000e+00
1.800000000000000000e+01
-6.000000000000000000e+00
4.600000000000000000e+01
1.400000000000000000e+01
1.000000000000000000e+01
4.000000000000000000e+00
1.700000000000000000e+01
-7.000000000000000000e+00
5.000000000000000000e+00
3.000000000000000000e+01
6.000000000000000000e+00
5.000000000000000000e+00
-1.900000000000000000e+01
-1.300000000000000000e+01
3.000000000000000000e+00
-1.100000000000000000e+01
-1.400000000000000000e+01
-4.700000000000000000e+01
-1.000000000000000000e+00
7.000000000000000000e+00
1.300000000000000000e+01
4.000000000000000000e+00
-1.200000000000000000e+01
-1.300000000000000000e+01
-2.900000000000000000e+01
8.000000000000000000e+00
-2.000000000000000000e+00
1.700000000000000000e+01
4.000000000000000000e+00
-3.000000000000000000e+00
-2.000000000000000000e+01
-5.000000000000000000e+00
-8.000000000000000000e+00
4.000000000000000000e+00
1.400000000000000000e+01
9.000000000000000000e+00
1.000000000000000000e+00
1.200000000000000000e+01
-1.800000000000000000e+01
-1.000000000000000000e+01
-1.200000000000000000e+01
7.000000000000000000e+00
-2.000000000000000000e+00
-4.000000000000000000e+00
4.100000000000000000e+01
-1.400000000000000000e+01
-1.400000000000000000e+01
1.400000000000000000e+01
1.300000000000000000e+01
5.000000000000000000e+00
3.600000000000000000e+01
1.600000000000000000e+01
1.500000000000000000e+01
-3.200000000000000000e+01
1.000000000000000000e+00
8.000000000000000000e+00
1.000000000000000000e+01
-1.300000000000000000e+01
3.000000000000000000e+00
8.000000000000000000e+00
2.100000000000000000e+01
-1.500000000000000000e+01
-1.800000000000000000e+01
-1.200000000000000000e+01
-2.000000000000000000e+00
-6.000000000000000000e+00
1.900000000000000000e+01
1.000000000000000000e+00
-1.600000000000000000e+01
-3.000000000000000000e+00
-3.000000000000000000e+00
1.800000000000000000e+01
8.000000000000000000e+00
1.100000000000000000e+01
2.300000000000000000e+01
-1.000000000000000000e+01
-2.000000000000000000e+00
3.600000000000000000e+01
3.000000000000000000e+00
1.500000000000000000e+01
4.000000000000000000e+00
7.000000000000000000e+00
-2.200000000000000000e+01
1.200000000000000000e+01
-1.400000000000000000e+01
2.700000000000000000e+01
-2.600000000000000000e+01
7.000000000000000000e+00
-1.200000000000000000e+01
-5.000000000000000000e+00
1.400000000000000000e+01
7.000000000000000000e+00
7.000000000000000000e+00
2.000000000000000000e+01
-1.000000000000000000e+01
-8.000000000000000000e+00
2.700000000000000000e+01
1.000000000000000000e+01
-8.000000000000000000e+00
-1.000000000000000000e+01
-2.400000000000000000e+01
-1.700000000000000000e+01
1.700000000000000000e+01
1.600000000000000000e+01
-2.600000000000000000e+01
-8.000000000000000000e+00
1.800000000000000000e+01
-9.000000000000000000e+00
5.000000000000000000e+00
8.000000000000000000e+00
1.000000000000000000e+00
-2.000000000000000000e+00
-1.000000000000000000e+01
-5.000000000000000000e+01
9.000000000000000000e+00
-1.200000000000000000e+01
-2.300000000000000000e+01
2.300000000000000000e+01
2.100000000000000000e+01
7.000000000000000000e+00
2.300000000000000000e+01
-5.000000000000000000e+00
3.800000000000000000e+01
-4.000000000000000000e+00
1.700000000000000000e+01
9.000000000000000000e+00
-2.100000000000000000e+01
1.400000000000000000e+01
-2.500000000000000000e+01
-4.000000000000000000e+00
-1.000000000000000000e+00
-4.000000000000000000e+00
-1.300000000000000000e+01
1.700000000000000000e+01
4.000000000000000000e+00
-1.100000000000000000e+01
-1.400000000000000000e+01
1.800000000000000000e+01
1.000000000000000000e+01
-2.900000000000000000e+01
6.000000000000000000e+00
-5.000000000000000000e+00
9.000000000000000000e+00
2.800000000000000000e+01
5.000000000000000000e+00
-1.700000000000000000e+01
-2.000000000000000000e+00
-1.200000000000000000e+01
1.700000000000000000e+01
-8.000000000000000000e+00
-2.000000000000000000e+00
1.000000000000000000e+00
-2.000000000000000000e+00
2.000000000000000000e+00
-1.000000000000000000e+00
4.000000000000000000e+00
6.000000000000000000e+00
-1.200000000000000000e+01
1.600000000000000000e+01
-1.700000000000000000e+01
-1.500000000000000000e+01
1.100000000000000000e+01
-7.000000000000000000e+00
8.000000000000000000e+00
1.000000000000000000e+00
-9.000000000000000000e+00
-4.000000000000000000e+00
2.100000000000000000e+01
1.800000000000000000e+01
-9.000000000000000000e+00
2.200000000000000000e+01
-1.500000000000000000e+01
3.000000000000000000e+01
2.000000000000000000e+01
-7.000000000000000000e+00
1.400000000000000000e+01
2.000000000000000000e+01
-5.000000000000000000e+00
-2.600000000000000000e+01
8.000000000000000000e+00
1.100000000000000000e+01
-1.700000000000000000e+01
1.000000000000000000e+00
6.000000000000000000e+00
1.300000000000000000e+01
-2.000000000000000000e+00
-1.000000000000000000e+00
-2.600000000000000000e+01
-1.100000000000000000e+01
1.000000000000000000e+00
-5.000000000000000000e+00
1.700000000000000000e+01
-2.100000000000000000e+01
-1.400000000000000000e+01
4.000000000000000000e+00
-1.800000000000000000e+01
-3.900000000000000000e+01
6.000000000000000000e+00
-3.000000000000000000e+00
7.000000000000000000e+00
-1.700000000000000000e+01
1.000000000000000000e+01
-1.000000000000000000e+00
-8.000000000000000000e+00
-9.000000000000000000e+00
-1.000000000000000000e+00
1.000000000000000000e+01
3.100000000000000000e+01
6.000000000000000000e+00
4.000000000000000000e+00
-1.900000000000000000e+01
6.000000000000000000e+00
1.400000000000000000e+01
-1.700000000000000000e+01
9.000000000000000000e+00
-9.000000000000000000e+00
-2.000000000000000000e+00
1.200000000000000000e+01
-1.900000000000000000e+01
0.000000000000000000e+00
1.600000000000000000e+01
1.000000000000000000e+00
1.800000000000000000e+01
-2.000000000000000000e+00
9.000000000000000000e+00
1.000000000000000000e+01
8.000000000000000000e+00
3.000000000000000000e+00
-1.200000000000000000e+01
1.300000000000000000e+01
-1.200000000000000000e+01
1.400000000000000000e+01
-6.000000000000000000e+00
1.000000000000000000e+01
1.300000000000000000e+01
2.000000000000000000e+01
-6.000000000000000000e+00
-3.000000000000000000e+00
-2.300000000000000000e+01
-2.000000000000000000e+00
1.900000000000000000e+01
-1.500000000000000000e+01
-6.000000000000000000e+00
1.600000000000000000e+01
-4.000000000000000000e+00
0.000000000000000000e+00
-8.000000000000000000e+00
-7.000000000000000000e+00
6.000000000000000000e+00
-2.300000000000000000e+01
2.200000000000000000e+01
-1.300000000000000000e+01
0.000000000000000000e+00
1.200000000000000000e+01
2.000000000000000000e+00
-2.200000000000000000e+01
1.300000000000000000e+01
-4.000000000000000000e+00
1.000000000000000000e+00
-1.900000000000000000e+01
-1.100000000000000000e+01
-2.200000000000000000e+01
-7.000000000000000000e+00
5.000000000000000000e+00
-7.000000000000000000e+00
1.400000000000000000e+01
2.900000000000000000e+01
1.500000000000000000e+01
-1.200000000000000000e+01
3.000000000000000000e+00
-9.000000000000000000e+00
-1.600000000000000000e+01
9.000000000000000000e+00
-8.000000000000000000e+00
1.800000000000000000e+01
3.000000000000000000e+00
1.000000000000000000e+01
2.400000000000000000e+01
8.000000000000000000e+00
5.000000000000000000e+00
1.300000000000000000e+01
-8.000000000000000000e+00
-1.000000000000000000e+00
-2.400000000000000000e+01
6.000000000000000000e+00
-3.000000000000000000e+00
-1.800000000000000000e+01
8.000000000000000000e+00
2.200000000000000000e+01
-2.000000000000000000e+01
6.000000000000000000e+00
-1.000000000000000000e+00
-1.000000000000000000e+00
-3.200000000000000000e+01
1.100000000000000000e+01
2.500000000000000000e+01
-3.000000000000000000e+00
-2.100000000000000000e+01
-2.600000000000000000e+01
-1.000000000000000000e+00
-3.600000000000000000e+01
1.900000000000000000e+01
3.500000000000000000e+01
-7.000000000000000000e+00
-1.800000000000000000e+01
-4.000000000000000000e+00
3.000000000000000000e+00
7.000000000000000000e+00
-6.000000000000000000e+00
-5.000000000000000000e+00
1.500000000000000000e+01
1.200000000000000000e+01
-1.800000000000000000e+01
2.100000000000000000e+01
-2.000000000000000000e+01
-4.000000000000000000e+00
-1.900000000000000000e+01
-7.000000000000000000e+00
7.000000000000000000e+00
-1.300000000000000000e+01
-4.000000000000000000e+00
2.500000000000000000e+01
-8.000000000000000000e+00
5.000000000000000000e+00
-2.000000000000000000e+00
1.000000000000000000e+00
-1.700000000000000000e+01
1.800000000000000000e+01
-1.700000000000000000e+01
5.000000000000000000e+00
-1.900000000000000000e+01
1.600000000000000000e+01
3.000000000000000000e+00
-3.700000000000000000e+01
-9.000000000000000000e+00
-6.000000000000000000e+00
-9.000000000000000000e+00
-8.000000000000000000e+00
-3.000000000000000000e+00
3.000000000000000000e+00
-3.000000000000000000e+00
2.500000000000000000e+01
1.000000000000000000e+01
1.000000000000000000e+01
-4.000000000000000000e+00
-5.000000000000000000e+01
9.000000000000000000e+00
3.000000000000000000e+00
5.000000000000000000e+00
-2.300000000000000000e+01
-4.000000000000000000e+00
-3.000000000000000000e+00
4.000000000000000000e+00
-3.600000000000000000e+01
-8.000000000000000000e+00
-7.000000000000000000e+00
1.000000000000000000e+01
9.000000000000000000e+00
1.800000000000000000e+01
-1.100000000000000000e+01
1.000000000000000000e+00
3.000000000000000000e+00
1.000000000000000000e+00
-6.000000000000000000e+00
1.300000000000000000e+01
1.200000000000000000e+01
1.400000000000000000e+01
7.000000000000000000e+00
1.400000000000000000e+01
0.000000000000000000e+00
-1.300000000000000000e+01
0.000000000000000000e+00
2.400000000000000000e+01
-3.000000000000000000e+00
6.000000000000000000e+00
8.000000000000000000e+00
-2.100000000000000000e+01
-1.000000000000000000e+00
-1.300000000000000000e+01
-8.000000000000000000e+00
1.500000000000000000e+01
1.900000000000000000e+01
-1.300000000000000000e+01
2.700000000000000000e+01
0.000000000000000000e+00
1.900000000000000000e+01
0.000000000000000000e+00
1.700000000000000000e+01
1.700000000000000000e+01
-3.500000000000000000e+01
1.100000000000000000e+01
8.000000000000000000e+00
-1.000000000000000000e+01
8.000000000000000000e+00
8.000000000000000000e+00
-5.000000000000000000e+00
1.300000000000000000e+01
1.600000000000000000e+01
3.900000000000000000e+01
8.000000000000000000e+00
-3.000000000000000000e+00
6.000000000000000000e+00
3.000000000000000000e+00
-3.300000000000000000e+01
8.000000000000000000e+00
3.000000000000000000e+00
5.000000000000000000e+00
-1.200000000000000000e+01
-1.300000000000000000e+01
1.100000000000000000e+01
7.000000000000000000e+00
9.000000000000000000e+00
1.500000000000000000e+01
3.000000000000000000e+01
1.200000000000000000e+01
2.200000000000000000e+01
1.200000000000000000e+01
1.800000000000000000e+01
-2.000000000000000000e+00
-6.000000000000000000e+00
7.000000000000000000e+00
4.000000000000000000e+00
2.100000000000000000e+01
1.800000000000000000e+01
1.200000000000000000e+01
0.000000000000000000e+00
2.700000000000000000e+01
3.500000000000000000e+01
3.700000000000000000e+01
1.700000000000000000e+01
3.500000000000000000e+01
1.100000000000000000e+01
5.500000000000000000e+01
2.900000000000000000e+01
4.500000000000000000e+01
1.900000000000000000e+01
3.800000000000000000e+01
4.300000000000000000e+01
5.600000000000000000e+01
2.700000000000000000e+01
6.500000000000000000e+01
6.600000000000000000e+01
4.300000000000000000e+01
9.800000000000000000e+01
7.900000000000000000e+01
7.700000000000000000e+01
7.200000000000000000e+01
6.300000000000000000e+01
9.000000000000000000e+01
7.800000000000000000e+01
8.100000000000000000e+01
8.200000000000000000e+01
1.310000000000000000e+02
1.010000000000000000e+02
1.280000000000000000e+02
1.220000000000000000e+02
1.450000000000000000e+02
1.310000000000000000e+02
1.600000000000000000e+02
1.690000000000000000e+02
1.510000000000000000e+02
1.520000000000000000e+02
1.480000000000000000e+02
2.080000000000000000e+02
1.980000000000000000e+02
2.450000000000000000e+02
2.410000000000000000e+02
2.460000000000000000e+02
2.700000000000000000e+02
2.940000000000000000e+02
2.920000000000000000e+02
2.880000000000000000e+02
3.750000000000000000e+02
3.440000000000000000e+02
3.880000000000000000e+02
3.640000000000000000e+02
4.180000000000000000e+02
4.120000000000000000e+02
4.010000000000000000e+02
4.390000000000000000e+02
4.660000000000000000e+02
4.880000000000000000e+02
4.930000000000000000e+02
5.240000000000000000e+02
4.990000000000000000e+02
5.940000000000000000e+02
5.800000000000000000e+02
6.330000000000000000e+02
6.060000000000000000e+02
6.900000000000000000e+02
6.700000000000000000e+02
7.310000000000000000e+02
7.390000000000000000e+02
7.850000000000000000e+02
8.130000000000000000e+02
8.360000000000000000e+02
8.370000000000000000e+02
9.200000000000000000e+02
9.110000000000000000e+02
9.210000000000000000e+02
9.920000000000000000e+02
9.700000000000000000e+02
1.026000000000000000e+03
1.042000000000000000e+03
1.050000000000000000e+03
1.074000000000000000e+03
1.108000000000000000e+03
1.081000000000000000e+03
1.152000000000000000e+03
1.140000000000000000e+03
1.225000000000000000e+03
1.191000000000000000e+03
1.223000000000000000e+03
1.208000000000000000e+03
1.321000000000000000e+03
1.272000000000000000e+03
1.289000000000000000e+03
1.296000000000000000e+03
1.332000000000000000e+03
1.370000000000000000e+03
1.338000000000000000e+03
1.392000000000000000e+03
1.356000000000000000e+03
1.395000000000000000e+03
1.437000000000000000e+03
1.455000000000000000e+03
1.508000000000000000e+03
1.475000000000000000e+03
1.501000000000000000e+03
1.498000000000000000e+03
1.491000000000000000e+03
1.581000000000000000e+03
1.553000000000000000e+03
1.524000000000000000e+03
1.549000000000000000e+03
1.485000000000000000e+03
1.552000000000000000e+03
1.519000000000000000e+03
1.519000000000000000e+03
1.519000000000000000e+03
1.486000000000000000e+03
1.436000000000000000e+03
1.462000000000000000e+03
1.461000000000000000e+03
1.419000000000000000e+03
1.386000000000000000e+03
1.382000000000000000e+03
1.339000000000000000e+03
1.293000000000000000e+03
1.340000000000000000e+03
1.328000000000000000e+03
1.328000000000000000e+03
1.330000000000000000e+03
1.292000000000000000e+03
1.254000000000000000e+03
1.286000000000000000e+03
1.263000000000000000e+03
1.235000000000000000e+03
1.241000000000000000e+03
1.198000000000000000e+03
1.194000000000000000e+03
1.250000000000000000e+03
1.177000000000000000e+03
1.167000000000000000e+03
1.119000000000000000e+03
1.153000000000000000e+03
1.119000000000000000e+03
1.064000000000000000e+03
1.055000000000000000e+03
1.036000000000000000e+03
9.410000000000000000e+02
9.830000000000000000e+02
9.520000000000000000e+02
9.290000000000000000e+02
9.320000000000000000e+02
8.630000000000000000e+02
8.770000000000000000e+02
8.630000000000000000e+02
8.030000000000000000e+02
7.660000000000000000e+02
7.470000000000000000e+02
7.330000000000000000e+02
6.870000000000000000e+02
6.870000000000000000e+02
6.620000000000000000e+02
6.790000000000000000e+02
6.070000000000000000e+02
6.080000000000000000e+02
6.250000000000000000e+02
5.690000000000000000e+02
5.500000000000000000e+02
5.460000000000000000e+02
5.620000000000000000e+02
5.070000000000000000e+02
5.300000000000000000e+02
4.400000000000000000e+02
4.550000000000000000e+02
4.540000000000000000e+02
4.260000000000000000e+02
4.470000000000000000e+02
3.670000000000000000e+02
3.670000000000000000e+02
3.620000000000000000e+02
3.720000000000000000e+02
2.530000000000000000e+02
3.170000000000000000e+02
2.770000000000000000e+02
2.780000000000000000e+02
2.700000000000000000e+02
2.840000000000000000e+02
2.420000000000000000e+02
2.460000000000000000e+02
2.240000000000000000e+02
2.230000000000000000e+02
2.050000000000000000e+02
2.030000000000000000e+02
1.890000000000000000e+02
1.860000000000000000e+02
1.940000000000000000e+02
1.610000000000000000e+02
1.810000000000000000e+02
1.470000000000000000e+02
1.670000000000000000e+02
1.520000000000000000e+02
1.370000000000000000e+02
1.280000000000000000e+02
1.280000000000000000e+02
8.800000000000000000e+01
1.050000000000000000e+02
9.600000000000000000e+01
8.300000000000000000e+01
8.400000000000000000e+01
8.900000000000000000e+01
9.400000000000000000e+01
8.300000000000000000e+01
5.100000000000000000e+01
8.200000000000000000e+01
6.800000000000000000e+01
3.700000000000000000e+01
7.900000000000000000e+01
4.900000000000000000e+01
4.800000000000000000e+01
2.600000000000000000e+01
4.800000000000000000e+01
1.900000000000000000e+01
1.100000000000000000e+01
1.900000000000000000e+01
7.100000000000000000e+01
1.100000000000000000e+01
2.800000000000000000e+01
4.000000000000000000e+01
6.800000000000000000e+01
3.300000000000000000e+01
5.000000000000000000e+00
2.400000000000000000e+01
4.800000000000000000e+01
-7.000000000000000000e+00
1.000000000000000000e+00
2.100000000000000000e+01
3.000000000000000000e+01
5.300000000000000000e+01
2.000000000000000000e+01
-4.000000000000000000e+00
1.700000000000000000e+01
-1.000000000000000000e+00
7.000000000000000000e+00
1.700000000000000000e+01
1.800000000000000000e+01
1.400000000000000000e+01
-1.000000000000000000e+01
1.400000000000000000e+01
2.400000000000000000e+01
2.300000000000000000e+01
1.000000000000000000e+00
-1.500000000000000000e+01
3.400000000000000000e+01
3.400000000000000000e+01
1.200000000000000000e+01
1.000000000000000000e+00
-1.200000000000000000e+01
-1.100000000000000000e+01
1.000000000000000000e+01
9.000000000000000000e+00
0.000000000000000000e+00
1.900000000000000000e+01
-6.000000000000000000e+00
1.200000000000000000e+01
1.300000000000000000e+01
-1.000000000000000000e+01
3.500000000000000000e+01
1.900000000000000000e+01
1.100000000000000000e+01
1.700000000000000000e+01
9.000000000000000000e+00
2.000000000000000000e+00
0.000000000000000000e+00
8.000000000000000000e+00
-1.000000000000000000e+00
-1.200000000000000000e+01
-1.300000000000000000e+01
1.500000000000000000e+01
-1.400000000000000000e+01
-1.000000000000000000e+00
1.400000000000000000e+01
2.600000000000000000e+01
-3.000000000000000000e+00
-1.000000000000000000e+01
-5.000000000000000000e+00
6.000000000000000000e+00
-1.400000000000000000e+01
-1.500000000000000000e+01
1.200000000000000000e+01
1.900000000000000000e+01
1.100000000000000000e+01
1.100000000000000000e+01
-6.000000000000000000e+00
-2.500000000000000000e+01
8.000000000000000000e+00
-1.000000000000000000e+01
8.000000000000000000e+00
-4.000000000000000000e+00
2.300000000000000000e+01
-1.000000000000000000e+00
1.600000000000000000e+01
-2.000000000000000000e+00
1.100000000000000000e+01
1.100000000000000000e+01
-1.700000000000000000e+01
1.800000000000000000e+01
1.500000000000000000e+01
-1.200000000000000000e+01
4.000000000000000000e+00
7.000000000000000000e+00
2.500000000000000000e+01
-7.000000000000000000e+00
3.000000000000000000e+00
2.000000000000000000e+00
1.000000000000000000e+00
-5.000000000000000000e+00
-1.000000000000000000e+00
