2.000000000000000000e+00
-2.000000000000000000e+00
2.000000000000000000e+00
3.000000000000000000e+00
4.000000000000000000e+00
-6.000000000000000000e+00
-2.000000000000000000e+01
5.000000000000000000e+00
-1.000000000000000000e+00
0.000000000000000000e+00
1.200000000000000000e+01
-1.600000000000000000e+01
3.000000000000000000e+00
8.000000000000000000e+00
5.000000000000000000e+00
1.500000000000000000e+01
0.000000000000000000e+00
7.000000000000000000e+00
1.000000000000000000e+00
5.000000000000000000e+00
4.000000000000000000e+01
4.000000000000000000e+00
1.700000000000000000e+01
-1.700000000000000000e+01
-2.700000000000000000e+01
8.000000000000000000e+00
1.500000000000000000e+01
-5.000000000000000000e+00
-6.000000000000000000e+00
-3.000000000000000000e+00
5.000000000000000000e+00
-3.200000000000000000e+01
2.200000000000000000e+01
3.000000000000000000e+00
-5.000000000000000000e+00
-2.600000000000000000e+01
-2.100000000000000000e+01
2.000000000000000000e+00
-1.300000000000000000e+01
2.000000000000000000e+00
-9.000000000000000000e+00
9.000000000000000000e+00
-1.900000000000000000e+01
-6.000000000000000000e+00
-6.000000000000000000e+00
-5.000000000000000000e+00
1.000000000000000000e+00
6.000000000000000000e+00
2.100000000000000000e+01
-1.000000000000000000e+00
0.000000000000000000e+00
-1.500000000000000000e+01
-1.400000000000000000e+01
-1.100000000000000000e+01
-1.700000000000000000e+01
9.000000000000000000e+00
2.200000000000000000e+01
-5.100000000000000000e+01
-2.600000000000000000e+01
-1.200000000000000000e+01
-5.000000000000000000e+00
2.500000000000000000e+01
-1.200000000000000000e+01
3.000000000000000000e+00
1.000000000000000000e+01
8.000000000000000000e+00
1.000000000000000000e+00
1.700000000000000000e+01
0.000000000000000000e+00
-1.100000000000000000e+01
1.400000000000000000e+01
-4.000000000000000000e+00
-1.100000000000000000e+01
-1.900000000000000000e+01
2.000000000000000000e+01
1.100000000000000000e+01
1.100000000000000000e+01
-3.000000000000000000e+00
4.000000000000000000e+00
-1.100000000000000000e+01
3.000000000000000000e+00
6.000000000000000000e+00
-2.400000000000000000e+01
3.000000000000000000e+00
1.100000000000000000e+01
-1.600000000000000000e+01
3.000000000000000000e+00
-1.700000000000000000e+01
1.600000000000000000e+01
-1.900000000000000000e+01
-6.000000000000000000e+00
-4.000000000000000000e+00
1.500000000000000000e+01
-4.000000000000000000e+00
2.600000000000000000e+01
-6.000000000000000000e+00
-9.000000000000000000e+00
8.000000000000000000e+00
-2.400000000000000000e+01
-1.000000000000000000e+00
-1.000000000000000000e+01
8.000000000000000000e+00
-6.000000000000000000e+00
-8.000000000000000000e+00
-1.700000000000000000e+01
-9.000000000000000000e+00
-1.500000000000000000e+01
3.800000000000000000e+01
8.000000000000000000e+00
-1.300000000000000000e+01
-8.000000000000000000e+00
2.200000000000000000e+01
1.200000000000000000e+01
-1.800000000000000000e+01
-1.900000000000000000e+01
1.700000000000000000e+01
8.000000000000000000e+00
6.000000000000000000e+00
-5.000000000000000000e+00
9.000000000000000000e+00
-1.200000000000000000e+01
6.000000000000000000e+00
7.000000000000000000e+00
3.100000000000000000e+01
1.300000000000000000e+01
-2.800000000000000000e+01
-1.000000000000000000e+00
-6.000000000000000000e+00
1.600000000000000000e+01
-2.000000000000000000e+00
2.000000000000000000e+00
5.400000000000000000e+01
-1.800000000000000000e+01
1.300000000000000000e+01
6.000000000000000000e+00
7.000000000000000000e+00
1.000000000000000000e+01
1.100000000000000000e+01
-1.100000000000000000e+01
1.400000000000000000e+01
4.000000000000000000e+00
-1.100000000000000000e+01
-3.600000000000000000e+01
-7.000000000000000000e+00
9.000000000000000000e+00
5.000000000000000000e+00
1.000000000000000000e+00
-2.000000000000000000e+01
-1.400000000000000000e+01
-5.000000000000000000e+00
1.000000000000000000e+00
5.000000000000000000e+00
6.000000000000000000e+00
1.900000000000000000e+01
0.000000000000000000e+00
-7.000000000000000000e+00
2.400000000000000000e+01
-5.000000000000000000e+00
-1.300000000000000000e+01
1.000000000000000000e+00
5.000000000000000000e+00
-1.300000000000000000e+01
-3.100000000000000000e+01
-5.000000000000000000e+00
-2.900000000000000000e+01
-5.000000000000000000e+00
-1.000000000000000000e+01
-2.900000000000000000e+01
1.900000000000000000e+01
2.000000000000000000e+00
6.000000000000000000e+00
4.000000000000000000e+00
-1.700000000000000000e+01
2.800000000000000000e+01
-1.500000000000000000e+01
-1.300000000000000000e+01
-2.400000000000000000e+01
-3.000000000000000000e+00
-1.300000000000000000e+01
-3.000000000000000000e+00
5.000000000000000000e+00
1.000000000000000000e+00
1.700000000000000000e+01
-1.700000000000000000e+01
9.000000000000000000e+00
-3.900000000000000000e+01
-2.000000000000000000e+00
-2.200000000000000000e+01
-5.000000000000000000e+00
2.000000000000000000e+01
-3.000000000000000000e+00
-3.300000000000000000e+01
-7.000000000000000000e+00
-1.700000000000000000e+01
1.300000000000000000e+01
1.600000000000000000e+01
1.000000000000000000e+01
2.500000000000000000e+01
1.200000000000000000e+01
6.000000000000000000e+00
5.000000000000000000e+00
9.000000000000000000e+00
5.000000000000000000e+00
1.900000000000000000e+01
1.300000000000000000e+01
-1.800000000000000000e+01
1.300000000000000000e+01
-1.700000000000000000e+01
-6.000000000000000000e+00
-5.000000000000000000e+00
2.200000000000000000e+01
-9.000000000000000000e+00
1.600000000000000000e+01
6.000000000000000000e+00
1.700000000000000000e+01
7.000000000000000000e+00
2.000000000000000000e+00
6.000000000000000000e+00
1.800000000000000000e+01
1.000000000000000000e+00
4.000000000000000000e+01
-1.800000000000000000e+01
-2.800000000000000000e+01
1.500000000000000000e+01
-2.900000000000000000e+01
1.100000000000000000e+01
-1.600000000000000000e+01
5.000000000000000000e+00
-1.000000000000000000e+00
1.800000000000000000e+01
-2.000000000000000000e+01
2.000000000000000000e+00
4.000000000000000000e+00
3.100000000000000000e+01
-2.500000000000000000e+01
9.000000000000000000e+00
-1.200000000000000000e+01
3.000000000000000000e+00
0.000000000000000000e+00
0.000000000000000000e+00
0.000000000000000000e+00
-4.000000000000000000e+00
3.200000000000000000e+01
-6.000000000000000000e+00
2.100000000000000000e+01
1.300000000000000000e+01
-6.000000000000000000e+00
1.000000000000000000e+01
-8.000000000000000000e+00
3.500000000000000000e+01
1.400000000000000000e+01
-1.900000000000000000e+01
-4.000000000000000000e+00
-5.000000000000000000e+00
-1.000000000000000000e+01
-7.000000000000000000e+00
1.100000000000000000e+01
-1.800000000000000000e+01
-2.100000000000000000e+01
-1.400000000000000000e+01
1.100000000000000000e+01
5.000000000000000000e+00
2.200000000000000000e+01
5.000000000000000000e+00
1.500000000000000000e+01
2.000000000000000000e+00
-6.000000000000000000e+00
4.300000000000000000e+01
3.100000000000000000e+01
1.200000000000000000e+01
1.400000000000000000e+01
1.000000000000000000e+00
-2.500000000000000000e+01
-1.900000000000000000e+01
1.400000000000000000e+01
2.000000000000000000e+00
-2.900000000000000000e+01
-3.000000000000000000e+01
-1.500000000000000000e+01
1.700000000000000000e+01
3.000000000000000000e+00
-1.300000000000000000e+01
-5.000000000000000000e+00
-4.000000000000000000e+00
1.300000000000000000e+01
-1.000000000000000000e+00
-3.700000000000000000e+01
-8.000000000000000000e+00
-4.400000000000000000e+01
7.000000000000000000e+00
-1.600000000000000000e+01
6.000000000000000000e+00
-1.400000000000000000e+01
1.000000000000000000e+00
1.500000000000000000e+01
2.000000000000000000e+01
9.000000000000000000e+00
-1.400000000000000000e+01
6.000000000000000000e+00
3.000000000000000000e+00
-1.300000000000000000e+01
-1.100000000000000000e+01
-2.500000000000000000e+01
1.000000000000000000e+00
-1.400000000000000000e+01
-1.800000000000000000e+01
-8.000000000000000000e+00
-6.000000000000000000e+00
-7.000000000000000000e+00
1.000000000000000000e+00
-2.800000000000000000e+01
3.100000000000000000e+01
9.000000000000000000e+00
-1.300000000000000000e+01
3.000000000000000000e+00
1.400000000000000000e+01
-2.000000000000000000e+01
1.300000000000000000e+01
-1.500000000000000000e+01
-1.600000000000000000e+01
-1.500000000000000000e+01
-4.000000000000000000e+00
-5.000000000000000000e+00
-1.900000000000000000e+01
1.600000000000000000e+01
-2.700000000000000000e+01
2.000000000000000000e+01
-7.000000000000000000e+00
-7.000000000000000000e+00
1.600000000000000000e+01
2.700000000000000000e+01
5.700000000000000000e+01
-3.000000000000000000e+01
-1.700000000000000000e+01
1.800000000000000000e+01
3.000000000000000000e+00
-2.100000000000000000e+01
1.000000000000000000e+00
-5.000000000000000000e+00
1.200000000000000000e+01
8.000000000000000000e+00
-2.000000000000000000e+01
-5.000000000000000000e+00
1.800000000000000000e+01
3.000000000000000000e+00
-2.600000000000000000e+01
-3.000000000000000000e+00
-3.000000000000000000e+00
-9.000000000000000000e+00
-7.000000000000000000e+00
-9.000000000000000000e+00
-3.000000000000000000e+00
1.800000000000000000e+01
-1.800000000000000000e+01
1.000000000000000000e+00
-1.100000000000000000e+01
1.400000000000000000e+01
-1.500000000000000000e+01
4.000000000000000000e+00
-2.100000000000000000e+01
-2.300000000000000000e+01
6.000000000000000000e+00
-1.700000000000000000e+01
1.400000000000000000e+01
-6.000000000000000000e+00
-1.000000000000000000e+00
-5.000000000000000000e+00
1.000000000000000000e+00
-1.000000000000000000e+00
-1.200000000000000000e+01
7.000000000000000000e+00
1.300000000000000000e+01
-1.200000000000000000e+01
-1.300000000000000000e+01
-2.200000000000000000e+01
1.000000000000000000e+00
-1.900000000000000000e+01
-1.500000000000000000e+01
-1.000000000000000000e+01
-6.000000000000000000e+00
2.600000000000000000e+01
-1.600000000000000000e+01
-4.000000000000000000e+01
2.900000000000000000e+01
-2.500000000000000000e+01
1.700000000000000000e+01
4.000000000000000000e+00
-1.200000000000000000e+01
8.000000000000000000e+00
1.500000000000000000e+01
-1.300000000000000000e+01
3.000000000000000000e+01
-6.000000000000000000e+00
-2.600000000000000000e+01
-2.000000000000000000e+00
1.300000000000000000e+01
3.700000000000000000e+01
1.600000000000000000e+01
8.000000000000000000e+00
4.000000000000000000e+01
2.000000000000000000e+00
1.000000000000000000e+00
1.600000000000000000e+01
-2.100000000000000000e+01
-2.200000000000000000e+01
7.000000000000000000e+00
2.100000000000000000e+01
4.000000000000000000e+00
1.000000000000000000e+00
-1.600000000000000000e+01
-1.100000000000000000e+01
0.000000000000000000e+00
-1.000000000000000000e+00
-1.400000000000000000e+01
-3.000000000000000000e+00
0.000000000000000000e+00
6.000000000000000000e+00
5.000000000000000000e+00
-1.500000000000000000e+01
1.700000000000000000e+01
3.100000000000000000e+01
-2.000000000000000000e+00
-2.000000000000000000e+01
-7.000000000000000000e+00
6.000000000000000000e+00
7.000000000000000000e+00
1.000000000000000000e+00
1.200000000000000000e+01
-7.000000000000000000e+00
1.300000000000000000e+01
-2.000000000000000000e+01
-6.000000000000000000e+00
0.000000000000000000e+00
-3.000000000000000000e+00
1.200000000000000000e+01
-1.800000000000000000e+01
-1.000000000000000000e+01
-1.500000000000000000e+01
4.000000000000000000e+00
-1.600000000000000000e+01
2.100000000000000000e+01
-3.200000000000000000e+01
-4.000000000000000000e+00
2.000000000000000000e+01
3.300000000000000000e+01
3.000000000000000000e+01
1.100000000000000000e+01
-2.000000000000000000e+01
-2.300000000000000000e+01
0.000000000000000000e+00
1.800000000000000000e+01
1.100000000000000000e+01
-6.000000000000000000e+00
-1.900000000000000000e+01
-2.400000000000000000e+01
1.600000000000000000e+01
2.800000000000000000e+01
2.000000000000000000e+00
8.000000000000000000e+00
-3.100000000000000000e+01
-2.800000000000000000e+01
-1.700000000000000000e+01
-1.000000000000000000e+01
-2.500000000000000000e+01
1.500000000000000000e+01
1.200000000000000000e+01
9.000000000000000000e+00
1.700000000000000000e+01
-3.100000000000000000e+01
-4.000000000000000000e+00
-1.800000000000000000e+01
2.000000000000000000e+00
8.400000000000000000e+01
-2.300000000000000000e+01
2.000000000000000000e+00
7.000000000000000000e+00
5.000000000000000000e+00
0.000000000000000000e+00
1.400000000000000000e+01
-1.500000000000000000e+01
4.000000000000000000e+00
5.000000000000000000e+00
9.000000000000000000e+00
6.000000000000000000e+00
1.200000000000000000e+01
-9.000000000000000000e+00
1.500000000000000000e+01
1.500000000000000000e+01
-2.000000000000000000e+01
1.700000000000000000e+01
2.100000000000000000e+01
4.000000000000000000e+00
3.000000000000000000e+00
-9.000000000000000000e+00
2.000000000000000000e+00
1.000000000000000000e+00
-5.000000000000000000e+00
1.000000000000000000e+00
1.300000000000000000e+01
1.100000000000000000e+01
3.200000000000000000e+01
1.900000000000000000e+01
-1.000000000000000000e+00
2.000000000000000000e+01
-5.000000000000000000e+00
-7.000000000000000000e+00
-8.000000000000000000e+00
2.000000000000000000e+00
-2.700000000000000000e+01
-1.600000000000000000e+01
-2.900000000000000000e+01
8.000000000000000000e+00
-4.000000000000000000e+00
-2.500000000000000000e+01
2.000000000000000000e+00
-6.000000000000000000e+00
-9.000000000000000000e+00
3.000000000000000000e+00
0.000000000000000000e+00
-1.100000000000000000e+01
-8.000000000000000000e+00
7.000000000000000000e+00
3.000000000000000000e+00
-1.000000000000000000e+01
-7.000000000000000000e+00
-1.200000000000000000e+01
1.600000000000000000e+01
2.900000000000000000e+01
2.400000000000000000e+01
6.000000000000000000e+00
5.000000000000000000e+00
1.500000000000000000e+01
2.700000000000000000e+01
3.400000000000000000e+01
1.400000000000000000e+01
3.000000000000000000e+00
-2.100000000000000000e+01
-2.500000000000000000e+01
-2.000000000000000000e+00
4.000000000000000000e+00
4.100000000000000000e+01
2.300000000000000000e+01
2.100000000000000000e+01
9.000000000000000000e+00
2.500000000000000000e+01
-1.200000000000000000e+01
3.600000000000000000e+01
-2.500000000000000000e+01
2.100000000000000000e+01
-2.100000000000000000e+01
1.000000000000000000e+00
-1.600000000000000000e+01
2.800000000000000000e+01
-1.900000000000000000e+01
4.000000000000000000e+01
-6.000000000000000000e+00
1.000000000000000000e+01
1.500000000000000000e+01
-6.000000000000000000e+00
6.000000000000000000e+00
-1.400000000000000000e+01
-1.300000000000000000e+01
1.600000000000000000e+01
0.000000000000000000e+00
0.000000000000000000e+00
-1.200000000000000000e+01
1.100000000000000000e+01
1.800000000000000000e+01
-1.500000000000000000e+01
2.400000000000000000e+01
-2.000000000000000000e+00
2.100000000000000000e+01
2.000000000000000000e+01
-6.000000000000000000e+00
2.200000000000000000e+01
2.000000000000000000e+01
0.000000000000000000e+00
-1.000000000000000000e+01
0.000000000000000000e+00
0.000000000000000000e+00
-8.000000000000000000e+00
1.900000000000000000e+01
1.400000000000000000e+01
-8.000000000000000000e+00
1.900000000000000000e+01
2.600000000000000000e+01
-8.000000000000000000e+00
1.100000000000000000e+01
-1.000000000000000000e+00
2.700000000000000000e+01
-1.300000000000000000e+01
3.000000000000000000e+00
0.000000000000000000e+00
0.000000000000000000e+00
1.500000000000000000e+01
2.000000000000000000e+00
-9.000000000000000000e+00
-1.600000000000000000e+01
2.400000000000000000e+01
-3.000000000000000000e+00
0.000000000000000000e+00
2.000000000000000000e+00
1.900000000000000000e+01
-9.000000000000000000e+00
2.000000000000000000e+00
4.000000000000000000e+00
2.200000000000000000e+01
1.700000000000000000e+01
5.000000000000000000e+00
4.000000000000000000e+00
-4.000000000000000000e+00
1.800000000000000000e+01
-8.000000000000000000e+00
2.400000000000000000e+01
-4.000000000000000000e+00
-1.100000000000000000e+01
-3.600000000000000000e+01
3.000000000000000000e+00
7.000000000000000000e+00
-9.000000000000000000e+00
2.100000000000000000e+01
-8.000000000000000000e+00
2.100000000000000000e+01
1.800000000000000000e+01
-2.400000000000000000e+01
-1.600000000000000000e+01
5.000000000000000000e+00
5.000000000000000000e+00
6.000000000000000000e+00
-1.500000000000000000e+01
4.200000000000000000e+01
-2.200000000000000000e+01
-9.000000000000000000e+00
1.200000000000000000e+01
1.500000000000000000e+01
4.000000000000000000e+00
-4.000000000000000000e+00
8.000000000000000000e+00
2.100000000000000000e+01
-2.500000000000000000e+01
2.200000000000000000e+01
8.000000000000000000e+00
-1.500000000000000000e+01
-1.200000000000000000e+01
2.200000000000000000e+01
0.000000000000000000e+00
-1.000000000000000000e+01
-1.000000000000000000e+00
-7.000000000000000000e+00
-5.000000000000000000e+00
-1.000000000000000000e+00
-1.800000000000000000e+01
4.000000000000000000e+01
4.400000000000000000e+01
2.300000000000000000e+01
-2.400000000000000000e+01
8.000000000000000000e+00
1.900000000000000000e+01
2.300000000000000000e+01
3.000000000000000000e+01
3.100000000000000000e+01
2.100000000000000000e+01
-2.900000000000000000e+01
1.700000000000000000e+01
-8.000000000000000000e+00
-9.000000000000000000e+00
1.100000000000000000e+01
3.400000000000000000e+01
-5.000000000000000000e+00
3.000000000000000000e+00
-1.600000000000000000e+01
-1.300000000000000000e+01
4.900000000000000000e+01
4.000000000000000000e+00
0.000000000000000000e+00
-1.600000000000000000e+01
1.700000000000000000e+01
4.200000000000000000e+01
-1.000000000000000000e+00
-1.800000000000000000e+01
1.300000000000000000e+01
4.500000000000000000e+01
-4.000000000000000000e+00
-1.000000000000000000e+01
5.000000000000000000e+00
-1.800000000000000000e+01
2.200000000000000000e+01
4.000000000000000000e+00
-1.700000000000000000e+01
-6.000000000000000000e+00
-5.000000000000000000e+00
9.000000000000000000e+00
2.200000000000000000e+01
-1.000000000000000000e+00
7.000000000000000000e+00
-1.200000000000000000e+01
6.000000000000000000e+00
2.000000000000000000e+01
1.300000000000000000e+01
1.800000000000000000e+01
2.000000000000000000e+01
3.900000000000000000e+01
-1.600000000000000000e+01
-4.000000000000000000e+00
2.200000000000000000e+01
2.100000000000000000e+01
-1.500000000000000000e+01
1.500000000000000000e+01
-4.000000000000000000e+00
2.900000000000000000e+01
8.000000000000000000e+00
0.000000000000000000e+00
2.500000000000000000e+01
1.700000000000000000e+01
1.600000000000000000e+01
-1.500000000000000000e+01
2.500000000000000000e+01
2.200000000000000000e+01
2.100000000000000000e+01
3.900000000000000000e+01
-3.400000000000000000e+01
1.300000000000000000e+01
3.800000000000000000e+01
9.000000000000000000e+00
-1.000000000000000000e+00
-8.000000000000000000e+00
1.300000000000000000e+01
-1.900000000000000000e+01
1.000000000000000000e+01
2.600000000000000000e+01
2.500000000000000000e+01
-1.600000000000000000e+01
4.800000000000000000e+01
-1.700000000000000000e+01
1.000000000000000000e+00
1.500000000000000000e+01
1.100000000000000000e+01
2.000000000000000000e+00
1.600000000000000000e+01
1.500000000000000000e+01
3.300000000000000000e+01
3.000000000000000000e+00
3.000000000000000000e+01
-1.000000000000000000e+01
-2.300000000000000000e+01
-1.800000000000000000e+01
1.000000000000000000e+00
-7.000000000000000000e+00
2.200000000000000000e+01
5.000000000000000000e+00
2.400000000000000000e+01
2.600000000000000000e+01
1.300000000000000000e+01
2.700000000000000000e+01
2.400000000000000000e+01
-8.000000000000000000e+00
4.000000000000000000e+01
1.300000000000000000e+01
6.000000000000000000e+00
3.800000000000000000e+01
1.600000000000000000e+01
2.800000000000000000e+01
-6.000000000000000000e+00
-2.000000000000000000e+00
2.300000000000000000e+01
3.000000000000000000e+01
-9.000000000000000000e+00
2.800000000000000000e+01
9.000000000000000000e+00
1.700000000000000000e+01
2.800000000000000000e+01
1.400000000000000000e+01
2.800000000000000000e+01
2.500000000000000000e+01
1.300000000000000000e+01
2.200000000000000000e+01
2.200000000000000000e+01
2.500000000000000000e+01
-6.000000000000000000e+00
1.500000000000000000e+01
1.800000000000000000e+01
3.100000000000000000e+01
0.000000000000000000e+00
3.500000000000000000e+01
2.300000000000000000e+01
2.400000000000000000e+01
6.000000000000000000e+00
1.000000000000000000e+00
4.000000000000000000e+00
1.100000000000000000e+01
6.000000000000000000e+00
2.100000000000000000e+01
2.000000000000000000e+00
-1.300000000000000000e+01
4.800000000000000000e+01
0.000000000000000000e+00
1.900000000000000000e+01
1.600000000000000000e+01
0.000000000000000000e+00
1.500000000000000000e+01
2.200000000000000000e+01
2.500000000000000000e+01
0.000000000000000000e+00
-2.100000000000000000e+01
-4.000000000000000000e+00
3.500000000000000000e+01
3.200000000000000000e+01
5.000000000000000000e+00
1.500000000000000000e+01
3.100000000000000000e+01
3.900000000000000000e+01
4.000000000000000000e+01
1.800000000000000000e+01
2.500000000000000000e+01
0.000000000000000000e+00
1.500000000000000000e+01
3.100000000000000000e+01
6.000000000000000000e+00
5.000000000000000000e+01
1.000000000000000000e+00
1.000000000000000000e+00
3.700000000000000000e+01
-4.000000000000000000e+00
2.000000000000000000e+00
5.200000000000000000e+01
1.800000000000000000e+01
3.000000000000000000e+01
4.000000000000000000e+00
-1.700000000000000000e+01
1.100000000000000000e+01
1.200000000000000000e+01
1.500000000000000000e+01
-1.000000000000000000e+01
1.700000000000000000e+01
1.800000000000000000e+01
1.700000000000000000e+01
-1.700000000000000000e+01
9.000000000000000000e+00
1.500000000000000000e+01
6.300000000000000000e+01
8.000000000000000000e+00
3.000000000000000000e+01
-6.000000000000000000e+00
2.900000000000000000e+01
3.500000000000000000e+01
4.400000000000000000e+01
4.900000000000000000e+01
2.700000000000000000e+01
7.000000000000000000e+00
4.800000000000000000e+01
2.200000000000000000e+01
1.000000000000000000e+00
1.500000000000000000e+01
3.700000000000000000e+01
7.000000000000000000e+00
1.800000000000000000e+01
1.500000000000000000e+01
4.200000000000000000e+01
-3.000000000000000000e+00
7.000000000000000000e+00
3.300000000000000000e+01
3.800000000000000000e+01
3.900000000000000000e+01
2.800000000000000000e+01
2.700000000000000000e+01
7.000000000000000000e+00
9.000000000000000000e+00
2.300000000000000000e+01
2.500000000000000000e+01
8.000000000000000000e+00
2.700000000000000000e+01
2.500000000000000000e+01
2.100000000000000000e+01
1.800000000000000000e+01
5.500000000000000000e+01
6.500000000000000000e+01
1.800000000000000000e+01
3.900000000000000000e+01
6.400000000000000000e+01
2.700000000000000000e+01
3.900000000000000000e+01
2.700000000000000000e+01
4.900000000000000000e+01
7.900000000000000000e+01
7.400000000000000000e+01
3.900000000000000000e+01
1.070000000000000000e+02
8.700000000000000000e+01
8.800000000000000000e+01
1.260000000000000000e+02
1.490000000000000000e+02
1.450000000000000000e+02
1.920000000000000000e+02
2.400000000000000000e+02
2.390000000000000000e+02
2.770000000000000000e+02
2.830000000000000000e+02
3.780000000000000000e+02
4.170000000000000000e+02
4.660000000000000000e+02
5.160000000000000000e+02
5.540000000000000000e+02
6.680000000000000000e+02
8.240000000000000000e+02
9.090000000000000000e+02
9.750000000000000000e+02
1.066000000000000000e+03
1.199000000000000000e+03
1.361000000000000000e+03
1.458000000000000000e+03
1.630000000000000000e+03
1.843000000000000000e+03
1.922000000000000000e+03
2.097000000000000000e+03
2.219000000000000000e+03
2.381000000000000000e+03
2.483000000000000000e+03
2.677000000000000000e+03
2.841000000000000000e+03
3.019000000000000000e+03
3.177000000000000000e+03
3.260000000000000000e+03
3.479000000000000000e+03
3.578000000000000000e+03
3.715000000000000000e+03
3.796000000000000000e+03
3.884000000000000000e+03
3.950000000000000000e+03
4.003000000000000000e+03
4.066000000000000000e+03
4.144000000000000000e+03
4.175000000000000000e+03
4.171000000000000000e+03
4.091000000000000000e+03
4.177000000000000000e+03
4.004000000000000000e+03
4.039000000000000000e+03
3.974000000000000000e+03
3.902000000000000000e+03
3.785000000000000000e+03
3.694000000000000000e+03
3.630000000000000000e+03
3.422000000000000000e+03
3.343000000000000000e+03
3.092000000000000000e+03
2.999000000000000000e+03
2.877000000000000000e+03
2.727000000000000000e+03
2.577000000000000000e+03
2.345000000000000000e+03
2.341000000000000000e+03
2.153000000000000000e+03
2.008000000000000000e+03
1.833000000000000000e+03
1.663000000000000000e+03
1.559000000000000000e+03
1.414000000000000000e+03
1.354000000000000000e+03
1.229000000000000000e+03
1.091000000000000000e+03
9.750000000000000000e+02
8.720000000000000000e+02
8.230000000000000000e+02
7.140000000000000000e+02
6.130000000000000000e+02
5.350000000000000000e+02
4.880000000000000000e+02
4.250000000000000000e+02
4.010000000000000000e+02
3.000000000000000000e+02
3.150000000000000000e+02
2.360000000000000000e+02
2.290000000000000000e+02
1.720000000000000000e+02
1.730000000000000000e+02
1.490000000000000000e+02
1.200000000000000000e+02
1.050000000000000000e+02
8.500000000000000000e+01
4.800000000000000000e+01
6.500000000000000000e+01
5.600000000000000000e+01
2.700000000000000000e+01
1.700000000000000000e+01
2.600000000000000000e+01
3.600000000000000000e+01
3.200000000000000000e+01
4.400000000000000000e+01
2.100000000000000000e+01
9.000000000000000000e+00
3.600000000000000000e+01
4.400000000000000000e+01
1.000000000000000000e+01
1.600000000000000000e+01
2.500000000000000000e+01
2.400000000000000000e+01
2.100000000000000000e+01
1.800000000000000000e+01
8.000000000000000000e+00
1.400000000000000000e+01
1.800000000000000000e+01
0.000000000000000000e+00
1.900000000000000000e+01
-2.100000000000000000e+01
2.200000000000000000e+01
2.300000000000000000e+01
-6.000000000000000000e+00
2.600000000000000000e+01
6.000000000000000000e+00
4.000000000000000000e+01
-5.000000000000000000e+00
1.100000000000000000e+01
-1.400000000000000000e+01
-1.100000000000000000e+01
1.400000000000000000e+01
2.500000000000000000e+01
1.100000000000000000e+01
6.000000000000000000e+00
-3.000000000000000000e+01
1.800000000000000000e+01
-6.000000000000000000e+00
3.000000000000000000e+00
4.900000000000000000e+01
1.600000000000000000e+01
2.200000000000000000e+01
1.900000000000000000e+01
2.900000000000000000e+01
-3.000000000000000000e+00
1.500000000000000000e+01
1.400000000000000000e+01
-2.900000000000000000e+01
2.200000000000000000e+01
2.100000000000000000e+01
1.300000000000000000e+01
1.000000000000000000e+00
2.600000000000000000e+01
1.900000000000000000e+01
1.100000000000000000e+01
1.700000000000000000e+01
4.200000000000000000e+01
7.000000000000000000e+00
4.400000000000000000e+01
2.200000000000000000e+01
1.500000000000000000e+01
8.000000000000000000e+00
-1.600000000000000000e+01
2.200000000000000000e+01
7.000000000000000000e+00
3.300000000000000000e+01
2.700000000000000000e+01
3.300000000000000000e+01
-1.000000000000000000e+01
1.100000000000000000e+01
6.000000000000000000e+00
3.200000000000000000e+01
2.400000000000000000e+01
4.300000000000000000e+01
1.800000000000000000e+01
-1.800000000000000000e+01
2.100000000000000000e+01
1.000000000000000000e+01
-8.000000000000000000e+00
5.300000000000000000e+01
2.400000000000000000e+01
-4.000000000000000000e+00
-2.000000000000000000e+00
1.000000000000000000e+00
2.400000000000000000e+01
1.100000000000000000e+01
3.000000000000000000e+00
-9.000000000000000000e+00
1.800000000000000000e+01
1.500000000000000000e+01
1.200000000000000000e+01
1.300000000000000000e+01
2.000000000000000000e+01
2.200000000000000000e+01
1.400000000000000000e+01
1.900000000000000000e+01
2.600000000000000000e+01
2.000000000000000000e+00
1.800000000000000000e+01
3.000000000000000000e+00
-3.000000000000000000e+00
0.000000000000000000e+00
1.600000000000000000e+01
3.200000000000000000e+01
-6.000000000000000000e+00
3.900000000000000000e+01
0.000000000000000000e+00
1.500000000000000000e+01
1.500000000000000000e+01
-4.000000000000000000e+00
-2.000000000000000000e+00
1.900000000000000000e+01
1.400000000000000000e+01
2.400000000000000000e+01
-1.800000000000000000e+01
2.500000000000000000e+01
2.300000000000000000e+01
6.000000000000000000e+00
7.000000000000000000e+00
5.000000000000000000e+00
-4.000000000000000000e+00
1.700000000000000000e+01
-1.300000000000000000e+01
3.600000000000000000e+01
0.000000000000000000e+00
1.300000000000000000e+01
1.500000000000000000e+01
2.600000000000000000e+01
-4.000000000000000000e+00
1.400000000000000000e+01
-1.900000000000000000e+01
2.000000000000000000e+00
1.500000000000000000e+01
6.000000000000000000e+00
2.300000000000000000e+01
2.500000000000000000e+01
-1.000000000000000000e+00
4.800000000000000000e+01
1.400000000000000000e+01
-2.900000000000000000e+01
3.200000000000000000e+01
1.300000000000000000e+01
1.600000000000000000e+01
9.000000000000000000e+00
-1.000000000000000000e+01
1.100000000000000000e+01
2.400000000000000000e+01
-1.100000000000000000e+01
-1.400000000000000000e+01
-3.000000000000000000e+00
4.000000000000000000e+00
3.100000000000000000e+01
4.000000000000000000e+00
-1.200000000000000000e+01
9.000000000000000000e+00
-1.400000000000000000e+01
-1.700000000000000000e+01
-9.000000000000000000e+00
1.300000000000000000e+01
5.000000000000000000e+00
2.600000000000000000e+01
4.700000000000000000e+01
-1.600000000000000000e+01
1.800000000000000000e+01
6.000000000000000000e+00
5.000000000000000000e+00
1.200000000000000000e+01
1.400000000000000000e+01
1.000000000000000000e+01
1.900000000000000000e+01
8.000000000000000000e+00
1.800000000000000000e+01
-1.600000000000000000e+01
3.400000000000000000e+01
3.800000000000000000e+01
3.000000000000000000e+00
5.000000000000000000e+00
2.000000000000000000e+01
1.600000000000000000e+01
3.000000000000000000e+00
1.400000000000000000e+01
4.000000000000000000e+00
-1.200000000000000000e+01
2.800000000000000000e+01
1.100000000000000000e+01
2.900000000000000000e+01
2.200000000000000000e+01
8.000000000000000000e+00
8.000000000000000000e+00
-1.500000000000000000e+01
-8.000000000000000000e+00
3.000000000000000000e+01
-7.000000000000000000e+00
1.300000000000000000e+01
-2.500000000000000000e+01
0.000000000000000000e+00
-8.000000000000000000e+00
-1.400000000000000000e+01
-5.000000000000000000e+00
2.500000000000000000e+01
2.400000000000000000e+01
1.200000000000000000e+01
1.100000000000000000e+01
1.000000000000000000e+01
1.400000000000000000e+01
1.300000000000000000e+01
-3.000000000000000000e+00
4.000000000000000000e+00
3.000000000000000000e+00
-3.000000000000000000e+00
-3.100000000000000000e+01
1.900000000000000000e+01
2.200000000000000000e+01
1.800000000000000000e+01
6.000000000000000000e+00
4.200000000000000000e+01
3.000000000000000000e+00
0.000000000000000000e+00
1.400000000000000000e+01
-6.000000000000000000e+00
6.000000000000000000e+00
6.000000000000000000e+00
1.300000000000000000e+01
1.800000000000000000e+01
8.000000000000000000e+00
-7.000000000000000000e+00
2.900000000000000000e+01
-1.000000000000000000e+01
-7.000000000000000000e+00
3.600000000000000000e+01
1.300000000000000000e+01
-1.100000000000000000e+01
-1.900000000000000000e+01
-6.000000000000000000e+00
3.000000000000000000e+01
1.800000000000000000e+01
1.100000000000000000e+01
-9.000000000000000000e+00
-1.400000000000000000e+01
2.800000000000000000e+01
-7.000000000000000000e+00
4.000000000000000000e+00
-6.000000000000000000e+00
-2.000000000000000000e+00
6.000000000000000000e+00
1.500000000000000000e+01
-1.000000000000000000e+01
1.200000000000000000e+01
-1.000000000000000000e+01
4.000000000000000000e+00
2.200000000000000000e+01
-2.300000000000000000e+01
-1.000000000000000000e+01
7.000000000000000000e+00
3.000000000000000000e+00
1.300000000000000000e+01
-3.000000000000000000e+00
-1.000000000000000000e+01
-1.000000000000000000e+00
4.100000000000000000e+01
-6.000000000000000000e+00
1.500000000000000000e+01
-1.500000000000000000e+01
3.100000000000000000e+01
2.400000000000000000e+01
7.000000000000000000e+00
1.100000000000000000e+01
2.000000000000000000e+00
1.100000000000000000e+01
4.000000000000000000e+00
7.000000000000000000e+00
2.000000000000000000e+00
4.000000000000000000e+00
-3.000000000000000000e+00
1.800000000000000000e+01
-4.000000000000000000e+00
2.000000000000000000e+00
7.000000000000000000e+00
8.000000000000000000e+00
4.000000000000000000e+01
2.100000000000000000e+01
-3.000000000000000000e+00
-3.000000000000000000e+00
-7.000000000000000000e+00
-3.000000000000000000e+00
6.000000000000000000e+00
7.000000000000000000e+00
-9.000000000000000000e+00
2.300000000000000000e+01
-8.000000000000000000e+00
-3.000000000000000000e+00
-1.100000000000000000e+01
4.000000000000000000e+00
3.100000000000000000e+01
4.000000000000000000e+00
-1.300000000000000000e+01
2.600000000000000000e+01
5.000000000000000000e+00
1.700000000000000000e+01
1.700000000000000000e+01
8.000000000000000000e+00
-3.100000000000000000e+01
-1.400000000000000000e+01
6.000000000000000000e+00
5.000000000000000000e+00
1.000000000000000000e+01
-1.700000000000000000e+01
-4.000000000000000000e+00
2.900000000000000000e+01
2.100000000000000000e+01
8.000000000000000000e+00
0.000000000000000000e+00
-1.600000000000000000e+01
-3.000000000000000000e+00
2.200000000000000000e+01
-1.200000000000000000e+01
-4.000000000000000000e+00
9.000000000000000000e+00
-2.700000000000000000e+01
1.400000000000000000e+01
1.000000000000000000e+00
-8.000000000000000000e+00
-1.000000000000000000e+00
-1.300000000000000000e+01
-1.600000000000000000e+01
1.300000000000000000e+01
-2.000000000000000000e+00
4.000000000000000000e+00
8.000000000000000000e+00
1.900000000000000000e+01
6.000000000000000000e+00
-1.900000000000000000e+01
-5.000000000000000000e+00
1.300000000000000000e+01
-2.800000000000000000e+01
-1.000000000000000000e+01
4.000000000000000000e+00
1.100000000000000000e+01
-1.200000000000000000e+01
-6.000000000000000000e+00
-5.000000000000000000e+00
1.000000000000000000e+00
6.000000000000000000e+00
-1.900000000000000000e+01
-3.700000000000000000e+01
3.500000000000000000e+01
-7.000000000000000000e+00
3.700000000000000000e+01
6.000000000000000000e+00
2.900000000000000000e+01
-4.000000000000000000e+00
8.000000000000000000e+00
-5.000000000000000000e+00
7.000000000000000000e+00
-7.000000000000000000e+00
-3.000000000000000000e+00
5.000000000000000000e+00
-3.200000000000000000e+01
9.000000000000000000e+00
3.200000000000000000e+01
9.000000000000000000e+00
6.000000000000000000e+00
6.400000000000000000e+01
7.000000000000000000e+00
2.500000000000000000e+01
9.000000000000000000e+00
9.000000000000000000e+00
-1.200000000000000000e+01
-2.400000000000000000e+01
-2.000000000000000000e+00
9.000000000000000000e+00
-4.000000000000000000e+00
2.000000000000000000e+00
2.400000000000000000e+01
-8.000000000000000000e+00
-1.500000000000000000e+01
-1.800000000000000000e+01
1.000000000000000000e+00
2.000000000000000000e+01
3.300000000000000000e+01
2.600000000000000000e+01
4.000000000000000000e+00
2.100000000000000000e+01
-5.000000000000000000e+00
-6.000000000000000000e+00
-6.000000000000000000e+00
-1.000000000000000000e+00
-1.700000000000000000e+01
1.600000000000000000e+01
2.600000000000000000e+01
1.200000000000000000e+01
-6.000000000000000000e+00
-3.000000000000000000e+00
1.100000000000000000e+01
2.200000000000000000e+01
2.100000000000000000e+01
1.000000000000000000e+01
4.800000000000000000e+01
-1.700000000000000000e+01
0.000000000000000000e+00
3.100000000000000000e+01
2.000000000000000000e+01
-2.200000000000000000e+01
0.000000000000000000e+00
1.100000000000000000e+01
2.000000000000000000e+01
1.200000000000000000e+01
-1.400000000000000000e+01
-1.600000000000000000e+01
5.000000000000000000e+00
1.200000000000000000e+01
3.700000000000000000e+01
6.000000000000000000e+00
-2.100000000000000000e+01
7.000000000000000000e+00
-1.900000000000000000e+01
9.000000000000000000e+00
-8.000000000000000000e+00
5.000000000000000000e+00
-1.700000000000000000e+01
-1.000000000000000000e+00
4.000000000000000000e+00
1.400000000000000000e+01
-1.200000000000000000e+01
1.500000000000000000e+01
1.200000000000000000e+01
1.000000000000000000e+00
-9.000000000000000000e+00
-2.000000000000000000e+00
1.200000000000000000e+01
2.000000000000000000e+01
-2.500000000000000000e+01
5.000000000000000000e+00
-1.500000000000000000e+01
3.000000000000000000e+00
1.900000000000000000e+01
-4.000000000000000000e+00
-7.000000000000000000e+00
-2.000000000000000000e+00
-1.200000000000000000e+01
-3.000000000000000000e+00
3.000000000000000000e+00
1.600000000000000000e+01
1.700000000000000000e+01
1.000000000000000000e+00
-2.500000000000000000e+01
-7.000000000000000000e+00
-6.000000000000000000e+00
1.100000000000000000e+01
3.000000000000000000e+00
5.000000000000000000e+00
1.700000000000000000e+01
4.000000000000000000e+00
-2.000000000000000000e+00
-1.000000000000000000e+00
-2.000000000000000000e+00
-2.200000000000000000e+01
2.600000000000000000e+01
-2.000000000000000000e+01
6.000000000000000000e+00
-2.200000000000000000e+01
-2.000000000000000000e+01
7.000000000000000000e+00
1.600000000000000000e+01
-1.400000000000000000e+01
7.000000000000000000e+00
-2.400000000000000000e+01
3.300000000000000000e+01
1.000000000000000000e+01
2.000000000000000000e+00
8.000000000000000000e+00
-1.100000000000000000e+01
8.000000000000000000e+00
-1.100000000000000000e+01
1.600000000000000000e+01
4.000000000000000000e+00
-6.000000000000000000e+00
-1.600000000000000000e+01
1.700000000000000000e+01
1.900000000000000000e+01
1.700000000000000000e+01
-2.000000000000000000e+00
3.000000000000000000e+00
1.800000000000000000e+01
-3.800000000000000000e+01
-1.700000000000000000e+01
2.000000000000000000e+00
8.000000000000000000e+00
9.000000000000000000e+00
-1.000000000000000000e+00
2.700000000000000000e+01
4.000000000000000000e+00
-2.000000000000000000e+01
5.000000000000000000e+00
-1.500000000000000000e+01
2.000000000000000000e+00
2.300000000000000000e+01
-8.000000000000000000e+00
-2.700000000000000000e+01
2.100000000000000000e+01
2.000000000000000000e+00
1.500000000000000000e+01
9.000000000000000000e+00
1.100000000000000000e+01
0.000000000000000000e+00
-1.900000000000000000e+01
1.500000000000000000e+01
3.000000000000000000e+00
1.200000000000000000e+01
-1.100000000000000000e+01
1.000000000000000000e+00
8.000000000000000000e+00
1.000000000000000000e+00
8.000000000000000000e+00
-1.400000000000000000e+01
2.300000000000000000e+01
-1.000000000000000000e+00
2.700000000000000000e+01
3.500000000000000000e+01
1.900000000000000000e+01
8.000000000000000000e+00
-1.000000000000000000e+01
1.100000000000000000e+01
-6.000000000000000000e+00
8.000000000000000000e+00
5.000000000000000000e+00
0.000000000000000000e+00
1.000000000000000000e+00
1.000000000000000000e+01
1.000000000000000000e+00
7.000000000000000000e+00
1.300000000000000000e+01
-1.500000000000000000e+01
-9.000000000000000000e+00
-8.000000000000000000e+00
6.000000000000000000e+00
-1.600000000000000000e+01
-2.000000000000000000e+01
-3.000000000000000000e+00
-1.100000000000000000e+01
-2.000000000000000000e+00
-2.800000000000000000e+01
7.000000000000000000e+00
-3.000000000000000000e+00
-1.600000000000000000e+01
-1.900000000000000000e+01
-9.000000000000000000e+00
4.000000000000000000e+00
-8.000000000000000000e+00
-1.200000000000000000e+01
-1.900000000000000000e+01
-3.300000000000000000e+01
1.300000000000000000e+01
0.000000000000000000e+00
-1.500000000000000000e+01
7.000000000000000000e+00
6.000000000000000000e+00
1.000000000000000000e+01
-2.400000000000000000e+01
0.000000000000000000e+00
7.000000000000000000e+00
-2.100000000000000000e+01
3.000000000000000000e+00
-1.500000000000000000e+01
-2.800000000000000000e+01
9.000000000000000000e+00
5.000000000000000000e+00
4.000000000000000000e+00
-1.400000000000000000e+01
2.500000000000000000e+01
4.000000000000000000e+00
0.000000000000000000e+00
-2.000000000000000000e+00
-2.900000000000000000e+01
1.400000000000000000e+01
2.000000000000000000e+01
-4.000000000000000000e+00
-2.500000000000000000e+01
1.000000000000000000e+00
7.000000000000000000e+00
1.000000000000000000e+01
1.400000000000000000e+01
-2.000000000000000000e+00
-5.000000000000000000e+00
4.000000000000000000e+00
0.000000000000000000e+00
-5.000000000000000000e+00
-1.700000000000000000e+01
1.000000000000000000e+01
-7.000000000000000000e+00
5.000000000000000000e+00
-1.900000000000000000e+01
-2.000000000000000000e+00
1.000000000000000000e+01
-1.900000000000000000e+01
1.600000000000000000e+01
-1.700000000000000000e+01
1.300000000000000000e+01
1.300000000000000000e+01
-1.000000000000000000e+00
-2.800000000000000000e+01
5.000000000000000000e+00
-2.000000000000000000e+00
2.500000000000000000e+01
-3.600000000000000000e+01
-1.300000000000000000e+01
-1.500000000000000000e+01
1.300000000000000000e+01
-3.000000000000000000e+00
-2.000000000000000000e+00
-2.000000000000000000e+00
-5.000000000000000000e+00
6.000000000000000000e+00
-2.000000000000000000e+01
-4.000000000000000000e+00
2.000000000000000000e+00
-4.000000000000000000e+00
-1.900000000000000000e+01
1.800000000000000000e+01
0.000000000000000000e+00
1.800000000000000000e+01
-1.000000000000000000e+01
-4.000000000000000000e+00
-2.100000000000000000e+01
1.500000000000000000e+01
1.500000000000000000e+01
-6.000000000000000000e+00
8.000000000000000000e+00
-2.000000000000000000e+00
-4.000000000000000000e+00
2.300000000000000000e+01
-1.800000000000000000e+01
6.000000000000000000e+00
1.200000000000000000e+01
-1.300000000000000000e+01
5.000000000000000000e+00
1.200000000000000000e+01
-1.000000000000000000e+01
8.000000000000000000e+00
2.000000000000000000e+00
-2.000000000000000000e+00
-2.400000000000000000e+01
8.000000000000000000e+00
-2.400000000000000000e+01
-2.000000000000000000e+00
-2.000000000000000000e+01
1.800000000000000000e+01
2.000000000000000000e+00
6.000000000000000000e+00
2.000000000000000000e+00
0.000000000000000000e+00
3.000000000000000000e+00
-9.000000000000000000e+00
1.700000000000000000e+01
-4.000000000000000000e+00
1.300000000000000000e+01
2.000000000000000000e+00
-9.000000000000000000e+00
7.000000000000000000e+00
-2.000000000000000000e+01
2.300000000000000000e+01
6.000000000000000000e+00
-4.000000000000000000e+00
1.300000000000000000e+01
-4.000000000000000000e+00
5.000000000000000000e+00
2.300000000000000000e+01
-3.000000000000000000e+00
2.200000000000000000e+01
-1.500000000000000000e+01
8.000000000000000000e+00
7.000000000000000000e+00
-1.000000000000000000e+01
-1.500000000000000000e+01
1.300000000000000000e+01
-1.900000000000000000e+01
-7.000000000000000000e+00
2.400000000000000000e+01
-1.300000000000000000e+01
2.000000000000000000e+00
2.300000000000000000e+01
2.000000000000000000e+01
4.000000000000000000e+00
2.000000000000000000e+00
9.000000000000000000e+00
-9.000000000000000000e+00
3.000000000000000000e+00
1.000000000000000000e+00
1.600000000000000000e+01
-1.000000000000000000e+00
-2.900000000000000000e+01
9.000000000000000000e+00
8.000000000000000000e+00
6.000000000000000000e+00
-1.900000000000000000e+01
1.400000000000000000e+01
-1.000000000000000000e+00
1.000000000000000000e+00
-2.400000000000000000e+01
-1.500000000000000000e+01
-2.200000000000000000e+01
-1.000000000000000000e+01
-1.400000000000000000e+01
3.400000000000000000e+01
-2.400000000000000000e+01
4.000000000000000000e+00
-2.200000000000000000e+01
2.000000000000000000e+01
5.000000000000000000e+00
1.900000000000000000e+01
2.000000000000000000e+00
3.000000000000000000e+00
-1.300000000000000000e+01
1.900000000000000000e+01
4.000000000000000000e+00
-7.000000000000000000e+00
8.000000000000000000e+00
-2.800000000000000000e+01
-1.600000000000000000e+01
-2.000000000000000000e+00
-2.300000000000000000e+01
-5.000000000000000000e+00
9.000000000000000000e+00
5.000000000000000000e+00
-9.000000000000000000e+00
-8.000000000000000000e+00
2.300000000000000000e+01
1.000000000000000000e+01
1.200000000000000000e+01
1.700000000000000000e+01
-4.000000000000000000e+00
-6.000000000000000000e+00
-4.000000000000000000e+00
1.600000000000000000e+01
-1.000000000000000000e+01
4.400000000000000000e+01
3.000000000000000000e+00
-1.700000000000000000e+01
-2.600000000000000000e+01
2.400000000000000000e+01
-1.000000000000000000e+01
3.900000000000000000e+01
3.000000000000000000e+00
4.600000000000000000e+01
1.300000000000000000e+01
-1.200000000000000000e+01
3.200000000000000000e+01
1.500000000000000000e+01
4.000000000000000000e+00
-1.500000000000000000e+01
-1.400000000000000000e+01
8.000000000000000000e+00
-1.000000000000000000e+00
3.000000000000000000e+00
-3.300000000000000000e+01
5.000000000000000000e+00
1.100000000000000000e+01
1.600000000000000000e+01
1.600000000000000000e+01
-4.000000000000000000e+00
1.000000000000000000e+01
2.400000000000000000e+01
1.600000000000000000e+01
-8.000000000000000000e+00
-1.000000000000000000e+01
-1.200000000000000000e+01
-3.000000000000000000e+00
1.500000000000000000e+01
3.800000000000000000e+01
2.800000000000000000e+01
-1.100000000000000000e+01
2.400000000000000000e+01
1.700000000000000000e+01
1.800000000000000000e+01
5.000000000000000000e+00
4.700000000000000000e+01
-6.000000000000000000e+00
2.200000000000000000e+01
2.300000000000000000e+01
3.200000000000000000e+01
1.400000000000000000e+01
3.900000000000000000e+01
4.500000000000000000e+01
4.600000000000000000e+01
3.500000000000000000e+01
5.200000000000000000e+01
4.500000000000000000e+01
3.500000000000000000e+01
5.100000000000000000e+01
7.400000000000000000e+01
3.600000000000000000e+01
8.000000000000000000e+01
5.600000000000000000e+01
5.900000000000000000e+01
5.200000000000000000e+01
5.000000000000000000e+01
8.700000000000000000e+01
9.500000000000000000e+01
8.100000000000000000e+01
1.070000000000000000e+02
8.800000000000000000e+01
1.040000000000000000e+02
8.400000000000000000e+01
1.120000000000000000e+02
1.370000000000000000e+02
1.140000000000000000e+02
1.380000000000000000e+02
1.120000000000000000e+02
1.680000000000000000e+02
1.850000000000000000e+02
2.020000000000000000e+02
1.820000000000000000e+02
1.980000000000000000e+02
2.330000000000000000e+02
2.440000000000000000e+02
2.460000000000000000e+02
2.630000000000000000e+02
2.880000000000000000e+02
2.790000000000000000e+02
2.840000000000000000e+02
3.380000000000000000e+02
3.260000000000000000e+02
3.620000000000000000e+02
3.280000000000000000e+02
3.490000000000000000e+02
4.020000000000000000e+02
3.790000000000000000e+02
4.190000000000000000e+02
4.460000000000000000e+02
4.510000000000000000e+02
4.780000000000000000e+02
4.860000000000000000e+02
5.070000000000000000e+02
5.520000000000000000e+02
5.890000000000000000e+02
5.750000000000000000e+02
6.090000000000000000e+02
6.540000000000000000e+02
6.610000000000000000e+02
7.010000000000000000e+02
6.940000000000000000e+02
7.500000000000000000e+02
7.220000000000000000e+02
8.110000000000000000e+02
7.890000000000000000e+02
8.290000000000000000e+02
8.410000000000000000e+02
8.990000000000000000e+02
8.870000000000000000e+02
9.190000000000000000e+02
9.400000000000000000e+02
9.420000000000000000e+02
9.740000000000000000e+02
9.950000000000000000e+02
1.013000000000000000e+03
1.071000000000000000e+03
1.036000000000000000e+03
1.086000000000000000e+03
1.082000000000000000e+03
1.128000000000000000e+03
1.106000000000000000e+03
1.126000000000000000e+03
1.184000000000000000e+03
1.193000000000000000e+03
1.141000000000000000e+03
1.188000000000000000e+03
1.292000000000000000e+03
1.186000000000000000e+03
1.239000000000000000e+03
1.239000000000000000e+03
1.303000000000000000e+03
1.312000000000000000e+03
1.322000000000000000e+03
1.303000000000000000e+03
1.315000000000000000e+03
1.329000000000000000e+03
1.344000000000000000e+03
1.370000000000000000e+03
1.389000000000000000e+03
1.303000000000000000e+03
1.360000000000000000e+03
1.354000000000000000e+03
1.428000000000000000e+03
1.342000000000000000e+03
1.327000000000000000e+03
1.344000000000000000e+03
1.306000000000000000e+03
1.303000000000000000e+03
1.282000000000000000e+03
1.285000000000000000e+03
1.197000000000000000e+03
1.212000000000000000e+03
1.173000000000000000e+03
1.154000000000000000e+03
1.205000000000000000e+03
1.150000000000000000e+03
1.132000000000000000e+03
1.112000000000000000e+03
1.107000000000000000e+03
1.105000000000000000e+03
1.159000000000000000e+03
1.073000000000000000e+03
1.100000000000000000e+03
1.068000000000000000e+03
1.015000000000000000e+03
1.037000000000000000e+03
1.056000000000000000e+03
1.042000000000000000e+03
9.910000000000000000e+02
1.034000000000000000e+03
9.640000000000000000e+02
9.800000000000000000e+02
9.520000000000000000e+02
8.950000000000000000e+02
8.650000000000000000e+02
8.310000000000000000e+02
8.600000000000000000e+02
8.160000000000000000e+02
8.130000000000000000e+02
7.710000000000000000e+02
7.480000000000000000e+02
7.670000000000000000e+02
7.090000000000000000e+02
7.110000000000000000e+02
6.870000000000000000e+02
6.530000000000000000e+02
6.390000000000000000e+02
6.090000000000000000e+02
5.750000000000000000e+02
5.900000000000000000e+02
5.640000000000000000e+02
5.320000000000000000e+02
5.380000000000000000e+02
5.330000000000000000e+02
4.810000000000000000e+02
4.870000000000000000e+02
4.900000000000000000e+02
4.780000000000000000e+02
4.450000000000000000e+02
4.190000000000000000e+02
4.010000000000000000e+02
4.000000000000000000e+02
3.750000000000000000e+02
3.750000000000000000e+02
3.580000000000000000e+02
3.330000000000000000e+02
3.000000000000000000e+02
3.420000000000000000e+02
2.860000000000000000e+02
2.570000000000000000e+02
2.800000000000000000e+02
2.520000000000000000e+02
2.380000000000000000e+02
2.270000000000000000e+02
2.050000000000000000e+02
2.180000000000000000e+02
2.280000000000000000e+02
2.090000000000000000e+02
1.970000000000000000e+02
1.870000000000000000e+02
1.600000000000000000e+02
1.460000000000000000e+02
1.630000000000000000e+02
1.400000000000000000e+02
1.600000000000000000e+02
1.460000000000000000e+02
1.500000000000000000e+02
1.320000000000000000e+02
1.170000000000000000e+02
1.160000000000000000e+02
1.310000000000000000e+02
8.800000000000000000e+01
9.600000000000000000e+01
1.020000000000000000e+02
9.200000000000000000e+01
5.900000000000000000e+01
7.700000000000000000e+01
8.800000000000000000e+01
5.500000000000000000e+01
7.100000000000000000e+01
5.200000000000000000e+01
7.700000000000000000e+01
5.300000000000000000e+01
2.200000000000000000e+01
7.800000000000000000e+01
4.900000000000000000e+01
7.300000000000000000e+01
1.700000000000000000e+01
3.500000000000000000e+01
3.400000000000000000e+01
2.100000000000000000e+01
3.300000000000000000e+01
2.900000000000000000e+01
1.500000000000000000e+01
4.100000000000000000e+01
3.700000000000000000e+01
3.700000000000000000e+01
1.700000000000000000e+01
-1.200000000000000000e+01
4.300000000000000000e+01
2.300000000000000000e+01
-1.400000000000000000e+01
-2.000000000000000000e+00
2.200000000000000000e+01
1.800000000000000000e+01
3.600000000000000000e+01
2.600000000000000000e+01
-6.000000000000000000e+00
7.000000000000000000e+00
1.100000000000000000e+01
1.300000000000000000e+01
1.900000000000000000e+01
3.000000000000000000e+00
-3.000000000000000000e+00
-4.000000000000000000e+00
2.000000000000000000e+00
1.400000000000000000e+01
1.000000000000000000e+01
2.000000000000000000e+00
-1.200000000000000000e+01
2.400000000000000000e+01
3.200000000000000000e+01
1.700000000000000000e+01
-6.000000000000000000e+00
1.000000000000000000e+01
6.000000000000000000e+00
4.600000000000000000e+01
-7.000000000000000000e+00
1.700000000000000000e+01
1.100000000000000000e+01
3.000000000000000000e+00
3.400000000000000000e+01
1.200000000000000000e+01
0.000000000000000000e+00
4.500000000000000000e+01
1.300000000000000000e+01
-1.000000000000000000e+00
3.000000000000000000e+00
1.000000000000000000e+00
0.000000000000000000e+00
4.000000000000000000e+00
1.000000000000000000e+01
4.000000000000000000e+00
-1.800000000000000000e+01
-4.000000000000000000e+00
1.800000000000000000e+01
-3.000000000000000000e+01
-8.000000000000000000e+00
1.400000000000000000e+01
3.300000000000000000e+01
4.000000000000000000e+00
1.900000000000000000e+01
-1.000000000000000000e+01
-1.900000000000000000e+01
-2.000000000000000000e+00
0.000000000000000000e+00
1.900000000000000000e+01
2.000000000000000000e+00
1.400000000000000000e+01
1.800000000000000000e+01
1.000000000000000000e+00
-1.000000000000000000e+01
-1.200000000000000000e+01
-2.700000000000000000e+01
1.100000000000000000e+01
-2.600000000000000000e+01
5.000000000000000000e+00
3.000000000000000000e+00
1.000000000000000000e+00
-7.000000000000000000e+00
1.200000000000000000e+01
1.700000000000000000e+01
0.000000000000000000e+00
2.000000000000000000e+01
1.200000000000000000e+01
-9.000000000000000000e+00
1.500000000000000000e+01
-7.000000000000000000e+00
3.100000000000000000e+01
7.000000000000000000e+00
2.000000000000000000e+01
4.000000000000000000e+00
-1.000000000000000000e+00
-2.000000000000000000e+00
1.000000000000000000e+00
