2.000000000000000000e+00
2.000000000000000000e+00
5.000000000000000000e+00
4.000000000000000000e+00
5.000000000000000000e+00
-2.500000000000000000e+01
-1.200000000000000000e+01
-1.200000000000000000e+01
-1.100000000000000000e+01
-9.000000000000000000e+00
-7.000000000000000000e+00
-5.000000000000000000e+00
5.000000000000000000e+00
7.000000000000000000e+00
-2.100000000000000000e+01
1.000000000000000000e+01
2.200000000000000000e+01
9.000000000000000000e+00
3.000000000000000000e+00
-6.000000000000000000e+00
1.800000000000000000e+01
0.000000000000000000e+00
1.700000000000000000e+01
-2.000000000000000000e+01
-1.300000000000000000e+01
-8.000000000000000000e+00
-9.000000000000000000e+00
-1.200000000000000000e+01
-1.000000000000000000e+00
-3.000000000000000000e+00
7.000000000000000000e+00
9.000000000000000000e+00
1.800000000000000000e+01
6.000000000000000000e+00
-4.000000000000000000e+00
-3.800000000000000000e+01
-8.000000000000000000e+00
1.300000000000000000e+01
2.000000000000000000e+00
2.600000000000000000e+01
-9.000000000000000000e+00
2.000000000000000000e+00
-1.100000000000000000e+01
-1.800000000000000000e+01
1.200000000000000000e+01
0.000000000000000000e+00
-9.000000000000000000e+00
-7.000000000000000000e+00
2.800000000000000000e+01
1.500000000000000000e+01
1.000000000000000000e+00
-3.700000000000000000e+01
-1.700000000000000000e+01
-5.000000000000000000e+00
-3.000000000000000000e+00
-1.600000000000000000e+01
-1.000000000000000000e+01
-2.700000000000000000e+01
-8.000000000000000000e+00
-3.000000000000000000e+00
-1.400000000000000000e+01
1.100000000000000000e+01
-2.100000000000000000e+01
1.200000000000000000e+01
-5.000000000000000000e+00
7.000000000000000000e+00
-2.900000000000000000e+01
5.000000000000000000e+00
4.000000000000000000e+00
-2.300000000000000000e+01
2.300000000000000000e+01
0.000000000000000000e+00
-2.700000000000000000e+01
-8.000000000000000000e+00
-1.100000000000000000e+01
-1.000000000000000000e+00
4.000000000000000000e+00
2.500000000000000000e+01
1.600000000000000000e+01
1.000000000000000000e+00
0.000000000000000000e+00
-7.000000000000000000e+00
-1.600000000000000000e+01
1.400000000000000000e+01
9.000000000000000000e+00
-1.100000000000000000e+01
-2.000000000000000000e+01
9.000000000000000000e+00
1.200000000000000000e+01
-1.600000000000000000e+01
-1.900000000000000000e+01
-3.000000000000000000e+01
-1.600000000000000000e+01
-2.500000000000000000e+01
-6.000000000000000000e+00
2.000000000000000000e+00
5.000000000000000000e+00
-1.400000000000000000e+01
-1.500000000000000000e+01
3.000000000000000000e+00
2.800000000000000000e+01
-4.000000000000000000e+00
-5.000000000000000000e+00
-8.000000000000000000e+00
1.600000000000000000e+01
-2.000000000000000000e+01
-1.600000000000000000e+01
5.000000000000000000e+00
6.000000000000000000e+00
1.600000000000000000e+01
7.000000000000000000e+00
1.200000000000000000e+01
1.000000000000000000e+01
-3.200000000000000000e+01
1.300000000000000000e+01
3.100000000000000000e+01
0.000000000000000000e+00
-6.000000000000000000e+00
1.200000000000000000e+01
1.700000000000000000e+01
5.000000000000000000e+00
1.200000000000000000e+01
7.000000000000000000e+00
-1.700000000000000000e+01
5.300000000000000000e+01
-4.800000000000000000e+01
2.000000000000000000e+00
-3.000000000000000000e+00
2.000000000000000000e+01
1.400000000000000000e+01
1.000000000000000000e+01
1.300000000000000000e+01
-9.000000000000000000e+00
1.900000000000000000e+01
-1.700000000000000000e+01
1.400000000000000000e+01
1.700000000000000000e+01
2.400000000000000000e+01
4.000000000000000000e+00
3.000000000000000000e+00
1.200000000000000000e+01
2.000000000000000000e+00
-1.800000000000000000e+01
9.000000000000000000e+00
-5.000000000000000000e+00
0.000000000000000000e+00
4.000000000000000000e+00
-8.000000000000000000e+00
0.000000000000000000e+00
-2.000000000000000000e+01
6.000000000000000000e+00
3.400000000000000000e+01
-1.000000000000000000e+01
-1.000000000000000000e+00
4.000000000000000000e+00
-1.000000000000000000e+00
0.000000000000000000e+00
-1.900000000000000000e+01
-2.300000000000000000e+01
1.300000000000000000e+01
-5.000000000000000000e+00
-1.900000000000000000e+01
-1.900000000000000000e+01
1.100000000000000000e+01
-1.900000000000000000e+01
-1.900000000000000000e+01
-1.600000000000000000e+01
-2.700000000000000000e+01
1.200000000000000000e+01
-2.900000000000000000e+01
1.100000000000000000e+01
2.000000000000000000e+00
-1.000000000000000000e+00
1.500000000000000000e+01
1.300000000000000000e+01
1.000000000000000000e+01
-5.000000000000000000e+00
3.000000000000000000e+00
-2.300000000000000000e+01
1.400000000000000000e+01
1.000000000000000000e+00
3.000000000000000000e+00
6.000000000000000000e+00
-5.000000000000000000e+00
1.600000000000000000e+01
-2.700000000000000000e+01
2.200000000000000000e+01
-2.500000000000000000e+01
1.000000000000000000e+01
3.700000000000000000e+01
4.000000000000000000e+00
-1.800000000000000000e+01
-1.200000000000000000e+01
2.500000000000000000e+01
1.200000000000000000e+01
-1.800000000000000000e+01
-3.000000000000000000e+00
2.000000000000000000e+01
1.200000000000000000e+01
2.000000000000000000e+00
-6.000000000000000000e+00
9.000000000000000000e+00
-7.000000000000000000e+00
3.700000000000000000e+01
1.000000000000000000e+01
1.000000000000000000e+00
8.000000000000000000e+00
-2.300000000000000000e+01
1.200000000000000000e+01
-3.000000000000000000e+00
-5.000000000000000000e+00
9.000000000000000000e+00
-1.000000000000000000e+00
-1.100000000000000000e+01
1.000000000000000000e+00
-9.000000000000000000e+00
1.200000000000000000e+01
1.300000000000000000e+01
7.000000000000000000e+00
-6.000000000000000000e+00
3.100000000000000000e+01
-1.000000000000000000e+01
-2.600000000000000000e+01
-1.400000000000000000e+01
-2.700000000000000000e+01
4.000000000000000000e+00
1.400000000000000000e+01
-1.500000000000000000e+01
1.500000000000000000e+01
2.000000000000000000e+00
1.700000000000000000e+01
-1.100000000000000000e+01
-7.000000000000000000e+00
-1.100000000000000000e+01
7.000000000000000000e+00
1.000000000000000000e+01
0.000000000000000000e+00
2.100000000000000000e+01
6.000000000000000000e+00
-5.000000000000000000e+00
-1.000000000000000000e+01
-4.100000000000000000e+01
2.300000000000000000e+01
1.500000000000000000e+01
1.500000000000000000e+01
-2.000000000000000000e+00
1.000000000000000000e+01
2.100000000000000000e+01
-3.500000000000000000e+01
2.500000000000000000e+01
1.500000000000000000e+01
-6.000000000000000000e+00
-3.700000000000000000e+01
-6.000000000000000000e+00
2.000000000000000000e+00
-2.100000000000000000e+01
3.100000000000000000e+01
-2.400000000000000000e+01
-7.000000000000000000e+00
-4.000000000000000000e+01
-1.000000000000000000e+00
1.600000000000000000e+01
2.100000000000000000e+01
-3.000000000000000000e+00
1.100000000000000000e+01
3.000000000000000000e+01
1.400000000000000000e+01
-2.000000000000000000e+00
1.200000000000000000e+01
-3.000000000000000000e+00
-6.000000000000000000e+00
-6.000000000000000000e+00
-7.000000000000000000e+00
-2.500000000000000000e+01
1.400000000000000000e+01
-6.000000000000000000e+00
-1.600000000000000000e+01
-2.700000000000000000e+01
-3.400000000000000000e+01
1.000000000000000000e+01
-1.400000000000000000e+01
-3.600000000000000000e+01
-2.500000000000000000e+01
-1.000000000000000000e+00
1.800000000000000000e+01
-2.100000000000000000e+01
-3.000000000000000000e+01
-1.200000000000000000e+01
-4.200000000000000000e+01
0.000000000000000000e+00
-1.000000000000000000e+01
-6.000000000000000000e+00
-6.000000000000000000e+00
9.000000000000000000e+00
-7.000000000000000000e+00
2.100000000000000000e+01
-1.000000000000000000e+01
-8.000000000000000000e+00
7.000000000000000000e+00
1.500000000000000000e+01
-2.000000000000000000e+00
-1.500000000000000000e+01
-1.900000000000000000e+01
2.800000000000000000e+01
-2.000000000000000000e+00
-1.900000000000000000e+01
-1.600000000000000000e+01
-3.000000000000000000e+00
-2.500000000000000000e+01
8.000000000000000000e+00
-2.500000000000000000e+01
1.900000000000000000e+01
2.200000000000000000e+01
1.700000000000000000e+01
-4.000000000000000000e+00
4.000000000000000000e+00
8.000000000000000000e+00
4.000000000000000000e+00
-1.000000000000000000e+01
0.000000000000000000e+00
-5.000000000000000000e+00
3.100000000000000000e+01
-1.900000000000000000e+01
2.000000000000000000e+01
3.200000000000000000e+01
-2.500000000000000000e+01
6.000000000000000000e+00
0.000000000000000000e+00
-1.400000000000000000e+01
-9.000000000000000000e+00
9.000000000000000000e+00
3.500000000000000000e+01
-2.500000000000000000e+01
-1.100000000000000000e+01
-1.100000000000000000e+01
-9.000000000000000000e+00
-4.000000000000000000e+00
-6.000000000000000000e+00
0.000000000000000000e+00
3.000000000000000000e+00
1.100000000000000000e+01
-3.000000000000000000e+01
-1.100000000000000000e+01
-2.000000000000000000e+00
2.800000000000000000e+01
-1.500000000000000000e+01
1.100000000000000000e+01
-1.000000000000000000e+00
-2.000000000000000000e+00
-7.000000000000000000e+00
1.100000000000000000e+01
-1.200000000000000000e+01
3.000000000000000000e+00
-2.900000000000000000e+01
1.400000000000000000e+01
3.000000000000000000e+00
1.800000000000000000e+01
1.100000000000000000e+01
-1.100000000000000000e+01
1.000000000000000000e+01
-6.000000000000000000e+00
1.700000000000000000e+01
1.200000000000000000e+01
1.800000000000000000e+01
-3.000000000000000000e+00
-5.000000000000000000e+00
-1.300000000000000000e+01
-8.000000000000000000e+00
6.000000000000000000e+00
-2.600000000000000000e+01
-3.000000000000000000e+00
1.400000000000000000e+01
0.000000000000000000e+00
-2.000000000000000000e+01
6.000000000000000000e+00
3.900000000000000000e+01
-2.500000000000000000e+01
-2.200000000000000000e+01
-2.400000000000000000e+01
2.300000000000000000e+01
1.200000000000000000e+01
-7.000000000000000000e+00
-3.100000000000000000e+01
2.700000000000000000e+01
-1.200000000000000000e+01
1.800000000000000000e+01
5.000000000000000000e+00
1.000000000000000000e+01
2.000000000000000000e+00
2.100000000000000000e+01
1.000000000000000000e+01
1.500000000000000000e+01
-2.000000000000000000e+00
-2.200000000000000000e+01
1.600000000000000000e+01
2.000000000000000000e+01
2.100000000000000000e+01
9.000000000000000000e+00
9.000000000000000000e+00
4.100000000000000000e+01
-9.000000000000000000e+00
-3.000000000000000000e+00
-1.000000000000000000e+00
3.000000000000000000e+00
-1.600000000000000000e+01
-1.200000000000000000e+01
1.200000000000000000e+01
-1.100000000000000000e+01
0.000000000000000000e+00
-1.000000000000000000e+00
1.200000000000000000e+01
-4.000000000000000000e+00
-2.000000000000000000e+01
-1.900000000000000000e+01
1.700000000000000000e+01
1.200000000000000000e+01
0.000000000000000000e+00
4.000000000000000000e+00
-3.000000000000000000e+00
-1.600000000000000000e+01
2.200000000000000000e+01
-1.300000000000000000e+01
-4.000000000000000000e+00
-3.000000000000000000e+01
3.200000000000000000e+01
-2.300000000000000000e+01
-1.100000000000000000e+01
7.000000000000000000e+00
-1.400000000000000000e+01
-1.000000000000000000e+00
-4.000000000000000000e+00
2.300000000000000000e+01
-1.800000000000000000e+01
3.000000000000000000e+00
2.700000000000000000e+01
7.000000000000000000e+00
-1.900000000000000000e+01
1.200000000000000000e+01
-6.000000000000000000e+00
-1.800000000000000000e+01
-5.000000000000000000e+00
-3.200000000000000000e+01
2.300000000000000000e+01
2.000000000000000000e+00
2.400000000000000000e+01
2.900000000000000000e+01
2.500000000000000000e+01
-5.000000000000000000e+00
-2.200000000000000000e+01
2.000000000000000000e+01
2.700000000000000000e+01
1.600000000000000000e+01
-1.400000000000000000e+01
-1.500000000000000000e+01
-3.000000000000000000e+00
1.400000000000000000e+01
3.400000000000000000e+01
9.000000000000000000e+00
4.000000000000000000e+00
-2.900000000000000000e+01
8.000000000000000000e+00
-7.000000000000000000e+00
0.000000000000000000e+00
-6.000000000000000000e+00
-2.800000000000000000e+01
3.000000000000000000e+00
8.000000000000000000e+00
7.000000000000000000e+00
-1.100000000000000000e+01
6.000000000000000000e+00
7.000000000000000000e+00
1.200000000000000000e+01
7.200000000000000000e+01
-7.000000000000000000e+00
1.000000000000000000e+00
-7.000000000000000000e+00
-8.000000000000000000e+00
1.600000000000000000e+01
-6.000000000000000000e+00
-7.000000000000000000e+00
-1.000000000000000000e+00
-9.000000000000000000e+00
1.900000000000000000e+01
-1.500000000000000000e+01
-2.900000000000000000e+01
1.700000000000000000e+01
-3.000000000000000000e+00
1.100000000000000000e+01
-2.000000000000000000e+01
1.100000000000000000e+01
2.500000000000000000e+01
8.000000000000000000e+00
-3.000000000000000000e+00
-6.000000000000000000e+00
2.600000000000000000e+01
5.000000000000000000e+00
5.000000000000000000e+00
-1.300000000000000000e+01
-2.700000000000000000e+01
-8.000000000000000000e+00
1.700000000000000000e+01
4.700000000000000000e+01
1.800000000000000000e+01
2.000000000000000000e+01
0.000000000000000000e+00
5.000000000000000000e+00
2.500000000000000000e+01
1.200000000000000000e+01
-2.200000000000000000e+01
-1.100000000000000000e+01
-3.000000000000000000e+01
1.400000000000000000e+01
9.000000000000000000e+00
-1.000000000000000000e+01
1.600000000000000000e+01
-1.000000000000000000e+00
1.200000000000000000e+01
1.000000000000000000e+01
3.000000000000000000e+00
1.800000000000000000e+01
2.000000000000000000e+00
2.400000000000000000e+01
-1.800000000000000000e+01
1.200000000000000000e+01
-1.200000000000000000e+01
-9.000000000000000000e+00
1.900000000000000000e+01
-3.000000000000000000e+00
-1.500000000000000000e+01
-4.000000000000000000e+00
3.500000000000000000e+01
1.200000000000000000e+01
2.800000000000000000e+01
4.300000000000000000e+01
2.800000000000000000e+01
-3.000000000000000000e+00
-4.000000000000000000e+00
-5.000000000000000000e+00
1.100000000000000000e+01
-2.000000000000000000e+01
3.900000000000000000e+01
3.100000000000000000e+01
4.100000000000000000e+01
-5.000000000000000000e+00
1.900000000000000000e+01
4.000000000000000000e+00
5.300000000000000000e+01
-2.000000000000000000e+00
3.000000000000000000e+00
-4.000000000000000000e+00
4.000000000000000000e+00
-1.700000000000000000e+01
-1.300000000000000000e+01
-9.000000000000000000e+00
4.400000000000000000e+01
-2.000000000000000000e+00
1.400000000000000000e+01
4.000000000000000000e+00
-1.400000000000000000e+01
2.200000000000000000e+01
1.700000000000000000e+01
-1.400000000000000000e+01
2.100000000000000000e+01
1.300000000000000000e+01
5.000000000000000000e+00
1.400000000000000000e+01
-8.000000000000000000e+00
-1.600000000000000000e+01
-2.400000000000000000e+01
9.000000000000000000e+00
-2.300000000000000000e+01
3.000000000000000000e+00
4.000000000000000000e+00
-9.000000000000000000e+00
1.700000000000000000e+01
3.600000000000000000e+01
-1.300000000000000000e+01
1.000000000000000000e+00
9.000000000000000000e+00
-4.000000000000000000e+00
-1.100000000000000000e+01
4.200000000000000000e+01
2.400000000000000000e+01
-3.000000000000000000e+00
2.600000000000000000e+01
4.700000000000000000e+01
6.000000000000000000e+00
1.100000000000000000e+01
-2.900000000000000000e+01
3.000000000000000000e+00
-2.800000000000000000e+01
8.000000000000000000e+00
9.000000000000000000e+00
8.000000000000000000e+00
1.100000000000000000e+01
5.000000000000000000e+00
3.000000000000000000e+00
3.000000000000000000e+00
3.000000000000000000e+00
-1.700000000000000000e+01
1.000000000000000000e+00
4.000000000000000000e+00
2.700000000000000000e+01
1.800000000000000000e+01
-2.000000000000000000e+00
6.000000000000000000e+00
1.200000000000000000e+01
1.100000000000000000e+01
2.000000000000000000e+00
1.800000000000000000e+01
1.700000000000000000e+01
8.000000000000000000e+00
1.000000000000000000e+00
1.400000000000000000e+01
-1.600000000000000000e+01
-1.100000000000000000e+01
-1.600000000000000000e+01
4.000000000000000000e+00
-1.400000000000000000e+01
1.000000000000000000e+00
1.000000000000000000e+01
-2.600000000000000000e+01
3.700000000000000000e+01
6.000000000000000000e+00
-2.700000000000000000e+01
-8.000000000000000000e+00
8.000000000000000000e+00
3.600000000000000000e+01
1.200000000000000000e+01
-1.900000000000000000e+01
6.000000000000000000e+00
-2.100000000000000000e+01
-6.000000000000000000e+00
-2.300000000000000000e+01
1.000000000000000000e+01
1.000000000000000000e+01
-1.900000000000000000e+01
1.700000000000000000e+01
3.400000000000000000e+01
-7.000000000000000000e+00
2.100000000000000000e+01
-3.200000000000000000e+01
8.000000000000000000e+00
-1.400000000000000000e+01
1.000000000000000000e+01
1.500000000000000000e+01
-2.800000000000000000e+01
-2.000000000000000000e+01
0.000000000000000000e+00
-7.000000000000000000e+00
9.000000000000000000e+00
0.000000000000000000e+00
2.600000000000000000e+01
2.000000000000000000e+01
3.000000000000000000e+00
-2.100000000000000000e+01
1.500000000000000000e+01
3.000000000000000000e+00
1.900000000000000000e+01
3.000000000000000000e+01
1.600000000000000000e+01
1.600000000000000000e+01
-1.800000000000000000e+01
3.100000000000000000e+01
6.000000000000000000e+00
-1.000000000000000000e+01
-7.000000000000000000e+00
2.700000000000000000e+01
5.000000000000000000e+00
1.300000000000000000e+01
8.000000000000000000e+00
-1.600000000000000000e+01
1.800000000000000000e+01
1.900000000000000000e+01
1.200000000000000000e+01
-1.100000000000000000e+01
-6.000000000000000000e+00
1.300000000000000000e+01
1.600000000000000000e+01
-3.100000000000000000e+01
-5.000000000000000000e+00
2.200000000000000000e+01
-1.200000000000000000e+01
3.200000000000000000e+01
-7.000000000000000000e+00
3.000000000000000000e+00
2.100000000000000000e+01
5.000000000000000000e+00
1.000000000000000000e+01
5.000000000000000000e+00
-1.000000000000000000e+00
2.600000000000000000e+01
1.600000000000000000e+01
6.000000000000000000e+00
5.000000000000000000e+00
9.000000000000000000e+00
-3.000000000000000000e+00
2.400000000000000000e+01
0.000000000000000000e+00
6.000000000000000000e+00
5.000000000000000000e+00
5.200000000000000000e+01
9.000000000000000000e+00
1.000000000000000000e+00
-1.200000000000000000e+01
4.500000000000000000e+01
-8.000000000000000000e+00
1.200000000000000000e+01
-4.000000000000000000e+00
2.800000000000000000e+01
2.000000000000000000e+00
1.300000000000000000e+01
1.800000000000000000e+01
4.100000000000000000e+01
2.700000000000000000e+01
-1.300000000000000000e+01
3.500000000000000000e+01
-3.000000000000000000e+00
7.000000000000000000e+00
2.500000000000000000e+01
4.000000000000000000e+00
1.900000000000000000e+01
3.300000000000000000e+01
8.000000000000000000e+00
1.200000000000000000e+01
-2.300000000000000000e+01
-5.000000000000000000e+00
2.900000000000000000e+01
1.900000000000000000e+01
3.400000000000000000e+01
2.900000000000000000e+01
1.800000000000000000e+01
2.100000000000000000e+01
1.600000000000000000e+01
1.300000000000000000e+01
1.000000000000000000e+01
-3.000000000000000000e+00
0.000000000000000000e+00
2.600000000000000000e+01
3.000000000000000000e+01
8.000000000000000000e+00
-2.000000000000000000e+00
-5.000000000000000000e+00
-1.000000000000000000e+00
-4.100000000000000000e+01
2.300000000000000000e+01
5.000000000000000000e+00
1.300000000000000000e+01
3.000000000000000000e+00
9.000000000000000000e+00
3.000000000000000000e+01
8.000000000000000000e+00
9.000000000000000000e+00
3.400000000000000000e+01
7.000000000000000000e+00
7.000000000000000000e+00
2.200000000000000000e+01
2.100000000000000000e+01
-1.000000000000000000e+00
3.800000000000000000e+01
1.600000000000000000e+01
1.000000000000000000e+01
-8.000000000000000000e+00
-8.000000000000000000e+00
2.100000000000000000e+01
3.600000000000000000e+01
-1.100000000000000000e+01
2.100000000000000000e+01
1.100000000000000000e+01
0.000000000000000000e+00
1.700000000000000000e+01
2.900000000000000000e+01
1.400000000000000000e+01
4.100000000000000000e+01
-1.500000000000000000e+01
2.500000000000000000e+01
1.000000000000000000e+01
3.300000000000000000e+01
3.500000000000000000e+01
-7.000000000000000000e+00
2.000000000000000000e+01
2.900000000000000000e+01
0.000000000000000000e+00
1.500000000000000000e+01
3.800000000000000000e+01
-7.000000000000000000e+00
1.000000000000000000e+00
5.000000000000000000e+00
2.800000000000000000e+01
4.000000000000000000e+01
2.000000000000000000e+01
1.100000000000000000e+01
3.000000000000000000e+00
-1.000000000000000000e+00
1.300000000000000000e+01
6.000000000000000000e+00
1.500000000000000000e+01
1.900000000000000000e+01
-2.000000000000000000e+00
-2.000000000000000000e+00
1.100000000000000000e+01
2.700000000000000000e+01
3.000000000000000000e+01
-1.000000000000000000e+00
5.000000000000000000e+00
8.000000000000000000e+00
2.900000000000000000e+01
-2.100000000000000000e+01
-3.000000000000000000e+00
2.100000000000000000e+01
3.300000000000000000e+01
3.500000000000000000e+01
2.900000000000000000e+01
3.100000000000000000e+01
-2.300000000000000000e+01
5.200000000000000000e+01
3.400000000000000000e+01
2.500000000000000000e+01
4.200000000000000000e+01
-4.000000000000000000e+00
2.300000000000000000e+01
1.600000000000000000e+01
1.900000000000000000e+01
9.000000000000000000e+00
5.500000000000000000e+01
3.100000000000000000e+01
2.800000000000000000e+01
3.000000000000000000e+01
-6.000000000000000000e+00
9.000000000000000000e+00
2.000000000000000000e+01
2.500000000000000000e+01
-2.100000000000000000e+01
-5.000000000000000000e+00
2.800000000000000000e+01
-7.000000000000000000e+00
-5.000000000000000000e+00
-1.100000000000000000e+01
5.000000000000000000e+00
3.100000000000000000e+01
2.000000000000000000e+01
3.600000000000000000e+01
-9.000000000000000000e+00
2.300000000000000000e+01
2.900000000000000000e+01
5.200000000000000000e+01
2.300000000000000000e+01
2.200000000000000000e+01
2.300000000000000000e+01
1.200000000000000000e+01
4.800000000000000000e+01
-3.000000000000000000e+00
-2.000000000000000000e+00
4.100000000000000000e+01
1.200000000000000000e+01
1.300000000000000000e+01
4.400000000000000000e+01
4.100000000000000000e+01
1.000000000000000000e+01
-8.000000000000000000e+00
2.800000000000000000e+01
1.800000000000000000e+01
3.000000000000000000e+01
3.200000000000000000e+01
4.900000000000000000e+01
-6.000000000000000000e+00
2.700000000000000000e+01
5.100000000000000000e+01
2.900000000000000000e+01
2.900000000000000000e+01
4.700000000000000000e+01
3.100000000000000000e+01
2.900000000000000000e+01
3.100000000000000000e+01
7.000000000000000000e+01
5.500000000000000000e+01
4.100000000000000000e+01
5.100000000000000000e+01
6.400000000000000000e+01
6.700000000000000000e+01
8.300000000000000000e+01
5.400000000000000000e+01
6.900000000000000000e+01
7.500000000000000000e+01
1.210000000000000000e+02
7.300000000000000000e+01
9.900000000000000000e+01
6.600000000000000000e+01
1.370000000000000000e+02
1.600000000000000000e+02
1.760000000000000000e+02
1.500000000000000000e+02
2.000000000000000000e+02
2.480000000000000000e+02
2.500000000000000000e+02
3.170000000000000000e+02
3.300000000000000000e+02
4.020000000000000000e+02
4.540000000000000000e+02
5.200000000000000000e+02
5.780000000000000000e+02
6.600000000000000000e+02
7.810000000000000000e+02
8.460000000000000000e+02
9.910000000000000000e+02
1.064000000000000000e+03
1.167000000000000000e+03
1.284000000000000000e+03
1.428000000000000000e+03
1.541000000000000000e+03
1.717000000000000000e+03
1.883000000000000000e+03
2.059000000000000000e+03
2.189000000000000000e+03
2.342000000000000000e+03
2.496000000000000000e+03
2.703000000000000000e+03
2.890000000000000000e+03
3.048000000000000000e+03
3.262000000000000000e+03
3.366000000000000000e+03
3.629000000000000000e+03
3.693000000000000000e+03
3.933000000000000000e+03
4.016000000000000000e+03
4.239000000000000000e+03
4.353000000000000000e+03
4.447000000000000000e+03
4.508000000000000000e+03
4.629000000000000000e+03
4.696000000000000000e+03
4.659000000000000000e+03
4.710000000000000000e+03
4.768000000000000000e+03
4.784000000000000000e+03
4.746000000000000000e+03
4.797000000000000000e+03
4.725000000000000000e+03
4.615000000000000000e+03
4.514000000000000000e+03
4.467000000000000000e+03
4.261000000000000000e+03
4.227000000000000000e+03
4.029000000000000000e+03
3.921000000000000000e+03
3.765000000000000000e+03
3.582000000000000000e+03
3.501000000000000000e+03
3.296000000000000000e+03
3.091000000000000000e+03
2.941000000000000000e+03
2.753000000000000000e+03
2.531000000000000000e+03
2.366000000000000000e+03
2.234000000000000000e+03
2.105000000000000000e+03
1.905000000000000000e+03
1.794000000000000000e+03
1.631000000000000000e+03
1.446000000000000000e+03
1.338000000000000000e+03
1.231000000000000000e+03
1.086000000000000000e+03
1.014000000000000000e+03
9.060000000000000000e+02
7.820000000000000000e+02
6.950000000000000000e+02
6.300000000000000000e+02
5.640000000000000000e+02
5.180000000000000000e+02
4.260000000000000000e+02
3.430000000000000000e+02
3.250000000000000000e+02
2.990000000000000000e+02
2.350000000000000000e+02
2.010000000000000000e+02
1.700000000000000000e+02
1.440000000000000000e+02
1.190000000000000000e+02
1.090000000000000000e+02
1.070000000000000000e+02
8.800000000000000000e+01
6.100000000000000000e+01
6.500000000000000000e+01
6.400000000000000000e+01
3.500000000000000000e+01
9.000000000000000000e+00
5.700000000000000000e+01
3.000000000000000000e+00
3.400000000000000000e+01
6.100000000000000000e+01
2.600000000000000000e+01
7.000000000000000000e+00
2.600000000000000000e+01
5.000000000000000000e+00
-4.000000000000000000e+00
2.000000000000000000e+01
3.700000000000000000e+01
1.800000000000000000e+01
2.800000000000000000e+01
2.100000000000000000e+01
-5.000000000000000000e+00
2.600000000000000000e+01
-2.400000000000000000e+01
3.300000000000000000e+01
2.500000000000000000e+01
7.000000000000000000e+00
2.800000000000000000e+01
-1.200000000000000000e+01
4.100000000000000000e+01
3.300000000000000000e+01
5.000000000000000000e+00
1.700000000000000000e+01
4.000000000000000000e+00
3.200000000000000000e+01
4.900000000000000000e+01
2.300000000000000000e+01
1.800000000000000000e+01
-4.000000000000000000e+00
3.300000000000000000e+01
-1.000000000000000000e+00
-4.000000000000000000e+00
4.400000000000000000e+01
2.100000000000000000e+01
2.000000000000000000e+01
4.000000000000000000e+00
1.800000000000000000e+01
-8.000000000000000000e+00
3.200000000000000000e+01
4.200000000000000000e+01
1.300000000000000000e+01
1.400000000000000000e+01
-1.800000000000000000e+01
2.900000000000000000e+01
6.000000000000000000e+00
1.900000000000000000e+01
2.300000000000000000e+01
1.100000000000000000e+01
2.100000000000000000e+01
1.900000000000000000e+01
6.000000000000000000e+00
2.600000000000000000e+01
1.400000000000000000e+01
2.000000000000000000e+00
1.400000000000000000e+01
5.000000000000000000e+00
-6.000000000000000000e+00
-4.000000000000000000e+00
4.000000000000000000e+01
3.300000000000000000e+01
2.200000000000000000e+01
-5.000000000000000000e+00
1.800000000000000000e+01
1.100000000000000000e+01
-1.000000000000000000e+01
2.100000000000000000e+01
4.200000000000000000e+01
8.000000000000000000e+00
8.000000000000000000e+00
1.400000000000000000e+01
-1.300000000000000000e+01
1.000000000000000000e+01
2.700000000000000000e+01
-1.400000000000000000e+01
8.000000000000000000e+00
1.300000000000000000e+01
1.100000000000000000e+01
1.000000000000000000e+01
2.500000000000000000e+01
7.000000000000000000e+00
-5.000000000000000000e+00
1.700000000000000000e+01
7.000000000000000000e+00
2.400000000000000000e+01
8.000000000000000000e+00
4.300000000000000000e+01
1.100000000000000000e+01
-3.000000000000000000e+00
2.000000000000000000e+01
2.800000000000000000e+01
-1.300000000000000000e+01
-1.000000000000000000e+00
-1.400000000000000000e+01
-6.000000000000000000e+00
-4.000000000000000000e+00
-2.000000000000000000e+00
1.600000000000000000e+01
5.000000000000000000e+00
2.700000000000000000e+01
3.400000000000000000e+01
1.000000000000000000e+01
5.800000000000000000e+01
1.100000000000000000e+01
2.600000000000000000e+01
2.300000000000000000e+01
2.500000000000000000e+01
2.700000000000000000e+01
1.900000000000000000e+01
1.200000000000000000e+01
1.900000000000000000e+01
-3.800000000000000000e+01
3.000000000000000000e+01
1.500000000000000000e+01
-1.100000000000000000e+01
2.000000000000000000e+00
1.300000000000000000e+01
2.000000000000000000e+01
-1.000000000000000000e+00
2.100000000000000000e+01
1.200000000000000000e+01
2.800000000000000000e+01
-2.200000000000000000e+01
-1.000000000000000000e+01
2.000000000000000000e+00
7.000000000000000000e+00
1.400000000000000000e+01
2.900000000000000000e+01
1.900000000000000000e+01
1.100000000000000000e+01
2.000000000000000000e+01
3.200000000000000000e+01
1.000000000000000000e+00
-2.700000000000000000e+01
1.000000000000000000e+00
3.000000000000000000e+01
1.200000000000000000e+01
3.000000000000000000e+00
-5.000000000000000000e+00
2.000000000000000000e+01
1.700000000000000000e+01
2.200000000000000000e+01
-5.000000000000000000e+00
1.600000000000000000e+01
7.000000000000000000e+00
4.000000000000000000e+00
6.000000000000000000e+00
7.000000000000000000e+00
2.000000000000000000e+00
-4.000000000000000000e+00
8.000000000000000000e+00
-1.700000000000000000e+01
1.500000000000000000e+01
-1.500000000000000000e+01
1.400000000000000000e+01
9.000000000000000000e+00
-5.000000000000000000e+00
2.600000000000000000e+01
2.300000000000000000e+01
-9.000000000000000000e+00
1.500000000000000000e+01
2.400000000000000000e+01
-6.000000000000000000e+00
1.600000000000000000e+01
-6.000000000000000000e+00
8.000000000000000000e+00
-6.000000000000000000e+00
3.600000000000000000e+01
3.500000000000000000e+01
2.000000000000000000e+00
9.000000000000000000e+00
1.200000000000000000e+01
1.000000000000000000e+01
9.000000000000000000e+00
-8.000000000000000000e+00
1.400000000000000000e+01
6.000000000000000000e+00
2.100000000000000000e+01
2.100000000000000000e+01
6.000000000000000000e+00
2.600000000000000000e+01
-1.100000000000000000e+01
2.600000000000000000e+01
-2.200000000000000000e+01
-1.200000000000000000e+01
3.900000000000000000e+01
0.000000000000000000e+00
1.100000000000000000e+01
-8.000000000000000000e+00
-2.100000000000000000e+01
-1.000000000000000000e+00
6.000000000000000000e+00
2.000000000000000000e+00
1.800000000000000000e+01
4.600000000000000000e+01
1.800000000000000000e+01
3.700000000000000000e+01
1.900000000000000000e+01
2.300000000000000000e+01
3.000000000000000000e+00
-3.000000000000000000e+00
-1.500000000000000000e+01
-9.000000000000000000e+00
-2.100000000000000000e+01
-3.000000000000000000e+00
1.200000000000000000e+01
3.000000000000000000e+01
1.200000000000000000e+01
1.800000000000000000e+01
1.100000000000000000e+01
-8.000000000000000000e+00
1.200000000000000000e+01
3.200000000000000000e+01
1.800000000000000000e+01
1.400000000000000000e+01
2.600000000000000000e+01
6.000000000000000000e+00
-1.000000000000000000e+00
2.100000000000000000e+01
-1.300000000000000000e+01
7.000000000000000000e+00
-2.400000000000000000e+01
4.000000000000000000e+00
1.300000000000000000e+01
1.800000000000000000e+01
-1.700000000000000000e+01
-1.100000000000000000e+01
4.000000000000000000e+00
4.200000000000000000e+01
1.700000000000000000e+01
2.100000000000000000e+01
-9.000000000000000000e+00
-1.600000000000000000e+01
1.900000000000000000e+01
1.000000000000000000e+01
-5.000000000000000000e+00
1.300000000000000000e+01
-3.000000000000000000e+00
2.000000000000000000e+00
1.300000000000000000e+01
-5.000000000000000000e+00
4.000000000000000000e+00
5.000000000000000000e+00
-1.200000000000000000e+01
2.400000000000000000e+01
-1.600000000000000000e+01
4.000000000000000000e+00
2.000000000000000000e+00
2.000000000000000000e+00
8.000000000000000000e+00
3.000000000000000000e+01
-1.000000000000000000e+01
-1.800000000000000000e+01
4.300000000000000000e+01
-5.000000000000000000e+00
2.200000000000000000e+01
-8.000000000000000000e+00
0.000000000000000000e+00
1.800000000000000000e+01
-7.000000000000000000e+00
9.000000000000000000e+00
-1.600000000000000000e+01
4.000000000000000000e+00
2.300000000000000000e+01
0.000000000000000000e+00
-7.000000000000000000e+00
8.000000000000000000e+00
1.700000000000000000e+01
1.900000000000000000e+01
-9.000000000000000000e+00
-1.800000000000000000e+01
2.200000000000000000e+01
1.000000000000000000e+01
1.100000000000000000e+01
2.100000000000000000e+01
6.000000000000000000e+00
0.000000000000000000e+00
-8.000000000000000000e+00
-9.000000000000000000e+00
1.800000000000000000e+01
7.000000000000000000e+00
-1.800000000000000000e+01
1.200000000000000000e+01
-1.200000000000000000e+01
-5.000000000000000000e+00
1.100000000000000000e+01
1.200000000000000000e+01
2.200000000000000000e+01
-2.100000000000000000e+01
-9.000000000000000000e+00
1.300000000000000000e+01
2.500000000000000000e+01
-6.000000000000000000e+00
1.000000000000000000e+00
8.000000000000000000e+00
-1.200000000000000000e+01
7.000000000000000000e+00
-8.000000000000000000e+00
1.800000000000000000e+01
1.000000000000000000e+01
1.000000000000000000e+00
5.000000000000000000e+00
-3.000000000000000000e+00
2.000000000000000000e+01
2.000000000000000000e+01
-1.600000000000000000e+01
3.000000000000000000e+00
3.000000000000000000e+00
1.000000000000000000e+00
-5.000000000000000000e+00
4.000000000000000000e+00
3.000000000000000000e+01
-3.000000000000000000e+01
-1.300000000000000000e+01
-1.100000000000000000e+01
0.000000000000000000e+00
1.000000000000000000e+00
2.600000000000000000e+01
-1.300000000000000000e+01
2.300000000000000000e+01
-1.700000000000000000e+01
0.000000000000000000e+00
1.000000000000000000e+00
3.700000000000000000e+01
4.000000000000000000e+00
-1.600000000000000000e+01
7.000000000000000000e+00
-2.200000000000000000e+01
-6.000000000000000000e+00
1.500000000000000000e+01
-8.000000000000000000e+00
-6.000000000000000000e+00
-6.000000000000000000e+00
-9.000000000000000000e+00
1.000000000000000000e+00
2.000000000000000000e+00
-1.800000000000000000e+01
4.000000000000000000e+00
1.900000000000000000e+01
7.000000000000000000e+00
-1.800000000000000000e+01
3.100000000000000000e+01
2.200000000000000000e+01
2.000000000000000000e+01
9.000000000000000000e+00
2.800000000000000000e+01
-2.300000000000000000e+01
5.000000000000000000e+00
1.700000000000000000e+01
1.200000000000000000e+01
2.000000000000000000e+00
-3.100000000000000000e+01
-5.000000000000000000e+00
-2.000000000000000000e+00
4.000000000000000000e+00
-2.800000000000000000e+01
2.000000000000000000e+00
9.000000000000000000e+00
2.900000000000000000e+01
1.500000000000000000e+01
1.200000000000000000e+01
3.000000000000000000e+00
-8.000000000000000000e+00
-4.000000000000000000e+00
-1.100000000000000000e+01
-9.000000000000000000e+00
1.300000000000000000e+01
9.000000000000000000e+00
-8.000000000000000000e+00
-2.400000000000000000e+01
-6.000000000000000000e+00
-7.000000000000000000e+00
-1.600000000000000000e+01
5.000000000000000000e+00
1.300000000000000000e+01
-8.000000000000000000e+00
1.700000000000000000e+01
1.900000000000000000e+01
-1.900000000000000000e+01
7.000000000000000000e+00
-1.400000000000000000e+01
-6.000000000000000000e+00
-1.300000000000000000e+01
1.600000000000000000e+01
2.400000000000000000e+01
-7.000000000000000000e+00
-1.600000000000000000e+01
1.600000000000000000e+01
1.100000000000000000e+01
3.000000000000000000e+00
1.600000000000000000e+01
2.500000000000000000e+01
-2.200000000000000000e+01
-7.000000000000000000e+00
2.800000000000000000e+01
9.000000000000000000e+00
-1.900000000000000000e+01
2.300000000000000000e+01
1.000000000000000000e+00
8.000000000000000000e+00
1.000000000000000000e+01
-1.100000000000000000e+01
-1.300000000000000000e+01
-4.000000000000000000e+00
1.000000000000000000e+01
3.700000000000000000e+01
2.300000000000000000e+01
-1.000000000000000000e+01
2.000000000000000000e+01
-8.000000000000000000e+00
2.400000000000000000e+01
-3.000000000000000000e+00
-5.000000000000000000e+00
4.000000000000000000e+00
-1.400000000000000000e+01
1.800000000000000000e+01
1.300000000000000000e+01
5.000000000000000000e+00
2.300000000000000000e+01
1.800000000000000000e+01
3.000000000000000000e+00
-3.700000000000000000e+01
2.600000000000000000e+01
1.300000000000000000e+01
1.500000000000000000e+01
-3.000000000000000000e+01
1.300000000000000000e+01
-1.500000000000000000e+01
1.000000000000000000e+00
5.000000000000000000e+00
-2.000000000000000000e+00
6.000000000000000000e+00
1.600000000000000000e+01
-3.100000000000000000e+01
-1.400000000000000000e+01
0.000000000000000000e+00
-6.000000000000000000e+00
6.000000000000000000e+00
1.100000000000000000e+01
7.000000000000000000e+00
3.800000000000000000e+01
0.000000000000000000e+00
2.800000000000000000e+01
2.200000000000000000e+01
-9.000000000000000000e+00
1.100000000000000000e+01
1.500000000000000000e+01
1.000000000000000000e+00
1.000000000000000000e+01
-6.000000000000000000e+00
7.000000000000000000e+00
-5.000000000000000000e+00
-1.800000000000000000e+01
8.000000000000000000e+00
-1.400000000000000000e+01
-1.700000000000000000e+01
1.600000000000000000e+01
9.000000000000000000e+00
0.000000000000000000e+00
1.400000000000000000e+01
-1.900000000000000000e+01
1.900000000000000000e+01
-3.000000000000000000e+00
-1.200000000000000000e+01
3.200000000000000000e+01
3.000000000000000000e+00
1.600000000000000000e+01
-3.000000000000000000e+00
4.000000000000000000e+00
5.000000000000000000e+00
2.000000000000000000e+00
-5.000000000000000000e+00
-3.000000000000000000e+00
-9.000000000000000000e+00
1.700000000000000000e+01
-2.000000000000000000e+01
3.200000000000000000e+01
1.900000000000000000e+01
-5.000000000000000000e+00
1.100000000000000000e+01
-2.000000000000000000e+00
1.100000000000000000e+01
2.700000000000000000e+01
1.000000000000000000e+01
5.000000000000000000e+00
6.000000000000000000e+00
-1.500000000000000000e+01
7.000000000000000000e+00
-6.000000000000000000e+00
1.100000000000000000e+01
4.000000000000000000e+00
-1.900000000000000000e+01
-8.000000000000000000e+00
5.000000000000000000e+00
-8.000000000000000000e+00
1.400000000000000000e+01
-2.000000000000000000e+00
1.100000000000000000e+01
-5.000000000000000000e+00
-2.000000000000000000e+01
-3.000000000000000000e+00
-2.000000000000000000e+00
-3.000000000000000000e+00
2.000000000000000000e+00
-1.000000000000000000e+00
7.000000000000000000e+00
1.500000000000000000e+01
-3.000000000000000000e+01
-1.600000000000000000e+01
8.000000000000000000e+00
5.000000000000000000e+00
3.200000000000000000e+01
2.700000000000000000e+01
0.000000000000000000e+00
2.400000000000000000e+01
1.700000000000000000e+01
6.000000000000000000e+00
-1.000000000000000000e+01
1.200000000000000000e+01
1.300000000000000000e+01
1.200000000000000000e+01
1.300000000000000000e+01
9.000000000000000000e+00
1.900000000000000000e+01
2.100000000000000000e+01
-7.000000000000000000e+00
-2.000000000000000000e+00
-1.400000000000000000e+01
3.400000000000000000e+01
-5.000000000000000000e+00
-1.600000000000000000e+01
-2.300000000000000000e+01
-1.600000000000000000e+01
1.500000000000000000e+01
4.000000000000000000e+00
-7.000000000000000000e+00
1.600000000000000000e+01
-8.000000000000000000e+00
3.000000000000000000e+00
-3.400000000000000000e+01
-9.000000000000000000e+00
-9.000000000000000000e+00
1.100000000000000000e+01
-1.000000000000000000e+00
-7.000000000000000000e+00
-1.400000000000000000e+01
2.300000000000000000e+01
1.800000000000000000e+01
-3.000000000000000000e+00
1.000000000000000000e+01
1.600000000000000000e+01
4.100000000000000000e+01
-1.800000000000000000e+01
2.700000000000000000e+01
3.000000000000000000e+00
-1.300000000000000000e+01
-1.000000000000000000e+00
-1.100000000000000000e+01
-2.900000000000000000e+01
8.000000000000000000e+00
2.200000000000000000e+01
-8.000000000000000000e+00
4.000000000000000000e+00
0.000000000000000000e+00
1.100000000000000000e+01
0.000000000000000000e+00
2.500000000000000000e+01
-2.900000000000000000e+01
-2.000000000000000000e+00
1.300000000000000000e+01
1.300000000000000000e+01
-2.100000000000000000e+01
1.900000000000000000e+01
-7.000000000000000000e+00
0.000000000000000000e+00
2.500000000000000000e+01
-9.000000000000000000e+00
2.000000000000000000e+00
6.000000000000000000e+00
-6.000000000000000000e+00
1.200000000000000000e+01
5.000000000000000000e+00
1.200000000000000000e+01
2.000000000000000000e+00
-2.000000000000000000e+00
6.000000000000000000e+00
-9.000000000000000000e+00
1.200000000000000000e+01
2.000000000000000000e+00
8.000000000000000000e+00
-1.200000000000000000e+01
-3.000000000000000000e+01
3.300000000000000000e+01
1.300000000000000000e+01
-2.500000000000000000e+01
1.000000000000000000e+01
-1.100000000000000000e+01
2.000000000000000000e+01
-1.000000000000000000e+01
-1.700000000000000000e+01
-1.800000000000000000e+01
5.000000000000000000e+00
-3.000000000000000000e+00
-8.000000000000000000e+00
-6.000000000000000000e+00
2.200000000000000000e+01
1.800000000000000000e+01
5.000000000000000000e+00
0.000000000000000000e+00
-2.500000000000000000e+01
7.000000000000000000e+00
1.000000000000000000e+00
5.000000000000000000e+00
1.300000000000000000e+01
1.000000000000000000e+01
-3.000000000000000000e+00
1.400000000000000000e+01
1.300000000000000000e+01
1.900000000000000000e+01
2.000000000000000000e+01
1.400000000000000000e+01
1.800000000000000000e+01
1.200000000000000000e+01
1.100000000000000000e+01
4.000000000000000000e+00
-6.000000000000000000e+00
5.000000000000000000e+00
-6.000000000000000000e+00
1.700000000000000000e+01
1.200000000000000000e+01
-1.000000000000000000e+00
1.000000000000000000e+01
4.000000000000000000e+00
3.000000000000000000e+00
1.400000000000000000e+01
-1.600000000000000000e+01
5.000000000000000000e+00
-3.100000000000000000e+01
6.000000000000000000e+00
-1.400000000000000000e+01
2.700000000000000000e+01
1.000000000000000000e+01
0.000000000000000000e+00
-6.000000000000000000e+00
5.000000000000000000e+00
0.000000000000000000e+00
1.200000000000000000e+01
1.100000000000000000e+01
4.000000000000000000e+00
-1.300000000000000000e+01
2.000000000000000000e+00
-1.100000000000000000e+01
1.300000000000000000e+01
-1.600000000000000000e+01
3.000000000000000000e+01
-1.100000000000000000e+01
-1.300000000000000000e+01
1.000000000000000000e+01
-8.000000000000000000e+00
-1.900000000000000000e+01
2.900000000000000000e+01
-7.000000000000000000e+00
2.300000000000000000e+01
-2.000000000000000000e+00
-3.000000000000000000e+00
5.000000000000000000e+00
1.000000000000000000e+01
-2.000000000000000000e+00
8.000000000000000000e+00
-3.100000000000000000e+01
1.000000000000000000e+00
2.500000000000000000e+01
-3.200000000000000000e+01
-1.000000000000000000e+00
1.300000000000000000e+01
2.000000000000000000e+00
-1.400000000000000000e+01
1.600000000000000000e+01
-2.000000000000000000e+00
6.000000000000000000e+00
-1.500000000000000000e+01
1.200000000000000000e+01
-3.000000000000000000e+00
2.000000000000000000e+00
-2.700000000000000000e+01
1.000000000000000000e+01
1.400000000000000000e+01
1.000000000000000000e+01
-3.900000000000000000e+01
3.000000000000000000e+00
-9.000000000000000000e+00
4.000000000000000000e+00
-1.600000000000000000e+01
-5.000000000000000000e+00
-1.600000000000000000e+01
-1.000000000000000000e+00
-1.700000000000000000e+01
2.700000000000000000e+01
-1.200000000000000000e+01
-8.000000000000000000e+00
2.000000000000000000e+01
1.000000000000000000e+00
7.000000000000000000e+00
4.300000000000000000e+01
2.100000000000000000e+01
1.400000000000000000e+01
-6.000000000000000000e+00
1.800000000000000000e+01
1.300000000000000000e+01
-1.200000000000000000e+01
1.000000000000000000e+01
-4.000000000000000000e+00
-2.000000000000000000e+01
1.100000000000000000e+01
-1.100000000000000000e+01
-1.700000000000000000e+01
1.300000000000000000e+01
-1.000000000000000000e+00
-1.000000000000000000e+00
2.000000000000000000e+00
1.300000000000000000e+01
4.000000000000000000e+00
2.000000000000000000e+01
5.000000000000000000e+00
-1.500000000000000000e+01
-2.500000000000000000e+01
2.000000000000000000e+01
1.300000000000000000e+01
-2.000000000000000000e+01
-6.000000000000000000e+00
8.000000000000000000e+00
-2.400000000000000000e+01
-5.000000000000000000e+00
2.600000000000000000e+01
9.000000000000000000e+00
2.100000000000000000e+01
2.100000000000000000e+01
3.400000000000000000e+01
0.000000000000000000e+00
6.000000000000000000e+00
4.000000000000000000e+00
1.800000000000000000e+01
1.700000000000000000e+01
2.500000000000000000e+01
5.000000000000000000e+00
3.100000000000000000e+01
9.000000000000000000e+00
8.000000000000000000e+00
1.000000000000000000e+00
1.400000000000000000e+01
-1.000000000000000000e+00
-1.500000000000000000e+01
2.000000000000000000e+00
1.700000000000000000e+01
2.000000000000000000e+00
7.000000000000000000e+00
1.800000000000000000e+01
-1.200000000000000000e+01
-1.400000000000000000e+01
-6.000000000000000000e+00
3.500000000000000000e+01
1.300000000000000000e+01
1.800000000000000000e+01
3.600000000000000000e+01
3.000000000000000000e+00
8.000000000000000000e+00
3.100000000000000000e+01
1.500000000000000000e+01
1.400000000000000000e+01
2.700000000000000000e+01
2.700000000000000000e+01
3.100000000000000000e+01
2.100000000000000000e+01
4.200000000000000000e+01
1.700000000000000000e+01
1.700000000000000000e+01
4.900000000000000000e+01
5.300000000000000000e+01
7.000000000000000000e+01
4.200000000000000000e+01
2.700000000000000000e+01
3.500000000000000000e+01
8.400000000000000000e+01
5.300000000000000000e+01
7.700000000000000000e+01
7.100000000000000000e+01
7.300000000000000000e+01
7.900000000000000000e+01
7.700000000000000000e+01
6.100000000000000000e+01
8.300000000000000000e+01
1.200000000000000000e+02
1.030000000000000000e+02
1.250000000000000000e+02
1.080000000000000000e+02
1.260000000000000000e+02
1.010000000000000000e+02
1.280000000000000000e+02
1.490000000000000000e+02
1.430000000000000000e+02
1.730000000000000000e+02
1.740000000000000000e+02
1.880000000000000000e+02
2.150000000000000000e+02
2.090000000000000000e+02
2.050000000000000000e+02
2.300000000000000000e+02
2.700000000000000000e+02
2.760000000000000000e+02
2.590000000000000000e+02
2.970000000000000000e+02
3.230000000000000000e+02
3.310000000000000000e+02
3.470000000000000000e+02
3.170000000000000000e+02
3.770000000000000000e+02
4.180000000000000000e+02
3.880000000000000000e+02
4.150000000000000000e+02
4.580000000000000000e+02
4.330000000000000000e+02
4.550000000000000000e+02
4.850000000000000000e+02
5.120000000000000000e+02
5.330000000000000000e+02
5.660000000000000000e+02
5.540000000000000000e+02
6.160000000000000000e+02
6.200000000000000000e+02
6.560000000000000000e+02
7.040000000000000000e+02
7.220000000000000000e+02
7.610000000000000000e+02
7.450000000000000000e+02
7.830000000000000000e+02
8.190000000000000000e+02
8.230000000000000000e+02
8.870000000000000000e+02
8.680000000000000000e+02
8.860000000000000000e+02
9.240000000000000000e+02
9.780000000000000000e+02
1.000000000000000000e+03
9.920000000000000000e+02
1.038000000000000000e+03
1.030000000000000000e+03
1.062000000000000000e+03
1.094000000000000000e+03
1.144000000000000000e+03
1.198000000000000000e+03
1.168000000000000000e+03
1.221000000000000000e+03
1.166000000000000000e+03
1.225000000000000000e+03
1.227000000000000000e+03
1.211000000000000000e+03
1.308000000000000000e+03
1.288000000000000000e+03
1.291000000000000000e+03
1.347000000000000000e+03
1.355000000000000000e+03
1.311000000000000000e+03
1.377000000000000000e+03
1.367000000000000000e+03
1.415000000000000000e+03
1.412000000000000000e+03
1.436000000000000000e+03
1.447000000000000000e+03
1.499000000000000000e+03
1.467000000000000000e+03
1.473000000000000000e+03
1.490000000000000000e+03
1.533000000000000000e+03
1.545000000000000000e+03
1.544000000000000000e+03
1.478000000000000000e+03
1.497000000000000000e+03
1.520000000000000000e+03
1.465000000000000000e+03
1.482000000000000000e+03
1.448000000000000000e+03
1.443000000000000000e+03
1.412000000000000000e+03
1.427000000000000000e+03
1.364000000000000000e+03
1.337000000000000000e+03
1.307000000000000000e+03
1.339000000000000000e+03
1.305000000000000000e+03
1.324000000000000000e+03
1.326000000000000000e+03
1.294000000000000000e+03
1.258000000000000000e+03
1.264000000000000000e+03
1.260000000000000000e+03
1.257000000000000000e+03
1.257000000000000000e+03
1.236000000000000000e+03
1.175000000000000000e+03
1.217000000000000000e+03
1.188000000000000000e+03
1.181000000000000000e+03
1.202000000000000000e+03
1.134000000000000000e+03
1.092000000000000000e+03
1.104000000000000000e+03
1.124000000000000000e+03
1.017000000000000000e+03
1.011000000000000000e+03
1.024000000000000000e+03
9.940000000000000000e+02
9.590000000000000000e+02
9.110000000000000000e+02
9.130000000000000000e+02
8.720000000000000000e+02
8.340000000000000000e+02
8.190000000000000000e+02
8.040000000000000000e+02
7.920000000000000000e+02
7.680000000000000000e+02
7.240000000000000000e+02
6.960000000000000000e+02
6.850000000000000000e+02
6.790000000000000000e+02
6.650000000000000000e+02
6.380000000000000000e+02
6.090000000000000000e+02
6.370000000000000000e+02
5.880000000000000000e+02
5.800000000000000000e+02
5.880000000000000000e+02
5.380000000000000000e+02
5.170000000000000000e+02
5.190000000000000000e+02
5.080000000000000000e+02
4.780000000000000000e+02
4.510000000000000000e+02
4.700000000000000000e+02
4.190000000000000000e+02
4.220000000000000000e+02
3.560000000000000000e+02
3.910000000000000000e+02
3.660000000000000000e+02
3.010000000000000000e+02
3.280000000000000000e+02
3.120000000000000000e+02
2.820000000000000000e+02
3.000000000000000000e+02
2.800000000000000000e+02
2.530000000000000000e+02
2.520000000000000000e+02
2.460000000000000000e+02
2.350000000000000000e+02
2.210000000000000000e+02
2.300000000000000000e+02
1.870000000000000000e+02
1.980000000000000000e+02
1.810000000000000000e+02
1.850000000000000000e+02
1.590000000000000000e+02
1.750000000000000000e+02
1.520000000000000000e+02
1.450000000000000000e+02
1.460000000000000000e+02
1.470000000000000000e+02
9.600000000000000000e+01
1.220000000000000000e+02
1.190000000000000000e+02
9.300000000000000000e+01
7.000000000000000000e+01
9.800000000000000000e+01
1.230000000000000000e+02
1.010000000000000000e+02
7.000000000000000000e+01
7.500000000000000000e+01
5.100000000000000000e+01
8.800000000000000000e+01
4.500000000000000000e+01
9.600000000000000000e+01
6.100000000000000000e+01
4.800000000000000000e+01
1.400000000000000000e+01
5.800000000000000000e+01
2.000000000000000000e+01
2.300000000000000000e+01
8.000000000000000000e+00
2.400000000000000000e+01
1.300000000000000000e+01
5.500000000000000000e+01
6.500000000000000000e+01
6.100000000000000000e+01
5.000000000000000000e+00
4.000000000000000000e+00
2.200000000000000000e+01
4.500000000000000000e+01
1.800000000000000000e+01
2.500000000000000000e+01
2.400000000000000000e+01
1.700000000000000000e+01
3.500000000000000000e+01
3.700000000000000000e+01
9.000000000000000000e+00
1.400000000000000000e+01
7.000000000000000000e+00
2.400000000000000000e+01
-1.600000000000000000e+01
1.900000000000000000e+01
1.200000000000000000e+01
-1.800000000000000000e+01
1.100000000000000000e+01
2.600000000000000000e+01
1.100000000000000000e+01
1.800000000000000000e+01
1.700000000000000000e+01
2.500000000000000000e+01
4.500000000000000000e+01
1.900000000000000000e+01
-1.300000000000000000e+01
5.000000000000000000e+00
1.700000000000000000e+01
2.300000000000000000e+01
1.300000000000000000e+01
8.000000000000000000e+00
2.500000000000000000e+01
2.000000000000000000e+00
-1.200000000000000000e+01
1.300000000000000000e+01
1.600000000000000000e+01
5.000000000000000000e+00
3.000000000000000000e+00
1.000000000000000000e+01
2.300000000000000000e+01
-6.000000000000000000e+00
1.300000000000000000e+01
-1.400000000000000000e+01
-1.100000000000000000e+01
2.000000000000000000e+00
-3.400000000000000000e+01
-7.000000000000000000e+00
9.000000000000000000e+00
-1.400000000000000000e+01
-3.000000000000000000e+00
1.500000000000000000e+01
3.600000000000000000e+01
-2.000000000000000000e+00
1.900000000000000000e+01
1.200000000000000000e+01
-2.100000000000000000e+01
-2.200000000000000000e+01
-1.600000000000000000e+01
1.000000000000000000e+01
1.300000000000000000e+01
-1.000000000000000000e+01
1.000000000000000000e+00
5.000000000000000000e+00
-1.500000000000000000e+01
2.000000000000000000e+00
-7.000000000000000000e+00
1.000000000000000000e+00
-8.000000000000000000e+00
-4.100000000000000000e+01
1.200000000000000000e+01
-6.000000000000000000e+00
-1.000000000000000000e+00
1.900000000000000000e+01
0.000000000000000000e+00
7.000000000000000000e+00
2.000000000000000000e+01
2.200000000000000000e+01
-5.000000000000000000e+00
1.800000000000000000e+01
1.500000000000000000e+01
1.200000000000000000e+01
-1.300000000000000000e+01
1.000000000000000000e+01
2.000000000000000000e+00
2.000000000000000000e+00
2.000000000000000000e+00
-1.000000000000000000e+00
