-5.000000000000000000e+00
-2.000000000000000000e+00
-3.000000000000000000e+00
5.000000000000000000e+00
1.100000000000000000e+01
-1.700000000000000000e+01
-3.100000000000000000e+01
-7.000000000000000000e+00
-2.000000000000000000e+00
-1.100000000000000000e+01
-1.000000000000000000e+00
-8.000000000000000000e+00
-1.000000000000000000e+00
3.000000000000000000e+00
-2.000000000000000000e+00
2.100000000000000000e+01
1.200000000000000000e+01
4.000000000000000000e+00
-3.000000000000000000e+00
1.300000000000000000e+01
3.100000000000000000e+01
5.000000000000000000e+00
0.000000000000000000e+00
1.200000000000000000e+01
-8.000000000000000000e+00
-1.400000000000000000e+01
-1.700000000000000000e+01
6.000000000000000000e+00
1.000000000000000000e+01
0.000000000000000000e+00
-1.400000000000000000e+01
-8.000000000000000000e+00
4.300000000000000000e+01
-5.000000000000000000e+00
-1.400000000000000000e+01
-3.100000000000000000e+01
-1.300000000000000000e+01
-2.200000000000000000e+01
3.000000000000000000e+00
4.000000000000000000e+00
-1.700000000000000000e+01
3.000000000000000000e+00
-1.500000000000000000e+01
-7.000000000000000000e+00
-5.000000000000000000e+00
-6.000000000000000000e+00
-3.100000000000000000e+01
1.100000000000000000e+01
-1.000000000000000000e+00
-2.500000000000000000e+01
-9.000000000000000000e+00
1.000000000000000000e+00
3.000000000000000000e+00
1.900000000000000000e+01
-3.400000000000000000e+01
-4.000000000000000000e+00
-6.000000000000000000e+00
-3.100000000000000000e+01
-2.100000000000000000e+01
-3.000000000000000000e+01
-2.400000000000000000e+01
5.000000000000000000e+00
-2.600000000000000000e+01
1.100000000000000000e+01
1.100000000000000000e+01
0.000000000000000000e+00
-2.800000000000000000e+01
1.000000000000000000e+00
-4.000000000000000000e+00
-1.000000000000000000e+01
-1.000000000000000000e+01
1.600000000000000000e+01
-6.000000000000000000e+00
-2.600000000000000000e+01
-1.500000000000000000e+01
1.500000000000000000e+01
-1.500000000000000000e+01
7.000000000000000000e+00
2.000000000000000000e+01
7.000000000000000000e+00
6.000000000000000000e+00
1.900000000000000000e+01
-3.600000000000000000e+01
3.000000000000000000e+01
-2.800000000000000000e+01
-4.300000000000000000e+01
2.500000000000000000e+01
-1.000000000000000000e+01
2.800000000000000000e+01
-8.000000000000000000e+00
-1.000000000000000000e+01
-1.100000000000000000e+01
-1.000000000000000000e+01
-1.500000000000000000e+01
-5.000000000000000000e+00
2.000000000000000000e+00
-1.800000000000000000e+01
-2.700000000000000000e+01
1.000000000000000000e+01
-1.500000000000000000e+01
-1.400000000000000000e+01
3.000000000000000000e+00
-1.000000000000000000e+00
-2.300000000000000000e+01
-8.000000000000000000e+00
8.000000000000000000e+00
-2.300000000000000000e+01
1.400000000000000000e+01
-8.000000000000000000e+00
-5.000000000000000000e+00
-4.000000000000000000e+00
-2.300000000000000000e+01
2.400000000000000000e+01
-5.000000000000000000e+00
-1.400000000000000000e+01
6.000000000000000000e+00
-1.600000000000000000e+01
-4.000000000000000000e+00
-2.200000000000000000e+01
1.100000000000000000e+01
-9.000000000000000000e+00
9.000000000000000000e+00
-1.900000000000000000e+01
5.000000000000000000e+00
1.800000000000000000e+01
-2.500000000000000000e+01
-1.000000000000000000e+01
-1.500000000000000000e+01
-5.000000000000000000e+00
3.100000000000000000e+01
1.000000000000000000e+00
1.000000000000000000e+01
-8.000000000000000000e+00
2.000000000000000000e+01
-3.000000000000000000e+00
-5.000000000000000000e+00
1.900000000000000000e+01
1.900000000000000000e+01
0.000000000000000000e+00
1.200000000000000000e+01
0.000000000000000000e+00
1.500000000000000000e+01
-6.000000000000000000e+00
-1.200000000000000000e+01
-9.000000000000000000e+00
1.800000000000000000e+01
3.100000000000000000e+01
-2.000000000000000000e+01
1.100000000000000000e+01
-1.100000000000000000e+01
1.900000000000000000e+01
3.000000000000000000e+00
-1.600000000000000000e+01
-7.000000000000000000e+00
1.300000000000000000e+01
-2.600000000000000000e+01
1.500000000000000000e+01
-8.000000000000000000e+00
5.000000000000000000e+00
-9.000000000000000000e+00
2.000000000000000000e+00
-1.000000000000000000e+01
-1.400000000000000000e+01
-2.300000000000000000e+01
-1.400000000000000000e+01
-1.600000000000000000e+01
-9.000000000000000000e+00
-2.100000000000000000e+01
1.000000000000000000e+01
-2.500000000000000000e+01
1.300000000000000000e+01
-2.000000000000000000e+00
-1.000000000000000000e+00
9.000000000000000000e+00
-9.000000000000000000e+00
-1.000000000000000000e+00
-4.000000000000000000e+00
-2.200000000000000000e+01
1.500000000000000000e+01
-5.000000000000000000e+00
-8.000000000000000000e+00
4.000000000000000000e+00
2.000000000000000000e+00
-3.300000000000000000e+01
-2.000000000000000000e+00
-3.100000000000000000e+01
-7.000000000000000000e+00
-1.100000000000000000e+01
1.400000000000000000e+01
3.500000000000000000e+01
2.200000000000000000e+01
4.000000000000000000e+00
-1.600000000000000000e+01
1.000000000000000000e+01
1.300000000000000000e+01
-7.000000000000000000e+00
1.200000000000000000e+01
8.000000000000000000e+00
9.000000000000000000e+00
-1.000000000000000000e+00
-3.000000000000000000e+00
-1.200000000000000000e+01
-3.000000000000000000e+00
1.300000000000000000e+01
4.000000000000000000e+00
-8.000000000000000000e+00
3.000000000000000000e+00
-1.600000000000000000e+01
1.000000000000000000e+00
1.000000000000000000e+00
2.200000000000000000e+01
0.000000000000000000e+00
-3.000000000000000000e+00
1.600000000000000000e+01
-7.000000000000000000e+00
-4.000000000000000000e+00
3.000000000000000000e+00
7.000000000000000000e+00
2.900000000000000000e+01
-1.500000000000000000e+01
2.200000000000000000e+01
-1.500000000000000000e+01
-2.000000000000000000e+00
1.000000000000000000e+01
-7.000000000000000000e+00
1.600000000000000000e+01
6.000000000000000000e+00
-3.300000000000000000e+01
7.000000000000000000e+00
1.700000000000000000e+01
-4.000000000000000000e+00
-1.200000000000000000e+01
-9.000000000000000000e+00
1.000000000000000000e+00
-9.000000000000000000e+00
-4.000000000000000000e+00
-3.000000000000000000e+00
-1.500000000000000000e+01
-3.000000000000000000e+00
5.000000000000000000e+00
1.000000000000000000e+01
-3.500000000000000000e+01
9.000000000000000000e+00
-7.000000000000000000e+00
7.000000000000000000e+00
2.200000000000000000e+01
-4.000000000000000000e+00
2.200000000000000000e+01
-2.400000000000000000e+01
8.000000000000000000e+00
-6.000000000000000000e+00
-1.200000000000000000e+01
2.000000000000000000e+00
0.000000000000000000e+00
-3.400000000000000000e+01
-1.300000000000000000e+01
1.200000000000000000e+01
-1.300000000000000000e+01
-1.900000000000000000e+01
-2.800000000000000000e+01
1.100000000000000000e+01
-1.100000000000000000e+01
8.000000000000000000e+00
-1.500000000000000000e+01
1.700000000000000000e+01
3.000000000000000000e+00
-1.500000000000000000e+01
-8.000000000000000000e+00
5.000000000000000000e+00
-1.500000000000000000e+01
-3.100000000000000000e+01
-1.400000000000000000e+01
3.000000000000000000e+00
-1.700000000000000000e+01
0.000000000000000000e+00
-3.000000000000000000e+00
-3.000000000000000000e+00
-2.000000000000000000e+00
-1.400000000000000000e+01
1.400000000000000000e+01
-2.100000000000000000e+01
-2.200000000000000000e+01
-2.400000000000000000e+01
-4.000000000000000000e+00
-2.000000000000000000e+00
-7.000000000000000000e+00
-3.700000000000000000e+01
-8.000000000000000000e+00
-2.400000000000000000e+01
5.000000000000000000e+00
-1.700000000000000000e+01
4.000000000000000000e+01
-1.900000000000000000e+01
1.300000000000000000e+01
-2.600000000000000000e+01
9.000000000000000000e+00
8.000000000000000000e+00
3.000000000000000000e+00
-9.000000000000000000e+00
2.400000000000000000e+01
1.100000000000000000e+01
-3.400000000000000000e+01
-2.700000000000000000e+01
1.000000000000000000e+00
-1.100000000000000000e+01
2.000000000000000000e+00
-2.500000000000000000e+01
-3.000000000000000000e+00
-1.700000000000000000e+01
-3.000000000000000000e+00
-2.400000000000000000e+01
3.400000000000000000e+01
2.800000000000000000e+01
-7.000000000000000000e+00
1.300000000000000000e+01
3.000000000000000000e+00
8.000000000000000000e+00
1.500000000000000000e+01
-2.000000000000000000e+00
-3.500000000000000000e+01
-5.100000000000000000e+01
7.000000000000000000e+00
-1.700000000000000000e+01
-3.000000000000000000e+00
6.000000000000000000e+00
-1.800000000000000000e+01
3.100000000000000000e+01
1.400000000000000000e+01
-1.000000000000000000e+01
3.000000000000000000e+00
5.000000000000000000e+00
3.900000000000000000e+01
-9.000000000000000000e+00
-1.200000000000000000e+01
-2.600000000000000000e+01
8.000000000000000000e+00
-3.000000000000000000e+00
9.000000000000000000e+00
2.100000000000000000e+01
1.300000000000000000e+01
6.000000000000000000e+00
-1.400000000000000000e+01
6.000000000000000000e+00
-1.000000000000000000e+00
3.000000000000000000e+00
-2.800000000000000000e+01
-1.200000000000000000e+01
-3.400000000000000000e+01
-3.300000000000000000e+01
-6.000000000000000000e+00
2.000000000000000000e+00
4.000000000000000000e+00
-9.000000000000000000e+00
-3.500000000000000000e+01
-2.000000000000000000e+00
1.300000000000000000e+01
7.000000000000000000e+00
2.200000000000000000e+01
-1.700000000000000000e+01
-7.000000000000000000e+00
-3.000000000000000000e+00
3.400000000000000000e+01
-1.500000000000000000e+01
2.500000000000000000e+01
-8.000000000000000000e+00
-1.000000000000000000e+00
-1.700000000000000000e+01
-2.200000000000000000e+01
-1.000000000000000000e+00
2.000000000000000000e+00
-1.600000000000000000e+01
-6.000000000000000000e+00
-2.900000000000000000e+01
-1.400000000000000000e+01
9.000000000000000000e+00
0.000000000000000000e+00
-1.800000000000000000e+01
-1.200000000000000000e+01
-1.700000000000000000e+01
2.000000000000000000e+01
4.200000000000000000e+01
1.300000000000000000e+01
-4.000000000000000000e+01
3.500000000000000000e+01
-3.600000000000000000e+01
8.000000000000000000e+00
3.000000000000000000e+00
-2.400000000000000000e+01
-1.000000000000000000e+00
2.200000000000000000e+01
-7.000000000000000000e+00
-3.000000000000000000e+00
1.100000000000000000e+01
-2.200000000000000000e+01
-1.200000000000000000e+01
3.200000000000000000e+01
-1.400000000000000000e+01
1.500000000000000000e+01
5.000000000000000000e+00
3.900000000000000000e+01
-2.000000000000000000e+00
7.000000000000000000e+00
-1.200000000000000000e+01
-7.000000000000000000e+00
-8.000000000000000000e+00
1.300000000000000000e+01
5.000000000000000000e+00
-3.400000000000000000e+01
-1.900000000000000000e+01
-5.000000000000000000e+00
3.000000000000000000e+00
3.000000000000000000e+00
-1.800000000000000000e+01
-8.000000000000000000e+00
1.200000000000000000e+01
9.000000000000000000e+00
5.000000000000000000e+00
4.000000000000000000e+00
-1.300000000000000000e+01
6.000000000000000000e+00
1.900000000000000000e+01
-1.400000000000000000e+01
2.000000000000000000e+00
-5.000000000000000000e+00
-3.000000000000000000e+00
-6.000000000000000000e+00
1.000000000000000000e+00
-5.000000000000000000e+00
4.000000000000000000e+00
0.000000000000000000e+00
8.000000000000000000e+00
3.100000000000000000e+01
5.000000000000000000e+00
8.000000000000000000e+00
-9.000000000000000000e+00
-1.300000000000000000e+01
-1.000000000000000000e+00
1.500000000000000000e+01
-9.000000000000000000e+00
1.400000000000000000e+01
0.000000000000000000e+00
-1.300000000000000000e+01
-2.100000000000000000e+01
1.800000000000000000e+01
1.500000000000000000e+01
2.000000000000000000e+01
-1.200000000000000000e+01
-2.000000000000000000e+01
-1.200000000000000000e+01
2.200000000000000000e+01
-5.000000000000000000e+00
5.000000000000000000e+00
-1.600000000000000000e+01
-1.500000000000000000e+01
-1.000000000000000000e+01
2.200000000000000000e+01
2.900000000000000000e+01
2.000000000000000000e+00
-5.000000000000000000e+00
-1.600000000000000000e+01
-5.000000000000000000e+00
-1.000000000000000000e+01
-1.500000000000000000e+01
-1.000000000000000000e+01
1.700000000000000000e+01
-6.000000000000000000e+00
1.400000000000000000e+01
-1.600000000000000000e+01
-1.900000000000000000e+01
6.000000000000000000e+00
-4.000000000000000000e+00
4.000000000000000000e+00
7.700000000000000000e+01
-2.500000000000000000e+01
-3.800000000000000000e+01
1.300000000000000000e+01
2.900000000000000000e+01
9.000000000000000000e+00
4.300000000000000000e+01
0.000000000000000000e+00
-1.500000000000000000e+01
-1.200000000000000000e+01
-5.000000000000000000e+00
-2.300000000000000000e+01
-2.900000000000000000e+01
1.200000000000000000e+01
-1.700000000000000000e+01
7.000000000000000000e+00
2.100000000000000000e+01
3.100000000000000000e+01
7.000000000000000000e+00
-6.000000000000000000e+00
1.100000000000000000e+01
4.000000000000000000e+00
2.500000000000000000e+01
-8.000000000000000000e+00
-2.000000000000000000e+00
-6.000000000000000000e+00
-3.000000000000000000e+00
-4.000000000000000000e+00
2.900000000000000000e+01
-5.000000000000000000e+00
2.700000000000000000e+01
2.700000000000000000e+01
-1.000000000000000000e+00
1.000000000000000000e+00
-1.800000000000000000e+01
-2.000000000000000000e+00
-1.400000000000000000e+01
-1.000000000000000000e+00
-1.600000000000000000e+01
-2.400000000000000000e+01
1.500000000000000000e+01
0.000000000000000000e+00
1.200000000000000000e+01
0.000000000000000000e+00
2.300000000000000000e+01
2.600000000000000000e+01
3.000000000000000000e+01
4.600000000000000000e+01
1.500000000000000000e+01
2.500000000000000000e+01
-6.000000000000000000e+00
2.200000000000000000e+01
2.800000000000000000e+01
-1.000000000000000000e+00
2.600000000000000000e+01
1.900000000000000000e+01
4.100000000000000000e+01
3.200000000000000000e+01
6.800000000000000000e+01
5.200000000000000000e+01
4.700000000000000000e+01
5.200000000000000000e+01
6.700000000000000000e+01
3.900000000000000000e+01
4.700000000000000000e+01
5.900000000000000000e+01
2.300000000000000000e+01
4.500000000000000000e+01
7.200000000000000000e+01
4.700000000000000000e+01
6.600000000000000000e+01
4.800000000000000000e+01
8.000000000000000000e+01
4.400000000000000000e+01
5.900000000000000000e+01
1.600000000000000000e+01
4.700000000000000000e+01
2.400000000000000000e+01
1.400000000000000000e+01
9.000000000000000000e+00
3.700000000000000000e+01
-9.000000000000000000e+00
4.900000000000000000e+01
-3.000000000000000000e+00
7.000000000000000000e+00
-6.000000000000000000e+00
1.000000000000000000e+01
2.000000000000000000e+00
1.000000000000000000e+01
-2.600000000000000000e+01
3.200000000000000000e+01
2.400000000000000000e+01
3.000000000000000000e+01
-2.300000000000000000e+01
2.100000000000000000e+01
9.000000000000000000e+00
2.000000000000000000e+00
1.000000000000000000e+01
9.000000000000000000e+00
-2.000000000000000000e+00
-1.100000000000000000e+01
-2.300000000000000000e+01
2.800000000000000000e+01
5.200000000000000000e+01
-4.200000000000000000e+01
-4.000000000000000000e+00
1.700000000000000000e+01
-1.700000000000000000e+01
-1.100000000000000000e+01
3.000000000000000000e+01
1.800000000000000000e+01
7.000000000000000000e+00
-6.000000000000000000e+00
2.100000000000000000e+01
-1.000000000000000000e+00
2.200000000000000000e+01
-1.400000000000000000e+01
2.000000000000000000e+00
-1.100000000000000000e+01
0.000000000000000000e+00
6.000000000000000000e+00
8.000000000000000000e+00
1.000000000000000000e+00
-6.000000000000000000e+00
1.100000000000000000e+01
-1.700000000000000000e+01
1.100000000000000000e+01
1.600000000000000000e+01
-1.300000000000000000e+01
-6.000000000000000000e+00
1.000000000000000000e+01
1.700000000000000000e+01
1.200000000000000000e+01
4.000000000000000000e+00
2.600000000000000000e+01
1.300000000000000000e+01
-9.000000000000000000e+00
-1.500000000000000000e+01
-1.000000000000000000e+00
2.300000000000000000e+01
6.000000000000000000e+00
7.000000000000000000e+00
-9.000000000000000000e+00
-3.000000000000000000e+00
9.000000000000000000e+00
0.000000000000000000e+00
-1.000000000000000000e+00
-1.300000000000000000e+01
1.900000000000000000e+01
-4.000000000000000000e+00
3.000000000000000000e+01
-1.200000000000000000e+01
-2.100000000000000000e+01
-1.800000000000000000e+01
1.000000000000000000e+01
2.100000000000000000e+01
-1.000000000000000000e+00
-3.300000000000000000e+01
3.000000000000000000e+01
-7.000000000000000000e+00
8.000000000000000000e+00
-1.400000000000000000e+01
-3.000000000000000000e+00
7.000000000000000000e+00
-1.600000000000000000e+01
-1.200000000000000000e+01
2.000000000000000000e+01
-6.000000000000000000e+00
1.300000000000000000e+01
-1.800000000000000000e+01
4.000000000000000000e+00
1.000000000000000000e+00
1.200000000000000000e+01
7.000000000000000000e+00
-1.900000000000000000e+01
7.000000000000000000e+00
-1.100000000000000000e+01
-1.100000000000000000e+01
1.100000000000000000e+01
-5.300000000000000000e+01
3.200000000000000000e+01
2.300000000000000000e+01
-8.000000000000000000e+00
-2.600000000000000000e+01
-2.000000000000000000e+00
9.000000000000000000e+00
2.200000000000000000e+01
4.000000000000000000e+00
-8.000000000000000000e+00
2.400000000000000000e+01
-3.300000000000000000e+01
4.400000000000000000e+01
-2.700000000000000000e+01
-2.400000000000000000e+01
-4.000000000000000000e+00
6.000000000000000000e+01
1.200000000000000000e+01
1.100000000000000000e+01
-2.300000000000000000e+01
-1.100000000000000000e+01
1.600000000000000000e+01
-1.100000000000000000e+01
0.000000000000000000e+00
-2.800000000000000000e+01
9.000000000000000000e+00
4.800000000000000000e+01
3.000000000000000000e+00
-2.300000000000000000e+01
-3.000000000000000000e+00
2.500000000000000000e+01
0.000000000000000000e+00
-3.000000000000000000e+00
-1.100000000000000000e+01
1.600000000000000000e+01
2.600000000000000000e+01
2.200000000000000000e+01
-4.000000000000000000e+00
-1.000000000000000000e+00
-9.000000000000000000e+00
1.700000000000000000e+01
5.000000000000000000e+00
1.900000000000000000e+01
1.300000000000000000e+01
1.700000000000000000e+01
-1.800000000000000000e+01
2.500000000000000000e+01
7.000000000000000000e+00
1.300000000000000000e+01
2.400000000000000000e+01
2.300000000000000000e+01
-9.000000000000000000e+00
2.000000000000000000e+00
9.000000000000000000e+00
2.600000000000000000e+01
1.000000000000000000e+01
2.200000000000000000e+01
1.600000000000000000e+01
3.900000000000000000e+01
-1.100000000000000000e+01
5.000000000000000000e+00
-8.000000000000000000e+00
1.000000000000000000e+01
3.300000000000000000e+01
-1.200000000000000000e+01
1.400000000000000000e+01
6.000000000000000000e+00
5.000000000000000000e+00
3.100000000000000000e+01
0.000000000000000000e+00
2.200000000000000000e+01
8.000000000000000000e+00
1.300000000000000000e+01
1.400000000000000000e+01
1.000000000000000000e+00
1.000000000000000000e+01
1.300000000000000000e+01
-5.000000000000000000e+00
4.100000000000000000e+01
1.200000000000000000e+01
6.000000000000000000e+00
1.300000000000000000e+01
-1.000000000000000000e+01
2.000000000000000000e+00
5.200000000000000000e+01
-6.000000000000000000e+00
1.700000000000000000e+01
6.000000000000000000e+00
2.300000000000000000e+01
4.400000000000000000e+01
-1.000000000000000000e+00
-1.000000000000000000e+00
-5.000000000000000000e+00
-2.700000000000000000e+01
0.000000000000000000e+00
1.400000000000000000e+01
5.000000000000000000e+00
1.000000000000000000e+00
-1.000000000000000000e+00
2.100000000000000000e+01
2.300000000000000000e+01
-9.000000000000000000e+00
2.900000000000000000e+01
2.500000000000000000e+01
-8.000000000000000000e+00
8.000000000000000000e+00
0.000000000000000000e+00
4.000000000000000000e+00
6.000000000000000000e+00
2.300000000000000000e+01
2.800000000000000000e+01
-8.000000000000000000e+00
-3.000000000000000000e+00
3.800000000000000000e+01
3.100000000000000000e+01
-8.000000000000000000e+00
3.300000000000000000e+01
6.000000000000000000e+00
1.200000000000000000e+01
2.300000000000000000e+01
1.300000000000000000e+01
1.400000000000000000e+01
4.000000000000000000e+01
-4.000000000000000000e+00
-1.400000000000000000e+01
1.500000000000000000e+01
1.900000000000000000e+01
2.200000000000000000e+01
1.000000000000000000e+01
3.500000000000000000e+01
2.300000000000000000e+01
-2.000000000000000000e+00
1.900000000000000000e+01
1.200000000000000000e+01
3.500000000000000000e+01
-1.600000000000000000e+01
1.200000000000000000e+01
2.100000000000000000e+01
2.700000000000000000e+01
1.800000000000000000e+01
-5.000000000000000000e+00
1.200000000000000000e+01
-1.600000000000000000e+01
2.100000000000000000e+01
2.200000000000000000e+01
2.700000000000000000e+01
-1.700000000000000000e+01
9.000000000000000000e+00
2.500000000000000000e+01
-1.000000000000000000e+00
5.200000000000000000e+01
7.000000000000000000e+00
-2.300000000000000000e+01
1.300000000000000000e+01
2.100000000000000000e+01
-6.000000000000000000e+00
1.200000000000000000e+01
-3.000000000000000000e+00
1.300000000000000000e+01
2.800000000000000000e+01
4.100000000000000000e+01
2.200000000000000000e+01
1.400000000000000000e+01
2.000000000000000000e+00
2.600000000000000000e+01
3.400000000000000000e+01
2.800000000000000000e+01
3.600000000000000000e+01
-1.200000000000000000e+01
2.100000000000000000e+01
8.000000000000000000e+00
5.000000000000000000e+00
3.000000000000000000e+00
4.500000000000000000e+01
7.000000000000000000e+00
4.000000000000000000e+01
2.300000000000000000e+01
5.000000000000000000e+00
8.000000000000000000e+00
3.600000000000000000e+01
3.000000000000000000e+01
1.000000000000000000e+00
0.000000000000000000e+00
1.100000000000000000e+01
2.100000000000000000e+01
2.000000000000000000e+01
4.000000000000000000e+00
3.200000000000000000e+01
2.700000000000000000e+01
2.900000000000000000e+01
2.400000000000000000e+01
-2.000000000000000000e+00
3.500000000000000000e+01
1.800000000000000000e+01
3.600000000000000000e+01
3.300000000000000000e+01
3.100000000000000000e+01
9.000000000000000000e+00
3.100000000000000000e+01
4.500000000000000000e+01
-5.000000000000000000e+00
7.000000000000000000e+00
1.300000000000000000e+01
6.000000000000000000e+00
3.100000000000000000e+01
1.800000000000000000e+01
4.900000000000000000e+01
5.000000000000000000e+01
2.400000000000000000e+01
5.100000000000000000e+01
3.100000000000000000e+01
2.200000000000000000e+01
3.400000000000000000e+01
3.000000000000000000e+01
3.400000000000000000e+01
4.700000000000000000e+01
4.800000000000000000e+01
5.400000000000000000e+01
6.100000000000000000e+01
7.000000000000000000e+01
6.200000000000000000e+01
3.400000000000000000e+01
5.000000000000000000e+01
7.800000000000000000e+01
1.060000000000000000e+02
9.000000000000000000e+01
1.140000000000000000e+02
1.330000000000000000e+02
1.380000000000000000e+02
1.350000000000000000e+02
8.900000000000000000e+01
1.650000000000000000e+02
1.570000000000000000e+02
1.940000000000000000e+02
1.500000000000000000e+02
1.890000000000000000e+02
1.600000000000000000e+02
2.130000000000000000e+02
2.330000000000000000e+02
2.370000000000000000e+02
2.490000000000000000e+02
2.950000000000000000e+02
3.230000000000000000e+02
3.100000000000000000e+02
3.310000000000000000e+02
3.120000000000000000e+02
3.780000000000000000e+02
4.590000000000000000e+02
4.520000000000000000e+02
5.120000000000000000e+02
5.060000000000000000e+02
5.780000000000000000e+02
6.670000000000000000e+02
6.920000000000000000e+02
6.870000000000000000e+02
7.780000000000000000e+02
8.520000000000000000e+02
9.090000000000000000e+02
9.680000000000000000e+02
1.042000000000000000e+03
1.089000000000000000e+03
1.136000000000000000e+03
1.254000000000000000e+03
1.318000000000000000e+03
1.422000000000000000e+03
1.467000000000000000e+03
1.528000000000000000e+03
1.632000000000000000e+03
1.715000000000000000e+03
1.777000000000000000e+03
1.916000000000000000e+03
1.955000000000000000e+03
2.001000000000000000e+03
2.169000000000000000e+03
2.240000000000000000e+03
2.313000000000000000e+03
2.421000000000000000e+03
2.486000000000000000e+03
2.497000000000000000e+03
2.583000000000000000e+03
2.576000000000000000e+03
2.657000000000000000e+03
2.690000000000000000e+03
2.758000000000000000e+03
2.673000000000000000e+03
2.781000000000000000e+03
2.698000000000000000e+03
2.785000000000000000e+03
2.761000000000000000e+03
2.643000000000000000e+03
2.631000000000000000e+03
2.615000000000000000e+03
2.617000000000000000e+03
2.538000000000000000e+03
2.511000000000000000e+03
2.409000000000000000e+03
2.363000000000000000e+03
2.286000000000000000e+03
2.201000000000000000e+03
2.109000000000000000e+03
2.014000000000000000e+03
1.885000000000000000e+03
1.825000000000000000e+03
1.712000000000000000e+03
1.612000000000000000e+03
1.573000000000000000e+03
1.446000000000000000e+03
1.401000000000000000e+03
1.293000000000000000e+03
1.168000000000000000e+03
1.120000000000000000e+03
1.034000000000000000e+03
9.620000000000000000e+02
8.590000000000000000e+02
7.510000000000000000e+02
7.140000000000000000e+02
6.550000000000000000e+02
6.570000000000000000e+02
5.210000000000000000e+02
4.880000000000000000e+02
4.400000000000000000e+02
3.770000000000000000e+02
3.790000000000000000e+02
3.110000000000000000e+02
2.520000000000000000e+02
2.620000000000000000e+02
2.240000000000000000e+02
1.920000000000000000e+02
1.910000000000000000e+02
1.760000000000000000e+02
1.450000000000000000e+02
8.800000000000000000e+01
1.030000000000000000e+02
9.200000000000000000e+01
5.900000000000000000e+01
6.200000000000000000e+01
6.100000000000000000e+01
5.000000000000000000e+01
4.400000000000000000e+01
3.300000000000000000e+01
5.200000000000000000e+01
2.400000000000000000e+01
3.500000000000000000e+01
3.000000000000000000e+01
1.700000000000000000e+01
1.400000000000000000e+01
3.500000000000000000e+01
1.800000000000000000e+01
2.400000000000000000e+01
1.900000000000000000e+01
1.200000000000000000e+01
5.800000000000000000e+01
-1.200000000000000000e+01
1.200000000000000000e+01
5.000000000000000000e+01
-1.300000000000000000e+01
1.800000000000000000e+01
2.000000000000000000e+00
3.600000000000000000e+01
1.000000000000000000e+01
3.100000000000000000e+01
-4.000000000000000000e+00
1.000000000000000000e+00
8.000000000000000000e+00
1.700000000000000000e+01
2.700000000000000000e+01
-5.000000000000000000e+00
2.000000000000000000e+00
0.000000000000000000e+00
-2.200000000000000000e+01
3.000000000000000000e+01
3.100000000000000000e+01
8.000000000000000000e+00
3.000000000000000000e+00
3.000000000000000000e+00
2.400000000000000000e+01
-1.400000000000000000e+01
3.100000000000000000e+01
1.800000000000000000e+01
-1.900000000000000000e+01
3.000000000000000000e+00
-3.000000000000000000e+00
-1.000000000000000000e+00
1.400000000000000000e+01
2.200000000000000000e+01
1.300000000000000000e+01
-4.000000000000000000e+00
8.000000000000000000e+00
1.800000000000000000e+01
1.100000000000000000e+01
2.000000000000000000e+01
-3.000000000000000000e+00
2.800000000000000000e+01
1.900000000000000000e+01
-1.700000000000000000e+01
1.000000000000000000e+01
5.000000000000000000e+00
2.000000000000000000e+01
3.900000000000000000e+01
6.000000000000000000e+00
6.000000000000000000e+00
1.500000000000000000e+01
2.300000000000000000e+01
1.100000000000000000e+01
3.800000000000000000e+01
4.100000000000000000e+01
1.700000000000000000e+01
-1.000000000000000000e+01
3.300000000000000000e+01
1.100000000000000000e+01
-1.600000000000000000e+01
2.500000000000000000e+01
4.000000000000000000e+00
6.000000000000000000e+00
1.200000000000000000e+01
3.200000000000000000e+01
1.600000000000000000e+01
1.300000000000000000e+01
-1.200000000000000000e+01
2.000000000000000000e+00
2.300000000000000000e+01
2.800000000000000000e+01
1.600000000000000000e+01
-1.600000000000000000e+01
-1.000000000000000000e+00
1.600000000000000000e+01
1.000000000000000000e+00
1.500000000000000000e+01
3.600000000000000000e+01
-5.000000000000000000e+00
-1.000000000000000000e+00
1.500000000000000000e+01
2.300000000000000000e+01
-1.000000000000000000e+00
2.000000000000000000e+00
4.100000000000000000e+01
1.500000000000000000e+01
4.600000000000000000e+01
0.000000000000000000e+00
-7.000000000000000000e+00
3.400000000000000000e+01
-4.000000000000000000e+00
2.800000000000000000e+01
1.000000000000000000e+01
2.200000000000000000e+01
1.500000000000000000e+01
-1.100000000000000000e+01
1.800000000000000000e+01
5.000000000000000000e+00
3.000000000000000000e+00
-7.000000000000000000e+00
2.500000000000000000e+01
-6.000000000000000000e+00
2.200000000000000000e+01
3.000000000000000000e+00
2.500000000000000000e+01
-2.000000000000000000e+00
8.000000000000000000e+00
1.900000000000000000e+01
1.700000000000000000e+01
-1.000000000000000000e+00
-6.000000000000000000e+00
1.000000000000000000e+01
-3.000000000000000000e+00
1.800000000000000000e+01
1.100000000000000000e+01
2.800000000000000000e+01
2.200000000000000000e+01
3.700000000000000000e+01
2.900000000000000000e+01
-3.000000000000000000e+00
-1.100000000000000000e+01
8.000000000000000000e+00
1.100000000000000000e+01
1.000000000000000000e+00
6.000000000000000000e+00
-1.500000000000000000e+01
0.000000000000000000e+00
4.000000000000000000e+01
-1.300000000000000000e+01
-8.000000000000000000e+00
-4.000000000000000000e+00
1.600000000000000000e+01
2.000000000000000000e+01
-1.000000000000000000e+01
-6.000000000000000000e+00
2.300000000000000000e+01
2.000000000000000000e+01
-9.000000000000000000e+00
-2.300000000000000000e+01
2.600000000000000000e+01
-9.000000000000000000e+00
-4.000000000000000000e+00
1.000000000000000000e+01
-1.700000000000000000e+01
1.100000000000000000e+01
2.400000000000000000e+01
-1.800000000000000000e+01
2.900000000000000000e+01
-2.300000000000000000e+01
1.400000000000000000e+01
1.000000000000000000e+01
-1.000000000000000000e+01
1.800000000000000000e+01
-1.600000000000000000e+01
7.000000000000000000e+00
2.100000000000000000e+01
-4.000000000000000000e+00
5.000000000000000000e+00
1.800000000000000000e+01
1.700000000000000000e+01
1.000000000000000000e+01
1.800000000000000000e+01
1.100000000000000000e+01
4.000000000000000000e+00
1.600000000000000000e+01
3.100000000000000000e+01
1.100000000000000000e+01
-4.000000000000000000e+00
1.000000000000000000e+00
4.500000000000000000e+01
-1.200000000000000000e+01
1.000000000000000000e+00
1.800000000000000000e+01
-9.000000000000000000e+00
5.000000000000000000e+00
-1.000000000000000000e+00
-1.900000000000000000e+01
8.000000000000000000e+00
-3.000000000000000000e+00
-7.000000000000000000e+00
4.500000000000000000e+01
4.700000000000000000e+01
1.800000000000000000e+01
2.000000000000000000e+00
1.900000000000000000e+01
2.100000000000000000e+01
-1.300000000000000000e+01
-2.100000000000000000e+01
1.900000000000000000e+01
-3.000000000000000000e+00
-2.100000000000000000e+01
-1.800000000000000000e+01
1.800000000000000000e+01
-8.000000000000000000e+00
3.200000000000000000e+01
-8.000000000000000000e+00
1.400000000000000000e+01
1.000000000000000000e+00
1.800000000000000000e+01
5.000000000000000000e+00
1.300000000000000000e+01
-4.000000000000000000e+00
-1.000000000000000000e+01
2.000000000000000000e+01
1.500000000000000000e+01
3.100000000000000000e+01
4.000000000000000000e+00
7.000000000000000000e+00
-5.000000000000000000e+00
6.000000000000000000e+00
-9.000000000000000000e+00
2.000000000000000000e+01
-1.000000000000000000e+00
-3.200000000000000000e+01
7.000000000000000000e+00
1.300000000000000000e+01
6.000000000000000000e+00
-1.000000000000000000e+01
0.000000000000000000e+00
-1.500000000000000000e+01
1.500000000000000000e+01
1.000000000000000000e+00
1.700000000000000000e+01
7.000000000000000000e+00
-8.000000000000000000e+00
2.000000000000000000e+00
-1.000000000000000000e+00
1.300000000000000000e+01
6.000000000000000000e+00
2.600000000000000000e+01
-1.400000000000000000e+01
2.500000000000000000e+01
-5.000000000000000000e+00
2.100000000000000000e+01
9.000000000000000000e+00
-1.000000000000000000e+00
1.400000000000000000e+01
2.300000000000000000e+01
-1.000000000000000000e+01
-1.400000000000000000e+01
3.100000000000000000e+01
2.300000000000000000e+01
1.300000000000000000e+01
-1.100000000000000000e+01
3.000000000000000000e+00
9.000000000000000000e+00
1.400000000000000000e+01
1.100000000000000000e+01
-1.100000000000000000e+01
-1.000000000000000000e+00
1.400000000000000000e+01
1.200000000000000000e+01
-1.100000000000000000e+01
1.700000000000000000e+01
-7.000000000000000000e+00
2.000000000000000000e+00
-1.700000000000000000e+01
1.600000000000000000e+01
1.300000000000000000e+01
1.200000000000000000e+01
2.500000000000000000e+01
1.400000000000000000e+01
1.100000000000000000e+01
6.000000000000000000e+00
3.100000000000000000e+01
3.000000000000000000e+00
2.000000000000000000e+01
2.000000000000000000e+00
-4.000000000000000000e+00
-2.200000000000000000e+01
4.000000000000000000e+00
-2.000000000000000000e+00
-3.000000000000000000e+00
1.000000000000000000e+01
4.100000000000000000e+01
6.000000000000000000e+00
5.000000000000000000e+00
7.000000000000000000e+00
1.500000000000000000e+01
-7.000000000000000000e+00
2.500000000000000000e+01
2.700000000000000000e+01
-1.000000000000000000e+00
1.200000000000000000e+01
8.000000000000000000e+00
2.400000000000000000e+01
2.500000000000000000e+01
5.000000000000000000e+00
3.100000000000000000e+01
-7.000000000000000000e+00
1.400000000000000000e+01
1.600000000000000000e+01
-7.000000000000000000e+00
0.000000000000000000e+00
-8.000000000000000000e+00
-5.000000000000000000e+00
-1.700000000000000000e+01
-1.200000000000000000e+01
0.000000000000000000e+00
-2.200000000000000000e+01
8.000000000000000000e+00
-4.000000000000000000e+00
1.600000000000000000e+01
-2.500000000000000000e+01
1.100000000000000000e+01
-1.700000000000000000e+01
8.000000000000000000e+00
-7.000000000000000000e+00
-5.000000000000000000e+00
9.000000000000000000e+00
1.800000000000000000e+01
1.300000000000000000e+01
6.000000000000000000e+00
6.000000000000000000e+00
-2.000000000000000000e+00
3.000000000000000000e+00
0.000000000000000000e+00
-7.000000000000000000e+00
8.000000000000000000e+00
-1.400000000000000000e+01
-1.700000000000000000e+01
-7.000000000000000000e+00
0.000000000000000000e+00
-8.000000000000000000e+00
-1.100000000000000000e+01
-6.000000000000000000e+00
9.000000000000000000e+00
-4.700000000000000000e+01
1.800000000000000000e+01
1.200000000000000000e+01
1.800000000000000000e+01
-2.000000000000000000e+01
1.900000000000000000e+01
-2.500000000000000000e+01
7.000000000000000000e+00
2.400000000000000000e+01
1.400000000000000000e+01
1.000000000000000000e+00
-1.300000000000000000e+01
-2.000000000000000000e+00
3.000000000000000000e+00
-4.000000000000000000e+00
-7.000000000000000000e+00
-5.300000000000000000e+01
-7.000000000000000000e+00
-1.300000000000000000e+01
2.000000000000000000e+00
2.000000000000000000e+01
-1.200000000000000000e+01
-8.000000000000000000e+00
-2.200000000000000000e+01
-1.300000000000000000e+01
-1.300000000000000000e+01
1.600000000000000000e+01
0.000000000000000000e+00
9.000000000000000000e+00
-1.200000000000000000e+01
-2.900000000000000000e+01
2.600000000000000000e+01
1.000000000000000000e+01
2.700000000000000000e+01
1.900000000000000000e+01
-2.300000000000000000e+01
-2.000000000000000000e+00
1.000000000000000000e+00
-1.900000000000000000e+01
-4.000000000000000000e+00
0.000000000000000000e+00
-4.000000000000000000e+00
1.000000000000000000e+00
2.000000000000000000e+01
2.800000000000000000e+01
3.000000000000000000e+00
-6.000000000000000000e+00
1.400000000000000000e+01
2.000000000000000000e+01
1.900000000000000000e+01
1.100000000000000000e+01
2.400000000000000000e+01
-1.200000000000000000e+01
1.300000000000000000e+01
8.000000000000000000e+00
2.300000000000000000e+01
-2.000000000000000000e+01
-2.000000000000000000e+00
1.000000000000000000e+01
1.500000000000000000e+01
-6.000000000000000000e+00
-3.000000000000000000e+00
-1.800000000000000000e+01
3.000000000000000000e+00
-1.500000000000000000e+01
3.200000000000000000e+01
9.000000000000000000e+00
2.000000000000000000e+01
9.000000000000000000e+00
-1.600000000000000000e+01
4.000000000000000000e+00
-5.000000000000000000e+00
2.000000000000000000e+00
-1.000000000000000000e+00
-4.000000000000000000e+00
-2.200000000000000000e+01
3.100000000000000000e+01
1.000000000000000000e+00
8.000000000000000000e+00
-7.000000000000000000e+00
3.000000000000000000e+00
-1.400000000000000000e+01
3.000000000000000000e+00
9.000000000000000000e+00
3.900000000000000000e+01
-2.100000000000000000e+01
1.000000000000000000e+00
-2.000000000000000000e+01
-2.100000000000000000e+01
3.000000000000000000e+00
1.100000000000000000e+01
-2.400000000000000000e+01
2.300000000000000000e+01
-8.000000000000000000e+00
-3.100000000000000000e+01
2.300000000000000000e+01
2.100000000000000000e+01
-2.000000000000000000e+00
-7.000000000000000000e+00
-1.400000000000000000e+01
1.400000000000000000e+01
1.000000000000000000e+00
1.000000000000000000e+00
7.000000000000000000e+00
4.000000000000000000e+00
-4.000000000000000000e+00
1.200000000000000000e+01
-1.000000000000000000e+00
1.000000000000000000e+00
-3.000000000000000000e+00
7.000000000000000000e+00
-1.200000000000000000e+01
-3.000000000000000000e+01
1.500000000000000000e+01
-6.000000000000000000e+00
-1.400000000000000000e+01
6.000000000000000000e+00
5.000000000000000000e+00
2.300000000000000000e+01
1.200000000000000000e+01
-6.000000000000000000e+00
1.900000000000000000e+01
-6.000000000000000000e+00
1.000000000000000000e+01
-4.000000000000000000e+00
9.000000000000000000e+00
1.900000000000000000e+01
-2.400000000000000000e+01
1.100000000000000000e+01
-2.000000000000000000e+00
-8.000000000000000000e+00
-1.100000000000000000e+01
5.000000000000000000e+00
-9.000000000000000000e+00
2.800000000000000000e+01
7.000000000000000000e+00
1.700000000000000000e+01
-1.700000000000000000e+01
-2.400000000000000000e+01
-1.100000000000000000e+01
1.000000000000000000e+01
-2.500000000000000000e+01
8.000000000000000000e+00
7.000000000000000000e+00
0.000000000000000000e+00
-2.100000000000000000e+01
-1.100000000000000000e+01
-1.900000000000000000e+01
6.000000000000000000e+00
-3.000000000000000000e+00
3.000000000000000000e+00
-2.400000000000000000e+01
-2.400000000000000000e+01
-1.000000000000000000e+01
2.200000000000000000e+01
1.900000000000000000e+01
-2.400000000000000000e+01
1.400000000000000000e+01
-2.000000000000000000e+00
-3.700000000000000000e+01
1.000000000000000000e+01
-1.800000000000000000e+01
4.000000000000000000e+00
-1.300000000000000000e+01
-2.000000000000000000e+01
6.000000000000000000e+00
1.300000000000000000e+01
-1.000000000000000000e+00
-1.500000000000000000e+01
2.400000000000000000e+01
6.000000000000000000e+00
2.400000000000000000e+01
3.000000000000000000e+01
-1.500000000000000000e+01
2.300000000000000000e+01
4.000000000000000000e+00
-1.000000000000000000e+01
6.000000000000000000e+00
2.000000000000000000e+00
8.000000000000000000e+00
-1.300000000000000000e+01
1.000000000000000000e+00
2.000000000000000000e+00
3.000000000000000000e+00
2.100000000000000000e+01
8.000000000000000000e+00
-2.300000000000000000e+01
-1.900000000000000000e+01
1.700000000000000000e+01
-3.200000000000000000e+01
-2.000000000000000000e+00
-2.200000000000000000e+01
-3.200000000000000000e+01
3.000000000000000000e+00
-1.700000000000000000e+01
-1.600000000000000000e+01
1.300000000000000000e+01
-2.900000000000000000e+01
-1.800000000000000000e+01
-1.300000000000000000e+01
7.000000000000000000e+00
4.000000000000000000e+00
7.000000000000000000e+00
4.000000000000000000e+00
-6.000000000000000000e+00
-2.000000000000000000e+00
1.700000000000000000e+01
1.000000000000000000e+01
-1.000000000000000000e+00
-2.400000000000000000e+01
4.000000000000000000e+00
-1.600000000000000000e+01
-1.800000000000000000e+01
1.700000000000000000e+01
-1.100000000000000000e+01
-1.000000000000000000e+00
-1.900000000000000000e+01
-1.200000000000000000e+01
-1.800000000000000000e+01
2.000000000000000000e+00
1.300000000000000000e+01
9.000000000000000000e+00
-5.000000000000000000e+00
1.600000000000000000e+01
1.600000000000000000e+01
7.000000000000000000e+00
6.000000000000000000e+00
-1.000000000000000000e+00
-2.000000000000000000e+00
6.000000000000000000e+00
1.300000000000000000e+01
4.000000000000000000e+00
8.000000000000000000e+00
0.000000000000000000e+00
4.000000000000000000e+00
5.000000000000000000e+00
-8.000000000000000000e+00
9.000000000000000000e+00
-7.000000000000000000e+00
9.000000000000000000e+00
-6.000000000000000000e+00
-4.000000000000000000e+00
-3.000000000000000000e+00
-1.000000000000000000e+00
1.700000000000000000e+01
8.000000000000000000e+00
4.000000000000000000e+00
1.100000000000000000e+01
-1.500000000000000000e+01
5.000000000000000000e+00
-1.000000000000000000e+01
-3.000000000000000000e+00
3.100000000000000000e+01
-1.000000000000000000e+00
-3.300000000000000000e+01
7.000000000000000000e+00
-5.000000000000000000e+00
1.500000000000000000e+01
-3.400000000000000000e+01
-1.800000000000000000e+01
-9.000000000000000000e+00
-1.500000000000000000e+01
4.000000000000000000e+00
-6.000000000000000000e+00
-1.500000000000000000e+01
1.900000000000000000e+01
1.100000000000000000e+01
-1.600000000000000000e+01
5.000000000000000000e+00
1.000000000000000000e+00
-1.000000000000000000e+00
8.000000000000000000e+00
-2.000000000000000000e+00
1.200000000000000000e+01
3.000000000000000000e+00
-1.000000000000000000e+01
1.600000000000000000e+01
3.000000000000000000e+01
2.200000000000000000e+01
1.700000000000000000e+01
1.100000000000000000e+01
1.100000000000000000e+01
-6.000000000000000000e+00
-4.000000000000000000e+00
1.000000000000000000e+00
-2.500000000000000000e+01
2.200000000000000000e+01
-3.000000000000000000e+00
-2.100000000000000000e+01
1.000000000000000000e+01
-6.000000000000000000e+00
-1.200000000000000000e+01
-1.000000000000000000e+01
1.900000000000000000e+01
3.000000000000000000e+00
-1.500000000000000000e+01
5.000000000000000000e+00
-1.000000000000000000e+01
-5.000000000000000000e+00
-2.300000000000000000e+01
1.000000000000000000e+00
-1.000000000000000000e+01
-7.000000000000000000e+00
-2.100000000000000000e+01
2.400000000000000000e+01
-1.300000000000000000e+01
1.800000000000000000e+01
-1.400000000000000000e+01
-7.000000000000000000e+00
-4.000000000000000000e+00
6.000000000000000000e+00
-3.500000000000000000e+01
8.000000000000000000e+00
-1.300000000000000000e+01
2.000000000000000000e+00
-2.100000000000000000e+01
4.000000000000000000e+00
1.700000000000000000e+01
1.300000000000000000e+01
4.000000000000000000e+00
6.000000000000000000e+00
-9.000000000000000000e+00
2.200000000000000000e+01
0.000000000000000000e+00
1.000000000000000000e+00
5.000000000000000000e+00
-9.000000000000000000e+00
-8.000000000000000000e+00
-1.900000000000000000e+01
-2.100000000000000000e+01
-1.400000000000000000e+01
2.000000000000000000e+00
2.000000000000000000e+00
-2.000000000000000000e+00
-9.000000000000000000e+00
-1.200000000000000000e+01
3.000000000000000000e+00
-1.100000000000000000e+01
0.000000000000000000e+00
1.600000000000000000e+01
0.000000000000000000e+00
9.000000000000000000e+00
5.000000000000000000e+00
-3.000000000000000000e+00
-2.600000000000000000e+01
5.000000000000000000e+00
8.000000000000000000e+00
-3.000000000000000000e+00
-8.000000000000000000e+00
6.000000000000000000e+00
-1.400000000000000000e+01
-9.000000000000000000e+00
-1.500000000000000000e+01
-3.300000000000000000e+01
-2.300000000000000000e+01
1.500000000000000000e+01
-7.000000000000000000e+00
2.000000000000000000e+01
-4.200000000000000000e+01
1.200000000000000000e+01
7.000000000000000000e+00
1.000000000000000000e+01
4.000000000000000000e+00
-6.000000000000000000e+00
3.300000000000000000e+01
1.200000000000000000e+01
-2.000000000000000000e+01
1.900000000000000000e+01
4.000000000000000000e+00
-1.000000000000000000e+01
1.600000000000000000e+01
8.000000000000000000e+00
-8.000000000000000000e+00
-1.000000000000000000e+01
1.300000000000000000e+01
-1.500000000000000000e+01
-8.000000000000000000e+00
-1.500000000000000000e+01
0.000000000000000000e+00
-7.000000000000000000e+00
1.800000000000000000e+01
1.700000000000000000e+01
2.000000000000000000e+01
1.000000000000000000e+00
7.000000000000000000e+00
5.000000000000000000e+00
-7.000000000000000000e+00
2.000000000000000000e+01
-1.800000000000000000e+01
1.600000000000000000e+01
4.000000000000000000e+00
-1.400000000000000000e+01
-1.000000000000000000e+01
1.600000000000000000e+01
1.000000000000000000e+01
2.500000000000000000e+01
1.700000000000000000e+01
4.300000000000000000e+01
-1.100000000000000000e+01
5.000000000000000000e+00
1.400000000000000000e+01
2.400000000000000000e+01
-1.700000000000000000e+01
-2.000000000000000000e+00
-4.000000000000000000e+00
1.500000000000000000e+01
-1.200000000000000000e+01
7.000000000000000000e+00
-1.300000000000000000e+01
8.000000000000000000e+00
2.400000000000000000e+01
0.000000000000000000e+00
3.000000000000000000e+01
1.400000000000000000e+01
2.700000000000000000e+01
2.400000000000000000e+01
-1.400000000000000000e+01
-7.000000000000000000e+00
1.000000000000000000e+01
2.200000000000000000e+01
0.000000000000000000e+00
-3.000000000000000000e+00
2.300000000000000000e+01
4.000000000000000000e+01
4.000000000000000000e+00
2.900000000000000000e+01
4.000000000000000000e+01
3.100000000000000000e+01
4.000000000000000000e+01
4.300000000000000000e+01
1.500000000000000000e+01
3.700000000000000000e+01
3.500000000000000000e+01
4.200000000000000000e+01
4.900000000000000000e+01
3.200000000000000000e+01
5.600000000000000000e+01
7.300000000000000000e+01
3.900000000000000000e+01
6.600000000000000000e+01
6.300000000000000000e+01
2.300000000000000000e+01
7.200000000000000000e+01
8.800000000000000000e+01
7.200000000000000000e+01
9.600000000000000000e+01
6.600000000000000000e+01
8.400000000000000000e+01
8.700000000000000000e+01
6.300000000000000000e+01
1.090000000000000000e+02
1.360000000000000000e+02
9.300000000000000000e+01
1.410000000000000000e+02
1.470000000000000000e+02
1.790000000000000000e+02
1.190000000000000000e+02
1.500000000000000000e+02
1.980000000000000000e+02
1.880000000000000000e+02
1.770000000000000000e+02
2.040000000000000000e+02
2.380000000000000000e+02
2.120000000000000000e+02
2.640000000000000000e+02
2.440000000000000000e+02
2.470000000000000000e+02
3.130000000000000000e+02
3.200000000000000000e+02
3.010000000000000000e+02
3.190000000000000000e+02
3.680000000000000000e+02
3.500000000000000000e+02
3.700000000000000000e+02
4.100000000000000000e+02
4.400000000000000000e+02
4.670000000000000000e+02
4.500000000000000000e+02
4.570000000000000000e+02
4.780000000000000000e+02
4.880000000000000000e+02
5.160000000000000000e+02
5.160000000000000000e+02
5.580000000000000000e+02
6.000000000000000000e+02
6.330000000000000000e+02
6.640000000000000000e+02
7.010000000000000000e+02
7.140000000000000000e+02
7.460000000000000000e+02
7.640000000000000000e+02
7.890000000000000000e+02
7.940000000000000000e+02
8.610000000000000000e+02
8.750000000000000000e+02
9.400000000000000000e+02
9.340000000000000000e+02
9.670000000000000000e+02
1.003000000000000000e+03
9.990000000000000000e+02
1.077000000000000000e+03
1.086000000000000000e+03
1.129000000000000000e+03
1.174000000000000000e+03
1.162000000000000000e+03
1.211000000000000000e+03
1.227000000000000000e+03
1.253000000000000000e+03
1.269000000000000000e+03
1.345000000000000000e+03
1.319000000000000000e+03
1.323000000000000000e+03
1.341000000000000000e+03
1.397000000000000000e+03
1.411000000000000000e+03
1.469000000000000000e+03
1.493000000000000000e+03
1.539000000000000000e+03
1.508000000000000000e+03
1.518000000000000000e+03
1.560000000000000000e+03
1.577000000000000000e+03
1.559000000000000000e+03
1.558000000000000000e+03
1.640000000000000000e+03
1.601000000000000000e+03
1.686000000000000000e+03
1.678000000000000000e+03
1.676000000000000000e+03
1.718000000000000000e+03
1.741000000000000000e+03
1.743000000000000000e+03
1.714000000000000000e+03
1.773000000000000000e+03
1.732000000000000000e+03
1.693000000000000000e+03
1.774000000000000000e+03
1.782000000000000000e+03
1.720000000000000000e+03
1.742000000000000000e+03
1.665000000000000000e+03
1.674000000000000000e+03
1.629000000000000000e+03
1.631000000000000000e+03
1.608000000000000000e+03
1.578000000000000000e+03
1.549000000000000000e+03
1.509000000000000000e+03
1.524000000000000000e+03
1.501000000000000000e+03
1.500000000000000000e+03
1.464000000000000000e+03
1.455000000000000000e+03
1.502000000000000000e+03
1.428000000000000000e+03
1.468000000000000000e+03
1.449000000000000000e+03
1.449000000000000000e+03
1.387000000000000000e+03
1.432000000000000000e+03
1.410000000000000000e+03
1.380000000000000000e+03
1.360000000000000000e+03
1.328000000000000000e+03
1.283000000000000000e+03
1.240000000000000000e+03
1.283000000000000000e+03
1.192000000000000000e+03
1.145000000000000000e+03
1.127000000000000000e+03
1.107000000000000000e+03
1.124000000000000000e+03
1.072000000000000000e+03
1.003000000000000000e+03
1.055000000000000000e+03
9.600000000000000000e+02
9.000000000000000000e+02
9.240000000000000000e+02
8.470000000000000000e+02
8.530000000000000000e+02
8.480000000000000000e+02
8.000000000000000000e+02
7.560000000000000000e+02
7.560000000000000000e+02
7.230000000000000000e+02
7.260000000000000000e+02
6.730000000000000000e+02
6.710000000000000000e+02
6.550000000000000000e+02
6.230000000000000000e+02
5.960000000000000000e+02
6.020000000000000000e+02
5.880000000000000000e+02
5.350000000000000000e+02
5.070000000000000000e+02
4.870000000000000000e+02
4.690000000000000000e+02
4.490000000000000000e+02
4.140000000000000000e+02
4.070000000000000000e+02
3.360000000000000000e+02
4.110000000000000000e+02
3.760000000000000000e+02
3.140000000000000000e+02
3.610000000000000000e+02
3.280000000000000000e+02
2.730000000000000000e+02
2.730000000000000000e+02
2.930000000000000000e+02
2.580000000000000000e+02
2.490000000000000000e+02
2.420000000000000000e+02
2.150000000000000000e+02
1.980000000000000000e+02
2.000000000000000000e+02
1.760000000000000000e+02
2.090000000000000000e+02
1.910000000000000000e+02
1.640000000000000000e+02
1.710000000000000000e+02
1.470000000000000000e+02
1.370000000000000000e+02
1.210000000000000000e+02
1.200000000000000000e+02
1.470000000000000000e+02
1.250000000000000000e+02
8.000000000000000000e+01
1.240000000000000000e+02
1.220000000000000000e+02
7.600000000000000000e+01
7.500000000000000000e+01
1.040000000000000000e+02
9.000000000000000000e+01
8.400000000000000000e+01
5.900000000000000000e+01
6.700000000000000000e+01
6.600000000000000000e+01
4.300000000000000000e+01
8.700000000000000000e+01
5.400000000000000000e+01
6.900000000000000000e+01
1.000000000000000000e+01
4.500000000000000000e+01
2.900000000000000000e+01
2.000000000000000000e+01
2.200000000000000000e+01
6.700000000000000000e+01
1.600000000000000000e+01
3.500000000000000000e+01
2.900000000000000000e+01
3.400000000000000000e+01
2.400000000000000000e+01
-9.000000000000000000e+00
3.500000000000000000e+01
3.200000000000000000e+01
-2.000000000000000000e+00
1.700000000000000000e+01
2.800000000000000000e+01
2.800000000000000000e+01
2.000000000000000000e+01
2.000000000000000000e+01
-1.400000000000000000e+01
2.400000000000000000e+01
1.800000000000000000e+01
3.500000000000000000e+01
3.000000000000000000e+00
2.200000000000000000e+01
-6.000000000000000000e+00
-2.900000000000000000e+01
6.000000000000000000e+00
1.700000000000000000e+01
-6.000000000000000000e+00
1.300000000000000000e+01
4.000000000000000000e+00
3.000000000000000000e+01
1.300000000000000000e+01
2.000000000000000000e+00
-9.000000000000000000e+00
5.000000000000000000e+00
3.000000000000000000e+00
2.800000000000000000e+01
5.000000000000000000e+00
1.100000000000000000e+01
3.000000000000000000e+00
-1.800000000000000000e+01
2.000000000000000000e+01
1.100000000000000000e+01
-2.000000000000000000e+00
2.300000000000000000e+01
2.000000000000000000e+00
-3.000000000000000000e+00
1.200000000000000000e+01
3.000000000000000000e+00
9.000000000000000000e+00
-2.500000000000000000e+01
-8.000000000000000000e+00
-3.000000000000000000e+00
-2.000000000000000000e+00
-8.000000000000000000e+00
1.000000000000000000e+01
-3.900000000000000000e+01
-9.000000000000000000e+00
6.000000000000000000e+00
1.900000000000000000e+01
2.000000000000000000e+00
0.000000000000000000e+00
-1.500000000000000000e+01
-3.000000000000000000e+00
-1.900000000000000000e+01
-1.500000000000000000e+01
-2.800000000000000000e+01
-3.000000000000000000e+00
3.000000000000000000e+00
-7.000000000000000000e+00
6.000000000000000000e+00
-6.000000000000000000e+00
5.000000000000000000e+00
-1.200000000000000000e+01
9.000000000000000000e+00
-3.000000000000000000e+01
-2.800000000000000000e+01
-3.000000000000000000e+00
-3.000000000000000000e+00
-2.000000000000000000e+01
-7.000000000000000000e+00
4.000000000000000000e+00
-1.500000000000000000e+01
2.200000000000000000e+01
2.300000000000000000e+01
-1.200000000000000000e+01
2.100000000000000000e+01
2.000000000000000000e+00
1.800000000000000000e+01
1.500000000000000000e+01
3.000000000000000000e+01
-5.000000000000000000e+00
0.000000000000000000e+00
-7.000000000000000000e+00
0.000000000000000000e+00
