-1.000000000000000000e+00
2.000000000000000000e+00
1.000000000000000000e+00
-1.000000000000000000e+00
0.000000000000000000e+00
-1.100000000000000000e+01
-2.900000000000000000e+01
-2.000000000000000000e+00
-7.000000000000000000e+00
-8.000000000000000000e+00
-1.200000000000000000e+01
-5.000000000000000000e+00
-5.000000000000000000e+00
1.000000000000000000e+00
-1.500000000000000000e+01
1.500000000000000000e+01
2.000000000000000000e+01
1.900000000000000000e+01
-7.000000000000000000e+00
7.000000000000000000e+00
5.000000000000000000e+01
1.000000000000000000e+00
9.000000000000000000e+00
-6.000000000000000000e+00
0.000000000000000000e+00
-3.400000000000000000e+01
-1.200000000000000000e+01
-1.000000000000000000e+00
1.200000000000000000e+01
-1.600000000000000000e+01
-4.000000000000000000e+01
-2.400000000000000000e+01
2.300000000000000000e+01
1.500000000000000000e+01
1.200000000000000000e+01
-2.700000000000000000e+01
1.600000000000000000e+01
9.000000000000000000e+00
-9.000000000000000000e+00
2.000000000000000000e+01
-1.500000000000000000e+01
1.900000000000000000e+01
-2.700000000000000000e+01
-1.200000000000000000e+01
8.000000000000000000e+00
-2.800000000000000000e+01
-1.900000000000000000e+01
5.000000000000000000e+00
-1.400000000000000000e+01
-1.600000000000000000e+01
9.000000000000000000e+00
7.000000000000000000e+00
3.000000000000000000e+00
3.200000000000000000e+01
4.000000000000000000e+00
2.000000000000000000e+00
4.000000000000000000e+00
-1.600000000000000000e+01
4.000000000000000000e+00
3.000000000000000000e+00
-2.000000000000000000e+01
3.200000000000000000e+01
-2.000000000000000000e+01
6.000000000000000000e+00
-2.300000000000000000e+01
1.300000000000000000e+01
-3.800000000000000000e+01
1.100000000000000000e+01
-8.000000000000000000e+00
0.000000000000000000e+00
4.000000000000000000e+00
-8.000000000000000000e+00
-1.600000000000000000e+01
-1.600000000000000000e+01
-3.100000000000000000e+01
2.500000000000000000e+01
1.100000000000000000e+01
2.200000000000000000e+01
1.300000000000000000e+01
-1.200000000000000000e+01
-2.000000000000000000e+00
-1.200000000000000000e+01
-2.100000000000000000e+01
7.000000000000000000e+00
3.000000000000000000e+00
-2.400000000000000000e+01
2.700000000000000000e+01
-1.300000000000000000e+01
9.000000000000000000e+00
-2.000000000000000000e+01
-1.900000000000000000e+01
-1.800000000000000000e+01
-1.000000000000000000e+01
7.000000000000000000e+00
-1.000000000000000000e+01
2.500000000000000000e+01
-2.600000000000000000e+01
8.000000000000000000e+00
-3.500000000000000000e+01
-3.000000000000000000e+00
-1.000000000000000000e+00
2.300000000000000000e+01
-2.000000000000000000e+01
-2.200000000000000000e+01
1.000000000000000000e+00
-8.000000000000000000e+00
-1.700000000000000000e+01
1.900000000000000000e+01
7.000000000000000000e+00
6.000000000000000000e+00
-6.000000000000000000e+00
6.000000000000000000e+00
1.200000000000000000e+01
-1.400000000000000000e+01
-7.000000000000000000e+00
2.800000000000000000e+01
-6.000000000000000000e+00
6.000000000000000000e+00
-9.000000000000000000e+00
2.000000000000000000e+01
6.000000000000000000e+00
-8.000000000000000000e+00
8.000000000000000000e+00
-5.000000000000000000e+00
3.200000000000000000e+01
-1.800000000000000000e+01
2.300000000000000000e+01
2.000000000000000000e+00
2.600000000000000000e+01
-1.600000000000000000e+01
1.600000000000000000e+01
1.800000000000000000e+01
-2.400000000000000000e+01
7.000000000000000000e+00
-3.400000000000000000e+01
4.000000000000000000e+00
0.000000000000000000e+00
3.300000000000000000e+01
9.000000000000000000e+00
1.100000000000000000e+01
0.000000000000000000e+00
1.000000000000000000e+00
-6.000000000000000000e+00
-2.200000000000000000e+01
1.700000000000000000e+01
1.300000000000000000e+01
8.000000000000000000e+00
-1.400000000000000000e+01
-9.000000000000000000e+00
-3.000000000000000000e+00
1.300000000000000000e+01
2.000000000000000000e+00
-1.100000000000000000e+01
8.000000000000000000e+00
1.200000000000000000e+01
0.000000000000000000e+00
0.000000000000000000e+00
2.000000000000000000e+00
-6.000000000000000000e+00
2.000000000000000000e+00
1.900000000000000000e+01
-4.000000000000000000e+00
-3.900000000000000000e+01
-4.000000000000000000e+00
-1.500000000000000000e+01
-1.000000000000000000e+01
-9.000000000000000000e+00
-1.600000000000000000e+01
1.600000000000000000e+01
-1.000000000000000000e+00
-1.000000000000000000e+01
2.300000000000000000e+01
1.700000000000000000e+01
2.500000000000000000e+01
-8.000000000000000000e+00
0.000000000000000000e+00
-4.000000000000000000e+00
-1.000000000000000000e+01
-1.400000000000000000e+01
2.000000000000000000e+00
-7.000000000000000000e+00
1.100000000000000000e+01
2.400000000000000000e+01
1.000000000000000000e+01
-5.000000000000000000e+00
-3.600000000000000000e+01
6.000000000000000000e+00
-2.000000000000000000e+00
-1.100000000000000000e+01
2.000000000000000000e+01
2.400000000000000000e+01
-2.300000000000000000e+01
1.000000000000000000e+00
-5.000000000000000000e+00
1.800000000000000000e+01
4.000000000000000000e+00
3.100000000000000000e+01
4.000000000000000000e+00
-5.000000000000000000e+00
3.000000000000000000e+00
0.000000000000000000e+00
-7.000000000000000000e+00
2.200000000000000000e+01
2.300000000000000000e+01
7.000000000000000000e+00
4.000000000000000000e+00
2.000000000000000000e+00
-2.600000000000000000e+01
2.400000000000000000e+01
-2.000000000000000000e+00
-3.000000000000000000e+00
6.000000000000000000e+00
-4.000000000000000000e+00
-1.000000000000000000e+00
-1.000000000000000000e+01
-1.400000000000000000e+01
4.000000000000000000e+00
-8.000000000000000000e+00
9.000000000000000000e+00
8.000000000000000000e+00
4.100000000000000000e+01
1.000000000000000000e+01
4.000000000000000000e+00
1.100000000000000000e+01
-2.100000000000000000e+01
-5.000000000000000000e+00
2.000000000000000000e+00
-1.500000000000000000e+01
-1.200000000000000000e+01
-3.000000000000000000e+00
-6.000000000000000000e+00
0.000000000000000000e+00
-1.000000000000000000e+00
1.100000000000000000e+01
2.000000000000000000e+00
-1.000000000000000000e+01
-1.200000000000000000e+01
-4.000000000000000000e+00
-1.200000000000000000e+01
2.000000000000000000e+00
7.000000000000000000e+00
-2.400000000000000000e+01
-6.000000000000000000e+00
3.000000000000000000e+00
-6.000000000000000000e+00
6.000000000000000000e+00
4.000000000000000000e+00
1.400000000000000000e+01
-1.800000000000000000e+01
5.000000000000000000e+00
-6.000000000000000000e+00
-1.200000000000000000e+01
-1.900000000000000000e+01
9.000000000000000000e+00
-6.000000000000000000e+00
-1.800000000000000000e+01
4.200000000000000000e+01
-1.900000000000000000e+01
-3.800000000000000000e+01
-2.000000000000000000e+01
9.000000000000000000e+00
-1.000000000000000000e+01
1.000000000000000000e+01
6.000000000000000000e+00
4.000000000000000000e+00
3.000000000000000000e+01
-2.000000000000000000e+00
-1.000000000000000000e+00
-1.000000000000000000e+00
1.500000000000000000e+01
8.000000000000000000e+00
2.000000000000000000e+01
4.000000000000000000e+00
-8.000000000000000000e+00
1.600000000000000000e+01
9.000000000000000000e+00
-1.200000000000000000e+01
-3.600000000000000000e+01
-3.000000000000000000e+01
9.000000000000000000e+00
-1.000000000000000000e+00
-1.200000000000000000e+01
1.500000000000000000e+01
-1.500000000000000000e+01
2.100000000000000000e+01
-4.000000000000000000e+00
-1.000000000000000000e+01
4.000000000000000000e+00
-2.800000000000000000e+01
-4.000000000000000000e+00
1.000000000000000000e+00
1.900000000000000000e+01
-1.600000000000000000e+01
9.000000000000000000e+00
0.000000000000000000e+00
2.500000000000000000e+01
2.000000000000000000e+00
-8.000000000000000000e+00
-2.000000000000000000e+00
-2.000000000000000000e+00
6.000000000000000000e+00
-5.000000000000000000e+00
-2.700000000000000000e+01
1.000000000000000000e+00
-2.500000000000000000e+01
-1.700000000000000000e+01
-2.000000000000000000e+01
1.300000000000000000e+01
-1.700000000000000000e+01
1.500000000000000000e+01
-1.300000000000000000e+01
-3.000000000000000000e+00
4.000000000000000000e+01
8.000000000000000000e+00
1.600000000000000000e+01
2.000000000000000000e+01
2.000000000000000000e+00
7.000000000000000000e+00
-2.500000000000000000e+01
-1.200000000000000000e+01
-1.800000000000000000e+01
2.500000000000000000e+01
-4.000000000000000000e+00
-7.000000000000000000e+00
1.200000000000000000e+01
-2.200000000000000000e+01
1.500000000000000000e+01
3.000000000000000000e+00
-1.500000000000000000e+01
8.000000000000000000e+00
1.400000000000000000e+01
3.700000000000000000e+01
1.000000000000000000e+00
-3.000000000000000000e+00
0.000000000000000000e+00
2.000000000000000000e+00
-1.300000000000000000e+01
-1.300000000000000000e+01
1.900000000000000000e+01
1.200000000000000000e+01
-1.000000000000000000e+00
-1.600000000000000000e+01
3.000000000000000000e+00
2.000000000000000000e+00
1.700000000000000000e+01
-3.200000000000000000e+01
-1.700000000000000000e+01
-2.700000000000000000e+01
7.000000000000000000e+00
-1.100000000000000000e+01
1.100000000000000000e+01
-7.000000000000000000e+00
1.500000000000000000e+01
5.000000000000000000e+00
1.500000000000000000e+01
1.600000000000000000e+01
1.000000000000000000e+01
1.400000000000000000e+01
3.000000000000000000e+00
-2.000000000000000000e+01
-2.800000000000000000e+01
6.000000000000000000e+00
-6.000000000000000000e+00
6.000000000000000000e+00
2.000000000000000000e+00
1.000000000000000000e+00
-3.500000000000000000e+01
-1.600000000000000000e+01
0.000000000000000000e+00
-5.100000000000000000e+01
1.100000000000000000e+01
-3.000000000000000000e+00
-2.800000000000000000e+01
-1.400000000000000000e+01
-1.000000000000000000e+00
1.800000000000000000e+01
-1.400000000000000000e+01
-1.500000000000000000e+01
-7.000000000000000000e+00
1.200000000000000000e+01
3.300000000000000000e+01
-1.600000000000000000e+01
-3.200000000000000000e+01
1.900000000000000000e+01
1.600000000000000000e+01
-2.000000000000000000e+00
-3.000000000000000000e+00
-7.000000000000000000e+00
1.000000000000000000e+00
2.400000000000000000e+01
-6.000000000000000000e+00
2.000000000000000000e+00
1.000000000000000000e+00
-1.600000000000000000e+01
1.700000000000000000e+01
1.200000000000000000e+01
2.600000000000000000e+01
1.000000000000000000e+00
2.000000000000000000e+00
2.700000000000000000e+01
1.300000000000000000e+01
-1.100000000000000000e+01
-1.100000000000000000e+01
1.400000000000000000e+01
-2.600000000000000000e+01
2.000000000000000000e+01
1.500000000000000000e+01
-3.000000000000000000e+00
9.000000000000000000e+00
-2.900000000000000000e+01
-1.500000000000000000e+01
-5.000000000000000000e+00
-1.000000000000000000e+01
3.000000000000000000e+00
3.000000000000000000e+00
5.000000000000000000e+00
3.000000000000000000e+01
-1.300000000000000000e+01
-1.000000000000000000e+01
-2.500000000000000000e+01
1.000000000000000000e+01
-8.000000000000000000e+00
0.000000000000000000e+00
-3.500000000000000000e+01
1.100000000000000000e+01
-1.200000000000000000e+01
7.000000000000000000e+00
-1.200000000000000000e+01
-1.500000000000000000e+01
-5.000000000000000000e+00
-1.200000000000000000e+01
5.000000000000000000e+00
-4.000000000000000000e+00
6.000000000000000000e+00
-7.000000000000000000e+00
-8.000000000000000000e+00
-6.000000000000000000e+00
4.000000000000000000e+01
3.000000000000000000e+00
-7.000000000000000000e+00
7.000000000000000000e+00
-2.500000000000000000e+01
1.600000000000000000e+01
1.500000000000000000e+01
2.500000000000000000e+01
3.100000000000000000e+01
-4.000000000000000000e+00
4.000000000000000000e+00
-3.700000000000000000e+01
1.800000000000000000e+01
1.900000000000000000e+01
-1.000000000000000000e+00
-1.000000000000000000e+00
-1.000000000000000000e+01
-1.100000000000000000e+01
-4.000000000000000000e+00
4.100000000000000000e+01
5.000000000000000000e+00
4.000000000000000000e+00
-3.200000000000000000e+01
-2.800000000000000000e+01
-1.100000000000000000e+01
-2.600000000000000000e+01
-1.200000000000000000e+01
-6.000000000000000000e+00
7.000000000000000000e+00
2.000000000000000000e+01
5.000000000000000000e+00
-2.500000000000000000e+01
0.000000000000000000e+00
2.000000000000000000e+00
1.800000000000000000e+01
3.000000000000000000e+00
-1.000000000000000000e+01
-2.500000000000000000e+01
7.000000000000000000e+00
-2.000000000000000000e+00
8.000000000000000000e+00
7.000000000000000000e+00
-5.000000000000000000e+00
-9.000000000000000000e+00
-1.900000000000000000e+01
2.600000000000000000e+01
-1.400000000000000000e+01
-1.300000000000000000e+01
1.800000000000000000e+01
-5.000000000000000000e+00
9.000000000000000000e+00
-1.200000000000000000e+01
8.000000000000000000e+00
2.700000000000000000e+01
4.000000000000000000e+00
4.000000000000000000e+00
6.000000000000000000e+00
7.000000000000000000e+00
-1.400000000000000000e+01
1.300000000000000000e+01
-1.000000000000000000e+00
-3.000000000000000000e+00
-1.200000000000000000e+01
1.600000000000000000e+01
1.500000000000000000e+01
1.000000000000000000e+00
1.000000000000000000e+00
-1.000000000000000000e+01
-5.000000000000000000e+00
-2.100000000000000000e+01
1.300000000000000000e+01
-1.100000000000000000e+01
-1.200000000000000000e+01
-2.200000000000000000e+01
2.000000000000000000e+00
1.000000000000000000e+01
3.000000000000000000e+00
2.000000000000000000e+00
2.000000000000000000e+00
-9.000000000000000000e+00
1.600000000000000000e+01
2.200000000000000000e+01
3.000000000000000000e+01
2.800000000000000000e+01
-2.000000000000000000e+01
-2.300000000000000000e+01
0.000000000000000000e+00
1.300000000000000000e+01
-1.000000000000000000e+01
-1.000000000000000000e+00
5.000000000000000000e+00
2.000000000000000000e+00
-1.600000000000000000e+01
1.300000000000000000e+01
2.500000000000000000e+01
2.600000000000000000e+01
2.000000000000000000e+01
2.400000000000000000e+01
-6.000000000000000000e+00
6.000000000000000000e+00
9.000000000000000000e+00
-2.000000000000000000e+00
1.700000000000000000e+01
4.000000000000000000e+01
-1.400000000000000000e+01
4.000000000000000000e+01
-1.000000000000000000e+00
2.800000000000000000e+01
-5.000000000000000000e+00
2.800000000000000000e+01
-4.100000000000000000e+01
1.500000000000000000e+01
-7.000000000000000000e+00
-3.000000000000000000e+00
-2.500000000000000000e+01
8.000000000000000000e+00
-1.700000000000000000e+01
2.000000000000000000e+00
-1.100000000000000000e+01
2.000000000000000000e+01
8.000000000000000000e+00
-2.000000000000000000e+00
1.100000000000000000e+01
-2.700000000000000000e+01
-1.400000000000000000e+01
1.500000000000000000e+01
3.000000000000000000e+00
1.900000000000000000e+01
-2.400000000000000000e+01
1.000000000000000000e+00
7.000000000000000000e+00
-1.500000000000000000e+01
9.000000000000000000e+00
2.000000000000000000e+00
2.000000000000000000e+00
-7.000000000000000000e+00
5.000000000000000000e+00
1.800000000000000000e+01
1.400000000000000000e+01
-4.000000000000000000e+00
-1.400000000000000000e+01
1.100000000000000000e+01
1.600000000000000000e+01
-1.700000000000000000e+01
0.000000000000000000e+00
1.800000000000000000e+01
1.300000000000000000e+01
5.000000000000000000e+00
2.000000000000000000e+01
2.300000000000000000e+01
6.000000000000000000e+00
6.000000000000000000e+00
3.100000000000000000e+01
-3.900000000000000000e+01
4.000000000000000000e+00
7.000000000000000000e+00
1.500000000000000000e+01
1.300000000000000000e+01
-1.200000000000000000e+01
-4.000000000000000000e+00
-8.000000000000000000e+00
2.000000000000000000e+00
-1.000000000000000000e+00
-3.000000000000000000e+00
-1.000000000000000000e+01
2.600000000000000000e+01
1.000000000000000000e+00
1.000000000000000000e+01
-1.000000000000000000e+00
2.200000000000000000e+01
1.200000000000000000e+01
-1.000000000000000000e+00
-2.000000000000000000e+00
0.000000000000000000e+00
9.000000000000000000e+00
-1.700000000000000000e+01
-1.400000000000000000e+01
-2.300000000000000000e+01
-3.200000000000000000e+01
-2.000000000000000000e+01
-2.200000000000000000e+01
-1.400000000000000000e+01
-1.800000000000000000e+01
4.700000000000000000e+01
-3.600000000000000000e+01
0.000000000000000000e+00
7.000000000000000000e+00
-2.100000000000000000e+01
-1.700000000000000000e+01
1.500000000000000000e+01
1.300000000000000000e+01
-6.000000000000000000e+00
-3.200000000000000000e+01
4.300000000000000000e+01
1.000000000000000000e+00
1.000000000000000000e+01
-3.300000000000000000e+01
-1.200000000000000000e+01
-1.000000000000000000e+00
-9.000000000000000000e+00
3.400000000000000000e+01
1.200000000000000000e+01
-1.500000000000000000e+01
6.000000000000000000e+00
-1.200000000000000000e+01
-3.000000000000000000e+01
-3.000000000000000000e+00
1.000000000000000000e+01
3.100000000000000000e+01
-1.800000000000000000e+01
2.000000000000000000e+00
-2.000000000000000000e+00
3.000000000000000000e+00
9.000000000000000000e+00
0.000000000000000000e+00
1.000000000000000000e+01
3.200000000000000000e+01
6.000000000000000000e+00
-2.800000000000000000e+01
1.300000000000000000e+01
2.000000000000000000e+00
1.500000000000000000e+01
1.000000000000000000e+00
-1.000000000000000000e+00
1.300000000000000000e+01
-1.100000000000000000e+01
1.000000000000000000e+01
7.000000000000000000e+00
-1.000000000000000000e+00
-8.000000000000000000e+00
2.600000000000000000e+01
1.900000000000000000e+01
8.000000000000000000e+00
-2.000000000000000000e+00
-2.800000000000000000e+01
2.300000000000000000e+01
-3.000000000000000000e+00
2.000000000000000000e+00
-1.700000000000000000e+01
-1.400000000000000000e+01
1.200000000000000000e+01
-4.000000000000000000e+00
-1.300000000000000000e+01
-5.000000000000000000e+00
2.600000000000000000e+01
-1.500000000000000000e+01
9.000000000000000000e+00
-1.200000000000000000e+01
1.000000000000000000e+00
3.500000000000000000e+01
-6.000000000000000000e+00
1.400000000000000000e+01
-2.400000000000000000e+01
-1.100000000000000000e+01
-1.000000000000000000e+00
1.100000000000000000e+01
3.000000000000000000e+00
-1.100000000000000000e+01
-8.000000000000000000e+00
-9.000000000000000000e+00
1.200000000000000000e+01
-9.000000000000000000e+00
-7.000000000000000000e+00
7.000000000000000000e+00
3.500000000000000000e+01
-8.000000000000000000e+00
-3.000000000000000000e+00
5.000000000000000000e+00
4.000000000000000000e+01
1.100000000000000000e+01
4.000000000000000000e+00
-7.000000000000000000e+00
2.100000000000000000e+01
9.000000000000000000e+00
1.600000000000000000e+01
1.900000000000000000e+01
-7.000000000000000000e+00
2.700000000000000000e+01
-1.000000000000000000e+00
1.300000000000000000e+01
-3.000000000000000000e+00
1.600000000000000000e+01
6.000000000000000000e+00
-8.000000000000000000e+00
8.000000000000000000e+00
9.000000000000000000e+00
7.000000000000000000e+00
-2.000000000000000000e+00
-1.400000000000000000e+01
5.000000000000000000e+00
1.900000000000000000e+01
1.700000000000000000e+01
1.500000000000000000e+01
1.600000000000000000e+01
2.100000000000000000e+01
-6.000000000000000000e+00
2.500000000000000000e+01
6.000000000000000000e+00
1.200000000000000000e+01
-1.100000000000000000e+01
1.300000000000000000e+01
2.900000000000000000e+01
3.900000000000000000e+01
3.500000000000000000e+01
-4.000000000000000000e+00
2.800000000000000000e+01
9.000000000000000000e+00
-2.500000000000000000e+01
-3.000000000000000000e+00
1.400000000000000000e+01
0.000000000000000000e+00
1.500000000000000000e+01
3.000000000000000000e+01
3.100000000000000000e+01
2.900000000000000000e+01
1.200000000000000000e+01
3.100000000000000000e+01
3.000000000000000000e+01
1.500000000000000000e+01
2.100000000000000000e+01
0.000000000000000000e+00
2.500000000000000000e+01
4.300000000000000000e+01
2.800000000000000000e+01
7.000000000000000000e+00
-6.000000000000000000e+00
-2.900000000000000000e+01
2.700000000000000000e+01
5.200000000000000000e+01
-8.000000000000000000e+00
7.000000000000000000e+00
1.600000000000000000e+01
2.800000000000000000e+01
7.000000000000000000e+00
2.800000000000000000e+01
1.800000000000000000e+01
2.500000000000000000e+01
4.000000000000000000e+00
2.200000000000000000e+01
-4.000000000000000000e+00
2.800000000000000000e+01
5.000000000000000000e+00
6.000000000000000000e+00
3.000000000000000000e+01
2.100000000000000000e+01
1.600000000000000000e+01
1.700000000000000000e+01
3.600000000000000000e+01
5.000000000000000000e+00
3.400000000000000000e+01
9.000000000000000000e+00
7.000000000000000000e+00
3.000000000000000000e+01
-1.300000000000000000e+01
3.900000000000000000e+01
-3.000000000000000000e+00
-2.800000000000000000e+01
9.000000000000000000e+00
2.000000000000000000e+01
7.000000000000000000e+00
1.000000000000000000e+00
1.000000000000000000e+01
1.500000000000000000e+01
6.000000000000000000e+00
6.400000000000000000e+01
1.200000000000000000e+01
1.000000000000000000e+01
9.000000000000000000e+00
-5.000000000000000000e+00
2.700000000000000000e+01
-1.400000000000000000e+01
1.400000000000000000e+01
8.000000000000000000e+00
5.500000000000000000e+01
4.500000000000000000e+01
-1.500000000000000000e+01
2.300000000000000000e+01
-1.100000000000000000e+01
1.700000000000000000e+01
1.700000000000000000e+01
1.300000000000000000e+01
2.800000000000000000e+01
1.100000000000000000e+01
3.300000000000000000e+01
4.500000000000000000e+01
-2.000000000000000000e+00
1.000000000000000000e+01
4.100000000000000000e+01
1.200000000000000000e+01
9.000000000000000000e+00
3.700000000000000000e+01
-1.800000000000000000e+01
1.500000000000000000e+01
5.000000000000000000e+00
1.000000000000000000e+00
1.000000000000000000e+00
-7.000000000000000000e+00
3.800000000000000000e+01
1.600000000000000000e+01
5.000000000000000000e+00
-2.100000000000000000e+01
1.600000000000000000e+01
5.100000000000000000e+01
2.000000000000000000e+01
8.000000000000000000e+00
-3.100000000000000000e+01
1.200000000000000000e+01
2.500000000000000000e+01
3.000000000000000000e+01
2.900000000000000000e+01
5.800000000000000000e+01
2.000000000000000000e+00
2.800000000000000000e+01
-2.000000000000000000e+00
-1.900000000000000000e+01
1.000000000000000000e+01
1.800000000000000000e+01
1.400000000000000000e+01
3.300000000000000000e+01
2.100000000000000000e+01
4.400000000000000000e+01
2.900000000000000000e+01
1.700000000000000000e+01
2.900000000000000000e+01
1.000000000000000000e+00
-1.000000000000000000e+00
1.200000000000000000e+01
1.200000000000000000e+01
2.300000000000000000e+01
5.000000000000000000e+00
2.500000000000000000e+01
1.100000000000000000e+01
1.400000000000000000e+01
3.900000000000000000e+01
4.200000000000000000e+01
1.700000000000000000e+01
4.500000000000000000e+01
5.600000000000000000e+01
3.800000000000000000e+01
2.500000000000000000e+01
5.700000000000000000e+01
5.600000000000000000e+01
3.500000000000000000e+01
6.500000000000000000e+01
4.500000000000000000e+01
3.800000000000000000e+01
9.200000000000000000e+01
1.040000000000000000e+02
6.500000000000000000e+01
9.000000000000000000e+01
9.800000000000000000e+01
1.040000000000000000e+02
1.250000000000000000e+02
1.110000000000000000e+02
1.380000000000000000e+02
1.670000000000000000e+02
2.000000000000000000e+02
2.120000000000000000e+02
2.620000000000000000e+02
2.490000000000000000e+02
2.950000000000000000e+02
3.630000000000000000e+02
4.390000000000000000e+02
4.270000000000000000e+02
4.910000000000000000e+02
5.740000000000000000e+02
6.500000000000000000e+02
7.480000000000000000e+02
7.810000000000000000e+02
9.130000000000000000e+02
9.430000000000000000e+02
1.113000000000000000e+03
1.133000000000000000e+03
1.339000000000000000e+03
1.334000000000000000e+03
1.487000000000000000e+03
1.573000000000000000e+03
1.706000000000000000e+03
1.897000000000000000e+03
1.971000000000000000e+03
2.034000000000000000e+03
2.168000000000000000e+03
2.267000000000000000e+03
2.435000000000000000e+03
2.517000000000000000e+03
2.616000000000000000e+03
2.789000000000000000e+03
2.724000000000000000e+03
2.854000000000000000e+03
2.918000000000000000e+03
2.945000000000000000e+03
3.023000000000000000e+03
2.962000000000000000e+03
3.010000000000000000e+03
2.992000000000000000e+03
3.005000000000000000e+03
3.017000000000000000e+03
2.998000000000000000e+03
2.920000000000000000e+03
2.905000000000000000e+03
2.790000000000000000e+03
2.772000000000000000e+03
2.656000000000000000e+03
2.581000000000000000e+03
2.465000000000000000e+03
2.384000000000000000e+03
2.320000000000000000e+03
2.237000000000000000e+03
2.097000000000000000e+03
1.984000000000000000e+03
1.871000000000000000e+03
1.812000000000000000e+03
1.679000000000000000e+03
1.619000000000000000e+03
1.459000000000000000e+03
1.344000000000000000e+03
1.275000000000000000e+03
1.182000000000000000e+03
1.085000000000000000e+03
1.048000000000000000e+03
9.140000000000000000e+02
8.750000000000000000e+02
7.880000000000000000e+02
6.800000000000000000e+02
6.350000000000000000e+02
5.970000000000000000e+02
5.320000000000000000e+02
4.510000000000000000e+02
3.960000000000000000e+02
3.590000000000000000e+02
3.120000000000000000e+02
2.780000000000000000e+02
2.470000000000000000e+02
2.050000000000000000e+02
1.550000000000000000e+02
1.880000000000000000e+02
1.340000000000000000e+02
1.200000000000000000e+02
9.800000000000000000e+01
8.600000000000000000e+01
8.200000000000000000e+01
7.700000000000000000e+01
4.400000000000000000e+01
7.100000000000000000e+01
4.600000000000000000e+01
2.000000000000000000e+01
4.700000000000000000e+01
2.200000000000000000e+01
4.000000000000000000e+01
3.600000000000000000e+01
4.200000000000000000e+01
1.700000000000000000e+01
-3.000000000000000000e+00
2.000000000000000000e+01
2.300000000000000000e+01
-3.000000000000000000e+00
4.000000000000000000e+01
3.000000000000000000e+01
-1.200000000000000000e+01
2.000000000000000000e+01
4.100000000000000000e+01
3.300000000000000000e+01
2.300000000000000000e+01
4.500000000000000000e+01
0.000000000000000000e+00
1.400000000000000000e+01
-2.200000000000000000e+01
9.000000000000000000e+00
1.700000000000000000e+01
-3.000000000000000000e+00
8.000000000000000000e+00
1.500000000000000000e+01
3.200000000000000000e+01
1.200000000000000000e+01
3.200000000000000000e+01
-1.800000000000000000e+01
2.300000000000000000e+01
3.000000000000000000e+01
6.000000000000000000e+00
1.700000000000000000e+01
-5.000000000000000000e+00
-2.100000000000000000e+01
3.200000000000000000e+01
-2.900000000000000000e+01
3.100000000000000000e+01
3.800000000000000000e+01
-2.100000000000000000e+01
2.600000000000000000e+01
-3.000000000000000000e+00
3.400000000000000000e+01
-1.300000000000000000e+01
2.100000000000000000e+01
3.500000000000000000e+01
0.000000000000000000e+00
2.900000000000000000e+01
-1.100000000000000000e+01
9.000000000000000000e+00
2.600000000000000000e+01
1.600000000000000000e+01
1.800000000000000000e+01
1.100000000000000000e+01
-4.000000000000000000e+00
2.600000000000000000e+01
9.000000000000000000e+00
3.600000000000000000e+01
6.000000000000000000e+00
3.600000000000000000e+01
7.000000000000000000e+00
1.000000000000000000e+01
3.000000000000000000e+01
1.000000000000000000e+00
1.300000000000000000e+01
2.800000000000000000e+01
-1.200000000000000000e+01
3.000000000000000000e+00
1.200000000000000000e+01
8.000000000000000000e+00
5.000000000000000000e+00
2.000000000000000000e+01
3.700000000000000000e+01
-1.200000000000000000e+01
-2.300000000000000000e+01
1.700000000000000000e+01
2.800000000000000000e+01
8.000000000000000000e+00
1.000000000000000000e+01
-1.000000000000000000e+01
-7.000000000000000000e+00
2.000000000000000000e+00
1.900000000000000000e+01
4.000000000000000000e+00
-5.000000000000000000e+00
-1.600000000000000000e+01
-3.800000000000000000e+01
-9.000000000000000000e+00
1.900000000000000000e+01
-3.000000000000000000e+00
3.000000000000000000e+00
5.000000000000000000e+00
1.000000000000000000e+01
2.800000000000000000e+01
3.400000000000000000e+01
1.600000000000000000e+01
-1.200000000000000000e+01
-3.000000000000000000e+00
-1.000000000000000000e+01
1.000000000000000000e+01
2.000000000000000000e+00
0.000000000000000000e+00
2.900000000000000000e+01
-4.000000000000000000e+00
1.200000000000000000e+01
3.200000000000000000e+01
1.000000000000000000e+01
1.000000000000000000e+01
4.000000000000000000e+00
1.400000000000000000e+01
1.600000000000000000e+01
1.400000000000000000e+01
2.000000000000000000e+01
2.000000000000000000e+00
-1.000000000000000000e+01
1.500000000000000000e+01
-1.100000000000000000e+01
2.000000000000000000e+00
2.900000000000000000e+01
-6.000000000000000000e+00
0.000000000000000000e+00
-1.400000000000000000e+01
4.500000000000000000e+01
9.000000000000000000e+00
2.000000000000000000e+01
2.900000000000000000e+01
1.700000000000000000e+01
-1.400000000000000000e+01
6.000000000000000000e+00
7.000000000000000000e+00
8.000000000000000000e+00
1.700000000000000000e+01
1.700000000000000000e+01
-2.000000000000000000e+00
2.600000000000000000e+01
9.000000000000000000e+00
3.600000000000000000e+01
1.900000000000000000e+01
-3.600000000000000000e+01
1.800000000000000000e+01
2.300000000000000000e+01
9.000000000000000000e+00
-7.000000000000000000e+00
-2.600000000000000000e+01
2.400000000000000000e+01
2.500000000000000000e+01
1.600000000000000000e+01
-8.000000000000000000e+00
2.600000000000000000e+01
6.000000000000000000e+00
1.900000000000000000e+01
-2.400000000000000000e+01
4.000000000000000000e+00
3.200000000000000000e+01
2.600000000000000000e+01
7.000000000000000000e+00
-1.000000000000000000e+00
1.000000000000000000e+01
0.000000000000000000e+00
1.200000000000000000e+01
4.100000000000000000e+01
-5.000000000000000000e+00
-1.000000000000000000e+00
8.000000000000000000e+00
-1.900000000000000000e+01
1.600000000000000000e+01
1.200000000000000000e+01
2.100000000000000000e+01
8.000000000000000000e+00
2.000000000000000000e+00
1.000000000000000000e+01
-2.800000000000000000e+01
2.000000000000000000e+01
2.600000000000000000e+01
1.600000000000000000e+01
-1.400000000000000000e+01
2.300000000000000000e+01
1.400000000000000000e+01
-4.000000000000000000e+00
8.000000000000000000e+00
1.000000000000000000e+01
-4.000000000000000000e+00
3.000000000000000000e+00
3.200000000000000000e+01
2.600000000000000000e+01
2.500000000000000000e+01
-1.000000000000000000e+00
-1.000000000000000000e+00
-9.000000000000000000e+00
-3.000000000000000000e+01
2.100000000000000000e+01
4.000000000000000000e+00
8.000000000000000000e+00
0.000000000000000000e+00
4.000000000000000000e+00
5.000000000000000000e+00
0.000000000000000000e+00
-1.700000000000000000e+01
4.200000000000000000e+01
2.900000000000000000e+01
9.000000000000000000e+00
3.600000000000000000e+01
1.200000000000000000e+01
1.000000000000000000e+01
0.000000000000000000e+00
3.000000000000000000e+00
-2.600000000000000000e+01
4.000000000000000000e+00
1.100000000000000000e+01
-2.700000000000000000e+01
1.700000000000000000e+01
1.700000000000000000e+01
5.000000000000000000e+00
6.000000000000000000e+00
1.600000000000000000e+01
-1.200000000000000000e+01
7.000000000000000000e+00
1.100000000000000000e+01
9.000000000000000000e+00
8.000000000000000000e+00
-3.000000000000000000e+00
1.100000000000000000e+01
9.000000000000000000e+00
3.300000000000000000e+01
2.000000000000000000e+00
1.800000000000000000e+01
-1.400000000000000000e+01
9.000000000000000000e+00
4.100000000000000000e+01
2.900000000000000000e+01
-3.000000000000000000e+00
-9.000000000000000000e+00
1.100000000000000000e+01
6.000000000000000000e+00
9.000000000000000000e+00
-5.000000000000000000e+00
-9.000000000000000000e+00
-1.300000000000000000e+01
8.000000000000000000e+00
1.500000000000000000e+01
-1.200000000000000000e+01
-1.800000000000000000e+01
-3.000000000000000000e+00
-1.000000000000000000e+01
-1.300000000000000000e+01
1.900000000000000000e+01
-2.200000000000000000e+01
9.000000000000000000e+00
-1.200000000000000000e+01
2.900000000000000000e+01
-3.200000000000000000e+01
-1.100000000000000000e+01
-6.000000000000000000e+00
-7.000000000000000000e+00
7.000000000000000000e+00
2.900000000000000000e+01
-1.900000000000000000e+01
2.000000000000000000e+00
2.500000000000000000e+01
3.000000000000000000e+00
1.400000000000000000e+01
-1.800000000000000000e+01
2.100000000000000000e+01
1.200000000000000000e+01
0.000000000000000000e+00
1.200000000000000000e+01
-6.000000000000000000e+00
2.000000000000000000e+00
-3.000000000000000000e+00
-7.000000000000000000e+00
-1.300000000000000000e+01
1.200000000000000000e+01
3.000000000000000000e+00
4.800000000000000000e+01
-9.000000000000000000e+00
-1.700000000000000000e+01
-3.000000000000000000e+00
1.000000000000000000e+01
1.200000000000000000e+01
8.000000000000000000e+00
6.000000000000000000e+00
7.000000000000000000e+00
1.900000000000000000e+01
-5.000000000000000000e+00
3.500000000000000000e+01
-5.000000000000000000e+00
-3.000000000000000000e+00
1.600000000000000000e+01
-1.000000000000000000e+01
9.000000000000000000e+00
1.100000000000000000e+01
8.000000000000000000e+00
2.400000000000000000e+01
2.000000000000000000e+00
-1.600000000000000000e+01
8.000000000000000000e+00
1.600000000000000000e+01
1.300000000000000000e+01
3.000000000000000000e+00
1.500000000000000000e+01
-6.000000000000000000e+00
4.000000000000000000e+00
-6.000000000000000000e+00
1.000000000000000000e+01
-1.500000000000000000e+01
2.200000000000000000e+01
1.000000000000000000e+01
1.500000000000000000e+01
9.000000000000000000e+00
1.200000000000000000e+01
-4.000000000000000000e+00
-2.900000000000000000e+01
-9.000000000000000000e+00
-1.100000000000000000e+01
-1.000000000000000000e+00
-1.100000000000000000e+01
-2.000000000000000000e+00
-1.100000000000000000e+01
-1.300000000000000000e+01
-2.000000000000000000e+00
-7.000000000000000000e+00
-3.000000000000000000e+00
1.100000000000000000e+01
4.000000000000000000e+00
1.800000000000000000e+01
-4.000000000000000000e+00
0.000000000000000000e+00
-6.000000000000000000e+00
3.800000000000000000e+01
5.000000000000000000e+00
-1.900000000000000000e+01
-9.000000000000000000e+00
2.000000000000000000e+00
4.000000000000000000e+00
2.300000000000000000e+01
-1.600000000000000000e+01
4.000000000000000000e+00
-2.400000000000000000e+01
7.000000000000000000e+00
6.000000000000000000e+00
3.100000000000000000e+01
-1.100000000000000000e+01
-2.800000000000000000e+01
9.000000000000000000e+00
4.000000000000000000e+00
1.500000000000000000e+01
2.800000000000000000e+01
5.000000000000000000e+00
5.000000000000000000e+00
1.200000000000000000e+01
9.000000000000000000e+00
-5.000000000000000000e+00
-5.000000000000000000e+00
1.500000000000000000e+01
-1.000000000000000000e+00
1.200000000000000000e+01
-1.400000000000000000e+01
1.100000000000000000e+01
1.800000000000000000e+01
1.000000000000000000e+00
-9.000000000000000000e+00
-2.700000000000000000e+01
3.000000000000000000e+00
1.800000000000000000e+01
2.800000000000000000e+01
1.600000000000000000e+01
3.000000000000000000e+00
3.000000000000000000e+00
-4.000000000000000000e+00
-7.000000000000000000e+00
-1.000000000000000000e+00
1.800000000000000000e+01
1.000000000000000000e+01
1.300000000000000000e+01
-2.700000000000000000e+01
-9.000000000000000000e+00
-2.400000000000000000e+01
2.700000000000000000e+01
2.000000000000000000e+01
-1.000000000000000000e+00
1.300000000000000000e+01
-2.300000000000000000e+01
4.000000000000000000e+00
-1.800000000000000000e+01
-6.000000000000000000e+00
1.400000000000000000e+01
-6.000000000000000000e+00
0.000000000000000000e+00
2.800000000000000000e+01
1.900000000000000000e+01
-3.000000000000000000e+00
-8.000000000000000000e+00
1.000000000000000000e+01
2.300000000000000000e+01
2.500000000000000000e+01
1.900000000000000000e+01
1.500000000000000000e+01
-2.500000000000000000e+01
0.000000000000000000e+00
2.500000000000000000e+01
2.000000000000000000e+00
-2.400000000000000000e+01
2.000000000000000000e+00
-3.000000000000000000e+00
1.400000000000000000e+01
-2.000000000000000000e+00
-1.800000000000000000e+01
0.000000000000000000e+00
1.000000000000000000e+00
-3.100000000000000000e+01
1.900000000000000000e+01
2.000000000000000000e+01
5.000000000000000000e+00
6.000000000000000000e+00
-2.000000000000000000e+01
4.000000000000000000e+00
0.000000000000000000e+00
1.100000000000000000e+01
-2.000000000000000000e+00
-1.200000000000000000e+01
-4.000000000000000000e+00
2.600000000000000000e+01
9.000000000000000000e+00
2.500000000000000000e+01
2.200000000000000000e+01
7.000000000000000000e+00
-1.500000000000000000e+01
2.000000000000000000e+00
6.000000000000000000e+00
3.000000000000000000e+00
-4.200000000000000000e+01
1.000000000000000000e+01
3.000000000000000000e+00
0.000000000000000000e+00
1.300000000000000000e+01
-1.000000000000000000e+00
-1.400000000000000000e+01
2.300000000000000000e+01
-3.000000000000000000e+00
-3.200000000000000000e+01
5.000000000000000000e+00
2.000000000000000000e+01
1.100000000000000000e+01
1.500000000000000000e+01
-2.600000000000000000e+01
-1.000000000000000000e+00
2.300000000000000000e+01
6.000000000000000000e+00
6.000000000000000000e+00
3.000000000000000000e+00
-1.100000000000000000e+01
1.300000000000000000e+01
-2.000000000000000000e+00
1.200000000000000000e+01
8.000000000000000000e+00
3.000000000000000000e+00
1.000000000000000000e+00
-2.100000000000000000e+01
2.900000000000000000e+01
-2.700000000000000000e+01
-2.800000000000000000e+01
-5.000000000000000000e+00
3.600000000000000000e+01
1.500000000000000000e+01
8.000000000000000000e+00
-2.100000000000000000e+01
2.000000000000000000e+01
-2.000000000000000000e+00
-8.000000000000000000e+00
1.900000000000000000e+01
-1.000000000000000000e+00
1.300000000000000000e+01
-9.000000000000000000e+00
0.000000000000000000e+00
-7.000000000000000000e+00
-1.700000000000000000e+01
9.000000000000000000e+00
-2.100000000000000000e+01
1.100000000000000000e+01
4.400000000000000000e+01
1.400000000000000000e+01
1.000000000000000000e+00
1.400000000000000000e+01
-1.300000000000000000e+01
-3.000000000000000000e+00
1.100000000000000000e+01
-1.000000000000000000e+00
1.000000000000000000e+01
-2.000000000000000000e+00
2.500000000000000000e+01
-2.300000000000000000e+01
-3.000000000000000000e+01
0.000000000000000000e+00
-1.100000000000000000e+01
-3.000000000000000000e+00
-1.200000000000000000e+01
-3.900000000000000000e+01
1.300000000000000000e+01
-3.000000000000000000e+00
7.000000000000000000e+00
1.600000000000000000e+01
2.000000000000000000e+00
3.000000000000000000e+00
-3.000000000000000000e+01
-2.600000000000000000e+01
1.000000000000000000e+00
-2.000000000000000000e+01
-5.000000000000000000e+00
1.800000000000000000e+01
2.000000000000000000e+00
0.000000000000000000e+00
-1.100000000000000000e+01
2.000000000000000000e+00
-7.000000000000000000e+00
2.500000000000000000e+01
2.000000000000000000e+01
1.100000000000000000e+01
2.700000000000000000e+01
-8.000000000000000000e+00
2.800000000000000000e+01
1.600000000000000000e+01
-3.100000000000000000e+01
-2.500000000000000000e+01
1.400000000000000000e+01
2.000000000000000000e+00
3.000000000000000000e+00
6.000000000000000000e+00
1.600000000000000000e+01
4.000000000000000000e+00
3.400000000000000000e+01
0.000000000000000000e+00
2.000000000000000000e+00
-2.000000000000000000e+00
-2.000000000000000000e+00
-1.600000000000000000e+01
-1.000000000000000000e+00
-1.200000000000000000e+01
-3.200000000000000000e+01
1.800000000000000000e+01
-1.600000000000000000e+01
-7.000000000000000000e+00
1.000000000000000000e+01
2.000000000000000000e+00
8.000000000000000000e+00
-3.400000000000000000e+01
0.000000000000000000e+00
-6.000000000000000000e+00
-2.000000000000000000e+01
-8.000000000000000000e+00
-2.000000000000000000e+00
-1.000000000000000000e+01
6.000000000000000000e+00
1.800000000000000000e+01
1.300000000000000000e+01
-9.000000000000000000e+00
-3.000000000000000000e+00
4.000000000000000000e+00
-2.500000000000000000e+01
1.000000000000000000e+01
9.000000000000000000e+00
-1.500000000000000000e+01
-1.000000000000000000e+00
-3.500000000000000000e+01
-2.300000000000000000e+01
1.800000000000000000e+01
2.000000000000000000e+01
2.300000000000000000e+01
6.000000000000000000e+00
1.400000000000000000e+01
2.300000000000000000e+01
3.000000000000000000e+00
5.000000000000000000e+00
8.000000000000000000e+00
2.300000000000000000e+01
1.400000000000000000e+01
-6.000000000000000000e+00
-1.300000000000000000e+01
1.400000000000000000e+01
3.000000000000000000e+00
4.000000000000000000e+00
1.300000000000000000e+01
-4.000000000000000000e+00
-2.000000000000000000e+01
-4.000000000000000000e+00
1.100000000000000000e+01
1.500000000000000000e+01
3.000000000000000000e+00
3.000000000000000000e+00
-9.000000000000000000e+00
1.800000000000000000e+01
-1.000000000000000000e+00
3.000000000000000000e+00
3.000000000000000000e+00
1.600000000000000000e+01
-1.000000000000000000e+00
1.000000000000000000e+00
-2.300000000000000000e+01
9.000000000000000000e+00
-2.000000000000000000e+00
-2.700000000000000000e+01
1.900000000000000000e+01
-4.000000000000000000e+00
1.800000000000000000e+01
-3.600000000000000000e+01
-1.600000000000000000e+01
1.000000000000000000e+01
-5.000000000000000000e+00
1.300000000000000000e+01
-3.000000000000000000e+00
-1.200000000000000000e+01
-8.000000000000000000e+00
2.700000000000000000e+01
4.000000000000000000e+00
-1.000000000000000000e+01
9.000000000000000000e+00
-1.100000000000000000e+01
-1.500000000000000000e+01
9.000000000000000000e+00
1.000000000000000000e+01
3.000000000000000000e+00
1.400000000000000000e+01
4.000000000000000000e+00
-1.500000000000000000e+01
2.700000000000000000e+01
3.000000000000000000e+01
9.000000000000000000e+00
2.600000000000000000e+01
-1.700000000000000000e+01
1.200000000000000000e+01
-3.000000000000000000e+00
-2.500000000000000000e+01
1.000000000000000000e+01
5.000000000000000000e+00
-1.400000000000000000e+01
8.000000000000000000e+00
-1.400000000000000000e+01
1.200000000000000000e+01
2.000000000000000000e+00
3.800000000000000000e+01
3.600000000000000000e+01
-2.100000000000000000e+01
-2.000000000000000000e+00
-2.300000000000000000e+01
-1.300000000000000000e+01
-3.600000000000000000e+01
1.400000000000000000e+01
-4.000000000000000000e+00
4.000000000000000000e+00
-1.800000000000000000e+01
2.200000000000000000e+01
7.000000000000000000e+00
1.300000000000000000e+01
3.000000000000000000e+00
5.000000000000000000e+00
-2.200000000000000000e+01
1.000000000000000000e+00
-4.000000000000000000e+01
-3.000000000000000000e+00
-2.200000000000000000e+01
2.000000000000000000e+01
2.000000000000000000e+01
-1.200000000000000000e+01
1.400000000000000000e+01
-1.100000000000000000e+01
-1.400000000000000000e+01
3.100000000000000000e+01
-2.000000000000000000e+00
1.200000000000000000e+01
0.000000000000000000e+00
1.800000000000000000e+01
1.300000000000000000e+01
-6.000000000000000000e+00
-1.400000000000000000e+01
7.000000000000000000e+00
-2.900000000000000000e+01
1.000000000000000000e+00
6.000000000000000000e+00
0.000000000000000000e+00
2.000000000000000000e+00
6.000000000000000000e+00
-8.000000000000000000e+00
-7.000000000000000000e+00
2.000000000000000000e+01
1.400000000000000000e+01
1.000000000000000000e+00
-2.000000000000000000e+00
-2.200000000000000000e+01
-1.000000000000000000e+01
-9.000000000000000000e+00
-3.800000000000000000e+01
2.900000000000000000e+01
3.000000000000000000e+00
-8.000000000000000000e+00
-1.800000000000000000e+01
-2.000000000000000000e+00
-1.700000000000000000e+01
1.000000000000000000e+01
-2.500000000000000000e+01
9.000000000000000000e+00
-2.100000000000000000e+01
2.300000000000000000e+01
-1.800000000000000000e+01
2.500000000000000000e+01
-3.100000000000000000e+01
1.300000000000000000e+01
2.900000000000000000e+01
2.800000000000000000e+01
1.800000000000000000e+01
1.700000000000000000e+01
-5.000000000000000000e+00
2.000000000000000000e+01
-1.600000000000000000e+01
1.500000000000000000e+01
6.000000000000000000e+00
-4.000000000000000000e+00
1.400000000000000000e+01
1.400000000000000000e+01
-2.300000000000000000e+01
-3.500000000000000000e+01
-1.300000000000000000e+01
-1.600000000000000000e+01
2.900000000000000000e+01
0.000000000000000000e+00
1.100000000000000000e+01
8.000000000000000000e+00
1.000000000000000000e+01
-2.000000000000000000e+00
1.300000000000000000e+01
5.000000000000000000e+00
0.000000000000000000e+00
-1.600000000000000000e+01
-1.500000000000000000e+01
2.300000000000000000e+01
1.000000000000000000e+01
5.000000000000000000e+00
-1.100000000000000000e+01
-2.900000000000000000e+01
-1.200000000000000000e+01
1.300000000000000000e+01
-3.000000000000000000e+00
1.800000000000000000e+01
7.000000000000000000e+00
4.500000000000000000e+01
1.800000000000000000e+01
-1.000000000000000000e+01
2.400000000000000000e+01
6.000000000000000000e+00
7.000000000000000000e+00
-7.000000000000000000e+00
-1.600000000000000000e+01
0.000000000000000000e+00
1.000000000000000000e+00
1.000000000000000000e+00
5.000000000000000000e+00
1.600000000000000000e+01
2.100000000000000000e+01
5.000000000000000000e+00
1.000000000000000000e+00
5.000000000000000000e+00
5.000000000000000000e+00
2.000000000000000000e+01
1.300000000000000000e+01
-1.000000000000000000e+00
-9.000000000000000000e+00
4.000000000000000000e+00
1.600000000000000000e+01
-1.300000000000000000e+01
2.000000000000000000e+00
3.300000000000000000e+01
2.200000000000000000e+01
-7.000000000000000000e+00
5.300000000000000000e+01
2.500000000000000000e+01
2.100000000000000000e+01
3.400000000000000000e+01
2.800000000000000000e+01
3.400000000000000000e+01
2.700000000000000000e+01
5.500000000000000000e+01
1.900000000000000000e+01
2.500000000000000000e+01
6.200000000000000000e+01
5.800000000000000000e+01
3.700000000000000000e+01
2.900000000000000000e+01
4.200000000000000000e+01
3.000000000000000000e+01
4.700000000000000000e+01
6.200000000000000000e+01
4.300000000000000000e+01
5.900000000000000000e+01
6.100000000000000000e+01
8.400000000000000000e+01
4.300000000000000000e+01
6.400000000000000000e+01
6.900000000000000000e+01
1.090000000000000000e+02
8.500000000000000000e+01
1.070000000000000000e+02
1.190000000000000000e+02
1.130000000000000000e+02
1.090000000000000000e+02
1.200000000000000000e+02
1.070000000000000000e+02
1.540000000000000000e+02
1.500000000000000000e+02
1.310000000000000000e+02
1.830000000000000000e+02
1.550000000000000000e+02
1.950000000000000000e+02
2.000000000000000000e+02
2.360000000000000000e+02
2.100000000000000000e+02
2.650000000000000000e+02
2.690000000000000000e+02
2.780000000000000000e+02
3.040000000000000000e+02
2.960000000000000000e+02
3.310000000000000000e+02
3.070000000000000000e+02
3.310000000000000000e+02
3.460000000000000000e+02
3.390000000000000000e+02
3.910000000000000000e+02
3.760000000000000000e+02
4.180000000000000000e+02
4.310000000000000000e+02
4.450000000000000000e+02
4.540000000000000000e+02
4.750000000000000000e+02
5.110000000000000000e+02
5.290000000000000000e+02
5.760000000000000000e+02
5.810000000000000000e+02
5.830000000000000000e+02
6.200000000000000000e+02
6.670000000000000000e+02
6.720000000000000000e+02
6.810000000000000000e+02
7.140000000000000000e+02
7.230000000000000000e+02
7.570000000000000000e+02
7.610000000000000000e+02
7.640000000000000000e+02
8.010000000000000000e+02
8.160000000000000000e+02
8.600000000000000000e+02
8.960000000000000000e+02
9.010000000000000000e+02
8.460000000000000000e+02
9.560000000000000000e+02
9.540000000000000000e+02
9.450000000000000000e+02
9.570000000000000000e+02
1.022000000000000000e+03
9.910000000000000000e+02
1.059000000000000000e+03
1.005000000000000000e+03
1.071000000000000000e+03
1.063000000000000000e+03
1.069000000000000000e+03
1.102000000000000000e+03
1.120000000000000000e+03
1.128000000000000000e+03
1.145000000000000000e+03
1.134000000000000000e+03
1.215000000000000000e+03
1.177000000000000000e+03
1.198000000000000000e+03
1.224000000000000000e+03
1.206000000000000000e+03
1.226000000000000000e+03
1.232000000000000000e+03
1.228000000000000000e+03
1.269000000000000000e+03
1.257000000000000000e+03
1.250000000000000000e+03
1.264000000000000000e+03
1.247000000000000000e+03
1.260000000000000000e+03
1.244000000000000000e+03
1.234000000000000000e+03
1.242000000000000000e+03
1.200000000000000000e+03
1.238000000000000000e+03
1.165000000000000000e+03
1.193000000000000000e+03
1.151000000000000000e+03
1.140000000000000000e+03
1.106000000000000000e+03
1.036000000000000000e+03
1.115000000000000000e+03
1.073000000000000000e+03
1.047000000000000000e+03
1.049000000000000000e+03
1.058000000000000000e+03
1.034000000000000000e+03
1.025000000000000000e+03
1.019000000000000000e+03
1.023000000000000000e+03
1.021000000000000000e+03
1.021000000000000000e+03
9.990000000000000000e+02
9.290000000000000000e+02
9.260000000000000000e+02
9.410000000000000000e+02
9.140000000000000000e+02
8.900000000000000000e+02
8.940000000000000000e+02
8.660000000000000000e+02
8.510000000000000000e+02
8.650000000000000000e+02
7.810000000000000000e+02
7.340000000000000000e+02
7.370000000000000000e+02
7.620000000000000000e+02
6.830000000000000000e+02
7.040000000000000000e+02
6.770000000000000000e+02
6.630000000000000000e+02
6.280000000000000000e+02
6.200000000000000000e+02
6.110000000000000000e+02
5.820000000000000000e+02
5.290000000000000000e+02
5.500000000000000000e+02
5.180000000000000000e+02
4.830000000000000000e+02
5.200000000000000000e+02
4.520000000000000000e+02
4.780000000000000000e+02
4.540000000000000000e+02
4.370000000000000000e+02
4.200000000000000000e+02
3.870000000000000000e+02
4.200000000000000000e+02
4.070000000000000000e+02
3.830000000000000000e+02
3.440000000000000000e+02
3.420000000000000000e+02
3.120000000000000000e+02
3.020000000000000000e+02
3.030000000000000000e+02
2.950000000000000000e+02
2.700000000000000000e+02
2.680000000000000000e+02
2.630000000000000000e+02
2.600000000000000000e+02
2.000000000000000000e+02
2.320000000000000000e+02
1.990000000000000000e+02
2.020000000000000000e+02
1.920000000000000000e+02
1.860000000000000000e+02
1.750000000000000000e+02
1.390000000000000000e+02
1.740000000000000000e+02
1.710000000000000000e+02
1.180000000000000000e+02
1.290000000000000000e+02
1.320000000000000000e+02
1.260000000000000000e+02
1.330000000000000000e+02
1.100000000000000000e+02
1.340000000000000000e+02
1.150000000000000000e+02
9.500000000000000000e+01
8.300000000000000000e+01
9.300000000000000000e+01
9.300000000000000000e+01
7.300000000000000000e+01
4.300000000000000000e+01
9.800000000000000000e+01
7.500000000000000000e+01
3.400000000000000000e+01
7.200000000000000000e+01
8.500000000000000000e+01
5.700000000000000000e+01
6.600000000000000000e+01
3.900000000000000000e+01
4.800000000000000000e+01
6.000000000000000000e+01
2.400000000000000000e+01
7.500000000000000000e+01
6.400000000000000000e+01
3.400000000000000000e+01
-1.000000000000000000e+00
4.600000000000000000e+01
1.200000000000000000e+01
1.300000000000000000e+01
5.000000000000000000e+00
2.700000000000000000e+01
3.300000000000000000e+01
2.700000000000000000e+01
2.300000000000000000e+01
1.600000000000000000e+01
-9.000000000000000000e+00
-1.200000000000000000e+01
1.800000000000000000e+01
2.500000000000000000e+01
-1.300000000000000000e+01
2.700000000000000000e+01
8.000000000000000000e+00
2.700000000000000000e+01
3.200000000000000000e+01
8.000000000000000000e+00
-2.200000000000000000e+01
2.100000000000000000e+01
-3.000000000000000000e+00
-3.000000000000000000e+00
-1.100000000000000000e+01
2.300000000000000000e+01
1.000000000000000000e+00
-3.000000000000000000e+01
1.300000000000000000e+01
2.800000000000000000e+01
2.100000000000000000e+01
-9.000000000000000000e+00
-8.000000000000000000e+00
2.300000000000000000e+01
3.200000000000000000e+01
2.800000000000000000e+01
-1.900000000000000000e+01
3.000000000000000000e+00
3.000000000000000000e+00
3.500000000000000000e+01
1.200000000000000000e+01
-1.000000000000000000e+00
1.300000000000000000e+01
4.000000000000000000e+00
6.000000000000000000e+00
2.800000000000000000e+01
2.500000000000000000e+01
4.000000000000000000e+00
8.000000000000000000e+00
-6.000000000000000000e+00
1.700000000000000000e+01
4.000000000000000000e+00
1.400000000000000000e+01
1.100000000000000000e+01
-1.000000000000000000e+00
1.200000000000000000e+01
-3.100000000000000000e+01
-1.700000000000000000e+01
3.000000000000000000e+00
-1.400000000000000000e+01
-5.000000000000000000e+00
2.000000000000000000e+00
2.600000000000000000e+01
2.000000000000000000e+01
-1.300000000000000000e+01
1.800000000000000000e+01
-1.600000000000000000e+01
-3.400000000000000000e+01
0.000000000000000000e+00
-3.000000000000000000e+00
8.000000000000000000e+00
4.000000000000000000e+00
5.000000000000000000e+00
-4.000000000000000000e+00
-1.600000000000000000e+01
0.000000000000000000e+00
-2.000000000000000000e+01
-1.200000000000000000e+01
8.000000000000000000e+00
-1.740000000000000000e+02
1.700000000000000000e+01
-8.000000000000000000e+00
-7.000000000000000000e+00
2.000000000000000000e+00
2.100000000000000000e+01
-5.000000000000000000e+00
1.300000000000000000e+01
9.000000000000000000e+00
-1.500000000000000000e+01
1.200000000000000000e+01
-7.000000000000000000e+00
2.500000000000000000e+01
-1.500000000000000000e+01
3.400000000000000000e+01
0.000000000000000000e+00
-1.000000000000000000e+00
-5.000000000000000000e+00
3.000000000000000000e+00
