2.000000000000000000e+00
-4.000000000000000000e+00
0.000000000000000000e+00
3.000000000000000000e+00
1.600000000000000000e+01
-5.000000000000000000e+00
-3.200000000000000000e+01
-7.000000000000000000e+00
-8.000000000000000000e+00
-6.000000000000000000e+00
6.000000000000000000e+00
-1.300000000000000000e+01
-1.000000000000000000e+01
1.600000000000000000e+01
-6.000000000000000000e+00
-1.200000000000000000e+01
3.000000000000000000e+00
3.400000000000000000e+01
-4.000000000000000000e+00
-4.000000000000000000e+00
3.600000000000000000e+01
-2.100000000000000000e+01
-1.600000000000000000e+01
2.200000000000000000e+01
-2.000000000000000000e+00
-1.800000000000000000e+01
-5.000000000000000000e+00
-1.700000000000000000e+01
1.300000000000000000e+01
-4.000000000000000000e+00
-1.500000000000000000e+01
-1.900000000000000000e+01
1.000000000000000000e+01
1.400000000000000000e+01
-1.000000000000000000e+00
-4.000000000000000000e+01
-1.500000000000000000e+01
2.500000000000000000e+01
8.000000000000000000e+00
2.400000000000000000e+01
-1.800000000000000000e+01
-5.000000000000000000e+00
-1.200000000000000000e+01
-7.000000000000000000e+00
0.000000000000000000e+00
-1.900000000000000000e+01
7.000000000000000000e+00
-1.200000000000000000e+01
-1.000000000000000000e+00
-7.000000000000000000e+00
-1.000000000000000000e+01
-2.400000000000000000e+01
-1.400000000000000000e+01
1.200000000000000000e+01
-6.000000000000000000e+00
-6.000000000000000000e+00
-2.000000000000000000e+01
-3.900000000000000000e+01
-1.900000000000000000e+01
-1.600000000000000000e+01
1.100000000000000000e+01
3.000000000000000000e+01
-2.700000000000000000e+01
1.300000000000000000e+01
0.000000000000000000e+00
2.800000000000000000e+01
-2.300000000000000000e+01
8.000000000000000000e+00
-1.000000000000000000e+01
-1.000000000000000000e+01
8.000000000000000000e+00
-4.000000000000000000e+00
-1.300000000000000000e+01
-8.000000000000000000e+00
5.000000000000000000e+00
4.000000000000000000e+00
-1.100000000000000000e+01
1.700000000000000000e+01
2.100000000000000000e+01
-5.000000000000000000e+00
-3.000000000000000000e+00
2.500000000000000000e+01
-3.800000000000000000e+01
1.700000000000000000e+01
-1.300000000000000000e+01
-2.600000000000000000e+01
3.000000000000000000e+00
-9.000000000000000000e+00
2.300000000000000000e+01
1.000000000000000000e+00
1.400000000000000000e+01
-1.800000000000000000e+01
5.000000000000000000e+00
-1.000000000000000000e+01
-2.000000000000000000e+00
8.000000000000000000e+00
-2.100000000000000000e+01
-2.000000000000000000e+00
-2.000000000000000000e+01
-8.000000000000000000e+00
-2.000000000000000000e+01
2.000000000000000000e+00
1.200000000000000000e+01
-1.900000000000000000e+01
-1.000000000000000000e+00
-8.000000000000000000e+00
-1.100000000000000000e+01
1.600000000000000000e+01
2.000000000000000000e+00
0.000000000000000000e+00
3.000000000000000000e+00
1.600000000000000000e+01
3.200000000000000000e+01
-1.000000000000000000e+01
-2.500000000000000000e+01
3.600000000000000000e+01
-1.100000000000000000e+01
-1.000000000000000000e+00
-1.000000000000000000e+00
6.000000000000000000e+00
7.000000000000000000e+00
1.300000000000000000e+01
-1.200000000000000000e+01
-2.000000000000000000e+00
1.500000000000000000e+01
-1.200000000000000000e+01
-7.000000000000000000e+00
7.000000000000000000e+00
1.600000000000000000e+01
1.800000000000000000e+01
1.900000000000000000e+01
8.000000000000000000e+00
-2.000000000000000000e+01
1.300000000000000000e+01
-1.300000000000000000e+01
1.800000000000000000e+01
7.000000000000000000e+00
0.000000000000000000e+00
-1.000000000000000000e+00
-1.400000000000000000e+01
-5.000000000000000000e+00
5.000000000000000000e+00
-2.100000000000000000e+01
-1.000000000000000000e+00
1.900000000000000000e+01
1.800000000000000000e+01
-1.000000000000000000e+00
-2.800000000000000000e+01
2.000000000000000000e+00
-5.000000000000000000e+00
1.000000000000000000e+01
1.600000000000000000e+01
-4.000000000000000000e+00
-3.000000000000000000e+00
-1.100000000000000000e+01
-6.000000000000000000e+00
4.000000000000000000e+00
1.800000000000000000e+01
-4.000000000000000000e+00
-4.000000000000000000e+00
6.000000000000000000e+00
-1.100000000000000000e+01
-7.000000000000000000e+00
-1.000000000000000000e+00
-2.100000000000000000e+01
-2.800000000000000000e+01
-1.300000000000000000e+01
-1.000000000000000000e+00
-4.000000000000000000e+00
-4.000000000000000000e+00
3.000000000000000000e+00
-1.200000000000000000e+01
-4.000000000000000000e+00
9.000000000000000000e+00
1.100000000000000000e+01
4.000000000000000000e+00
5.000000000000000000e+00
-2.000000000000000000e+00
6.000000000000000000e+00
0.000000000000000000e+00
-1.700000000000000000e+01
-5.000000000000000000e+00
-2.300000000000000000e+01
-1.500000000000000000e+01
6.000000000000000000e+00
-7.000000000000000000e+00
1.900000000000000000e+01
-2.200000000000000000e+01
1.400000000000000000e+01
4.300000000000000000e+01
2.200000000000000000e+01
-1.400000000000000000e+01
-1.000000000000000000e+01
5.000000000000000000e+00
7.000000000000000000e+00
-1.500000000000000000e+01
1.900000000000000000e+01
7.000000000000000000e+00
9.000000000000000000e+00
-1.000000000000000000e+00
2.200000000000000000e+01
2.000000000000000000e+01
-1.000000000000000000e+00
5.000000000000000000e+00
-8.000000000000000000e+00
-3.000000000000000000e+00
-1.300000000000000000e+01
9.000000000000000000e+00
4.000000000000000000e+00
2.000000000000000000e+00
6.000000000000000000e+00
-1.000000000000000000e+00
9.000000000000000000e+00
-1.500000000000000000e+01
8.000000000000000000e+00
-6.000000000000000000e+00
2.100000000000000000e+01
2.200000000000000000e+01
3.000000000000000000e+01
-1.100000000000000000e+01
2.900000000000000000e+01
-2.500000000000000000e+01
-2.600000000000000000e+01
1.900000000000000000e+01
-3.000000000000000000e+01
0.000000000000000000e+00
1.000000000000000000e+00
-9.000000000000000000e+00
2.900000000000000000e+01
2.800000000000000000e+01
-1.900000000000000000e+01
3.000000000000000000e+00
-2.700000000000000000e+01
2.100000000000000000e+01
-1.400000000000000000e+01
-5.000000000000000000e+00
-7.000000000000000000e+00
-3.300000000000000000e+01
1.800000000000000000e+01
-6.000000000000000000e+00
2.300000000000000000e+01
-9.000000000000000000e+00
1.800000000000000000e+01
1.200000000000000000e+01
2.000000000000000000e+00
1.200000000000000000e+01
2.200000000000000000e+01
1.900000000000000000e+01
-1.000000000000000000e+01
1.700000000000000000e+01
1.400000000000000000e+01
-3.500000000000000000e+01
-8.000000000000000000e+00
-1.000000000000000000e+01
-2.200000000000000000e+01
-6.000000000000000000e+00
1.500000000000000000e+01
-3.600000000000000000e+01
-3.700000000000000000e+01
-3.800000000000000000e+01
1.400000000000000000e+01
5.000000000000000000e+00
-1.000000000000000000e+00
1.700000000000000000e+01
3.000000000000000000e+00
2.200000000000000000e+01
1.000000000000000000e+01
3.000000000000000000e+00
0.000000000000000000e+00
-1.100000000000000000e+01
-1.800000000000000000e+01
1.400000000000000000e+01
-1.500000000000000000e+01
-3.200000000000000000e+01
4.200000000000000000e+01
-2.700000000000000000e+01
-1.000000000000000000e+01
3.000000000000000000e+00
-3.500000000000000000e+01
2.800000000000000000e+01
-1.900000000000000000e+01
-1.500000000000000000e+01
-1.000000000000000000e+00
1.500000000000000000e+01
-4.000000000000000000e+00
-8.000000000000000000e+00
-1.400000000000000000e+01
-1.300000000000000000e+01
-3.000000000000000000e+01
-4.000000000000000000e+00
7.000000000000000000e+00
2.400000000000000000e+01
-3.300000000000000000e+01
6.000000000000000000e+00
6.000000000000000000e+00
2.200000000000000000e+01
9.000000000000000000e+00
9.000000000000000000e+00
5.000000000000000000e+00
2.300000000000000000e+01
3.000000000000000000e+00
-1.800000000000000000e+01
-2.200000000000000000e+01
-1.900000000000000000e+01
-1.800000000000000000e+01
-3.100000000000000000e+01
3.000000000000000000e+00
-8.000000000000000000e+00
-1.400000000000000000e+01
0.000000000000000000e+00
-1.600000000000000000e+01
2.100000000000000000e+01
0.000000000000000000e+00
-1.000000000000000000e+00
-9.000000000000000000e+00
-6.000000000000000000e+00
-4.000000000000000000e+00
1.300000000000000000e+01
1.500000000000000000e+01
-1.200000000000000000e+01
-1.000000000000000000e+01
-9.000000000000000000e+00
1.500000000000000000e+01
-5.000000000000000000e+00
4.000000000000000000e+00
-1.600000000000000000e+01
2.300000000000000000e+01
-1.900000000000000000e+01
-1.300000000000000000e+01
1.600000000000000000e+01
-1.000000000000000000e+00
5.300000000000000000e+01
-8.000000000000000000e+00
-1.400000000000000000e+01
-1.600000000000000000e+01
-8.000000000000000000e+00
9.000000000000000000e+00
-1.200000000000000000e+01
-5.000000000000000000e+00
1.600000000000000000e+01
-2.300000000000000000e+01
-6.000000000000000000e+00
-1.100000000000000000e+01
-1.200000000000000000e+01
2.400000000000000000e+01
-1.200000000000000000e+01
-1.800000000000000000e+01
-1.000000000000000000e+00
-4.000000000000000000e+00
-1.900000000000000000e+01
7.000000000000000000e+00
1.100000000000000000e+01
1.900000000000000000e+01
-1.900000000000000000e+01
1.000000000000000000e+01
5.000000000000000000e+00
9.000000000000000000e+00
2.000000000000000000e+00
-6.000000000000000000e+00
-2.900000000000000000e+01
8.000000000000000000e+00
3.200000000000000000e+01
0.000000000000000000e+00
3.600000000000000000e+01
-2.400000000000000000e+01
2.500000000000000000e+01
-1.100000000000000000e+01
-3.600000000000000000e+01
1.400000000000000000e+01
-1.400000000000000000e+01
-1.000000000000000000e+00
1.900000000000000000e+01
-2.200000000000000000e+01
-4.000000000000000000e+00
5.000000000000000000e+00
-1.600000000000000000e+01
-2.000000000000000000e+01
-5.000000000000000000e+00
-1.100000000000000000e+01
1.000000000000000000e+00
-2.100000000000000000e+01
1.500000000000000000e+01
-5.100000000000000000e+01
1.700000000000000000e+01
-9.000000000000000000e+00
2.600000000000000000e+01
-2.200000000000000000e+01
-1.200000000000000000e+01
1.700000000000000000e+01
1.900000000000000000e+01
-1.100000000000000000e+01
-2.000000000000000000e+01
-1.500000000000000000e+01
-2.200000000000000000e+01
-2.000000000000000000e+00
1.700000000000000000e+01
-2.100000000000000000e+01
2.000000000000000000e+01
9.000000000000000000e+00
2.300000000000000000e+01
1.700000000000000000e+01
1.500000000000000000e+01
1.100000000000000000e+01
3.000000000000000000e+00
-2.600000000000000000e+01
-1.900000000000000000e+01
1.000000000000000000e+01
-1.700000000000000000e+01
-1.800000000000000000e+01
-2.800000000000000000e+01
1.400000000000000000e+01
-1.100000000000000000e+01
-2.300000000000000000e+01
-1.500000000000000000e+01
1.500000000000000000e+01
-6.000000000000000000e+00
-1.000000000000000000e+00
-1.900000000000000000e+01
-2.300000000000000000e+01
1.000000000000000000e+00
2.000000000000000000e+00
-9.000000000000000000e+00
-4.000000000000000000e+00
-4.000000000000000000e+01
-2.000000000000000000e+01
-1.100000000000000000e+01
-1.000000000000000000e+00
5.000000000000000000e+00
-2.300000000000000000e+01
1.600000000000000000e+01
-1.400000000000000000e+01
3.300000000000000000e+01
-3.000000000000000000e+00
1.000000000000000000e+00
9.000000000000000000e+00
-2.000000000000000000e+00
-2.000000000000000000e+01
7.000000000000000000e+00
1.600000000000000000e+01
3.000000000000000000e+00
2.500000000000000000e+01
-3.400000000000000000e+01
-1.700000000000000000e+01
4.000000000000000000e+00
1.600000000000000000e+01
2.000000000000000000e+01
1.200000000000000000e+01
-1.700000000000000000e+01
-2.300000000000000000e+01
1.700000000000000000e+01
7.000000000000000000e+00
3.000000000000000000e+00
-8.000000000000000000e+00
4.000000000000000000e+00
-7.000000000000000000e+00
3.000000000000000000e+00
1.300000000000000000e+01
2.200000000000000000e+01
5.000000000000000000e+00
-1.600000000000000000e+01
-6.000000000000000000e+00
-3.000000000000000000e+00
-1.300000000000000000e+01
-2.500000000000000000e+01
-6.000000000000000000e+00
-1.000000000000000000e+00
1.600000000000000000e+01
1.100000000000000000e+01
-2.600000000000000000e+01
6.000000000000000000e+00
1.900000000000000000e+01
-4.000000000000000000e+00
9.400000000000000000e+01
-2.400000000000000000e+01
-1.200000000000000000e+01
-1.000000000000000000e+01
-1.000000000000000000e+00
-1.800000000000000000e+01
1.900000000000000000e+01
-9.000000000000000000e+00
-1.800000000000000000e+01
-1.000000000000000000e+00
5.000000000000000000e+00
-1.300000000000000000e+01
-2.000000000000000000e+00
1.200000000000000000e+01
-7.000000000000000000e+00
1.600000000000000000e+01
5.000000000000000000e+00
4.000000000000000000e+00
1.100000000000000000e+01
2.000000000000000000e+00
-5.000000000000000000e+00
-3.000000000000000000e+01
-1.100000000000000000e+01
1.200000000000000000e+01
-1.300000000000000000e+01
-2.500000000000000000e+01
9.000000000000000000e+00
3.000000000000000000e+00
3.300000000000000000e+01
4.800000000000000000e+01
9.000000000000000000e+00
2.800000000000000000e+01
-2.800000000000000000e+01
7.000000000000000000e+00
-1.600000000000000000e+01
1.000000000000000000e+01
-3.700000000000000000e+01
5.000000000000000000e+00
-9.000000000000000000e+00
-6.000000000000000000e+00
5.000000000000000000e+00
-1.900000000000000000e+01
2.500000000000000000e+01
0.000000000000000000e+00
5.000000000000000000e+00
6.000000000000000000e+00
2.900000000000000000e+01
2.000000000000000000e+00
1.300000000000000000e+01
1.100000000000000000e+01
-3.100000000000000000e+01
-9.000000000000000000e+00
-1.000000000000000000e+01
-8.000000000000000000e+00
1.000000000000000000e+00
-1.300000000000000000e+01
1.200000000000000000e+01
-1.600000000000000000e+01
2.600000000000000000e+01
1.300000000000000000e+01
2.500000000000000000e+01
9.000000000000000000e+00
2.200000000000000000e+01
-1.400000000000000000e+01
1.000000000000000000e+00
5.000000000000000000e+00
-1.000000000000000000e+00
-1.000000000000000000e+00
3.000000000000000000e+01
2.000000000000000000e+00
1.700000000000000000e+01
-9.000000000000000000e+00
-2.000000000000000000e+00
-4.000000000000000000e+00
3.800000000000000000e+01
-1.500000000000000000e+01
4.000000000000000000e+00
2.000000000000000000e+01
1.700000000000000000e+01
-1.700000000000000000e+01
8.000000000000000000e+00
0.000000000000000000e+00
2.500000000000000000e+01
-2.500000000000000000e+01
1.300000000000000000e+01
1.500000000000000000e+01
-5.000000000000000000e+00
-1.000000000000000000e+00
4.000000000000000000e+00
-6.000000000000000000e+00
3.000000000000000000e+01
1.400000000000000000e+01
4.000000000000000000e+00
-1.100000000000000000e+01
1.700000000000000000e+01
-1.000000000000000000e+00
5.000000000000000000e+00
2.700000000000000000e+01
-2.700000000000000000e+01
8.000000000000000000e+00
-6.000000000000000000e+00
-8.000000000000000000e+00
1.900000000000000000e+01
3.700000000000000000e+01
-6.000000000000000000e+00
-7.000000000000000000e+00
2.500000000000000000e+01
-3.000000000000000000e+00
-8.000000000000000000e+00
5.000000000000000000e+00
-1.000000000000000000e+00
1.000000000000000000e+00
6.000000000000000000e+00
2.400000000000000000e+01
9.000000000000000000e+00
3.400000000000000000e+01
-1.600000000000000000e+01
6.000000000000000000e+00
-1.400000000000000000e+01
-2.000000000000000000e+00
1.900000000000000000e+01
1.000000000000000000e+01
1.000000000000000000e+01
1.300000000000000000e+01
1.500000000000000000e+01
-2.000000000000000000e+01
-2.000000000000000000e+00
1.400000000000000000e+01
1.100000000000000000e+01
-1.900000000000000000e+01
8.000000000000000000e+00
1.000000000000000000e+01
2.100000000000000000e+01
-6.000000000000000000e+00
3.000000000000000000e+00
3.000000000000000000e+01
-1.000000000000000000e+00
-1.300000000000000000e+01
3.200000000000000000e+01
3.400000000000000000e+01
0.000000000000000000e+00
4.000000000000000000e+00
-3.000000000000000000e+00
2.000000000000000000e+00
-6.000000000000000000e+00
-2.000000000000000000e+00
-5.000000000000000000e+00
-3.000000000000000000e+00
-1.200000000000000000e+01
-3.100000000000000000e+01
2.000000000000000000e+00
-2.000000000000000000e+00
-1.100000000000000000e+01
-3.400000000000000000e+01
5.000000000000000000e+00
1.800000000000000000e+01
8.000000000000000000e+00
-1.300000000000000000e+01
1.000000000000000000e+01
1.000000000000000000e+01
1.300000000000000000e+01
-2.500000000000000000e+01
7.000000000000000000e+00
-3.000000000000000000e+00
-2.200000000000000000e+01
8.000000000000000000e+00
7.000000000000000000e+00
9.000000000000000000e+00
1.400000000000000000e+01
-2.000000000000000000e+00
-2.000000000000000000e+00
1.100000000000000000e+01
-3.000000000000000000e+00
3.200000000000000000e+01
-1.900000000000000000e+01
1.000000000000000000e+00
-6.000000000000000000e+00
1.100000000000000000e+01
-9.000000000000000000e+00
-2.900000000000000000e+01
3.000000000000000000e+01
4.300000000000000000e+01
0.000000000000000000e+00
-3.100000000000000000e+01
1.600000000000000000e+01
-1.200000000000000000e+01
1.300000000000000000e+01
9.000000000000000000e+00
2.200000000000000000e+01
2.900000000000000000e+01
-3.300000000000000000e+01
3.400000000000000000e+01
-2.000000000000000000e+00
-1.200000000000000000e+01
-5.000000000000000000e+00
3.000000000000000000e+01
5.000000000000000000e+00
2.400000000000000000e+01
-2.000000000000000000e+01
1.200000000000000000e+01
1.300000000000000000e+01
8.000000000000000000e+00
-5.000000000000000000e+00
-3.700000000000000000e+01
-4.000000000000000000e+00
2.200000000000000000e+01
3.000000000000000000e+01
-1.900000000000000000e+01
8.000000000000000000e+00
1.900000000000000000e+01
-1.700000000000000000e+01
6.000000000000000000e+00
-2.700000000000000000e+01
2.000000000000000000e+00
1.400000000000000000e+01
8.000000000000000000e+00
1.000000000000000000e+00
-1.700000000000000000e+01
-1.300000000000000000e+01
1.200000000000000000e+01
5.200000000000000000e+01
-1.900000000000000000e+01
6.000000000000000000e+00
2.000000000000000000e+00
-9.000000000000000000e+00
-1.500000000000000000e+01
-1.100000000000000000e+01
3.000000000000000000e+01
0.000000000000000000e+00
1.700000000000000000e+01
1.400000000000000000e+01
0.000000000000000000e+00
7.000000000000000000e+00
3.100000000000000000e+01
-6.000000000000000000e+00
-1.500000000000000000e+01
3.400000000000000000e+01
2.700000000000000000e+01
6.000000000000000000e+00
5.000000000000000000e+00
2.700000000000000000e+01
-1.500000000000000000e+01
4.100000000000000000e+01
-1.400000000000000000e+01
3.000000000000000000e+01
5.000000000000000000e+00
6.000000000000000000e+00
1.800000000000000000e+01
-5.000000000000000000e+00
3.100000000000000000e+01
1.200000000000000000e+01
-4.000000000000000000e+00
-1.900000000000000000e+01
3.000000000000000000e+00
-3.000000000000000000e+00
1.100000000000000000e+01
-7.000000000000000000e+00
4.300000000000000000e+01
3.700000000000000000e+01
-1.000000000000000000e+00
2.400000000000000000e+01
2.100000000000000000e+01
1.800000000000000000e+01
4.800000000000000000e+01
-3.000000000000000000e+00
-2.000000000000000000e+00
2.400000000000000000e+01
3.300000000000000000e+01
2.900000000000000000e+01
-1.100000000000000000e+01
3.200000000000000000e+01
8.000000000000000000e+00
-4.500000000000000000e+01
7.000000000000000000e+00
4.000000000000000000e+00
4.000000000000000000e+01
-6.000000000000000000e+00
-1.800000000000000000e+01
2.500000000000000000e+01
7.000000000000000000e+00
1.900000000000000000e+01
4.100000000000000000e+01
4.900000000000000000e+01
2.000000000000000000e+00
1.400000000000000000e+01
3.400000000000000000e+01
9.000000000000000000e+00
1.200000000000000000e+01
1.700000000000000000e+01
2.300000000000000000e+01
1.000000000000000000e+00
-3.000000000000000000e+00
3.100000000000000000e+01
2.000000000000000000e+01
0.000000000000000000e+00
7.000000000000000000e+00
-7.000000000000000000e+00
1.000000000000000000e+01
1.200000000000000000e+01
1.600000000000000000e+01
2.100000000000000000e+01
1.500000000000000000e+01
-2.600000000000000000e+01
2.500000000000000000e+01
8.000000000000000000e+00
3.700000000000000000e+01
1.500000000000000000e+01
3.000000000000000000e+00
3.400000000000000000e+01
2.400000000000000000e+01
1.000000000000000000e+01
1.600000000000000000e+01
4.500000000000000000e+01
3.700000000000000000e+01
2.000000000000000000e+01
1.100000000000000000e+01
7.000000000000000000e+00
3.000000000000000000e+01
8.000000000000000000e+00
3.200000000000000000e+01
-1.000000000000000000e+00
-1.300000000000000000e+01
2.400000000000000000e+01
-1.200000000000000000e+01
2.700000000000000000e+01
2.700000000000000000e+01
3.000000000000000000e+00
2.800000000000000000e+01
3.000000000000000000e+00
4.600000000000000000e+01
1.600000000000000000e+01
-1.000000000000000000e+00
-2.600000000000000000e+01
-1.000000000000000000e+00
2.100000000000000000e+01
-9.000000000000000000e+00
-1.000000000000000000e+00
2.500000000000000000e+01
3.200000000000000000e+01
6.300000000000000000e+01
3.500000000000000000e+01
1.400000000000000000e+01
-1.800000000000000000e+01
1.000000000000000000e+01
5.000000000000000000e+00
1.200000000000000000e+01
1.100000000000000000e+01
-4.000000000000000000e+00
2.000000000000000000e+01
1.400000000000000000e+01
7.000000000000000000e+00
7.000000000000000000e+00
3.900000000000000000e+01
8.000000000000000000e+00
1.800000000000000000e+01
2.000000000000000000e+01
2.100000000000000000e+01
1.600000000000000000e+01
3.700000000000000000e+01
2.400000000000000000e+01
-3.300000000000000000e+01
-4.000000000000000000e+00
3.000000000000000000e+01
3.000000000000000000e+01
2.000000000000000000e+00
-1.000000000000000000e+00
2.600000000000000000e+01
6.700000000000000000e+01
1.100000000000000000e+01
2.700000000000000000e+01
-2.000000000000000000e+00
1.700000000000000000e+01
3.900000000000000000e+01
3.100000000000000000e+01
3.600000000000000000e+01
3.700000000000000000e+01
-2.000000000000000000e+01
3.400000000000000000e+01
3.500000000000000000e+01
6.000000000000000000e+00
1.100000000000000000e+01
3.400000000000000000e+01
8.000000000000000000e+00
1.000000000000000000e+00
9.000000000000000000e+00
4.700000000000000000e+01
9.000000000000000000e+00
3.000000000000000000e+00
3.300000000000000000e+01
2.600000000000000000e+01
4.100000000000000000e+01
2.500000000000000000e+01
4.100000000000000000e+01
-2.000000000000000000e+00
3.000000000000000000e+01
3.300000000000000000e+01
2.300000000000000000e+01
1.900000000000000000e+01
1.700000000000000000e+01
4.600000000000000000e+01
1.900000000000000000e+01
1.600000000000000000e+01
4.100000000000000000e+01
7.500000000000000000e+01
3.200000000000000000e+01
5.500000000000000000e+01
3.500000000000000000e+01
4.400000000000000000e+01
6.200000000000000000e+01
5.000000000000000000e+01
5.600000000000000000e+01
7.800000000000000000e+01
7.600000000000000000e+01
7.600000000000000000e+01
1.170000000000000000e+02
7.500000000000000000e+01
1.360000000000000000e+02
1.610000000000000000e+02
1.320000000000000000e+02
1.530000000000000000e+02
2.040000000000000000e+02
2.430000000000000000e+02
2.550000000000000000e+02
3.120000000000000000e+02
2.800000000000000000e+02
3.620000000000000000e+02
4.250000000000000000e+02
5.160000000000000000e+02
5.880000000000000000e+02
6.350000000000000000e+02
7.370000000000000000e+02
8.520000000000000000e+02
9.110000000000000000e+02
1.031000000000000000e+03
1.145000000000000000e+03
1.285000000000000000e+03
1.423000000000000000e+03
1.554000000000000000e+03
1.732000000000000000e+03
1.884000000000000000e+03
2.024000000000000000e+03
2.150000000000000000e+03
2.443000000000000000e+03
2.556000000000000000e+03
2.748000000000000000e+03
2.922000000000000000e+03
3.100000000000000000e+03
3.245000000000000000e+03
3.429000000000000000e+03
3.576000000000000000e+03
3.736000000000000000e+03
3.984000000000000000e+03
4.038000000000000000e+03
4.307000000000000000e+03
4.371000000000000000e+03
4.429000000000000000e+03
4.505000000000000000e+03
4.623000000000000000e+03
4.645000000000000000e+03
4.681000000000000000e+03
4.773000000000000000e+03
4.844000000000000000e+03
4.771000000000000000e+03
4.795000000000000000e+03
4.799000000000000000e+03
4.666000000000000000e+03
4.605000000000000000e+03
4.493000000000000000e+03
4.446000000000000000e+03
4.334000000000000000e+03
4.169000000000000000e+03
3.999000000000000000e+03
3.918000000000000000e+03
3.813000000000000000e+03
3.549000000000000000e+03
3.446000000000000000e+03
3.234000000000000000e+03
3.086000000000000000e+03
2.955000000000000000e+03
2.715000000000000000e+03
2.633000000000000000e+03
2.415000000000000000e+03
2.167000000000000000e+03
2.059000000000000000e+03
1.885000000000000000e+03
1.766000000000000000e+03
1.686000000000000000e+03
1.496000000000000000e+03
1.347000000000000000e+03
1.227000000000000000e+03
1.120000000000000000e+03
9.820000000000000000e+02
8.660000000000000000e+02
7.820000000000000000e+02
7.070000000000000000e+02
5.810000000000000000e+02
5.460000000000000000e+02
4.900000000000000000e+02
4.300000000000000000e+02
3.320000000000000000e+02
3.060000000000000000e+02
2.730000000000000000e+02
2.200000000000000000e+02
1.820000000000000000e+02
1.580000000000000000e+02
1.400000000000000000e+02
9.700000000000000000e+01
1.040000000000000000e+02
9.300000000000000000e+01
8.000000000000000000e+01
5.400000000000000000e+01
3.000000000000000000e+01
3.100000000000000000e+01
4.900000000000000000e+01
2.700000000000000000e+01
4.300000000000000000e+01
1.400000000000000000e+01
2.500000000000000000e+01
1.400000000000000000e+01
3.800000000000000000e+01
-2.000000000000000000e+00
3.900000000000000000e+01
4.000000000000000000e+00
1.000000000000000000e+00
5.000000000000000000e+01
3.900000000000000000e+01
-2.000000000000000000e+00
2.100000000000000000e+01
1.800000000000000000e+01
-8.000000000000000000e+00
1.400000000000000000e+01
-1.300000000000000000e+01
1.000000000000000000e+01
2.500000000000000000e+01
2.100000000000000000e+01
3.400000000000000000e+01
-8.000000000000000000e+00
4.900000000000000000e+01
1.300000000000000000e+01
2.500000000000000000e+01
-2.600000000000000000e+01
2.800000000000000000e+01
3.700000000000000000e+01
2.100000000000000000e+01
9.000000000000000000e+00
-1.000000000000000000e+00
8.000000000000000000e+00
-1.000000000000000000e+01
2.100000000000000000e+01
2.900000000000000000e+01
4.000000000000000000e+01
3.000000000000000000e+00
3.100000000000000000e+01
1.400000000000000000e+01
3.500000000000000000e+01
-1.600000000000000000e+01
1.900000000000000000e+01
2.600000000000000000e+01
-1.000000000000000000e+01
2.500000000000000000e+01
8.000000000000000000e+00
1.700000000000000000e+01
2.100000000000000000e+01
3.000000000000000000e+00
4.000000000000000000e+00
2.500000000000000000e+01
-4.000000000000000000e+00
1.800000000000000000e+01
-1.000000000000000000e+00
3.100000000000000000e+01
2.000000000000000000e+00
2.100000000000000000e+01
2.000000000000000000e+01
-1.100000000000000000e+01
1.500000000000000000e+01
7.000000000000000000e+00
2.500000000000000000e+01
4.700000000000000000e+01
3.200000000000000000e+01
-8.000000000000000000e+00
1.600000000000000000e+01
2.000000000000000000e+01
2.400000000000000000e+01
1.200000000000000000e+01
2.900000000000000000e+01
-1.200000000000000000e+01
8.000000000000000000e+00
1.600000000000000000e+01
-1.100000000000000000e+01
-1.000000000000000000e+00
5.000000000000000000e+00
2.000000000000000000e+01
3.000000000000000000e+00
8.000000000000000000e+00
2.600000000000000000e+01
1.000000000000000000e+00
-2.000000000000000000e+00
-1.400000000000000000e+01
-7.000000000000000000e+00
1.300000000000000000e+01
1.200000000000000000e+01
1.000000000000000000e+01
-3.000000000000000000e+00
3.400000000000000000e+01
-1.000000000000000000e+00
8.000000000000000000e+00
3.300000000000000000e+01
2.000000000000000000e+01
1.600000000000000000e+01
2.700000000000000000e+01
1.000000000000000000e+01
1.100000000000000000e+01
-1.200000000000000000e+01
0.000000000000000000e+00
2.300000000000000000e+01
-2.000000000000000000e+00
3.300000000000000000e+01
8.000000000000000000e+00
1.600000000000000000e+01
2.600000000000000000e+01
1.000000000000000000e+01
1.300000000000000000e+01
2.500000000000000000e+01
-3.000000000000000000e+00
0.000000000000000000e+00
5.000000000000000000e+00
2.300000000000000000e+01
3.800000000000000000e+01
3.000000000000000000e+00
1.900000000000000000e+01
1.000000000000000000e+01
2.200000000000000000e+01
1.000000000000000000e+01
3.100000000000000000e+01
2.300000000000000000e+01
2.400000000000000000e+01
2.000000000000000000e+01
3.000000000000000000e+00
2.000000000000000000e+01
7.000000000000000000e+00
-6.000000000000000000e+00
1.100000000000000000e+01
1.900000000000000000e+01
1.900000000000000000e+01
3.000000000000000000e+01
-3.000000000000000000e+00
1.600000000000000000e+01
1.500000000000000000e+01
4.500000000000000000e+01
-1.100000000000000000e+01
-4.200000000000000000e+01
2.800000000000000000e+01
2.500000000000000000e+01
-6.000000000000000000e+00
-9.000000000000000000e+00
-1.300000000000000000e+01
3.000000000000000000e+01
3.700000000000000000e+01
1.300000000000000000e+01
2.000000000000000000e+00
1.100000000000000000e+01
6.000000000000000000e+00
1.300000000000000000e+01
1.300000000000000000e+01
-8.000000000000000000e+00
1.400000000000000000e+01
2.300000000000000000e+01
-6.000000000000000000e+00
-1.600000000000000000e+01
3.200000000000000000e+01
5.000000000000000000e+00
1.000000000000000000e+00
2.700000000000000000e+01
-2.400000000000000000e+01
2.100000000000000000e+01
1.600000000000000000e+01
-1.000000000000000000e+00
1.600000000000000000e+01
2.300000000000000000e+01
3.400000000000000000e+01
2.200000000000000000e+01
1.000000000000000000e+01
1.000000000000000000e+00
-3.200000000000000000e+01
2.100000000000000000e+01
2.400000000000000000e+01
1.600000000000000000e+01
0.000000000000000000e+00
1.400000000000000000e+01
7.000000000000000000e+00
0.000000000000000000e+00
8.000000000000000000e+00
3.400000000000000000e+01
1.000000000000000000e+00
1.700000000000000000e+01
1.600000000000000000e+01
3.700000000000000000e+01
1.800000000000000000e+01
5.000000000000000000e+00
2.000000000000000000e+01
-3.000000000000000000e+00
-7.000000000000000000e+00
9.000000000000000000e+00
-1.400000000000000000e+01
1.300000000000000000e+01
-1.300000000000000000e+01
-1.600000000000000000e+01
1.100000000000000000e+01
3.000000000000000000e+00
-1.100000000000000000e+01
2.000000000000000000e+01
2.500000000000000000e+01
1.700000000000000000e+01
2.400000000000000000e+01
1.000000000000000000e+00
1.800000000000000000e+01
-1.200000000000000000e+01
3.000000000000000000e+00
-6.000000000000000000e+00
1.700000000000000000e+01
2.000000000000000000e+00
-1.200000000000000000e+01
1.900000000000000000e+01
2.400000000000000000e+01
1.900000000000000000e+01
1.900000000000000000e+01
5.000000000000000000e+00
1.600000000000000000e+01
-3.000000000000000000e+00
-7.000000000000000000e+00
1.500000000000000000e+01
-1.000000000000000000e+00
1.100000000000000000e+01
1.800000000000000000e+01
-3.000000000000000000e+00
3.600000000000000000e+01
5.000000000000000000e+00
5.000000000000000000e+00
5.000000000000000000e+00
-1.100000000000000000e+01
1.500000000000000000e+01
3.600000000000000000e+01
1.600000000000000000e+01
3.000000000000000000e+00
1.300000000000000000e+01
3.200000000000000000e+01
2.100000000000000000e+01
-5.000000000000000000e+00
2.000000000000000000e+01
1.700000000000000000e+01
3.900000000000000000e+01
3.000000000000000000e+00
4.000000000000000000e+00
1.000000000000000000e+01
4.000000000000000000e+00
-5.000000000000000000e+00
1.600000000000000000e+01
1.000000000000000000e+01
1.900000000000000000e+01
-2.000000000000000000e+00
-2.800000000000000000e+01
2.700000000000000000e+01
-1.100000000000000000e+01
6.000000000000000000e+00
2.000000000000000000e+00
-7.000000000000000000e+00
2.200000000000000000e+01
2.500000000000000000e+01
-5.000000000000000000e+00
0.000000000000000000e+00
1.100000000000000000e+01
6.000000000000000000e+00
1.700000000000000000e+01
-4.000000000000000000e+00
1.100000000000000000e+01
2.000000000000000000e+00
-4.000000000000000000e+00
1.200000000000000000e+01
-1.300000000000000000e+01
0.000000000000000000e+00
8.000000000000000000e+00
9.000000000000000000e+00
2.000000000000000000e+00
1.800000000000000000e+01
7.000000000000000000e+00
9.000000000000000000e+00
-1.300000000000000000e+01
2.000000000000000000e+00
9.000000000000000000e+00
3.500000000000000000e+01
1.500000000000000000e+01
2.000000000000000000e+01
4.000000000000000000e+00
-1.800000000000000000e+01
1.800000000000000000e+01
-1.300000000000000000e+01
1.000000000000000000e+01
1.000000000000000000e+00
-8.000000000000000000e+00
-1.300000000000000000e+01
-1.400000000000000000e+01
2.200000000000000000e+01
-1.500000000000000000e+01
4.000000000000000000e+00
1.900000000000000000e+01
3.000000000000000000e+00
-1.600000000000000000e+01
7.000000000000000000e+00
6.000000000000000000e+00
3.000000000000000000e+00
-1.300000000000000000e+01
7.000000000000000000e+00
9.000000000000000000e+00
5.000000000000000000e+00
-9.000000000000000000e+00
2.500000000000000000e+01
-1.000000000000000000e+01
4.000000000000000000e+00
3.000000000000000000e+01
4.000000000000000000e+00
1.200000000000000000e+01
6.000000000000000000e+00
-2.000000000000000000e+01
-1.600000000000000000e+01
1.000000000000000000e+00
-7.000000000000000000e+00
-1.200000000000000000e+01
-8.000000000000000000e+00
2.000000000000000000e+00
-7.000000000000000000e+00
-1.200000000000000000e+01
-1.400000000000000000e+01
-1.000000000000000000e+00
7.000000000000000000e+00
6.000000000000000000e+00
-2.100000000000000000e+01
1.700000000000000000e+01
-4.000000000000000000e+00
1.500000000000000000e+01
-6.000000000000000000e+00
1.500000000000000000e+01
1.000000000000000000e+01
1.300000000000000000e+01
5.000000000000000000e+00
1.400000000000000000e+01
-1.200000000000000000e+01
1.300000000000000000e+01
-1.400000000000000000e+01
1.400000000000000000e+01
-1.500000000000000000e+01
5.000000000000000000e+00
1.800000000000000000e+01
3.000000000000000000e+00
-1.600000000000000000e+01
-1.400000000000000000e+01
-3.100000000000000000e+01
3.000000000000000000e+00
-2.100000000000000000e+01
4.800000000000000000e+01
7.000000000000000000e+00
1.600000000000000000e+01
8.000000000000000000e+00
-1.200000000000000000e+01
3.000000000000000000e+00
1.300000000000000000e+01
1.200000000000000000e+01
2.900000000000000000e+01
-3.000000000000000000e+00
-2.400000000000000000e+01
-9.000000000000000000e+00
2.000000000000000000e+00
0.000000000000000000e+00
5.000000000000000000e+00
-1.040000000000000000e+02
-1.000000000000000000e+00
2.600000000000000000e+01
1.600000000000000000e+01
2.100000000000000000e+01
-1.000000000000000000e+00
1.400000000000000000e+01
-3.000000000000000000e+00
-2.000000000000000000e+01
1.000000000000000000e+00
0.000000000000000000e+00
1.400000000000000000e+01
4.000000000000000000e+00
-1.600000000000000000e+01
-3.400000000000000000e+01
7.000000000000000000e+00
1.700000000000000000e+01
2.400000000000000000e+01
1.400000000000000000e+01
-2.000000000000000000e+00
-1.600000000000000000e+01
0.000000000000000000e+00
-3.000000000000000000e+00
9.000000000000000000e+00
-2.000000000000000000e+01
-2.300000000000000000e+01
1.500000000000000000e+01
1.600000000000000000e+01
2.100000000000000000e+01
-1.000000000000000000e+01
-1.000000000000000000e+00
1.000000000000000000e+01
5.000000000000000000e+00
2.700000000000000000e+01
2.100000000000000000e+01
1.000000000000000000e+01
-3.400000000000000000e+01
4.000000000000000000e+00
1.100000000000000000e+01
3.100000000000000000e+01
-1.900000000000000000e+01
8.000000000000000000e+00
3.000000000000000000e+00
2.000000000000000000e+01
-1.000000000000000000e+01
-6.000000000000000000e+00
-3.000000000000000000e+00
1.300000000000000000e+01
1.000000000000000000e+00
2.300000000000000000e+01
-4.000000000000000000e+00
-7.000000000000000000e+00
1.200000000000000000e+01
-9.000000000000000000e+00
2.400000000000000000e+01
4.000000000000000000e+00
-8.000000000000000000e+00
-1.700000000000000000e+01
-1.000000000000000000e+00
1.400000000000000000e+01
1.900000000000000000e+01
-2.600000000000000000e+01
1.700000000000000000e+01
1.900000000000000000e+01
0.000000000000000000e+00
0.000000000000000000e+00
6.000000000000000000e+00
3.000000000000000000e+00
3.500000000000000000e+01
-2.800000000000000000e+01
1.000000000000000000e+00
-1.800000000000000000e+01
-6.000000000000000000e+00
1.300000000000000000e+01
1.700000000000000000e+01
-1.300000000000000000e+01
1.700000000000000000e+01
-2.000000000000000000e+00
7.000000000000000000e+00
5.000000000000000000e+00
1.000000000000000000e+01
-7.000000000000000000e+00
1.500000000000000000e+01
-1.300000000000000000e+01
2.300000000000000000e+01
1.000000000000000000e+01
-9.000000000000000000e+00
-3.000000000000000000e+00
-1.700000000000000000e+01
1.500000000000000000e+01
9.000000000000000000e+00
1.400000000000000000e+01
3.300000000000000000e+01
-2.100000000000000000e+01
-2.000000000000000000e+01
-1.000000000000000000e+01
-7.000000000000000000e+00
4.100000000000000000e+01
-3.000000000000000000e+00
-3.000000000000000000e+01
1.900000000000000000e+01
2.200000000000000000e+01
4.000000000000000000e+00
4.000000000000000000e+00
-5.000000000000000000e+00
2.400000000000000000e+01
-4.000000000000000000e+00
-1.100000000000000000e+01
-1.000000000000000000e+00
-1.000000000000000000e+01
4.000000000000000000e+01
-3.400000000000000000e+01
4.000000000000000000e+00
-8.000000000000000000e+00
3.000000000000000000e+00
-1.800000000000000000e+01
1.300000000000000000e+01
1.000000000000000000e+01
6.000000000000000000e+01
-1.000000000000000000e+01
1.400000000000000000e+01
-1.000000000000000000e+00
-2.200000000000000000e+01
-4.000000000000000000e+00
7.000000000000000000e+00
1.100000000000000000e+01
2.100000000000000000e+01
3.000000000000000000e+00
-1.000000000000000000e+00
3.000000000000000000e+00
-2.600000000000000000e+01
1.100000000000000000e+01
-9.000000000000000000e+00
-5.000000000000000000e+00
3.000000000000000000e+00
5.000000000000000000e+00
-6.000000000000000000e+00
4.000000000000000000e+00
1.000000000000000000e+00
2.100000000000000000e+01
4.000000000000000000e+00
0.000000000000000000e+00
-3.000000000000000000e+01
-3.600000000000000000e+01
-7.000000000000000000e+00
-1.000000000000000000e+01
1.000000000000000000e+00
-9.000000000000000000e+00
4.000000000000000000e+00
6.000000000000000000e+00
5.000000000000000000e+00
-1.200000000000000000e+01
1.200000000000000000e+01
1.700000000000000000e+01
-7.000000000000000000e+00
2.300000000000000000e+01
9.000000000000000000e+00
-1.800000000000000000e+01
1.800000000000000000e+01
2.200000000000000000e+01
-1.000000000000000000e+00
0.000000000000000000e+00
2.200000000000000000e+01
1.100000000000000000e+01
6.000000000000000000e+00
-1.800000000000000000e+01
1.400000000000000000e+01
2.800000000000000000e+01
-2.100000000000000000e+01
1.400000000000000000e+01
-2.100000000000000000e+01
-1.800000000000000000e+01
-1.800000000000000000e+01
-2.700000000000000000e+01
-6.000000000000000000e+00
-1.800000000000000000e+01
-1.700000000000000000e+01
-1.000000000000000000e+01
-2.200000000000000000e+01
-1.700000000000000000e+01
1.600000000000000000e+01
-5.000000000000000000e+00
-3.000000000000000000e+00
-2.500000000000000000e+01
3.000000000000000000e+00
-4.000000000000000000e+00
5.000000000000000000e+00
-9.000000000000000000e+00
-1.500000000000000000e+01
-1.700000000000000000e+01
1.800000000000000000e+01
8.000000000000000000e+00
1.200000000000000000e+01
1.300000000000000000e+01
1.700000000000000000e+01
2.000000000000000000e+00
-8.000000000000000000e+00
1.400000000000000000e+01
-1.400000000000000000e+01
-3.000000000000000000e+01
-8.000000000000000000e+00
-2.500000000000000000e+01
-1.500000000000000000e+01
1.700000000000000000e+01
1.900000000000000000e+01
1.700000000000000000e+01
-1.100000000000000000e+01
7.000000000000000000e+00
1.600000000000000000e+01
7.000000000000000000e+00
1.200000000000000000e+01
-1.700000000000000000e+01
1.200000000000000000e+01
2.300000000000000000e+01
1.600000000000000000e+01
2.000000000000000000e+00
0.000000000000000000e+00
-1.400000000000000000e+01
1.300000000000000000e+01
2.200000000000000000e+01
-4.000000000000000000e+00
-1.900000000000000000e+01
0.000000000000000000e+00
5.000000000000000000e+00
0.000000000000000000e+00
-2.000000000000000000e+00
9.000000000000000000e+00
7.000000000000000000e+00
9.000000000000000000e+00
2.000000000000000000e+00
-5.000000000000000000e+00
-6.000000000000000000e+00
-3.000000000000000000e+00
6.000000000000000000e+00
4.000000000000000000e+00
-1.100000000000000000e+01
2.800000000000000000e+01
2.000000000000000000e+01
-2.700000000000000000e+01
-1.800000000000000000e+01
8.000000000000000000e+00
6.000000000000000000e+00
-2.500000000000000000e+01
-3.400000000000000000e+01
1.800000000000000000e+01
-2.900000000000000000e+01
0.000000000000000000e+00
2.000000000000000000e+00
-7.000000000000000000e+00
2.000000000000000000e+00
0.000000000000000000e+00
1.400000000000000000e+01
1.300000000000000000e+01
3.000000000000000000e+00
-1.100000000000000000e+01
-1.100000000000000000e+01
8.000000000000000000e+00
2.000000000000000000e+01
1.400000000000000000e+01
-1.400000000000000000e+01
-5.000000000000000000e+00
-6.000000000000000000e+00
1.900000000000000000e+01
7.000000000000000000e+00
9.000000000000000000e+00
1.400000000000000000e+01
-1.400000000000000000e+01
-1.400000000000000000e+01
-1.000000000000000000e+00
-2.800000000000000000e+01
6.000000000000000000e+00
1.300000000000000000e+01
-1.100000000000000000e+01
1.100000000000000000e+01
-9.000000000000000000e+00
1.200000000000000000e+01
-1.400000000000000000e+01
1.700000000000000000e+01
2.000000000000000000e+01
-1.700000000000000000e+01
-7.000000000000000000e+00
-2.200000000000000000e+01
-1.400000000000000000e+01
-2.700000000000000000e+01
1.000000000000000000e+00
-2.000000000000000000e+00
-5.000000000000000000e+00
-1.700000000000000000e+01
6.000000000000000000e+00
-4.000000000000000000e+00
1.400000000000000000e+01
-5.000000000000000000e+00
8.000000000000000000e+00
-1.100000000000000000e+01
3.000000000000000000e+00
-7.000000000000000000e+00
2.000000000000000000e+00
-7.000000000000000000e+00
5.000000000000000000e+00
9.000000000000000000e+00
-2.000000000000000000e+00
1.600000000000000000e+01
6.000000000000000000e+00
-8.000000000000000000e+00
1.500000000000000000e+01
-1.600000000000000000e+01
3.600000000000000000e+01
1.000000000000000000e+00
1.400000000000000000e+01
1.800000000000000000e+01
1.700000000000000000e+01
1.700000000000000000e+01
1.200000000000000000e+01
-3.000000000000000000e+01
1.100000000000000000e+01
2.500000000000000000e+01
-1.800000000000000000e+01
-1.200000000000000000e+01
2.700000000000000000e+01
-5.000000000000000000e+00
-7.000000000000000000e+00
2.900000000000000000e+01
-6.000000000000000000e+00
2.000000000000000000e+00
-4.000000000000000000e+00
1.000000000000000000e+00
1.100000000000000000e+01
-4.000000000000000000e+00
-1.700000000000000000e+01
2.200000000000000000e+01
1.900000000000000000e+01
-1.500000000000000000e+01
-2.300000000000000000e+01
1.100000000000000000e+01
-1.300000000000000000e+01
-3.000000000000000000e+00
-1.900000000000000000e+01
-2.900000000000000000e+01
-1.800000000000000000e+01
1.000000000000000000e+01
-1.400000000000000000e+01
3.200000000000000000e+01
-3.400000000000000000e+01
2.300000000000000000e+01
-2.300000000000000000e+01
4.000000000000000000e+00
1.400000000000000000e+01
2.000000000000000000e+01
2.300000000000000000e+01
2.400000000000000000e+01
-4.000000000000000000e+00
2.000000000000000000e+01
-1.300000000000000000e+01
-1.300000000000000000e+01
-6.000000000000000000e+00
4.000000000000000000e+00
-2.800000000000000000e+01
-2.000000000000000000e+00
1.300000000000000000e+01
-1.700000000000000000e+01
1.000000000000000000e+00
-1.500000000000000000e+01
2.000000000000000000e+00
-9.000000000000000000e+00
3.000000000000000000e+01
1.400000000000000000e+01
8.000000000000000000e+00
-4.000000000000000000e+00
8.000000000000000000e+00
-9.000000000000000000e+00
-2.000000000000000000e+00
2.800000000000000000e+01
1.800000000000000000e+01
1.600000000000000000e+01
2.000000000000000000e+00
-3.000000000000000000e+01
-8.000000000000000000e+00
3.300000000000000000e+01
2.200000000000000000e+01
3.000000000000000000e+00
0.000000000000000000e+00
2.500000000000000000e+01
2.100000000000000000e+01
-1.400000000000000000e+01
2.000000000000000000e+01
-1.200000000000000000e+01
-2.300000000000000000e+01
9.000000000000000000e+00
-8.000000000000000000e+00
1.600000000000000000e+01
0.000000000000000000e+00
-1.700000000000000000e+01
-2.500000000000000000e+01
-4.000000000000000000e+00
1.300000000000000000e+01
2.000000000000000000e+01
7.000000000000000000e+00
7.000000000000000000e+00
2.500000000000000000e+01
2.100000000000000000e+01
0.000000000000000000e+00
-1.000000000000000000e+01
3.000000000000000000e+00
8.000000000000000000e+00
7.000000000000000000e+00
-1.700000000000000000e+01
1.900000000000000000e+01
3.300000000000000000e+01
-9.000000000000000000e+00
1.200000000000000000e+01
3.700000000000000000e+01
3.900000000000000000e+01
3.000000000000000000e+00
5.400000000000000000e+01
1.000000000000000000e+01
4.700000000000000000e+01
3.000000000000000000e+01
3.900000000000000000e+01
2.800000000000000000e+01
1.600000000000000000e+01
5.000000000000000000e+01
5.700000000000000000e+01
5.200000000000000000e+01
4.700000000000000000e+01
5.100000000000000000e+01
4.000000000000000000e+01
6.900000000000000000e+01
6.500000000000000000e+01
4.700000000000000000e+01
7.900000000000000000e+01
5.400000000000000000e+01
8.500000000000000000e+01
7.000000000000000000e+01
6.300000000000000000e+01
7.900000000000000000e+01
1.090000000000000000e+02
8.100000000000000000e+01
1.050000000000000000e+02
1.000000000000000000e+02
1.300000000000000000e+02
1.100000000000000000e+02
1.340000000000000000e+02
1.430000000000000000e+02
1.320000000000000000e+02
1.410000000000000000e+02
1.750000000000000000e+02
1.800000000000000000e+02
1.890000000000000000e+02
1.930000000000000000e+02
2.100000000000000000e+02
2.100000000000000000e+02
2.290000000000000000e+02
2.500000000000000000e+02
2.450000000000000000e+02
2.720000000000000000e+02
2.880000000000000000e+02
3.070000000000000000e+02
3.240000000000000000e+02
3.340000000000000000e+02
3.520000000000000000e+02
3.840000000000000000e+02
3.640000000000000000e+02
3.800000000000000000e+02
4.030000000000000000e+02
3.960000000000000000e+02
4.270000000000000000e+02
4.920000000000000000e+02
4.710000000000000000e+02
5.420000000000000000e+02
4.970000000000000000e+02
5.440000000000000000e+02
6.030000000000000000e+02
6.170000000000000000e+02
6.430000000000000000e+02
6.220000000000000000e+02
6.630000000000000000e+02
7.290000000000000000e+02
7.310000000000000000e+02
7.330000000000000000e+02
7.980000000000000000e+02
8.050000000000000000e+02
8.550000000000000000e+02
8.330000000000000000e+02
9.130000000000000000e+02
9.080000000000000000e+02
9.570000000000000000e+02
9.910000000000000000e+02
1.005000000000000000e+03
9.970000000000000000e+02
1.047000000000000000e+03
1.019000000000000000e+03
1.072000000000000000e+03
1.072000000000000000e+03
1.110000000000000000e+03
1.152000000000000000e+03
1.166000000000000000e+03
1.188000000000000000e+03
1.172000000000000000e+03
1.249000000000000000e+03
1.238000000000000000e+03
1.258000000000000000e+03
1.259000000000000000e+03
1.262000000000000000e+03
1.273000000000000000e+03
1.348000000000000000e+03
1.303000000000000000e+03
1.328000000000000000e+03
1.416000000000000000e+03
1.383000000000000000e+03
1.432000000000000000e+03
1.426000000000000000e+03
1.372000000000000000e+03
1.419000000000000000e+03
1.426000000000000000e+03
1.459000000000000000e+03
1.518000000000000000e+03
1.508000000000000000e+03
1.501000000000000000e+03
1.478000000000000000e+03
1.518000000000000000e+03
1.454000000000000000e+03
1.489000000000000000e+03
1.491000000000000000e+03
1.409000000000000000e+03
1.420000000000000000e+03
1.399000000000000000e+03
1.410000000000000000e+03
1.414000000000000000e+03
1.359000000000000000e+03
1.369000000000000000e+03
1.285000000000000000e+03
1.308000000000000000e+03
1.262000000000000000e+03
1.262000000000000000e+03
1.265000000000000000e+03
1.227000000000000000e+03
1.239000000000000000e+03
1.239000000000000000e+03
1.156000000000000000e+03
1.271000000000000000e+03
1.220000000000000000e+03
1.200000000000000000e+03
1.189000000000000000e+03
1.123000000000000000e+03
1.194000000000000000e+03
1.156000000000000000e+03
1.148000000000000000e+03
1.120000000000000000e+03
1.164000000000000000e+03
1.067000000000000000e+03
1.071000000000000000e+03
1.031000000000000000e+03
9.680000000000000000e+02
9.810000000000000000e+02
9.750000000000000000e+02
9.930000000000000000e+02
9.060000000000000000e+02
9.350000000000000000e+02
8.710000000000000000e+02
8.400000000000000000e+02
7.720000000000000000e+02
8.160000000000000000e+02
7.740000000000000000e+02
7.550000000000000000e+02
7.480000000000000000e+02
7.000000000000000000e+02
6.510000000000000000e+02
6.640000000000000000e+02
6.390000000000000000e+02
6.450000000000000000e+02
6.090000000000000000e+02
6.360000000000000000e+02
5.900000000000000000e+02
5.220000000000000000e+02
5.640000000000000000e+02
5.580000000000000000e+02
5.110000000000000000e+02
4.720000000000000000e+02
4.510000000000000000e+02
4.820000000000000000e+02
4.240000000000000000e+02
4.380000000000000000e+02
4.040000000000000000e+02
3.970000000000000000e+02
3.840000000000000000e+02
3.710000000000000000e+02
3.770000000000000000e+02
3.040000000000000000e+02
3.530000000000000000e+02
2.770000000000000000e+02
2.700000000000000000e+02
2.530000000000000000e+02
2.620000000000000000e+02
2.560000000000000000e+02
2.580000000000000000e+02
2.080000000000000000e+02
2.240000000000000000e+02
2.180000000000000000e+02
2.210000000000000000e+02
2.330000000000000000e+02
2.190000000000000000e+02
1.740000000000000000e+02
1.870000000000000000e+02
1.890000000000000000e+02
1.880000000000000000e+02
1.510000000000000000e+02
1.400000000000000000e+02
1.570000000000000000e+02
1.230000000000000000e+02
1.070000000000000000e+02
1.130000000000000000e+02
1.300000000000000000e+02
1.160000000000000000e+02
6.400000000000000000e+01
1.190000000000000000e+02
8.900000000000000000e+01
7.400000000000000000e+01
8.700000000000000000e+01
6.100000000000000000e+01
9.800000000000000000e+01
7.700000000000000000e+01
4.400000000000000000e+01
9.000000000000000000e+01
6.600000000000000000e+01
7.200000000000000000e+01
3.100000000000000000e+01
4.200000000000000000e+01
1.400000000000000000e+01
3.400000000000000000e+01
2.400000000000000000e+01
5.800000000000000000e+01
6.000000000000000000e+00
1.900000000000000000e+01
6.000000000000000000e+01
5.300000000000000000e+01
2.100000000000000000e+01
2.400000000000000000e+01
3.000000000000000000e+01
2.400000000000000000e+01
2.300000000000000000e+01
1.300000000000000000e+01
2.400000000000000000e+01
1.700000000000000000e+01
6.900000000000000000e+01
8.000000000000000000e+00
2.600000000000000000e+01
0.000000000000000000e+00
1.400000000000000000e+01
1.100000000000000000e+01
0.000000000000000000e+00
1.400000000000000000e+01
2.900000000000000000e+01
-2.000000000000000000e+00
5.000000000000000000e+00
1.700000000000000000e+01
1.400000000000000000e+01
1.800000000000000000e+01
1.100000000000000000e+01
2.400000000000000000e+01
2.000000000000000000e+01
2.400000000000000000e+01
-2.100000000000000000e+01
-1.800000000000000000e+01
3.000000000000000000e+00
2.000000000000000000e+01
-6.000000000000000000e+00
2.000000000000000000e+01
-8.000000000000000000e+00
3.000000000000000000e+00
1.800000000000000000e+01
1.700000000000000000e+01
1.500000000000000000e+01
3.300000000000000000e+01
1.000000000000000000e+00
4.000000000000000000e+00
3.000000000000000000e+01
1.900000000000000000e+01
-3.000000000000000000e+00
1.600000000000000000e+01
-1.000000000000000000e+00
1.200000000000000000e+01
-2.400000000000000000e+01
7.000000000000000000e+00
3.400000000000000000e+01
-2.600000000000000000e+01
-1.200000000000000000e+01
2.000000000000000000e+01
2.900000000000000000e+01
-6.000000000000000000e+00
-4.000000000000000000e+00
7.000000000000000000e+00
-1.000000000000000000e+00
-1.900000000000000000e+01
1.000000000000000000e+00
1.200000000000000000e+01
-8.000000000000000000e+00
-6.000000000000000000e+00
3.000000000000000000e+00
1.300000000000000000e+01
-1.700000000000000000e+01
-4.000000000000000000e+00
-1.400000000000000000e+01
8.000000000000000000e+00
-1.600000000000000000e+01
-1.240000000000000000e+02
1.000000000000000000e+00
-1.000000000000000000e+01
-1.600000000000000000e+01
-1.000000000000000000e+00
6.000000000000000000e+00
-9.000000000000000000e+00
1.200000000000000000e+01
1.200000000000000000e+01
3.000000000000000000e+00
2.900000000000000000e+01
-1.000000000000000000e+00
1.100000000000000000e+01
2.400000000000000000e+01
1.500000000000000000e+01
1.000000000000000000e+00
0.000000000000000000e+00
0.000000000000000000e+00
-1.000000000000000000e+00
