0.000000000000000000e+00
-1.000000000000000000e+00
3.000000000000000000e+00
0.000000000000000000e+00
-1.500000000000000000e+01
-5.000000000000000000e+00
-7.000000000000000000e+00
-8.000000000000000000e+00
7.000000000000000000e+00
-1.700000000000000000e+01
4.000000000000000000e+00
2.000000000000000000e+01
-1.700000000000000000e+01
3.000000000000000000e+00
-1.700000000000000000e+01
-1.300000000000000000e+01
7.000000000000000000e+00
-7.000000000000000000e+00
3.000000000000000000e+00
-4.000000000000000000e+00
-8.000000000000000000e+00
1.600000000000000000e+01
4.000000000000000000e+00
2.000000000000000000e+00
-1.500000000000000000e+01
-1.100000000000000000e+01
4.000000000000000000e+00
-9.000000000000000000e+00
-4.000000000000000000e+00
-1.400000000000000000e+01
-2.300000000000000000e+01
3.000000000000000000e+00
2.400000000000000000e+01
9.000000000000000000e+00
7.000000000000000000e+00
1.000000000000000000e+00
1.800000000000000000e+01
8.000000000000000000e+00
1.300000000000000000e+01
5.000000000000000000e+00
-7.000000000000000000e+00
2.200000000000000000e+01
-2.200000000000000000e+01
1.300000000000000000e+01
3.700000000000000000e+01
-1.500000000000000000e+01
1.200000000000000000e+01
-8.000000000000000000e+00
1.000000000000000000e+01
-1.000000000000000000e+01
-4.000000000000000000e+00
5.000000000000000000e+00
-2.600000000000000000e+01
-1.000000000000000000e+00
-3.000000000000000000e+01
3.000000000000000000e+00
-2.000000000000000000e+00
-7.000000000000000000e+00
3.000000000000000000e+01
-2.000000000000000000e+00
2.000000000000000000e+01
8.000000000000000000e+00
1.200000000000000000e+01
-1.700000000000000000e+01
0.000000000000000000e+00
-2.000000000000000000e+00
1.700000000000000000e+01
2.700000000000000000e+01
-2.000000000000000000e+00
-5.000000000000000000e+00
1.400000000000000000e+01
-1.500000000000000000e+01
2.300000000000000000e+01
-2.700000000000000000e+01
-1.400000000000000000e+01
7.000000000000000000e+00
4.300000000000000000e+01
-5.000000000000000000e+00
1.000000000000000000e+00
1.300000000000000000e+01
-5.000000000000000000e+00
1.700000000000000000e+01
1.400000000000000000e+01
7.000000000000000000e+00
2.000000000000000000e+00
-2.700000000000000000e+01
-1.800000000000000000e+01
8.000000000000000000e+00
1.600000000000000000e+01
-1.100000000000000000e+01
1.000000000000000000e+00
3.400000000000000000e+01
-9.000000000000000000e+00
-1.200000000000000000e+01
-9.000000000000000000e+00
-2.000000000000000000e+00
-1.600000000000000000e+01
5.000000000000000000e+00
3.000000000000000000e+00
1.500000000000000000e+01
1.000000000000000000e+00
-3.400000000000000000e+01
1.100000000000000000e+01
-4.800000000000000000e+01
-2.600000000000000000e+01
1.600000000000000000e+01
-1.800000000000000000e+01
1.300000000000000000e+01
1.300000000000000000e+01
-3.000000000000000000e+00
-9.000000000000000000e+00
3.700000000000000000e+01
-2.900000000000000000e+01
-2.400000000000000000e+01
1.700000000000000000e+01
1.900000000000000000e+01
2.200000000000000000e+01
1.100000000000000000e+01
1.400000000000000000e+01
-7.000000000000000000e+00
-2.300000000000000000e+01
0.000000000000000000e+00
1.300000000000000000e+01
-7.000000000000000000e+00
-2.300000000000000000e+01
1.000000000000000000e+00
-5.000000000000000000e+00
3.000000000000000000e+00
-7.000000000000000000e+00
1.900000000000000000e+01
1.300000000000000000e+01
1.300000000000000000e+01
5.000000000000000000e+00
4.200000000000000000e+01
-1.100000000000000000e+01
2.000000000000000000e+00
-2.100000000000000000e+01
1.700000000000000000e+01
-2.000000000000000000e+01
1.200000000000000000e+01
-1.000000000000000000e+00
-1.900000000000000000e+01
-2.200000000000000000e+01
-1.100000000000000000e+01
-2.000000000000000000e+00
2.000000000000000000e+00
1.000000000000000000e+00
3.200000000000000000e+01
6.000000000000000000e+00
-4.000000000000000000e+00
-1.100000000000000000e+01
1.500000000000000000e+01
-1.400000000000000000e+01
1.900000000000000000e+01
-1.000000000000000000e+01
-2.200000000000000000e+01
-5.000000000000000000e+00
1.400000000000000000e+01
4.000000000000000000e+00
-6.000000000000000000e+00
-1.000000000000000000e+00
1.500000000000000000e+01
-8.000000000000000000e+00
1.100000000000000000e+01
1.000000000000000000e+00
-2.000000000000000000e+00
-1.100000000000000000e+01
-5.000000000000000000e+00
-1.100000000000000000e+01
2.000000000000000000e+01
9.000000000000000000e+00
8.000000000000000000e+00
-2.000000000000000000e+00
-1.700000000000000000e+01
1.900000000000000000e+01
-3.400000000000000000e+01
-8.000000000000000000e+00
2.100000000000000000e+01
1.100000000000000000e+01
2.300000000000000000e+01
-1.000000000000000000e+01
4.000000000000000000e+00
-9.000000000000000000e+00
9.000000000000000000e+00
0.000000000000000000e+00
5.000000000000000000e+00
-2.100000000000000000e+01
1.000000000000000000e+01
1.100000000000000000e+01
3.000000000000000000e+00
-8.000000000000000000e+00
8.000000000000000000e+00
1.500000000000000000e+01
-2.900000000000000000e+01
1.200000000000000000e+01
-8.000000000000000000e+00
-1.000000000000000000e+01
3.300000000000000000e+01
2.400000000000000000e+01
2.100000000000000000e+01
-1.100000000000000000e+01
-2.000000000000000000e+01
-3.400000000000000000e+01
1.700000000000000000e+01
-2.100000000000000000e+01
-1.900000000000000000e+01
-1.000000000000000000e+01
8.000000000000000000e+00
2.000000000000000000e+01
-3.300000000000000000e+01
-2.000000000000000000e+00
-4.000000000000000000e+00
6.000000000000000000e+00
2.700000000000000000e+01
1.000000000000000000e+00
-1.300000000000000000e+01
-1.200000000000000000e+01
9.000000000000000000e+00
-1.400000000000000000e+01
-1.200000000000000000e+01
-2.000000000000000000e+01
-8.000000000000000000e+00
0.000000000000000000e+00
-1.900000000000000000e+01
3.000000000000000000e+00
0.000000000000000000e+00
-2.900000000000000000e+01
1.800000000000000000e+01
-1.900000000000000000e+01
-1.100000000000000000e+01
-8.000000000000000000e+00
-1.000000000000000000e+01
-1.000000000000000000e+01
-1.600000000000000000e+01
-6.000000000000000000e+00
-1.400000000000000000e+01
-1.500000000000000000e+01
5.000000000000000000e+00
1.000000000000000000e+00
-1.100000000000000000e+01
4.000000000000000000e+00
-3.000000000000000000e+00
1.000000000000000000e+01
1.300000000000000000e+01
-2.200000000000000000e+01
2.100000000000000000e+01
6.000000000000000000e+00
-2.500000000000000000e+01
2.300000000000000000e+01
-8.000000000000000000e+00
-4.000000000000000000e+00
6.000000000000000000e+00
-1.800000000000000000e+01
-2.200000000000000000e+01
1.700000000000000000e+01
1.000000000000000000e+00
-6.000000000000000000e+00
-1.800000000000000000e+01
-2.800000000000000000e+01
5.000000000000000000e+00
1.000000000000000000e+00
-2.600000000000000000e+01
1.300000000000000000e+01
-2.700000000000000000e+01
1.500000000000000000e+01
-6.000000000000000000e+00
2.500000000000000000e+01
2.000000000000000000e+00
-1.600000000000000000e+01
-1.800000000000000000e+01
4.000000000000000000e+01
6.000000000000000000e+00
5.000000000000000000e+00
-2.100000000000000000e+01
-1.700000000000000000e+01
1.700000000000000000e+01
1.600000000000000000e+01
-2.000000000000000000e+00
-1.500000000000000000e+01
2.000000000000000000e+00
-1.300000000000000000e+01
-1.100000000000000000e+01
5.000000000000000000e+00
-7.000000000000000000e+00
0.000000000000000000e+00
2.700000000000000000e+01
2.000000000000000000e+01
5.000000000000000000e+00
5.000000000000000000e+00
-2.800000000000000000e+01
4.000000000000000000e+00
-5.000000000000000000e+00
-2.000000000000000000e+00
5.000000000000000000e+00
-2.700000000000000000e+01
-9.000000000000000000e+00
-1.400000000000000000e+01
1.900000000000000000e+01
3.700000000000000000e+01
-2.300000000000000000e+01
5.000000000000000000e+00
9.000000000000000000e+00
-3.000000000000000000e+01
1.600000000000000000e+01
-4.000000000000000000e+00
7.000000000000000000e+00
4.000000000000000000e+00
-2.200000000000000000e+01
0.000000000000000000e+00
1.900000000000000000e+01
-3.000000000000000000e+00
4.000000000000000000e+00
1.000000000000000000e+00
2.200000000000000000e+01
-1.600000000000000000e+01
-2.600000000000000000e+01
-2.500000000000000000e+01
1.600000000000000000e+01
1.100000000000000000e+01
-1.000000000000000000e+01
1.000000000000000000e+00
-1.400000000000000000e+01
-5.000000000000000000e+00
2.800000000000000000e+01
-5.000000000000000000e+00
1.800000000000000000e+01
-6.000000000000000000e+00
-2.600000000000000000e+01
7.000000000000000000e+00
2.100000000000000000e+01
-3.200000000000000000e+01
-1.500000000000000000e+01
-1.600000000000000000e+01
-1.300000000000000000e+01
7.000000000000000000e+00
-2.700000000000000000e+01
-1.500000000000000000e+01
-3.000000000000000000e+00
-4.000000000000000000e+00
-7.000000000000000000e+00
-3.000000000000000000e+00
-3.000000000000000000e+00
-3.000000000000000000e+00
-1.300000000000000000e+01
-1.000000000000000000e+00
-1.600000000000000000e+01
-9.000000000000000000e+00
8.000000000000000000e+00
5.000000000000000000e+00
1.600000000000000000e+01
-6.000000000000000000e+00
-1.000000000000000000e+00
-2.400000000000000000e+01
-8.000000000000000000e+00
4.000000000000000000e+00
-1.000000000000000000e+01
-1.000000000000000000e+01
3.000000000000000000e+01
3.200000000000000000e+01
-2.000000000000000000e+00
3.200000000000000000e+01
9.000000000000000000e+00
9.000000000000000000e+00
2.200000000000000000e+01
-3.900000000000000000e+01
8.000000000000000000e+00
-1.100000000000000000e+01
1.000000000000000000e+01
8.000000000000000000e+00
-8.000000000000000000e+00
-1.400000000000000000e+01
3.600000000000000000e+01
-1.500000000000000000e+01
-1.800000000000000000e+01
1.800000000000000000e+01
-1.000000000000000000e+00
-3.500000000000000000e+01
1.000000000000000000e+01
6.000000000000000000e+00
1.600000000000000000e+01
2.600000000000000000e+01
0.000000000000000000e+00
3.000000000000000000e+01
-3.900000000000000000e+01
-1.700000000000000000e+01
-3.000000000000000000e+00
2.400000000000000000e+01
2.200000000000000000e+01
1.100000000000000000e+01
0.000000000000000000e+00
-1.000000000000000000e+00
1.300000000000000000e+01
2.200000000000000000e+01
3.300000000000000000e+01
1.400000000000000000e+01
3.000000000000000000e+00
-1.300000000000000000e+01
3.500000000000000000e+01
2.400000000000000000e+01
-1.100000000000000000e+01
1.200000000000000000e+01
-3.000000000000000000e+00
-2.000000000000000000e+00
-4.000000000000000000e+00
6.000000000000000000e+00
-5.000000000000000000e+00
-1.700000000000000000e+01
-2.400000000000000000e+01
1.000000000000000000e+00
2.100000000000000000e+01
-1.000000000000000000e+00
-8.000000000000000000e+00
-6.000000000000000000e+00
-4.200000000000000000e+01
8.000000000000000000e+00
0.000000000000000000e+00
-7.000000000000000000e+00
-3.300000000000000000e+01
1.200000000000000000e+01
-4.000000000000000000e+00
-9.000000000000000000e+00
-2.000000000000000000e+01
1.300000000000000000e+01
-8.000000000000000000e+00
-1.300000000000000000e+01
1.200000000000000000e+01
-1.800000000000000000e+01
1.800000000000000000e+01
9.000000000000000000e+00
2.400000000000000000e+01
9.000000000000000000e+00
1.900000000000000000e+01
2.900000000000000000e+01
-3.000000000000000000e+00
-4.000000000000000000e+00
-1.600000000000000000e+01
-1.500000000000000000e+01
8.000000000000000000e+00
-3.100000000000000000e+01
1.100000000000000000e+01
-1.100000000000000000e+01
1.000000000000000000e+01
9.000000000000000000e+00
1.000000000000000000e+00
-2.200000000000000000e+01
-3.000000000000000000e+00
1.200000000000000000e+01
1.000000000000000000e+01
8.000000000000000000e+00
2.000000000000000000e+01
-3.700000000000000000e+01
-1.500000000000000000e+01
0.000000000000000000e+00
2.800000000000000000e+01
-2.400000000000000000e+01
5.000000000000000000e+00
-1.800000000000000000e+01
-1.800000000000000000e+01
8.000000000000000000e+00
9.000000000000000000e+00
8.000000000000000000e+00
2.800000000000000000e+01
6.000000000000000000e+00
4.100000000000000000e+01
-1.700000000000000000e+01
0.000000000000000000e+00
-9.000000000000000000e+00
2.500000000000000000e+01
7.000000000000000000e+00
-2.000000000000000000e+00
-2.200000000000000000e+01
-2.600000000000000000e+01
1.000000000000000000e+00
4.900000000000000000e+01
-1.000000000000000000e+01
7.000000000000000000e+00
1.000000000000000000e+00
1.600000000000000000e+01
3.000000000000000000e+00
1.900000000000000000e+01
3.000000000000000000e+00
-4.000000000000000000e+00
-1.100000000000000000e+01
2.800000000000000000e+01
-5.000000000000000000e+00
8.000000000000000000e+00
2.700000000000000000e+01
-1.500000000000000000e+01
2.000000000000000000e+00
-5.000000000000000000e+00
2.000000000000000000e+01
-1.900000000000000000e+01
-1.300000000000000000e+01
5.000000000000000000e+00
-4.000000000000000000e+00
-1.100000000000000000e+01
6.000000000000000000e+00
1.900000000000000000e+01
2.100000000000000000e+01
0.000000000000000000e+00
-9.000000000000000000e+00
-1.700000000000000000e+01
2.900000000000000000e+01
-1.400000000000000000e+01
-1.400000000000000000e+01
-2.400000000000000000e+01
7.000000000000000000e+00
-2.400000000000000000e+01
8.000000000000000000e+00
1.700000000000000000e+01
7.000000000000000000e+00
-4.000000000000000000e+00
-2.400000000000000000e+01
-1.400000000000000000e+01
-8.000000000000000000e+00
1.200000000000000000e+01
1.500000000000000000e+01
1.600000000000000000e+01
1.300000000000000000e+01
2.400000000000000000e+01
1.900000000000000000e+01
9.000000000000000000e+00
1.800000000000000000e+01
-9.000000000000000000e+00
2.300000000000000000e+01
3.000000000000000000e+01
-1.000000000000000000e+00
4.300000000000000000e+01
2.700000000000000000e+01
2.000000000000000000e+01
-9.000000000000000000e+00
6.000000000000000000e+00
3.100000000000000000e+01
3.000000000000000000e+01
1.600000000000000000e+01
2.900000000000000000e+01
-5.000000000000000000e+00
2.100000000000000000e+01
3.000000000000000000e+01
2.300000000000000000e+01
1.600000000000000000e+01
7.000000000000000000e+00
1.000000000000000000e+00
3.000000000000000000e+01
4.000000000000000000e+00
3.100000000000000000e+01
-2.200000000000000000e+01
-1.500000000000000000e+01
2.000000000000000000e+00
2.100000000000000000e+01
-2.400000000000000000e+01
3.200000000000000000e+01
-2.200000000000000000e+01
4.000000000000000000e+00
9.000000000000000000e+00
1.500000000000000000e+01
-2.800000000000000000e+01
-7.000000000000000000e+00
1.400000000000000000e+01
-5.000000000000000000e+00
-2.000000000000000000e+01
-1.200000000000000000e+01
1.700000000000000000e+01
-2.200000000000000000e+01
2.300000000000000000e+01
7.000000000000000000e+00
-1.500000000000000000e+01
-7.000000000000000000e+00
5.000000000000000000e+00
2.700000000000000000e+01
-2.500000000000000000e+01
-1.100000000000000000e+01
-1.100000000000000000e+01
0.000000000000000000e+00
1.400000000000000000e+01
1.900000000000000000e+01
1.500000000000000000e+01
9.000000000000000000e+00
-1.100000000000000000e+01
-1.100000000000000000e+01
-7.000000000000000000e+00
2.300000000000000000e+01
6.000000000000000000e+00
-1.800000000000000000e+01
1.700000000000000000e+01
1.700000000000000000e+01
-1.100000000000000000e+01
-9.000000000000000000e+00
-4.000000000000000000e+00
-1.300000000000000000e+01
4.200000000000000000e+01
-1.000000000000000000e+01
2.000000000000000000e+01
-2.000000000000000000e+00
-6.000000000000000000e+00
-2.700000000000000000e+01
2.000000000000000000e+00
-2.600000000000000000e+01
0.000000000000000000e+00
-1.800000000000000000e+01
2.000000000000000000e+01
-2.000000000000000000e+01
2.200000000000000000e+01
-8.000000000000000000e+00
2.000000000000000000e+01
-8.000000000000000000e+00
-4.000000000000000000e+00
-7.000000000000000000e+00
-1.000000000000000000e+00
2.500000000000000000e+01
-1.200000000000000000e+01
-1.700000000000000000e+01
1.200000000000000000e+01
7.000000000000000000e+00
2.000000000000000000e+01
-3.000000000000000000e+00
-1.000000000000000000e+01
-1.100000000000000000e+01
1.000000000000000000e+01
1.700000000000000000e+01
4.000000000000000000e+01
-2.000000000000000000e+00
1.200000000000000000e+01
2.700000000000000000e+01
1.500000000000000000e+01
1.000000000000000000e+01
3.000000000000000000e+00
-1.000000000000000000e+00
-8.000000000000000000e+00
7.000000000000000000e+00
-7.000000000000000000e+00
-2.200000000000000000e+01
1.700000000000000000e+01
-1.000000000000000000e+01
1.500000000000000000e+01
1.000000000000000000e+01
7.000000000000000000e+00
-1.500000000000000000e+01
-1.500000000000000000e+01
5.000000000000000000e+00
3.200000000000000000e+01
-1.000000000000000000e+00
2.500000000000000000e+01
5.000000000000000000e+00
9.000000000000000000e+00
-1.900000000000000000e+01
1.400000000000000000e+01
2.900000000000000000e+01
-4.600000000000000000e+01
1.900000000000000000e+01
2.500000000000000000e+01
9.000000000000000000e+00
2.200000000000000000e+01
9.000000000000000000e+00
1.800000000000000000e+01
5.000000000000000000e+00
-9.000000000000000000e+00
2.500000000000000000e+01
8.000000000000000000e+00
1.100000000000000000e+01
7.000000000000000000e+00
1.500000000000000000e+01
1.100000000000000000e+01
8.000000000000000000e+00
-5.000000000000000000e+00
3.800000000000000000e+01
2.000000000000000000e+01
-8.000000000000000000e+00
1.800000000000000000e+01
-4.000000000000000000e+00
1.100000000000000000e+01
8.000000000000000000e+00
0.000000000000000000e+00
1.000000000000000000e+00
-5.000000000000000000e+00
1.800000000000000000e+01
1.400000000000000000e+01
1.000000000000000000e+00
-1.200000000000000000e+01
-1.500000000000000000e+01
-2.000000000000000000e+01
0.000000000000000000e+00
1.500000000000000000e+01
-1.500000000000000000e+01
6.000000000000000000e+00
9.000000000000000000e+00
3.600000000000000000e+01
9.000000000000000000e+00
1.000000000000000000e+00
5.000000000000000000e+00
2.600000000000000000e+01
-7.000000000000000000e+00
3.200000000000000000e+01
2.100000000000000000e+01
2.200000000000000000e+01
2.100000000000000000e+01
5.000000000000000000e+00
-2.000000000000000000e+00
3.000000000000000000e+00
-1.300000000000000000e+01
-9.000000000000000000e+00
2.700000000000000000e+01
9.000000000000000000e+00
4.000000000000000000e+00
4.000000000000000000e+00
-1.400000000000000000e+01
2.000000000000000000e+01
4.200000000000000000e+01
1.300000000000000000e+01
5.000000000000000000e+00
-9.000000000000000000e+00
1.000000000000000000e+01
1.900000000000000000e+01
3.100000000000000000e+01
3.200000000000000000e+01
2.300000000000000000e+01
-1.500000000000000000e+01
2.500000000000000000e+01
1.500000000000000000e+01
3.400000000000000000e+01
5.000000000000000000e+00
-2.000000000000000000e+00
1.000000000000000000e+01
1.500000000000000000e+01
-8.000000000000000000e+00
3.200000000000000000e+01
1.000000000000000000e+00
1.200000000000000000e+01
6.000000000000000000e+00
-1.200000000000000000e+01
1.000000000000000000e+01
3.000000000000000000e+00
7.000000000000000000e+00
2.400000000000000000e+01
5.000000000000000000e+00
-3.000000000000000000e+00
3.300000000000000000e+01
-8.000000000000000000e+00
-2.000000000000000000e+01
-7.000000000000000000e+00
2.300000000000000000e+01
1.000000000000000000e+01
4.600000000000000000e+01
-5.000000000000000000e+00
2.000000000000000000e+00
3.100000000000000000e+01
1.000000000000000000e+00
1.400000000000000000e+01
4.600000000000000000e+01
5.000000000000000000e+00
2.200000000000000000e+01
8.000000000000000000e+00
3.800000000000000000e+01
2.500000000000000000e+01
2.000000000000000000e+01
1.900000000000000000e+01
2.600000000000000000e+01
2.600000000000000000e+01
2.600000000000000000e+01
2.400000000000000000e+01
3.100000000000000000e+01
4.000000000000000000e+00
2.600000000000000000e+01
1.200000000000000000e+01
2.700000000000000000e+01
2.600000000000000000e+01
3.500000000000000000e+01
1.800000000000000000e+01
2.100000000000000000e+01
2.700000000000000000e+01
1.600000000000000000e+01
1.400000000000000000e+01
-9.000000000000000000e+00
4.500000000000000000e+01
3.000000000000000000e+00
-2.000000000000000000e+00
1.300000000000000000e+01
3.100000000000000000e+01
1.500000000000000000e+01
9.000000000000000000e+00
-5.000000000000000000e+00
2.100000000000000000e+01
3.000000000000000000e+00
1.400000000000000000e+01
3.900000000000000000e+01
0.000000000000000000e+00
1.200000000000000000e+01
3.800000000000000000e+01
2.400000000000000000e+01
8.000000000000000000e+00
-2.000000000000000000e+00
3.900000000000000000e+01
1.700000000000000000e+01
3.000000000000000000e+01
1.500000000000000000e+01
4.000000000000000000e+00
3.900000000000000000e+01
1.900000000000000000e+01
1.000000000000000000e+01
-1.800000000000000000e+01
4.800000000000000000e+01
3.500000000000000000e+01
0.000000000000000000e+00
1.700000000000000000e+01
6.000000000000000000e+00
3.000000000000000000e+01
-1.700000000000000000e+01
2.900000000000000000e+01
1.000000000000000000e+01
1.500000000000000000e+01
2.300000000000000000e+01
5.900000000000000000e+01
-1.700000000000000000e+01
2.500000000000000000e+01
-1.000000000000000000e+00
2.800000000000000000e+01
3.100000000000000000e+01
9.000000000000000000e+00
3.600000000000000000e+01
2.400000000000000000e+01
1.400000000000000000e+01
1.700000000000000000e+01
8.000000000000000000e+00
3.700000000000000000e+01
2.100000000000000000e+01
-1.300000000000000000e+01
2.100000000000000000e+01
1.800000000000000000e+01
3.700000000000000000e+01
1.300000000000000000e+01
1.600000000000000000e+01
2.000000000000000000e+00
1.500000000000000000e+01
1.800000000000000000e+01
3.100000000000000000e+01
1.900000000000000000e+01
2.600000000000000000e+01
3.000000000000000000e+00
5.000000000000000000e+00
5.200000000000000000e+01
3.100000000000000000e+01
1.200000000000000000e+01
3.600000000000000000e+01
1.600000000000000000e+01
8.000000000000000000e+00
3.200000000000000000e+01
-1.800000000000000000e+01
4.400000000000000000e+01
-3.000000000000000000e+00
3.000000000000000000e+01
-1.000000000000000000e+00
3.600000000000000000e+01
3.000000000000000000e+01
2.800000000000000000e+01
3.800000000000000000e+01
5.000000000000000000e+00
2.700000000000000000e+01
1.500000000000000000e+01
1.400000000000000000e+01
1.700000000000000000e+01
3.800000000000000000e+01
2.500000000000000000e+01
4.300000000000000000e+01
4.100000000000000000e+01
2.300000000000000000e+01
4.500000000000000000e+01
-5.000000000000000000e+00
3.000000000000000000e+00
4.200000000000000000e+01
4.000000000000000000e+01
3.400000000000000000e+01
4.200000000000000000e+01
3.500000000000000000e+01
3.100000000000000000e+01
4.500000000000000000e+01
6.400000000000000000e+01
6.000000000000000000e+01
4.100000000000000000e+01
8.200000000000000000e+01
7.100000000000000000e+01
4.000000000000000000e+01
8.400000000000000000e+01
1.080000000000000000e+02
1.030000000000000000e+02
9.700000000000000000e+01
9.100000000000000000e+01
1.340000000000000000e+02
1.740000000000000000e+02
1.560000000000000000e+02
1.490000000000000000e+02
1.550000000000000000e+02
2.100000000000000000e+02
2.350000000000000000e+02
2.410000000000000000e+02
3.060000000000000000e+02
3.010000000000000000e+02
2.990000000000000000e+02
3.860000000000000000e+02
4.470000000000000000e+02
4.990000000000000000e+02
5.210000000000000000e+02
6.400000000000000000e+02
6.770000000000000000e+02
7.860000000000000000e+02
8.210000000000000000e+02
8.920000000000000000e+02
9.970000000000000000e+02
1.166000000000000000e+03
1.242000000000000000e+03
1.398000000000000000e+03
1.542000000000000000e+03
1.640000000000000000e+03
1.793000000000000000e+03
1.911000000000000000e+03
2.030000000000000000e+03
2.210000000000000000e+03
2.311000000000000000e+03
2.453000000000000000e+03
2.668000000000000000e+03
2.794000000000000000e+03
2.925000000000000000e+03
3.094000000000000000e+03
3.208000000000000000e+03
3.339000000000000000e+03
3.355000000000000000e+03
3.498000000000000000e+03
3.590000000000000000e+03
3.639000000000000000e+03
3.735000000000000000e+03
3.910000000000000000e+03
3.813000000000000000e+03
3.837000000000000000e+03
3.814000000000000000e+03
3.860000000000000000e+03
3.861000000000000000e+03
3.849000000000000000e+03
3.828000000000000000e+03
3.717000000000000000e+03
3.740000000000000000e+03
3.587000000000000000e+03
3.562000000000000000e+03
3.393000000000000000e+03
3.346000000000000000e+03
3.202000000000000000e+03
3.111000000000000000e+03
3.005000000000000000e+03
2.884000000000000000e+03
2.702000000000000000e+03
2.623000000000000000e+03
2.441000000000000000e+03
2.310000000000000000e+03
2.146000000000000000e+03
2.046000000000000000e+03
1.938000000000000000e+03
1.815000000000000000e+03
1.637000000000000000e+03
1.522000000000000000e+03
1.440000000000000000e+03
1.320000000000000000e+03
1.198000000000000000e+03
1.100000000000000000e+03
1.024000000000000000e+03
9.180000000000000000e+02
8.070000000000000000e+02
7.290000000000000000e+02
6.600000000000000000e+02
5.840000000000000000e+02
5.280000000000000000e+02
4.900000000000000000e+02
4.380000000000000000e+02
3.500000000000000000e+02
3.070000000000000000e+02
2.970000000000000000e+02
2.480000000000000000e+02
2.210000000000000000e+02
2.030000000000000000e+02
1.930000000000000000e+02
1.260000000000000000e+02
1.480000000000000000e+02
1.050000000000000000e+02
7.700000000000000000e+01
7.900000000000000000e+01
7.400000000000000000e+01
6.400000000000000000e+01
6.700000000000000000e+01
4.300000000000000000e+01
3.200000000000000000e+01
1.700000000000000000e+01
3.200000000000000000e+01
3.800000000000000000e+01
3.400000000000000000e+01
1.600000000000000000e+01
6.300000000000000000e+01
-4.000000000000000000e+00
1.100000000000000000e+01
8.000000000000000000e+00
1.800000000000000000e+01
3.400000000000000000e+01
6.000000000000000000e+00
2.300000000000000000e+01
8.000000000000000000e+00
4.300000000000000000e+01
-3.000000000000000000e+00
4.100000000000000000e+01
-3.000000000000000000e+00
1.600000000000000000e+01
2.100000000000000000e+01
7.000000000000000000e+00
8.000000000000000000e+00
2.700000000000000000e+01
2.500000000000000000e+01
2.400000000000000000e+01
1.600000000000000000e+01
0.000000000000000000e+00
0.000000000000000000e+00
1.000000000000000000e+00
2.500000000000000000e+01
-6.000000000000000000e+00
-1.000000000000000000e+01
6.000000000000000000e+00
2.500000000000000000e+01
2.000000000000000000e+01
2.800000000000000000e+01
-6.000000000000000000e+00
6.000000000000000000e+00
8.000000000000000000e+00
3.800000000000000000e+01
-6.000000000000000000e+00
7.000000000000000000e+00
8.000000000000000000e+00
2.000000000000000000e+01
2.200000000000000000e+01
4.400000000000000000e+01
-1.200000000000000000e+01
5.300000000000000000e+01
1.400000000000000000e+01
3.500000000000000000e+01
9.000000000000000000e+00
2.100000000000000000e+01
3.400000000000000000e+01
3.200000000000000000e+01
3.400000000000000000e+01
-1.100000000000000000e+01
-3.000000000000000000e+00
4.000000000000000000e+01
1.600000000000000000e+01
5.000000000000000000e+00
-2.000000000000000000e+00
4.000000000000000000e+00
3.000000000000000000e+00
-7.000000000000000000e+00
2.400000000000000000e+01
4.200000000000000000e+01
4.300000000000000000e+01
2.300000000000000000e+01
4.400000000000000000e+01
5.200000000000000000e+01
2.900000000000000000e+01
5.000000000000000000e+00
1.100000000000000000e+01
2.100000000000000000e+01
1.900000000000000000e+01
1.400000000000000000e+01
1.100000000000000000e+01
1.500000000000000000e+01
3.700000000000000000e+01
-7.000000000000000000e+00
2.800000000000000000e+01
4.000000000000000000e+00
1.700000000000000000e+01
4.000000000000000000e+00
2.800000000000000000e+01
0.000000000000000000e+00
-7.000000000000000000e+00
-1.200000000000000000e+01
1.200000000000000000e+01
-9.000000000000000000e+00
1.200000000000000000e+01
1.600000000000000000e+01
7.000000000000000000e+00
1.100000000000000000e+01
5.000000000000000000e+00
0.000000000000000000e+00
3.000000000000000000e+00
3.700000000000000000e+01
1.000000000000000000e+01
-1.400000000000000000e+01
5.000000000000000000e+00
2.500000000000000000e+01
5.000000000000000000e+00
1.000000000000000000e+01
-1.300000000000000000e+01
1.500000000000000000e+01
2.000000000000000000e+00
2.700000000000000000e+01
2.100000000000000000e+01
3.200000000000000000e+01
1.000000000000000000e+01
1.000000000000000000e+00
1.400000000000000000e+01
-1.400000000000000000e+01
7.000000000000000000e+00
6.000000000000000000e+00
2.000000000000000000e+00
-1.100000000000000000e+01
-1.500000000000000000e+01
1.300000000000000000e+01
1.900000000000000000e+01
1.700000000000000000e+01
1.200000000000000000e+01
5.000000000000000000e+00
8.000000000000000000e+00
1.000000000000000000e+01
2.300000000000000000e+01
1.400000000000000000e+01
-1.900000000000000000e+01
1.200000000000000000e+01
2.000000000000000000e+01
-1.600000000000000000e+01
-2.800000000000000000e+01
2.100000000000000000e+01
4.000000000000000000e+00
-5.000000000000000000e+00
5.000000000000000000e+00
9.000000000000000000e+00
2.400000000000000000e+01
1.800000000000000000e+01
-1.300000000000000000e+01
1.000000000000000000e+01
1.700000000000000000e+01
1.000000000000000000e+01
-1.000000000000000000e+00
5.000000000000000000e+00
5.000000000000000000e+00
9.000000000000000000e+00
7.000000000000000000e+00
2.600000000000000000e+01
1.100000000000000000e+01
1.800000000000000000e+01
-4.000000000000000000e+00
1.300000000000000000e+01
1.700000000000000000e+01
-2.000000000000000000e+00
1.400000000000000000e+01
1.600000000000000000e+01
9.000000000000000000e+00
1.300000000000000000e+01
1.600000000000000000e+01
3.300000000000000000e+01
0.000000000000000000e+00
-3.000000000000000000e+00
2.300000000000000000e+01
6.000000000000000000e+00
2.000000000000000000e+00
7.000000000000000000e+00
-1.500000000000000000e+01
1.400000000000000000e+01
3.200000000000000000e+01
1.000000000000000000e+00
-8.000000000000000000e+00
3.200000000000000000e+01
2.300000000000000000e+01
8.000000000000000000e+00
5.000000000000000000e+00
-1.500000000000000000e+01
1.600000000000000000e+01
9.000000000000000000e+00
3.600000000000000000e+01
2.500000000000000000e+01
1.200000000000000000e+01
1.500000000000000000e+01
-1.500000000000000000e+01
2.000000000000000000e+01
-6.000000000000000000e+00
-3.000000000000000000e+01
-2.000000000000000000e+00
-1.300000000000000000e+01
5.000000000000000000e+00
2.000000000000000000e+00
5.000000000000000000e+00
2.000000000000000000e+01
-6.000000000000000000e+00
-2.000000000000000000e+01
0.000000000000000000e+00
-5.000000000000000000e+00
1.400000000000000000e+01
-1.700000000000000000e+01
-1.600000000000000000e+01
3.000000000000000000e+00
2.500000000000000000e+01
5.000000000000000000e+00
9.000000000000000000e+00
-1.300000000000000000e+01
-7.000000000000000000e+00
1.900000000000000000e+01
-4.000000000000000000e+00
9.000000000000000000e+00
4.000000000000000000e+00
1.300000000000000000e+01
-2.400000000000000000e+01
-9.000000000000000000e+00
1.900000000000000000e+01
8.000000000000000000e+00
1.300000000000000000e+01
2.000000000000000000e+00
-1.200000000000000000e+01
1.000000000000000000e+01
1.200000000000000000e+01
2.100000000000000000e+01
2.700000000000000000e+01
-1.400000000000000000e+01
-3.000000000000000000e+00
-2.000000000000000000e+00
1.000000000000000000e+00
2.100000000000000000e+01
2.200000000000000000e+01
-7.000000000000000000e+00
1.200000000000000000e+01
-2.000000000000000000e+00
2.000000000000000000e+01
-3.000000000000000000e+00
2.000000000000000000e+00
-1.000000000000000000e+00
8.000000000000000000e+00
8.000000000000000000e+00
-4.000000000000000000e+00
-2.000000000000000000e+01
-2.500000000000000000e+01
-1.400000000000000000e+01
4.000000000000000000e+00
-2.300000000000000000e+01
8.000000000000000000e+00
1.400000000000000000e+01
2.000000000000000000e+01
1.600000000000000000e+01
-3.200000000000000000e+01
0.000000000000000000e+00
3.000000000000000000e+00
-3.000000000000000000e+00
-5.000000000000000000e+00
1.000000000000000000e+00
-1.400000000000000000e+01
2.000000000000000000e+00
3.200000000000000000e+01
1.000000000000000000e+00
2.000000000000000000e+00
1.800000000000000000e+01
-7.000000000000000000e+00
2.100000000000000000e+01
-2.000000000000000000e+00
1.900000000000000000e+01
7.000000000000000000e+00
0.000000000000000000e+00
2.500000000000000000e+01
6.000000000000000000e+00
3.700000000000000000e+01
1.800000000000000000e+01
-1.700000000000000000e+01
-7.000000000000000000e+00
2.500000000000000000e+01
4.000000000000000000e+00
2.300000000000000000e+01
2.000000000000000000e+00
1.600000000000000000e+01
-2.400000000000000000e+01
1.700000000000000000e+01
1.500000000000000000e+01
1.200000000000000000e+01
2.500000000000000000e+01
5.000000000000000000e+00
4.000000000000000000e+00
2.400000000000000000e+01
2.200000000000000000e+01
1.000000000000000000e+00
-7.000000000000000000e+00
-1.300000000000000000e+01
1.600000000000000000e+01
-9.000000000000000000e+00
-2.000000000000000000e+00
2.400000000000000000e+01
1.000000000000000000e+01
-9.000000000000000000e+00
-2.000000000000000000e+00
1.000000000000000000e+01
3.100000000000000000e+01
6.000000000000000000e+00
-1.100000000000000000e+01
6.000000000000000000e+00
7.000000000000000000e+00
7.000000000000000000e+00
2.000000000000000000e+00
-7.000000000000000000e+00
-3.000000000000000000e+00
-1.000000000000000000e+01
5.200000000000000000e+01
-1.000000000000000000e+00
2.300000000000000000e+01
-1.100000000000000000e+01
-6.000000000000000000e+00
-5.000000000000000000e+00
3.400000000000000000e+01
-2.400000000000000000e+01
-1.800000000000000000e+01
1.500000000000000000e+01
2.000000000000000000e+01
9.000000000000000000e+00
-7.000000000000000000e+00
-1.000000000000000000e+00
-8.000000000000000000e+00
2.500000000000000000e+01
1.200000000000000000e+01
0.000000000000000000e+00
2.000000000000000000e+00
-1.100000000000000000e+01
-5.000000000000000000e+00
1.000000000000000000e+00
8.000000000000000000e+00
-2.100000000000000000e+01
4.000000000000000000e+00
7.000000000000000000e+00
6.000000000000000000e+00
-2.600000000000000000e+01
-2.300000000000000000e+01
1.000000000000000000e+00
1.100000000000000000e+01
-3.000000000000000000e+00
0.000000000000000000e+00
-3.200000000000000000e+01
2.400000000000000000e+01
-3.400000000000000000e+01
6.000000000000000000e+00
-1.700000000000000000e+01
1.300000000000000000e+01
-8.000000000000000000e+00
-6.000000000000000000e+00
-2.600000000000000000e+01
-7.000000000000000000e+00
-1.100000000000000000e+01
1.400000000000000000e+01
-1.400000000000000000e+01
1.600000000000000000e+01
-1.000000000000000000e+01
-1.300000000000000000e+01
-5.000000000000000000e+00
3.000000000000000000e+00
1.260000000000000000e+02
3.000000000000000000e+00
9.000000000000000000e+00
-1.000000000000000000e+01
-6.000000000000000000e+00
-1.700000000000000000e+01
-6.000000000000000000e+00
-6.000000000000000000e+00
-1.700000000000000000e+01
2.600000000000000000e+01
8.000000000000000000e+00
-1.400000000000000000e+01
1.100000000000000000e+01
-1.000000000000000000e+00
-7.000000000000000000e+00
1.300000000000000000e+01
-3.000000000000000000e+00
-6.000000000000000000e+00
-3.100000000000000000e+01
-1.000000000000000000e+01
-6.000000000000000000e+00
3.700000000000000000e+01
-3.000000000000000000e+00
7.000000000000000000e+00
3.400000000000000000e+01
-3.400000000000000000e+01
1.300000000000000000e+01
-7.000000000000000000e+00
2.900000000000000000e+01
4.000000000000000000e+00
-1.100000000000000000e+01
1.400000000000000000e+01
-5.000000000000000000e+00
2.700000000000000000e+01
-9.000000000000000000e+00
-1.700000000000000000e+01
-3.100000000000000000e+01
-2.100000000000000000e+01
7.000000000000000000e+00
-1.000000000000000000e+01
2.000000000000000000e+00
-3.000000000000000000e+00
1.700000000000000000e+01
-2.600000000000000000e+01
1.100000000000000000e+01
-8.000000000000000000e+00
5.000000000000000000e+00
1.000000000000000000e+00
-4.000000000000000000e+00
-8.000000000000000000e+00
4.000000000000000000e+00
7.000000000000000000e+00
-1.300000000000000000e+01
-2.000000000000000000e+00
-1.200000000000000000e+01
2.800000000000000000e+01
-2.800000000000000000e+01
-5.000000000000000000e+00
-2.500000000000000000e+01
-8.000000000000000000e+00
8.000000000000000000e+00
8.000000000000000000e+00
1.600000000000000000e+01
1.800000000000000000e+01
2.900000000000000000e+01
2.700000000000000000e+01
-5.000000000000000000e+00
1.100000000000000000e+01
1.400000000000000000e+01
-6.000000000000000000e+00
6.000000000000000000e+00
2.700000000000000000e+01
-4.000000000000000000e+00
0.000000000000000000e+00
-1.900000000000000000e+01
-3.100000000000000000e+01
1.600000000000000000e+01
-1.400000000000000000e+01
3.000000000000000000e+00
-2.000000000000000000e+00
-9.000000000000000000e+00
5.000000000000000000e+00
-1.200000000000000000e+01
-1.100000000000000000e+01
1.100000000000000000e+01
1.700000000000000000e+01
8.000000000000000000e+00
1.700000000000000000e+01
-3.000000000000000000e+00
1.000000000000000000e+01
-1.200000000000000000e+01
3.500000000000000000e+01
1.900000000000000000e+01
-1.900000000000000000e+01
2.200000000000000000e+01
-2.700000000000000000e+01
-1.000000000000000000e+01
6.000000000000000000e+00
-1.400000000000000000e+01
-2.500000000000000000e+01
-1.800000000000000000e+01
2.800000000000000000e+01
3.000000000000000000e+00
-1.900000000000000000e+01
1.700000000000000000e+01
-1.200000000000000000e+01
6.000000000000000000e+00
-3.000000000000000000e+00
-2.100000000000000000e+01
-6.000000000000000000e+00
1.700000000000000000e+01
-6.000000000000000000e+00
5.000000000000000000e+00
-1.000000000000000000e+00
1.000000000000000000e+00
3.000000000000000000e+00
1.200000000000000000e+01
-1.100000000000000000e+01
2.600000000000000000e+01
-1.600000000000000000e+01
0.000000000000000000e+00
-1.000000000000000000e+00
-2.000000000000000000e+00
2.000000000000000000e+01
-3.000000000000000000e+00
2.800000000000000000e+01
-1.000000000000000000e+01
-1.500000000000000000e+01
-7.000000000000000000e+00
-1.400000000000000000e+01
-1.500000000000000000e+01
7.000000000000000000e+00
-1.000000000000000000e+00
-2.000000000000000000e+00
1.700000000000000000e+01
-3.800000000000000000e+01
8.000000000000000000e+00
-4.000000000000000000e+00
-7.000000000000000000e+00
8.000000000000000000e+00
1.400000000000000000e+01
3.000000000000000000e+00
1.100000000000000000e+01
-6.000000000000000000e+00
0.000000000000000000e+00
0.000000000000000000e+00
-6.000000000000000000e+00
0.000000000000000000e+00
1.300000000000000000e+01
-3.000000000000000000e+00
1.200000000000000000e+01
9.000000000000000000e+00
-1.200000000000000000e+01
-1.000000000000000000e+01
1.700000000000000000e+01
1.500000000000000000e+01
-1.200000000000000000e+01
1.000000000000000000e+01
1.000000000000000000e+01
-3.500000000000000000e+01
-1.600000000000000000e+01
1.600000000000000000e+01
4.000000000000000000e+00
-9.000000000000000000e+00
-2.600000000000000000e+01
5.000000000000000000e+00
-2.200000000000000000e+01
-9.000000000000000000e+00
1.000000000000000000e+01
-1.000000000000000000e+00
5.000000000000000000e+00
1.000000000000000000e+01
3.000000000000000000e+00
-1.900000000000000000e+01
3.000000000000000000e+00
-3.200000000000000000e+01
1.400000000000000000e+01
-8.000000000000000000e+00
-3.000000000000000000e+00
2.200000000000000000e+01
1.200000000000000000e+01
-6.000000000000000000e+00
-3.000000000000000000e+00
-4.000000000000000000e+01
-1.400000000000000000e+01
8.000000000000000000e+00
-7.000000000000000000e+00
3.000000000000000000e+00
3.600000000000000000e+01
-9.000000000000000000e+00
-2.000000000000000000e+00
1.400000000000000000e+01
-1.100000000000000000e+01
-3.000000000000000000e+01
3.200000000000000000e+01
-5.000000000000000000e+00
-2.200000000000000000e+01
2.000000000000000000e+01
-2.600000000000000000e+01
1.400000000000000000e+01
-1.400000000000000000e+01
-7.000000000000000000e+00
-6.000000000000000000e+00
2.300000000000000000e+01
-1.700000000000000000e+01
1.000000000000000000e+00
-2.000000000000000000e+00
-1.000000000000000000e+00
2.900000000000000000e+01
-2.000000000000000000e+00
1.500000000000000000e+01
1.000000000000000000e+01
1.600000000000000000e+01
2.000000000000000000e+01
4.000000000000000000e+00
8.000000000000000000e+00
-5.000000000000000000e+00
-3.200000000000000000e+01
5.000000000000000000e+00
-6.000000000000000000e+00
-4.000000000000000000e+00
-1.100000000000000000e+01
-8.000000000000000000e+00
-6.000000000000000000e+00
6.000000000000000000e+00
-9.000000000000000000e+00
2.400000000000000000e+01
-1.000000000000000000e+00
-6.000000000000000000e+00
2.000000000000000000e+01
1.400000000000000000e+01
2.300000000000000000e+01
-1.100000000000000000e+01
-1.700000000000000000e+01
9.000000000000000000e+00
7.000000000000000000e+00
1.100000000000000000e+01
-1.600000000000000000e+01
-1.200000000000000000e+01
2.900000000000000000e+01
-6.000000000000000000e+00
-5.000000000000000000e+00
4.600000000000000000e+01
2.200000000000000000e+01
-2.200000000000000000e+01
-2.400000000000000000e+01
1.000000000000000000e+01
-1.000000000000000000e+01
-1.300000000000000000e+01
-1.600000000000000000e+01
3.000000000000000000e+00
0.000000000000000000e+00
-1.300000000000000000e+01
-1.400000000000000000e+01
1.200000000000000000e+01
-1.300000000000000000e+01
6.000000000000000000e+00
-8.000000000000000000e+00
9.000000000000000000e+00
2.800000000000000000e+01
1.600000000000000000e+01
-2.100000000000000000e+01
4.000000000000000000e+00
-2.000000000000000000e+00
-7.000000000000000000e+00
1.200000000000000000e+01
-6.000000000000000000e+00
-1.400000000000000000e+01
1.700000000000000000e+01
9.000000000000000000e+00
-6.000000000000000000e+00
-1.500000000000000000e+01
7.000000000000000000e+00
-1.000000000000000000e+00
-3.600000000000000000e+01
3.000000000000000000e+00
-2.200000000000000000e+01
-9.000000000000000000e+00
1.500000000000000000e+01
3.000000000000000000e+00
5.000000000000000000e+00
-2.700000000000000000e+01
-9.000000000000000000e+00
-2.000000000000000000e+00
-2.000000000000000000e+00
1.000000000000000000e+00
6.000000000000000000e+00
-3.600000000000000000e+01
1.000000000000000000e+00
-1.400000000000000000e+01
4.000000000000000000e+00
-1.000000000000000000e+01
4.000000000000000000e+00
-1.600000000000000000e+01
2.200000000000000000e+01
-1.500000000000000000e+01
-1.600000000000000000e+01
-1.000000000000000000e+01
2.000000000000000000e+00
1.000000000000000000e+01
8.000000000000000000e+00
1.000000000000000000e+01
1.000000000000000000e+00
1.300000000000000000e+01
3.400000000000000000e+01
-4.000000000000000000e+00
0.000000000000000000e+00
-1.200000000000000000e+01
-7.000000000000000000e+00
-4.000000000000000000e+00
-2.000000000000000000e+01
2.000000000000000000e+00
-5.000000000000000000e+00
1.000000000000000000e+01
2.200000000000000000e+01
-1.000000000000000000e+00
0.000000000000000000e+00
8.000000000000000000e+00
5.000000000000000000e+00
-4.000000000000000000e+00
1.900000000000000000e+01
2.800000000000000000e+01
-2.000000000000000000e+01
8.000000000000000000e+00
-3.600000000000000000e+01
3.000000000000000000e+00
-5.500000000000000000e+01
-2.000000000000000000e+01
3.000000000000000000e+00
-5.000000000000000000e+00
-2.000000000000000000e+00
-1.300000000000000000e+01
1.200000000000000000e+01
0.000000000000000000e+00
1.700000000000000000e+01
-1.500000000000000000e+01
-2.500000000000000000e+01
1.000000000000000000e+00
-1.800000000000000000e+01
-1.600000000000000000e+01
5.000000000000000000e+00
-3.000000000000000000e+00
-7.000000000000000000e+00
1.300000000000000000e+01
1.400000000000000000e+01
-5.000000000000000000e+00
-7.000000000000000000e+00
-1.000000000000000000e+01
2.500000000000000000e+01
2.000000000000000000e+00
2.000000000000000000e+00
9.000000000000000000e+00
7.000000000000000000e+00
2.800000000000000000e+01
-9.000000000000000000e+00
-1.200000000000000000e+01
-6.000000000000000000e+00
8.000000000000000000e+00
2.100000000000000000e+01
-2.100000000000000000e+01
2.200000000000000000e+01
-1.000000000000000000e+00
2.800000000000000000e+01
-1.200000000000000000e+01
3.100000000000000000e+01
-6.000000000000000000e+00
-4.000000000000000000e+00
-2.000000000000000000e+01
-5.000000000000000000e+00
-1.000000000000000000e+00
2.600000000000000000e+01
8.000000000000000000e+00
2.200000000000000000e+01
2.500000000000000000e+01
9.000000000000000000e+00
1.000000000000000000e+00
9.000000000000000000e+00
1.400000000000000000e+01
-3.000000000000000000e+00
-1.000000000000000000e+01
2.300000000000000000e+01
1.700000000000000000e+01
3.500000000000000000e+01
3.000000000000000000e+00
-9.000000000000000000e+00
2.900000000000000000e+01
6.000000000000000000e+00
1.100000000000000000e+01
-5.000000000000000000e+00
-7.000000000000000000e+00
2.000000000000000000e+00
1.300000000000000000e+01
1.700000000000000000e+01
1.500000000000000000e+01
-1.000000000000000000e+00
-1.400000000000000000e+01
-1.500000000000000000e+01
2.100000000000000000e+01
7.000000000000000000e+00
-4.000000000000000000e+00
1.700000000000000000e+01
1.000000000000000000e+01
5.000000000000000000e+01
2.300000000000000000e+01
2.600000000000000000e+01
1.900000000000000000e+01
1.200000000000000000e+01
2.600000000000000000e+01
1.000000000000000000e+01
1.200000000000000000e+01
1.600000000000000000e+01
1.700000000000000000e+01
3.700000000000000000e+01
2.300000000000000000e+01
3.800000000000000000e+01
2.200000000000000000e+01
4.700000000000000000e+01
7.000000000000000000e+00
2.600000000000000000e+01
3.400000000000000000e+01
3.600000000000000000e+01
5.100000000000000000e+01
3.300000000000000000e+01
6.800000000000000000e+01
5.400000000000000000e+01
8.000000000000000000e+01
7.900000000000000000e+01
9.300000000000000000e+01
1.030000000000000000e+02
7.500000000000000000e+01
1.130000000000000000e+02
7.600000000000000000e+01
1.210000000000000000e+02
8.600000000000000000e+01
9.200000000000000000e+01
1.320000000000000000e+02
1.250000000000000000e+02
1.340000000000000000e+02
1.670000000000000000e+02
1.810000000000000000e+02
1.500000000000000000e+02
1.740000000000000000e+02
2.000000000000000000e+02
1.870000000000000000e+02
2.080000000000000000e+02
2.400000000000000000e+02
2.190000000000000000e+02
2.320000000000000000e+02
2.520000000000000000e+02
2.750000000000000000e+02
2.710000000000000000e+02
2.760000000000000000e+02
3.270000000000000000e+02
2.900000000000000000e+02
3.310000000000000000e+02
3.780000000000000000e+02
3.370000000000000000e+02
3.820000000000000000e+02
4.120000000000000000e+02
4.540000000000000000e+02
3.830000000000000000e+02
4.420000000000000000e+02
4.570000000000000000e+02
4.790000000000000000e+02
5.210000000000000000e+02
4.960000000000000000e+02
5.550000000000000000e+02
5.720000000000000000e+02
6.020000000000000000e+02
6.050000000000000000e+02
6.600000000000000000e+02
6.890000000000000000e+02
7.060000000000000000e+02
7.110000000000000000e+02
7.720000000000000000e+02
8.280000000000000000e+02
8.490000000000000000e+02
8.790000000000000000e+02
8.930000000000000000e+02
8.720000000000000000e+02
9.430000000000000000e+02
9.730000000000000000e+02
9.890000000000000000e+02
9.990000000000000000e+02
1.034000000000000000e+03
1.079000000000000000e+03
1.085000000000000000e+03
1.095000000000000000e+03
1.145000000000000000e+03
1.174000000000000000e+03
1.212000000000000000e+03
1.201000000000000000e+03
1.225000000000000000e+03
1.193000000000000000e+03
1.279000000000000000e+03
1.272000000000000000e+03
1.281000000000000000e+03
1.301000000000000000e+03
1.369000000000000000e+03
1.361000000000000000e+03
1.356000000000000000e+03
1.385000000000000000e+03
1.348000000000000000e+03
1.424000000000000000e+03
1.420000000000000000e+03
1.421000000000000000e+03
1.437000000000000000e+03
1.457000000000000000e+03
1.428000000000000000e+03
1.486000000000000000e+03
1.490000000000000000e+03
1.518000000000000000e+03
1.518000000000000000e+03
1.563000000000000000e+03
1.584000000000000000e+03
1.512000000000000000e+03
1.568000000000000000e+03
1.506000000000000000e+03
1.521000000000000000e+03
1.569000000000000000e+03
1.526000000000000000e+03
1.538000000000000000e+03
1.441000000000000000e+03
1.464000000000000000e+03
1.470000000000000000e+03
1.375000000000000000e+03
1.415000000000000000e+03
1.418000000000000000e+03
1.405000000000000000e+03
1.383000000000000000e+03
1.349000000000000000e+03
1.326000000000000000e+03
1.334000000000000000e+03
1.331000000000000000e+03
1.318000000000000000e+03
1.310000000000000000e+03
1.270000000000000000e+03
1.270000000000000000e+03
1.248000000000000000e+03
1.282000000000000000e+03
1.265000000000000000e+03
1.200000000000000000e+03
1.245000000000000000e+03
1.180000000000000000e+03
1.151000000000000000e+03
1.127000000000000000e+03
1.126000000000000000e+03
1.128000000000000000e+03
1.125000000000000000e+03
1.061000000000000000e+03
1.081000000000000000e+03
1.018000000000000000e+03
1.016000000000000000e+03
1.004000000000000000e+03
1.002000000000000000e+03
9.480000000000000000e+02
9.380000000000000000e+02
8.970000000000000000e+02
8.520000000000000000e+02
8.170000000000000000e+02
7.950000000000000000e+02
7.440000000000000000e+02
7.350000000000000000e+02
7.410000000000000000e+02
7.080000000000000000e+02
6.660000000000000000e+02
6.650000000000000000e+02
6.210000000000000000e+02
6.130000000000000000e+02
6.010000000000000000e+02
6.190000000000000000e+02
5.510000000000000000e+02
5.680000000000000000e+02
5.310000000000000000e+02
4.760000000000000000e+02
5.270000000000000000e+02
4.550000000000000000e+02
4.760000000000000000e+02
4.290000000000000000e+02
4.160000000000000000e+02
4.150000000000000000e+02
3.950000000000000000e+02
3.790000000000000000e+02
3.690000000000000000e+02
3.870000000000000000e+02
2.960000000000000000e+02
3.190000000000000000e+02
2.850000000000000000e+02
2.780000000000000000e+02
2.690000000000000000e+02
2.620000000000000000e+02
2.240000000000000000e+02
2.640000000000000000e+02
2.290000000000000000e+02
2.220000000000000000e+02
1.960000000000000000e+02
2.080000000000000000e+02
2.040000000000000000e+02
2.030000000000000000e+02
1.870000000000000000e+02
2.070000000000000000e+02
1.680000000000000000e+02
1.870000000000000000e+02
1.370000000000000000e+02
1.380000000000000000e+02
1.200000000000000000e+02
1.310000000000000000e+02
1.250000000000000000e+02
1.100000000000000000e+02
8.500000000000000000e+01
1.160000000000000000e+02
1.030000000000000000e+02
9.100000000000000000e+01
8.600000000000000000e+01
8.800000000000000000e+01
4.900000000000000000e+01
8.000000000000000000e+01
7.300000000000000000e+01
5.200000000000000000e+01
5.900000000000000000e+01
6.400000000000000000e+01
5.000000000000000000e+01
4.900000000000000000e+01
5.000000000000000000e+01
4.800000000000000000e+01
1.400000000000000000e+01
5.900000000000000000e+01
3.400000000000000000e+01
4.500000000000000000e+01
5.200000000000000000e+01
1.900000000000000000e+01
2.300000000000000000e+01
2.900000000000000000e+01
2.000000000000000000e+01
3.800000000000000000e+01
1.800000000000000000e+01
1.200000000000000000e+01
3.000000000000000000e+01
1.000000000000000000e+01
9.000000000000000000e+00
2.400000000000000000e+01
3.000000000000000000e+01
2.100000000000000000e+01
1.600000000000000000e+01
3.600000000000000000e+01
1.900000000000000000e+01
3.600000000000000000e+01
2.300000000000000000e+01
1.400000000000000000e+01
2.900000000000000000e+01
2.400000000000000000e+01
9.000000000000000000e+00
2.000000000000000000e+01
4.300000000000000000e+01
2.600000000000000000e+01
1.800000000000000000e+01
2.300000000000000000e+01
0.000000000000000000e+00
1.400000000000000000e+01
1.000000000000000000e+01
-1.200000000000000000e+01
2.600000000000000000e+01
3.300000000000000000e+01
-8.000000000000000000e+00
-2.100000000000000000e+01
3.000000000000000000e+00
1.000000000000000000e+01
1.300000000000000000e+01
7.000000000000000000e+00
-6.000000000000000000e+00
-1.500000000000000000e+01
1.900000000000000000e+01
7.000000000000000000e+00
-1.000000000000000000e+00
-3.000000000000000000e+01
1.200000000000000000e+01
8.000000000000000000e+00
-3.000000000000000000e+00
9.000000000000000000e+00
1.000000000000000000e+00
7.000000000000000000e+00
7.000000000000000000e+00
-1.200000000000000000e+01
-3.100000000000000000e+01
3.000000000000000000e+00
2.400000000000000000e+01
1.800000000000000000e+01
-1.000000000000000000e+00
-1.500000000000000000e+01
6.000000000000000000e+00
1.200000000000000000e+01
-8.000000000000000000e+00
1.200000000000000000e+01
8.000000000000000000e+00
5.000000000000000000e+00
1.600000000000000000e+01
-2.000000000000000000e+01
1.500000000000000000e+01
1.200000000000000000e+01
-1.500000000000000000e+01
-3.000000000000000000e+00
2.000000000000000000e+00
-9.000000000000000000e+00
2.500000000000000000e+01
8.100000000000000000e+01
-2.900000000000000000e+01
1.400000000000000000e+01
0.000000000000000000e+00
3.000000000000000000e+00
7.000000000000000000e+00
-7.000000000000000000e+00
-2.500000000000000000e+01
-2.400000000000000000e+01
1.700000000000000000e+01
1.500000000000000000e+01
-1.100000000000000000e+01
-6.000000000000000000e+00
1.600000000000000000e+01
2.200000000000000000e+01
-6.000000000000000000e+00
-3.000000000000000000e+00
-3.000000000000000000e+00
-3.000000000000000000e+00
