-3.000000000000000000e+00
-3.000000000000000000e+00
3.000000000000000000e+00
3.000000000000000000e+00
3.000000000000000000e+00
-1.400000000000000000e+01
-1.000000000000000000e+01
-2.000000000000000000e+01
-5.000000000000000000e+00
-7.000000000000000000e+00
0.000000000000000000e+00
-9.000000000000000000e+00
-1.500000000000000000e+01
-5.000000000000000000e+00
-1.800000000000000000e+01
5.000000000000000000e+00
6.000000000000000000e+00
1.900000000000000000e+01
6.000000000000000000e+00
-3.000000000000000000e+00
2.800000000000000000e+01
1.700000000000000000e+01
1.200000000000000000e+01
4.000000000000000000e+00
-1.500000000000000000e+01
2.000000000000000000e+01
9.000000000000000000e+00
6.000000000000000000e+00
4.000000000000000000e+00
3.000000000000000000e+00
1.000000000000000000e+00
-3.000000000000000000e+00
3.200000000000000000e+01
8.000000000000000000e+00
1.000000000000000000e+01
-2.000000000000000000e+01
-1.500000000000000000e+01
7.000000000000000000e+00
0.000000000000000000e+00
1.900000000000000000e+01
-2.800000000000000000e+01
-1.500000000000000000e+01
-1.100000000000000000e+01
-1.100000000000000000e+01
1.100000000000000000e+01
1.200000000000000000e+01
1.100000000000000000e+01
1.800000000000000000e+01
-3.000000000000000000e+00
-2.000000000000000000e+01
-1.500000000000000000e+01
-1.900000000000000000e+01
1.200000000000000000e+01
5.000000000000000000e+00
7.000000000000000000e+00
1.400000000000000000e+01
-1.000000000000000000e+01
-3.000000000000000000e+01
-1.000000000000000000e+00
-3.000000000000000000e+01
-5.000000000000000000e+00
1.800000000000000000e+01
-6.000000000000000000e+00
8.000000000000000000e+00
-1.000000000000000000e+01
4.000000000000000000e+00
-3.000000000000000000e+01
-6.000000000000000000e+00
-1.000000000000000000e+00
1.000000000000000000e+01
6.000000000000000000e+00
3.400000000000000000e+01
-2.500000000000000000e+01
-2.300000000000000000e+01
-3.000000000000000000e+00
-1.000000000000000000e+01
-2.000000000000000000e+00
1.300000000000000000e+01
6.000000000000000000e+00
-2.900000000000000000e+01
-3.000000000000000000e+00
1.900000000000000000e+01
-3.500000000000000000e+01
1.700000000000000000e+01
-1.200000000000000000e+01
-2.000000000000000000e+01
-2.000000000000000000e+00
-2.000000000000000000e+01
3.100000000000000000e+01
-2.700000000000000000e+01
-1.300000000000000000e+01
-1.200000000000000000e+01
-1.300000000000000000e+01
-2.000000000000000000e+00
1.600000000000000000e+01
1.600000000000000000e+01
-1.600000000000000000e+01
6.000000000000000000e+00
-2.000000000000000000e+00
6.000000000000000000e+00
-1.400000000000000000e+01
1.300000000000000000e+01
8.000000000000000000e+00
-4.000000000000000000e+01
1.800000000000000000e+01
-2.700000000000000000e+01
3.000000000000000000e+00
1.700000000000000000e+01
1.800000000000000000e+01
3.000000000000000000e+01
-1.500000000000000000e+01
2.000000000000000000e+01
2.100000000000000000e+01
2.000000000000000000e+00
-1.000000000000000000e+00
4.000000000000000000e+00
-3.500000000000000000e+01
-2.500000000000000000e+01
-8.000000000000000000e+00
4.000000000000000000e+00
5.000000000000000000e+00
4.000000000000000000e+00
-1.900000000000000000e+01
-1.000000000000000000e+00
2.300000000000000000e+01
-2.900000000000000000e+01
-1.000000000000000000e+01
-2.000000000000000000e+01
-1.000000000000000000e+00
1.300000000000000000e+01
1.700000000000000000e+01
4.100000000000000000e+01
-1.100000000000000000e+01
1.100000000000000000e+01
-1.400000000000000000e+01
1.000000000000000000e+01
-1.900000000000000000e+01
9.000000000000000000e+00
1.000000000000000000e+00
1.000000000000000000e+00
-6.000000000000000000e+00
9.000000000000000000e+00
-1.200000000000000000e+01
-1.000000000000000000e+00
3.100000000000000000e+01
1.500000000000000000e+01
2.400000000000000000e+01
7.000000000000000000e+00
4.000000000000000000e+00
-1.200000000000000000e+01
-1.900000000000000000e+01
1.400000000000000000e+01
1.000000000000000000e+00
-6.000000000000000000e+00
0.000000000000000000e+00
-2.500000000000000000e+01
7.000000000000000000e+00
2.100000000000000000e+01
-5.000000000000000000e+00
-1.500000000000000000e+01
2.000000000000000000e+00
-2.000000000000000000e+00
-2.800000000000000000e+01
6.000000000000000000e+00
-2.900000000000000000e+01
-2.600000000000000000e+01
5.000000000000000000e+00
-1.500000000000000000e+01
1.200000000000000000e+01
-5.000000000000000000e+00
1.300000000000000000e+01
2.200000000000000000e+01
6.000000000000000000e+00
9.000000000000000000e+00
-3.000000000000000000e+00
-1.000000000000000000e+01
-3.000000000000000000e+00
0.000000000000000000e+00
1.000000000000000000e+00
3.000000000000000000e+00
-2.000000000000000000e+01
2.000000000000000000e+01
-1.500000000000000000e+01
-3.000000000000000000e+01
2.400000000000000000e+01
-2.700000000000000000e+01
-1.400000000000000000e+01
-1.000000000000000000e+01
3.100000000000000000e+01
3.800000000000000000e+01
1.000000000000000000e+01
-2.400000000000000000e+01
-1.000000000000000000e+01
0.000000000000000000e+00
-4.000000000000000000e+00
-2.500000000000000000e+01
9.000000000000000000e+00
1.100000000000000000e+01
-1.900000000000000000e+01
2.100000000000000000e+01
-7.000000000000000000e+00
3.400000000000000000e+01
3.000000000000000000e+00
3.400000000000000000e+01
2.000000000000000000e+01
1.300000000000000000e+01
1.600000000000000000e+01
-7.000000000000000000e+00
-1.800000000000000000e+01
1.000000000000000000e+00
4.100000000000000000e+01
1.000000000000000000e+01
6.000000000000000000e+00
2.600000000000000000e+01
8.000000000000000000e+00
-1.000000000000000000e+01
1.500000000000000000e+01
8.000000000000000000e+00
1.800000000000000000e+01
-1.300000000000000000e+01
1.600000000000000000e+01
-1.200000000000000000e+01
-1.000000000000000000e+01
-3.000000000000000000e+00
-1.400000000000000000e+01
-1.700000000000000000e+01
-2.500000000000000000e+01
-2.200000000000000000e+01
1.300000000000000000e+01
1.600000000000000000e+01
1.200000000000000000e+01
1.900000000000000000e+01
3.000000000000000000e+00
1.300000000000000000e+01
-1.600000000000000000e+01
2.400000000000000000e+01
-1.400000000000000000e+01
-5.000000000000000000e+00
-1.000000000000000000e+01
-8.000000000000000000e+00
7.000000000000000000e+00
-1.700000000000000000e+01
-1.000000000000000000e+00
0.000000000000000000e+00
1.500000000000000000e+01
2.700000000000000000e+01
-2.200000000000000000e+01
1.400000000000000000e+01
-5.000000000000000000e+00
3.300000000000000000e+01
-8.000000000000000000e+00
-9.000000000000000000e+00
-1.000000000000000000e+00
-1.900000000000000000e+01
-1.500000000000000000e+01
-6.000000000000000000e+00
-6.000000000000000000e+00
-1.100000000000000000e+01
-1.000000000000000000e+01
-3.000000000000000000e+01
4.000000000000000000e+00
2.700000000000000000e+01
1.200000000000000000e+01
9.000000000000000000e+00
1.600000000000000000e+01
3.700000000000000000e+01
-2.100000000000000000e+01
0.000000000000000000e+00
-2.000000000000000000e+00
-1.400000000000000000e+01
-6.000000000000000000e+00
1.900000000000000000e+01
-1.200000000000000000e+01
-1.400000000000000000e+01
4.000000000000000000e+00
1.500000000000000000e+01
-1.400000000000000000e+01
1.700000000000000000e+01
-2.400000000000000000e+01
1.400000000000000000e+01
-2.600000000000000000e+01
-4.000000000000000000e+00
2.000000000000000000e+00
3.200000000000000000e+01
1.000000000000000000e+01
1.000000000000000000e+00
-3.100000000000000000e+01
-1.300000000000000000e+01
-2.500000000000000000e+01
-2.300000000000000000e+01
-3.000000000000000000e+00
5.000000000000000000e+00
-1.500000000000000000e+01
6.000000000000000000e+00
5.000000000000000000e+00
1.000000000000000000e+01
7.000000000000000000e+00
1.700000000000000000e+01
4.000000000000000000e+00
3.500000000000000000e+01
8.000000000000000000e+00
-7.000000000000000000e+00
-5.200000000000000000e+01
1.500000000000000000e+01
5.000000000000000000e+00
-1.500000000000000000e+01
-2.100000000000000000e+01
-1.000000000000000000e+00
-1.700000000000000000e+01
2.400000000000000000e+01
-3.300000000000000000e+01
1.600000000000000000e+01
9.000000000000000000e+00
0.000000000000000000e+00
-9.000000000000000000e+00
1.200000000000000000e+01
2.000000000000000000e+00
2.200000000000000000e+01
-2.000000000000000000e+00
-2.800000000000000000e+01
-2.400000000000000000e+01
8.000000000000000000e+00
-2.100000000000000000e+01
-5.000000000000000000e+00
1.600000000000000000e+01
-2.000000000000000000e+01
1.000000000000000000e+00
-9.000000000000000000e+00
7.000000000000000000e+00
5.000000000000000000e+00
5.000000000000000000e+00
3.800000000000000000e+01
-1.300000000000000000e+01
-5.000000000000000000e+00
4.000000000000000000e+00
1.700000000000000000e+01
1.100000000000000000e+01
1.600000000000000000e+01
-1.600000000000000000e+01
3.100000000000000000e+01
-1.000000000000000000e+00
-3.700000000000000000e+01
-5.000000000000000000e+00
-1.600000000000000000e+01
2.300000000000000000e+01
-3.000000000000000000e+00
-1.900000000000000000e+01
-1.000000000000000000e+00
5.000000000000000000e+00
-2.100000000000000000e+01
-1.400000000000000000e+01
-7.000000000000000000e+00
2.000000000000000000e+01
-1.700000000000000000e+01
1.000000000000000000e+00
1.700000000000000000e+01
-8.000000000000000000e+00
9.000000000000000000e+00
-7.000000000000000000e+00
-3.800000000000000000e+01
-1.000000000000000000e+01
3.600000000000000000e+01
1.300000000000000000e+01
7.000000000000000000e+00
2.400000000000000000e+01
7.000000000000000000e+00
7.000000000000000000e+00
-1.900000000000000000e+01
1.500000000000000000e+01
-1.500000000000000000e+01
-2.000000000000000000e+00
2.100000000000000000e+01
-1.000000000000000000e+00
-1.000000000000000000e+01
4.000000000000000000e+01
1.500000000000000000e+01
-2.200000000000000000e+01
-3.400000000000000000e+01
1.000000000000000000e+00
1.800000000000000000e+01
2.900000000000000000e+01
-1.200000000000000000e+01
-4.900000000000000000e+01
1.600000000000000000e+01
-4.000000000000000000e+01
1.200000000000000000e+01
6.000000000000000000e+00
-2.000000000000000000e+01
1.100000000000000000e+01
8.000000000000000000e+00
-1.200000000000000000e+01
1.600000000000000000e+01
1.200000000000000000e+01
-2.000000000000000000e+00
-9.000000000000000000e+00
2.800000000000000000e+01
-6.000000000000000000e+00
-2.400000000000000000e+01
-1.200000000000000000e+01
2.200000000000000000e+01
1.500000000000000000e+01
1.300000000000000000e+01
2.000000000000000000e+00
-5.000000000000000000e+00
-4.000000000000000000e+00
6.000000000000000000e+00
2.500000000000000000e+01
-6.000000000000000000e+00
1.000000000000000000e+00
-1.500000000000000000e+01
2.000000000000000000e+00
-1.000000000000000000e+00
2.000000000000000000e+00
-8.000000000000000000e+00
2.600000000000000000e+01
1.600000000000000000e+01
6.000000000000000000e+00
-1.400000000000000000e+01
-1.000000000000000000e+00
5.000000000000000000e+00
1.100000000000000000e+01
-6.000000000000000000e+00
-9.000000000000000000e+00
-1.200000000000000000e+01
2.000000000000000000e+00
-2.500000000000000000e+01
0.000000000000000000e+00
-1.200000000000000000e+01
-8.000000000000000000e+00
-1.000000000000000000e+00
4.000000000000000000e+00
1.300000000000000000e+01
-2.000000000000000000e+00
2.000000000000000000e+00
3.000000000000000000e+00
-5.000000000000000000e+00
-1.900000000000000000e+01
-5.000000000000000000e+00
-1.400000000000000000e+01
2.000000000000000000e+01
2.600000000000000000e+01
-2.000000000000000000e+00
-1.300000000000000000e+01
1.100000000000000000e+01
1.500000000000000000e+01
2.100000000000000000e+01
2.000000000000000000e+01
-1.200000000000000000e+01
-3.000000000000000000e+01
-1.300000000000000000e+01
1.000000000000000000e+00
5.000000000000000000e+00
-1.900000000000000000e+01
3.300000000000000000e+01
0.000000000000000000e+00
9.000000000000000000e+00
3.500000000000000000e+01
1.700000000000000000e+01
1.000000000000000000e+00
-1.100000000000000000e+01
-1.100000000000000000e+01
-3.000000000000000000e+00
1.000000000000000000e+00
-4.100000000000000000e+01
-4.000000000000000000e+00
7.000000000000000000e+00
2.500000000000000000e+01
5.000000000000000000e+00
1.600000000000000000e+01
9.000000000000000000e+00
1.400000000000000000e+01
-1.900000000000000000e+01
2.400000000000000000e+01
-2.600000000000000000e+01
-1.000000000000000000e+01
-2.200000000000000000e+01
8.000000000000000000e+00
-2.000000000000000000e+00
9.000000000000000000e+00
-9.000000000000000000e+00
-1.700000000000000000e+01
-1.100000000000000000e+01
1.100000000000000000e+01
-1.000000000000000000e+01
-2.100000000000000000e+01
1.600000000000000000e+01
-2.300000000000000000e+01
7.000000000000000000e+00
4.000000000000000000e+00
2.600000000000000000e+01
4.000000000000000000e+00
1.600000000000000000e+01
6.000000000000000000e+00
-6.000000000000000000e+00
-1.800000000000000000e+01
-8.000000000000000000e+00
-3.000000000000000000e+00
-1.700000000000000000e+01
2.300000000000000000e+01
-1.700000000000000000e+01
8.000000000000000000e+00
2.300000000000000000e+01
1.100000000000000000e+01
7.000000000000000000e+00
-9.000000000000000000e+00
-1.000000000000000000e+00
-1.000000000000000000e+00
7.000000000000000000e+00
-2.300000000000000000e+01
-1.000000000000000000e+01
-4.100000000000000000e+01
2.000000000000000000e+00
1.000000000000000000e+00
-5.000000000000000000e+00
8.000000000000000000e+00
-2.000000000000000000e+00
-6.000000000000000000e+00
-7.000000000000000000e+00
-1.000000000000000000e+00
-1.000000000000000000e+00
4.000000000000000000e+00
1.200000000000000000e+01
-1.200000000000000000e+01
-1.100000000000000000e+01
9.000000000000000000e+00
-2.400000000000000000e+01
3.000000000000000000e+00
1.200000000000000000e+01
1.000000000000000000e+00
1.300000000000000000e+01
1.800000000000000000e+01
9.000000000000000000e+00
8.000000000000000000e+00
2.800000000000000000e+01
4.300000000000000000e+01
0.000000000000000000e+00
4.000000000000000000e+00
-1.400000000000000000e+01
6.000000000000000000e+00
8.000000000000000000e+00
4.400000000000000000e+01
5.000000000000000000e+00
9.000000000000000000e+00
-2.000000000000000000e+00
2.500000000000000000e+01
6.000000000000000000e+00
4.200000000000000000e+01
-8.000000000000000000e+00
3.200000000000000000e+01
-1.200000000000000000e+01
-9.000000000000000000e+00
-1.700000000000000000e+01
3.200000000000000000e+01
-2.200000000000000000e+01
1.700000000000000000e+01
-1.000000000000000000e+00
-1.000000000000000000e+01
7.000000000000000000e+00
-6.000000000000000000e+00
1.400000000000000000e+01
1.000000000000000000e+00
6.000000000000000000e+00
6.000000000000000000e+00
-9.000000000000000000e+00
3.000000000000000000e+00
-2.000000000000000000e+01
4.000000000000000000e+00
-9.000000000000000000e+00
0.000000000000000000e+00
-1.000000000000000000e+00
-2.000000000000000000e+01
6.000000000000000000e+00
1.600000000000000000e+01
-1.500000000000000000e+01
-1.400000000000000000e+01
2.400000000000000000e+01
-1.200000000000000000e+01
-9.000000000000000000e+00
2.700000000000000000e+01
1.300000000000000000e+01
-1.500000000000000000e+01
2.300000000000000000e+01
1.400000000000000000e+01
1.000000000000000000e+00
1.700000000000000000e+01
3.400000000000000000e+01
3.000000000000000000e+00
9.000000000000000000e+00
1.100000000000000000e+01
-1.000000000000000000e+00
-2.900000000000000000e+01
2.700000000000000000e+01
1.700000000000000000e+01
1.200000000000000000e+01
1.300000000000000000e+01
-1.500000000000000000e+01
-4.000000000000000000e+00
-1.400000000000000000e+01
5.000000000000000000e+00
4.000000000000000000e+00
6.000000000000000000e+00
-2.000000000000000000e+01
1.800000000000000000e+01
-1.200000000000000000e+01
4.000000000000000000e+00
-3.300000000000000000e+01
4.800000000000000000e+01
2.300000000000000000e+01
-1.200000000000000000e+01
1.400000000000000000e+01
4.000000000000000000e+00
-5.000000000000000000e+00
3.000000000000000000e+00
2.300000000000000000e+01
6.000000000000000000e+00
-7.000000000000000000e+00
-7.000000000000000000e+00
2.000000000000000000e+01
2.000000000000000000e+00
7.000000000000000000e+00
8.000000000000000000e+00
-1.400000000000000000e+01
2.100000000000000000e+01
-1.200000000000000000e+01
-1.300000000000000000e+01
-4.400000000000000000e+01
2.100000000000000000e+01
3.300000000000000000e+01
-7.000000000000000000e+00
-4.000000000000000000e+01
1.400000000000000000e+01
9.000000000000000000e+00
0.000000000000000000e+00
-3.000000000000000000e+00
-1.000000000000000000e+01
-4.000000000000000000e+00
4.000000000000000000e+00
1.400000000000000000e+01
-2.000000000000000000e+00
4.000000000000000000e+00
1.000000000000000000e+01
-2.000000000000000000e+00
-2.000000000000000000e+01
-1.900000000000000000e+01
5.000000000000000000e+00
-9.000000000000000000e+00
-1.900000000000000000e+01
-6.000000000000000000e+00
1.600000000000000000e+01
-9.000000000000000000e+00
-1.400000000000000000e+01
-1.500000000000000000e+01
2.600000000000000000e+01
1.700000000000000000e+01
2.900000000000000000e+01
-4.000000000000000000e+01
-4.000000000000000000e+00
-3.000000000000000000e+00
-9.000000000000000000e+00
2.000000000000000000e+00
1.400000000000000000e+01
3.800000000000000000e+01
-1.500000000000000000e+01
1.100000000000000000e+01
-1.000000000000000000e+01
-1.700000000000000000e+01
4.000000000000000000e+00
1.500000000000000000e+01
1.500000000000000000e+01
1.200000000000000000e+01
-2.800000000000000000e+01
1.200000000000000000e+01
3.600000000000000000e+01
5.000000000000000000e+00
-1.000000000000000000e+00
-4.100000000000000000e+01
2.100000000000000000e+01
2.200000000000000000e+01
1.100000000000000000e+01
-1.000000000000000000e+01
-2.700000000000000000e+01
4.000000000000000000e+00
1.400000000000000000e+01
3.000000000000000000e+00
2.600000000000000000e+01
-4.000000000000000000e+00
3.500000000000000000e+01
1.400000000000000000e+01
-8.000000000000000000e+00
9.000000000000000000e+00
-1.500000000000000000e+01
1.700000000000000000e+01
5.400000000000000000e+01
-5.000000000000000000e+00
8.000000000000000000e+00
2.100000000000000000e+01
-1.100000000000000000e+01
2.400000000000000000e+01
-3.000000000000000000e+00
2.300000000000000000e+01
3.700000000000000000e+01
3.200000000000000000e+01
7.000000000000000000e+00
3.000000000000000000e+00
2.000000000000000000e+00
2.200000000000000000e+01
-4.000000000000000000e+00
0.000000000000000000e+00
2.000000000000000000e+01
2.900000000000000000e+01
1.000000000000000000e+00
3.000000000000000000e+00
2.000000000000000000e+00
1.800000000000000000e+01
3.800000000000000000e+01
-3.400000000000000000e+01
-7.000000000000000000e+00
-1.000000000000000000e+00
1.800000000000000000e+01
3.100000000000000000e+01
6.000000000000000000e+00
4.600000000000000000e+01
1.400000000000000000e+01
1.000000000000000000e+01
-8.000000000000000000e+00
-5.000000000000000000e+00
7.000000000000000000e+00
1.300000000000000000e+01
-1.500000000000000000e+01
3.400000000000000000e+01
1.500000000000000000e+01
7.000000000000000000e+00
7.000000000000000000e+00
5.000000000000000000e+00
1.000000000000000000e+01
2.000000000000000000e+00
3.000000000000000000e+00
1.300000000000000000e+01
2.800000000000000000e+01
3.800000000000000000e+01
2.200000000000000000e+01
9.000000000000000000e+00
3.700000000000000000e+01
-1.000000000000000000e+00
-4.000000000000000000e+01
1.600000000000000000e+01
9.000000000000000000e+00
5.000000000000000000e+00
1.100000000000000000e+01
5.000000000000000000e+00
3.400000000000000000e+01
1.600000000000000000e+01
2.200000000000000000e+01
9.000000000000000000e+00
2.100000000000000000e+01
1.400000000000000000e+01
1.000000000000000000e+01
1.000000000000000000e+01
-1.400000000000000000e+01
2.600000000000000000e+01
2.900000000000000000e+01
1.100000000000000000e+01
7.000000000000000000e+00
-1.200000000000000000e+01
1.600000000000000000e+01
3.000000000000000000e+01
6.000000000000000000e+00
2.100000000000000000e+01
-4.000000000000000000e+00
1.100000000000000000e+01
1.000000000000000000e+01
1.000000000000000000e+01
3.000000000000000000e+00
3.700000000000000000e+01
-1.400000000000000000e+01
-7.000000000000000000e+00
4.000000000000000000e+00
1.600000000000000000e+01
2.200000000000000000e+01
-1.000000000000000000e+00
4.100000000000000000e+01
1.900000000000000000e+01
1.400000000000000000e+01
2.100000000000000000e+01
2.600000000000000000e+01
3.800000000000000000e+01
1.600000000000000000e+01
9.000000000000000000e+00
1.700000000000000000e+01
7.000000000000000000e+00
-2.000000000000000000e+01
4.000000000000000000e+00
1.000000000000000000e+00
-1.800000000000000000e+01
8.000000000000000000e+00
1.000000000000000000e+01
2.100000000000000000e+01
2.400000000000000000e+01
9.000000000000000000e+00
1.000000000000000000e+00
4.000000000000000000e+00
5.200000000000000000e+01
-2.000000000000000000e+00
-3.000000000000000000e+00
3.000000000000000000e+00
-1.300000000000000000e+01
1.800000000000000000e+01
0.000000000000000000e+00
1.700000000000000000e+01
3.600000000000000000e+01
3.000000000000000000e+01
4.200000000000000000e+01
-1.300000000000000000e+01
1.500000000000000000e+01
-1.000000000000000000e+01
1.900000000000000000e+01
1.600000000000000000e+01
2.000000000000000000e+01
3.700000000000000000e+01
2.000000000000000000e+01
7.000000000000000000e+00
4.600000000000000000e+01
4.000000000000000000e+00
2.300000000000000000e+01
6.000000000000000000e+01
-8.000000000000000000e+00
2.800000000000000000e+01
1.700000000000000000e+01
1.500000000000000000e+01
1.300000000000000000e+01
6.000000000000000000e+00
8.000000000000000000e+00
4.000000000000000000e+00
1.000000000000000000e+00
2.500000000000000000e+01
1.300000000000000000e+01
1.300000000000000000e+01
-7.000000000000000000e+00
2.300000000000000000e+01
5.900000000000000000e+01
4.000000000000000000e+01
2.300000000000000000e+01
-3.000000000000000000e+00
1.900000000000000000e+01
1.200000000000000000e+01
3.900000000000000000e+01
1.200000000000000000e+01
3.800000000000000000e+01
4.000000000000000000e+00
3.000000000000000000e+01
2.500000000000000000e+01
3.000000000000000000e+01
0.000000000000000000e+00
1.700000000000000000e+01
3.000000000000000000e+00
8.000000000000000000e+00
1.700000000000000000e+01
7.000000000000000000e+00
1.500000000000000000e+01
-6.000000000000000000e+00
5.900000000000000000e+01
1.700000000000000000e+01
2.800000000000000000e+01
1.000000000000000000e+00
2.700000000000000000e+01
1.700000000000000000e+01
-1.000000000000000000e+00
2.800000000000000000e+01
2.400000000000000000e+01
2.900000000000000000e+01
3.100000000000000000e+01
1.800000000000000000e+01
2.600000000000000000e+01
2.300000000000000000e+01
6.000000000000000000e+01
4.700000000000000000e+01
3.600000000000000000e+01
2.900000000000000000e+01
6.000000000000000000e+01
4.800000000000000000e+01
6.700000000000000000e+01
2.600000000000000000e+01
3.400000000000000000e+01
8.600000000000000000e+01
8.700000000000000000e+01
7.000000000000000000e+01
9.400000000000000000e+01
9.300000000000000000e+01
1.080000000000000000e+02
1.370000000000000000e+02
1.340000000000000000e+02
1.340000000000000000e+02
1.800000000000000000e+02
1.890000000000000000e+02
2.250000000000000000e+02
2.720000000000000000e+02
2.720000000000000000e+02
3.850000000000000000e+02
4.000000000000000000e+02
4.870000000000000000e+02
5.240000000000000000e+02
5.740000000000000000e+02
7.090000000000000000e+02
7.990000000000000000e+02
8.840000000000000000e+02
1.016000000000000000e+03
1.136000000000000000e+03
1.235000000000000000e+03
1.363000000000000000e+03
1.518000000000000000e+03
1.691000000000000000e+03
1.833000000000000000e+03
1.909000000000000000e+03
2.116000000000000000e+03
2.254000000000000000e+03
2.426000000000000000e+03
2.601000000000000000e+03
2.773000000000000000e+03
2.909000000000000000e+03
3.111000000000000000e+03
3.291000000000000000e+03
3.379000000000000000e+03
3.615000000000000000e+03
3.709000000000000000e+03
3.869000000000000000e+03
3.920000000000000000e+03
4.087000000000000000e+03
4.118000000000000000e+03
4.171000000000000000e+03
4.352000000000000000e+03
4.409000000000000000e+03
4.368000000000000000e+03
4.338000000000000000e+03
4.416000000000000000e+03
4.392000000000000000e+03
4.293000000000000000e+03
4.298000000000000000e+03
4.215000000000000000e+03
4.166000000000000000e+03
4.063000000000000000e+03
3.951000000000000000e+03
3.859000000000000000e+03
3.777000000000000000e+03
3.604000000000000000e+03
3.455000000000000000e+03
3.279000000000000000e+03
3.193000000000000000e+03
3.043000000000000000e+03
2.834000000000000000e+03
2.727000000000000000e+03
2.558000000000000000e+03
2.374000000000000000e+03
2.219000000000000000e+03
2.086000000000000000e+03
1.887000000000000000e+03
1.750000000000000000e+03
1.641000000000000000e+03
1.528000000000000000e+03
1.323000000000000000e+03
1.275000000000000000e+03
1.118000000000000000e+03
1.021000000000000000e+03
9.180000000000000000e+02
8.400000000000000000e+02
7.180000000000000000e+02
6.410000000000000000e+02
5.670000000000000000e+02
4.930000000000000000e+02
4.380000000000000000e+02
4.070000000000000000e+02
3.470000000000000000e+02
2.970000000000000000e+02
2.440000000000000000e+02
2.430000000000000000e+02
1.560000000000000000e+02
1.650000000000000000e+02
1.370000000000000000e+02
1.170000000000000000e+02
9.400000000000000000e+01
6.300000000000000000e+01
9.000000000000000000e+01
5.900000000000000000e+01
2.700000000000000000e+01
5.800000000000000000e+01
2.900000000000000000e+01
1.600000000000000000e+01
2.900000000000000000e+01
8.000000000000000000e+00
1.200000000000000000e+01
1.000000000000000000e+01
3.500000000000000000e+01
2.700000000000000000e+01
-4.000000000000000000e+00
3.000000000000000000e+01
8.000000000000000000e+00
3.000000000000000000e+00
1.700000000000000000e+01
2.000000000000000000e+01
1.400000000000000000e+01
1.500000000000000000e+01
2.900000000000000000e+01
1.100000000000000000e+01
2.300000000000000000e+01
-4.000000000000000000e+00
2.100000000000000000e+01
9.000000000000000000e+00
1.700000000000000000e+01
1.800000000000000000e+01
2.300000000000000000e+01
3.000000000000000000e+01
1.700000000000000000e+01
3.500000000000000000e+01
-1.600000000000000000e+01
1.000000000000000000e+01
3.200000000000000000e+01
1.700000000000000000e+01
6.000000000000000000e+00
2.200000000000000000e+01
4.000000000000000000e+00
1.700000000000000000e+01
-7.000000000000000000e+00
2.100000000000000000e+01
2.800000000000000000e+01
2.000000000000000000e+00
0.000000000000000000e+00
1.300000000000000000e+01
3.200000000000000000e+01
-2.100000000000000000e+01
1.500000000000000000e+01
3.000000000000000000e+00
2.000000000000000000e+00
2.200000000000000000e+01
-1.000000000000000000e+01
2.000000000000000000e+00
1.700000000000000000e+01
3.200000000000000000e+01
3.700000000000000000e+01
5.000000000000000000e+00
-1.200000000000000000e+01
3.100000000000000000e+01
-6.000000000000000000e+00
2.700000000000000000e+01
-5.000000000000000000e+00
3.100000000000000000e+01
9.000000000000000000e+00
-2.300000000000000000e+01
9.000000000000000000e+00
9.000000000000000000e+00
5.400000000000000000e+01
1.000000000000000000e+00
3.300000000000000000e+01
-5.000000000000000000e+00
2.600000000000000000e+01
-2.000000000000000000e+00
1.600000000000000000e+01
5.300000000000000000e+01
2.900000000000000000e+01
3.300000000000000000e+01
-3.000000000000000000e+00
2.100000000000000000e+01
1.400000000000000000e+01
1.300000000000000000e+01
2.300000000000000000e+01
-1.000000000000000000e+00
6.000000000000000000e+00
1.600000000000000000e+01
2.400000000000000000e+01
1.400000000000000000e+01
9.000000000000000000e+00
-1.600000000000000000e+01
1.800000000000000000e+01
1.100000000000000000e+01
1.000000000000000000e+01
2.600000000000000000e+01
-1.100000000000000000e+01
3.100000000000000000e+01
1.800000000000000000e+01
1.100000000000000000e+01
0.000000000000000000e+00
2.000000000000000000e+00
1.100000000000000000e+01
3.900000000000000000e+01
0.000000000000000000e+00
-1.300000000000000000e+01
-5.000000000000000000e+00
5.000000000000000000e+00
2.400000000000000000e+01
0.000000000000000000e+00
1.800000000000000000e+01
0.000000000000000000e+00
1.700000000000000000e+01
1.200000000000000000e+01
5.000000000000000000e+00
2.300000000000000000e+01
1.400000000000000000e+01
-1.500000000000000000e+01
-1.000000000000000000e+00
2.600000000000000000e+01
-3.000000000000000000e+00
6.000000000000000000e+00
4.000000000000000000e+00
1.800000000000000000e+01
1.800000000000000000e+01
-1.900000000000000000e+01
3.400000000000000000e+01
-2.000000000000000000e+00
3.600000000000000000e+01
-1.000000000000000000e+01
-2.000000000000000000e+00
3.000000000000000000e+01
3.200000000000000000e+01
6.000000000000000000e+00
2.200000000000000000e+01
-1.500000000000000000e+01
8.000000000000000000e+00
9.000000000000000000e+00
3.700000000000000000e+01
-5.000000000000000000e+00
2.800000000000000000e+01
7.000000000000000000e+00
2.000000000000000000e+01
1.100000000000000000e+01
-1.000000000000000000e+01
2.000000000000000000e+01
1.800000000000000000e+01
1.700000000000000000e+01
-5.000000000000000000e+00
8.000000000000000000e+00
1.500000000000000000e+01
1.900000000000000000e+01
2.500000000000000000e+01
-6.000000000000000000e+00
-4.000000000000000000e+00
1.600000000000000000e+01
8.000000000000000000e+00
1.700000000000000000e+01
2.400000000000000000e+01
2.000000000000000000e+01
2.000000000000000000e+01
1.200000000000000000e+01
-7.000000000000000000e+00
1.700000000000000000e+01
1.000000000000000000e+00
0.000000000000000000e+00
3.400000000000000000e+01
-1.000000000000000000e+01
1.100000000000000000e+01
2.300000000000000000e+01
-1.100000000000000000e+01
2.000000000000000000e+01
8.000000000000000000e+00
1.000000000000000000e+00
8.000000000000000000e+00
3.500000000000000000e+01
-6.000000000000000000e+00
1.000000000000000000e+00
2.900000000000000000e+01
6.100000000000000000e+01
2.000000000000000000e+00
0.000000000000000000e+00
3.100000000000000000e+01
2.400000000000000000e+01
-1.400000000000000000e+01
-1.000000000000000000e+00
1.900000000000000000e+01
0.000000000000000000e+00
2.200000000000000000e+01
1.000000000000000000e+00
1.400000000000000000e+01
3.800000000000000000e+01
1.000000000000000000e+00
6.000000000000000000e+00
3.000000000000000000e+00
-2.400000000000000000e+01
3.000000000000000000e+01
-1.100000000000000000e+01
2.000000000000000000e+00
-2.100000000000000000e+01
0.000000000000000000e+00
-1.700000000000000000e+01
9.000000000000000000e+00
-4.000000000000000000e+00
2.600000000000000000e+01
3.000000000000000000e+01
2.300000000000000000e+01
6.000000000000000000e+00
1.800000000000000000e+01
1.400000000000000000e+01
-1.500000000000000000e+01
-9.000000000000000000e+00
3.000000000000000000e+00
-1.100000000000000000e+01
1.400000000000000000e+01
-2.100000000000000000e+01
3.700000000000000000e+01
0.000000000000000000e+00
1.300000000000000000e+01
-9.000000000000000000e+00
7.000000000000000000e+00
-3.000000000000000000e+00
-1.300000000000000000e+01
2.100000000000000000e+01
-2.000000000000000000e+00
1.800000000000000000e+01
1.000000000000000000e+00
2.700000000000000000e+01
1.200000000000000000e+01
9.000000000000000000e+00
5.000000000000000000e+00
1.400000000000000000e+01
7.000000000000000000e+00
6.000000000000000000e+00
1.600000000000000000e+01
1.100000000000000000e+01
-1.000000000000000000e+01
-1.100000000000000000e+01
-1.100000000000000000e+01
3.000000000000000000e+01
1.600000000000000000e+01
2.100000000000000000e+01
7.000000000000000000e+00
1.500000000000000000e+01
1.800000000000000000e+01
9.000000000000000000e+00
-7.000000000000000000e+00
2.500000000000000000e+01
-2.100000000000000000e+01
-1.500000000000000000e+01
-4.000000000000000000e+00
-7.000000000000000000e+00
6.000000000000000000e+00
3.000000000000000000e+00
6.000000000000000000e+00
1.800000000000000000e+01
4.000000000000000000e+00
-1.000000000000000000e+01
6.000000000000000000e+00
-2.000000000000000000e+00
-5.000000000000000000e+00
2.500000000000000000e+01
-2.700000000000000000e+01
1.000000000000000000e+00
4.100000000000000000e+01
-5.000000000000000000e+00
1.500000000000000000e+01
-1.300000000000000000e+01
6.000000000000000000e+00
2.600000000000000000e+01
8.000000000000000000e+00
-3.000000000000000000e+00
-2.100000000000000000e+01
1.300000000000000000e+01
1.400000000000000000e+01
-3.000000000000000000e+00
-1.900000000000000000e+01
2.500000000000000000e+01
-5.000000000000000000e+00
1.000000000000000000e+00
-1.600000000000000000e+01
2.000000000000000000e+00
1.100000000000000000e+01
3.200000000000000000e+01
2.400000000000000000e+01
3.600000000000000000e+01
4.000000000000000000e+00
-2.000000000000000000e+00
1.300000000000000000e+01
-1.500000000000000000e+01
3.100000000000000000e+01
0.000000000000000000e+00
-1.700000000000000000e+01
-7.000000000000000000e+00
-1.000000000000000000e+01
2.300000000000000000e+01
1.100000000000000000e+01
1.200000000000000000e+01
2.300000000000000000e+01
3.000000000000000000e+00
2.000000000000000000e+00
2.000000000000000000e+00
8.000000000000000000e+00
1.900000000000000000e+01
8.000000000000000000e+00
1.700000000000000000e+01
-2.300000000000000000e+01
8.000000000000000000e+00
-9.000000000000000000e+00
1.200000000000000000e+01
6.000000000000000000e+00
3.000000000000000000e+00
7.000000000000000000e+00
9.000000000000000000e+00
1.300000000000000000e+01
-1.000000000000000000e+00
-3.000000000000000000e+00
-9.000000000000000000e+00
7.000000000000000000e+00
9.000000000000000000e+00
-5.000000000000000000e+00
-1.000000000000000000e+00
3.000000000000000000e+01
-1.200000000000000000e+01
-6.000000000000000000e+00
1.200000000000000000e+01
5.000000000000000000e+00
-1.000000000000000000e+01
6.000000000000000000e+00
-2.700000000000000000e+01
3.200000000000000000e+01
-1.800000000000000000e+01
-3.300000000000000000e+01
8.000000000000000000e+00
1.300000000000000000e+01
2.500000000000000000e+01
-9.000000000000000000e+00
-6.000000000000000000e+00
4.000000000000000000e+00
-2.400000000000000000e+01
2.100000000000000000e+01
-1.000000000000000000e+01
-1.500000000000000000e+01
-2.100000000000000000e+01
-1.100000000000000000e+01
-1.000000000000000000e+01
5.000000000000000000e+00
-1.000000000000000000e+01
2.000000000000000000e+00
-2.400000000000000000e+01
4.000000000000000000e+00
-9.000000000000000000e+00
3.900000000000000000e+01
1.600000000000000000e+01
6.000000000000000000e+00
1.800000000000000000e+01
1.800000000000000000e+01
2.000000000000000000e+00
-5.000000000000000000e+00
1.400000000000000000e+01
-1.000000000000000000e+00
-1.300000000000000000e+01
-1.100000000000000000e+01
-1.500000000000000000e+01
3.000000000000000000e+00
9.000000000000000000e+00
-1.800000000000000000e+01
6.500000000000000000e+01
2.000000000000000000e+00
-2.100000000000000000e+01
2.100000000000000000e+01
1.600000000000000000e+01
-1.300000000000000000e+01
-2.000000000000000000e+00
-1.000000000000000000e+01
1.600000000000000000e+01
-9.000000000000000000e+00
-7.000000000000000000e+00
-6.000000000000000000e+00
1.000000000000000000e+01
-3.400000000000000000e+01
-1.200000000000000000e+01
0.000000000000000000e+00
2.000000000000000000e+01
2.400000000000000000e+01
2.800000000000000000e+01
1.300000000000000000e+01
1.800000000000000000e+01
9.000000000000000000e+00
-1.700000000000000000e+01
2.300000000000000000e+01
-8.000000000000000000e+00
0.000000000000000000e+00
6.000000000000000000e+00
3.100000000000000000e+01
9.000000000000000000e+00
7.000000000000000000e+00
1.600000000000000000e+01
1.900000000000000000e+01
1.500000000000000000e+01
2.300000000000000000e+01
1.300000000000000000e+01
1.800000000000000000e+01
-8.000000000000000000e+00
1.800000000000000000e+01
0.000000000000000000e+00
4.000000000000000000e+00
3.000000000000000000e+00
2.000000000000000000e+00
6.000000000000000000e+00
1.000000000000000000e+00
7.000000000000000000e+00
-1.700000000000000000e+01
4.000000000000000000e+00
-5.000000000000000000e+00
2.000000000000000000e+00
2.600000000000000000e+01
9.000000000000000000e+00
-1.800000000000000000e+01
9.000000000000000000e+00
-1.000000000000000000e+01
7.000000000000000000e+00
7.000000000000000000e+00
2.500000000000000000e+01
-1.200000000000000000e+01
7.000000000000000000e+00
-5.000000000000000000e+00
1.200000000000000000e+01
1.000000000000000000e+00
1.400000000000000000e+01
1.800000000000000000e+01
1.100000000000000000e+01
-8.000000000000000000e+00
2.400000000000000000e+01
1.700000000000000000e+01
2.000000000000000000e+01
-2.400000000000000000e+01
1.500000000000000000e+01
-1.600000000000000000e+01
-4.000000000000000000e+00
2.100000000000000000e+01
2.300000000000000000e+01
-9.000000000000000000e+00
5.000000000000000000e+00
-1.500000000000000000e+01
-1.800000000000000000e+01
3.100000000000000000e+01
1.000000000000000000e+01
1.000000000000000000e+01
1.000000000000000000e+01
-1.600000000000000000e+01
2.000000000000000000e+00
2.200000000000000000e+01
-5.000000000000000000e+00
-6.000000000000000000e+00
-6.000000000000000000e+00
6.000000000000000000e+00
1.400000000000000000e+01
9.000000000000000000e+00
3.600000000000000000e+01
-1.500000000000000000e+01
-1.000000000000000000e+00
1.000000000000000000e+01
-2.800000000000000000e+01
1.600000000000000000e+01
-1.900000000000000000e+01
-1.800000000000000000e+01
1.000000000000000000e+01
5.000000000000000000e+00
7.000000000000000000e+00
-2.000000000000000000e+00
-4.000000000000000000e+00
3.400000000000000000e+01
-1.200000000000000000e+01
1.100000000000000000e+01
9.000000000000000000e+00
5.000000000000000000e+00
4.000000000000000000e+00
-2.800000000000000000e+01
1.800000000000000000e+01
1.100000000000000000e+01
-9.000000000000000000e+00
3.000000000000000000e+00
6.000000000000000000e+00
-4.000000000000000000e+00
1.100000000000000000e+01
-7.000000000000000000e+00
7.000000000000000000e+00
9.000000000000000000e+00
-3.000000000000000000e+01
1.600000000000000000e+01
4.000000000000000000e+00
-1.400000000000000000e+01
-3.000000000000000000e+00
-1.000000000000000000e+00
1.000000000000000000e+00
-1.100000000000000000e+01
-1.200000000000000000e+01
-9.000000000000000000e+00
-6.000000000000000000e+00
-1.100000000000000000e+01
1.700000000000000000e+01
-2.700000000000000000e+01
-1.800000000000000000e+01
1.400000000000000000e+01
-1.400000000000000000e+01
1.100000000000000000e+01
-1.500000000000000000e+01
2.500000000000000000e+01
-9.000000000000000000e+00
-2.600000000000000000e+01
-4.000000000000000000e+00
-1.100000000000000000e+01
9.000000000000000000e+00
-1.300000000000000000e+01
-5.000000000000000000e+00
6.000000000000000000e+00
5.000000000000000000e+00
-7.000000000000000000e+00
-2.000000000000000000e+00
1.700000000000000000e+01
-6.000000000000000000e+00
2.400000000000000000e+01
1.100000000000000000e+01
-1.800000000000000000e+01
3.200000000000000000e+01
3.000000000000000000e+00
2.000000000000000000e+00
1.000000000000000000e+00
1.100000000000000000e+01
7.000000000000000000e+00
2.900000000000000000e+01
-2.600000000000000000e+01
1.500000000000000000e+01
9.000000000000000000e+00
3.100000000000000000e+01
1.000000000000000000e+00
-1.500000000000000000e+01
-1.000000000000000000e+01
8.000000000000000000e+00
-1.700000000000000000e+01
-1.700000000000000000e+01
-2.400000000000000000e+01
-7.000000000000000000e+00
-3.000000000000000000e+00
-1.200000000000000000e+01
-1.500000000000000000e+01
1.800000000000000000e+01
1.000000000000000000e+01
1.000000000000000000e+01
-2.300000000000000000e+01
-2.000000000000000000e+01
6.000000000000000000e+00
-2.000000000000000000e+00
2.000000000000000000e+00
1.000000000000000000e+00
-1.000000000000000000e+00
2.400000000000000000e+01
-4.000000000000000000e+00
1.500000000000000000e+01
-1.300000000000000000e+01
4.000000000000000000e+00
1.900000000000000000e+01
-4.000000000000000000e+01
2.000000000000000000e+00
1.300000000000000000e+01
-2.300000000000000000e+01
-3.000000000000000000e+00
-2.500000000000000000e+01
-2.400000000000000000e+01
2.400000000000000000e+01
2.100000000000000000e+01
1.500000000000000000e+01
-1.900000000000000000e+01
2.200000000000000000e+01
1.500000000000000000e+01
1.100000000000000000e+01
1.000000000000000000e+01
-2.900000000000000000e+01
1.000000000000000000e+00
5.000000000000000000e+00
8.000000000000000000e+00
-2.800000000000000000e+01
-8.000000000000000000e+00
-3.000000000000000000e+00
3.000000000000000000e+00
-1.300000000000000000e+01
8.000000000000000000e+00
-5.000000000000000000e+00
4.000000000000000000e+00
-2.300000000000000000e+01
1.000000000000000000e+01
1.000000000000000000e+00
7.000000000000000000e+00
-4.000000000000000000e+00
2.300000000000000000e+01
1.700000000000000000e+01
-6.000000000000000000e+00
1.000000000000000000e+01
-1.600000000000000000e+01
1.700000000000000000e+01
-1.500000000000000000e+01
-7.000000000000000000e+00
1.200000000000000000e+01
1.600000000000000000e+01
-3.500000000000000000e+01
-2.000000000000000000e+00
-3.000000000000000000e+00
1.900000000000000000e+01
-3.000000000000000000e+01
-1.100000000000000000e+01
1.400000000000000000e+01
-4.000000000000000000e+00
1.000000000000000000e+01
-2.900000000000000000e+01
-2.400000000000000000e+01
2.100000000000000000e+01
1.200000000000000000e+01
-7.000000000000000000e+00
-3.000000000000000000e+00
-2.000000000000000000e+01
-2.200000000000000000e+01
-1.700000000000000000e+01
-1.500000000000000000e+01
9.000000000000000000e+00
-3.000000000000000000e+00
-7.000000000000000000e+00
-6.000000000000000000e+00
2.000000000000000000e+00
2.100000000000000000e+01
8.000000000000000000e+00
4.000000000000000000e+00
0.000000000000000000e+00
-8.000000000000000000e+00
-1.400000000000000000e+01
5.000000000000000000e+00
-3.200000000000000000e+01
0.000000000000000000e+00
2.400000000000000000e+01
-3.100000000000000000e+01
1.300000000000000000e+01
-2.000000000000000000e+00
1.300000000000000000e+01
-1.000000000000000000e+00
8.000000000000000000e+00
8.000000000000000000e+00
-2.000000000000000000e+00
8.000000000000000000e+00
-3.000000000000000000e+00
-1.400000000000000000e+01
-3.000000000000000000e+01
3.000000000000000000e+01
9.000000000000000000e+00
1.100000000000000000e+01
-5.000000000000000000e+00
2.800000000000000000e+01
-7.000000000000000000e+00
-6.000000000000000000e+00
-1.100000000000000000e+01
-5.000000000000000000e+00
-5.000000000000000000e+00
-7.000000000000000000e+00
-4.000000000000000000e+00
1.600000000000000000e+01
-2.400000000000000000e+01
2.900000000000000000e+01
2.000000000000000000e+00
-1.600000000000000000e+01
0.000000000000000000e+00
-1.900000000000000000e+01
-2.300000000000000000e+01
1.100000000000000000e+01
-2.000000000000000000e+00
2.300000000000000000e+01
7.000000000000000000e+00
-6.000000000000000000e+00
8.000000000000000000e+00
-2.000000000000000000e+00
7.000000000000000000e+00
5.000000000000000000e+00
-3.900000000000000000e+01
1.300000000000000000e+01
2.000000000000000000e+01
-9.000000000000000000e+00
-4.000000000000000000e+00
1.000000000000000000e+01
-2.700000000000000000e+01
-1.200000000000000000e+01
6.000000000000000000e+00
-1.400000000000000000e+01
2.000000000000000000e+01
-9.000000000000000000e+00
-1.300000000000000000e+01
3.000000000000000000e+00
-4.000000000000000000e+00
-7.000000000000000000e+00
5.000000000000000000e+00
1.000000000000000000e+01
8.000000000000000000e+00
-1.700000000000000000e+01
1.300000000000000000e+01
-1.400000000000000000e+01
6.000000000000000000e+00
-3.300000000000000000e+01
-1.600000000000000000e+01
-6.000000000000000000e+00
1.300000000000000000e+01
-1.200000000000000000e+01
4.000000000000000000e+01
-2.200000000000000000e+01
1.400000000000000000e+01
1.100000000000000000e+01
2.900000000000000000e+01
5.000000000000000000e+00
2.000000000000000000e+00
1.200000000000000000e+01
8.000000000000000000e+00
7.000000000000000000e+00
3.500000000000000000e+01
1.800000000000000000e+01
3.000000000000000000e+00
2.200000000000000000e+01
1.100000000000000000e+01
-1.200000000000000000e+01
-2.300000000000000000e+01
7.000000000000000000e+00
-1.900000000000000000e+01
2.000000000000000000e+01
-6.000000000000000000e+00
2.000000000000000000e+00
-1.100000000000000000e+01
2.600000000000000000e+01
-5.000000000000000000e+00
2.800000000000000000e+01
-1.300000000000000000e+01
2.000000000000000000e+00
0.000000000000000000e+00
0.000000000000000000e+00
8.000000000000000000e+00
-1.300000000000000000e+01
1.200000000000000000e+01
8.000000000000000000e+00
-1.300000000000000000e+01
-6.000000000000000000e+00
2.100000000000000000e+01
-7.000000000000000000e+00
1.100000000000000000e+01
2.900000000000000000e+01
2.600000000000000000e+01
2.000000000000000000e+00
-2.000000000000000000e+00
4.000000000000000000e+00
2.600000000000000000e+01
-3.000000000000000000e+00
-4.000000000000000000e+00
0.000000000000000000e+00
2.300000000000000000e+01
-1.000000000000000000e+00
8.000000000000000000e+00
-1.500000000000000000e+01
9.000000000000000000e+00
-1.000000000000000000e+01
7.000000000000000000e+00
1.000000000000000000e+01
1.300000000000000000e+01
1.500000000000000000e+01
1.800000000000000000e+01
1.200000000000000000e+01
-9.000000000000000000e+00
-3.000000000000000000e+00
3.000000000000000000e+00
-5.000000000000000000e+00
4.000000000000000000e+00
2.000000000000000000e+01
9.000000000000000000e+00
0.000000000000000000e+00
2.300000000000000000e+01
1.200000000000000000e+01
3.800000000000000000e+01
1.600000000000000000e+01
2.900000000000000000e+01
4.000000000000000000e+00
5.400000000000000000e+01
3.800000000000000000e+01
4.700000000000000000e+01
7.000000000000000000e+00
1.700000000000000000e+01
6.300000000000000000e+01
4.500000000000000000e+01
3.800000000000000000e+01
4.900000000000000000e+01
4.200000000000000000e+01
9.000000000000000000e+00
6.300000000000000000e+01
8.200000000000000000e+01
5.800000000000000000e+01
7.000000000000000000e+01
6.400000000000000000e+01
7.100000000000000000e+01
4.800000000000000000e+01
6.300000000000000000e+01
8.700000000000000000e+01
1.050000000000000000e+02
8.600000000000000000e+01
1.280000000000000000e+02
1.000000000000000000e+02
1.150000000000000000e+02
1.040000000000000000e+02
1.300000000000000000e+02
1.090000000000000000e+02
1.410000000000000000e+02
1.120000000000000000e+02
1.430000000000000000e+02
1.620000000000000000e+02
1.480000000000000000e+02
1.990000000000000000e+02
1.970000000000000000e+02
2.020000000000000000e+02
2.240000000000000000e+02
2.440000000000000000e+02
2.480000000000000000e+02
2.650000000000000000e+02
2.780000000000000000e+02
3.040000000000000000e+02
3.080000000000000000e+02
3.390000000000000000e+02
3.390000000000000000e+02
3.780000000000000000e+02
3.410000000000000000e+02
3.590000000000000000e+02
4.270000000000000000e+02
4.030000000000000000e+02
3.980000000000000000e+02
4.180000000000000000e+02
4.220000000000000000e+02
4.830000000000000000e+02
4.790000000000000000e+02
5.220000000000000000e+02
5.980000000000000000e+02
5.560000000000000000e+02
6.010000000000000000e+02
6.270000000000000000e+02
6.260000000000000000e+02
6.830000000000000000e+02
6.710000000000000000e+02
6.990000000000000000e+02
7.780000000000000000e+02
8.010000000000000000e+02
8.270000000000000000e+02
7.980000000000000000e+02
8.490000000000000000e+02
8.740000000000000000e+02
8.900000000000000000e+02
9.370000000000000000e+02
9.510000000000000000e+02
9.550000000000000000e+02
9.810000000000000000e+02
1.011000000000000000e+03
1.014000000000000000e+03
1.003000000000000000e+03
1.082000000000000000e+03
1.045000000000000000e+03
1.131000000000000000e+03
1.112000000000000000e+03
1.154000000000000000e+03
1.138000000000000000e+03
1.208000000000000000e+03
1.169000000000000000e+03
1.221000000000000000e+03
1.250000000000000000e+03
1.235000000000000000e+03
1.236000000000000000e+03
1.268000000000000000e+03
1.328000000000000000e+03
1.303000000000000000e+03
1.305000000000000000e+03
1.303000000000000000e+03
1.361000000000000000e+03
1.337000000000000000e+03
1.357000000000000000e+03
1.408000000000000000e+03
1.410000000000000000e+03
1.432000000000000000e+03
1.440000000000000000e+03
1.418000000000000000e+03
1.420000000000000000e+03
1.417000000000000000e+03
1.419000000000000000e+03
1.377000000000000000e+03
1.384000000000000000e+03
1.379000000000000000e+03
1.310000000000000000e+03
1.387000000000000000e+03
1.312000000000000000e+03
1.321000000000000000e+03
1.263000000000000000e+03
1.235000000000000000e+03
1.195000000000000000e+03
1.252000000000000000e+03
1.206000000000000000e+03
1.148000000000000000e+03
1.167000000000000000e+03
1.215000000000000000e+03
1.190000000000000000e+03
1.136000000000000000e+03
1.163000000000000000e+03
1.149000000000000000e+03
1.111000000000000000e+03
1.102000000000000000e+03
1.092000000000000000e+03
1.141000000000000000e+03
1.094000000000000000e+03
1.073000000000000000e+03
1.064000000000000000e+03
1.078000000000000000e+03
1.066000000000000000e+03
1.016000000000000000e+03
1.013000000000000000e+03
9.780000000000000000e+02
8.950000000000000000e+02
9.080000000000000000e+02
9.130000000000000000e+02
8.560000000000000000e+02
8.570000000000000000e+02
8.110000000000000000e+02
8.210000000000000000e+02
8.000000000000000000e+02
7.620000000000000000e+02
7.540000000000000000e+02
7.130000000000000000e+02
6.690000000000000000e+02
6.850000000000000000e+02
6.210000000000000000e+02
6.110000000000000000e+02
6.230000000000000000e+02
5.860000000000000000e+02
5.830000000000000000e+02
5.780000000000000000e+02
5.650000000000000000e+02
5.160000000000000000e+02
5.020000000000000000e+02
5.290000000000000000e+02
5.160000000000000000e+02
4.580000000000000000e+02
4.580000000000000000e+02
4.330000000000000000e+02
4.220000000000000000e+02
4.090000000000000000e+02
3.770000000000000000e+02
3.640000000000000000e+02
3.730000000000000000e+02
3.080000000000000000e+02
3.410000000000000000e+02
3.170000000000000000e+02
2.580000000000000000e+02
2.800000000000000000e+02
2.660000000000000000e+02
2.490000000000000000e+02
2.470000000000000000e+02
2.430000000000000000e+02
2.260000000000000000e+02
2.290000000000000000e+02
2.120000000000000000e+02
1.870000000000000000e+02
2.010000000000000000e+02
2.010000000000000000e+02
1.840000000000000000e+02
1.900000000000000000e+02
1.700000000000000000e+02
1.730000000000000000e+02
1.850000000000000000e+02
1.630000000000000000e+02
1.440000000000000000e+02
1.100000000000000000e+02
1.080000000000000000e+02
1.440000000000000000e+02
1.010000000000000000e+02
1.090000000000000000e+02
1.310000000000000000e+02
8.500000000000000000e+01
8.500000000000000000e+01
7.900000000000000000e+01
1.120000000000000000e+02
8.100000000000000000e+01
7.100000000000000000e+01
6.400000000000000000e+01
8.700000000000000000e+01
5.000000000000000000e+01
5.400000000000000000e+01
7.600000000000000000e+01
6.700000000000000000e+01
6.300000000000000000e+01
9.000000000000000000e+00
3.100000000000000000e+01
3.400000000000000000e+01
3.300000000000000000e+01
1.900000000000000000e+01
5.700000000000000000e+01
2.200000000000000000e+01
2.700000000000000000e+01
2.700000000000000000e+01
4.900000000000000000e+01
-1.600000000000000000e+01
-2.000000000000000000e+00
1.700000000000000000e+01
4.800000000000000000e+01
-5.000000000000000000e+00
1.100000000000000000e+01
2.300000000000000000e+01
7.000000000000000000e+00
4.700000000000000000e+01
3.300000000000000000e+01
1.000000000000000000e+00
1.000000000000000000e+01
1.800000000000000000e+01
1.000000000000000000e+01
-9.000000000000000000e+00
3.100000000000000000e+01
0.000000000000000000e+00
-1.000000000000000000e+01
0.000000000000000000e+00
1.000000000000000000e+01
1.700000000000000000e+01
2.000000000000000000e+00
-5.000000000000000000e+00
1.500000000000000000e+01
3.000000000000000000e+01
2.100000000000000000e+01
3.300000000000000000e+01
1.000000000000000000e+00
-2.000000000000000000e+00
3.000000000000000000e+01
-7.000000000000000000e+00
2.000000000000000000e+00
1.500000000000000000e+01
-2.000000000000000000e+00
2.900000000000000000e+01
3.000000000000000000e+00
6.000000000000000000e+00
3.500000000000000000e+01
9.000000000000000000e+00
2.800000000000000000e+01
1.300000000000000000e+01
-6.000000000000000000e+00
9.000000000000000000e+00
-1.500000000000000000e+01
0.000000000000000000e+00
1.600000000000000000e+01
-1.000000000000000000e+01
4.000000000000000000e+00
7.000000000000000000e+00
-2.200000000000000000e+01
-6.000000000000000000e+00
0.000000000000000000e+00
2.900000000000000000e+01
-2.000000000000000000e+00
1.300000000000000000e+01
-5.000000000000000000e+00
1.500000000000000000e+01
-1.600000000000000000e+01
3.000000000000000000e+00
2.000000000000000000e+00
-7.000000000000000000e+00
3.000000000000000000e+00
-9.000000000000000000e+00
1.000000000000000000e+01
-2.000000000000000000e+01
1.500000000000000000e+01
-5.000000000000000000e+00
-1.200000000000000000e+01
-1.300000000000000000e+01
3.700000000000000000e+01
6.000000000000000000e+00
-2.000000000000000000e+01
-1.000000000000000000e+00
8.000000000000000000e+00
1.000000000000000000e+00
-4.000000000000000000e+00
3.100000000000000000e+01
7.000000000000000000e+00
-1.000000000000000000e+01
1.700000000000000000e+01
-1.000000000000000000e+01
3.000000000000000000e+01
-1.300000000000000000e+01
2.100000000000000000e+01
0.000000000000000000e+00
4.000000000000000000e+00
-2.000000000000000000e+00
-1.000000000000000000e+00
