3.000000000000000000e+00
2.000000000000000000e+00
-8.000000000000000000e+00
4.000000000000000000e+00
1.500000000000000000e+01
-2.400000000000000000e+01
-2.300000000000000000e+01
-2.500000000000000000e+01
4.000000000000000000e+00
-1.000000000000000000e+00
-1.500000000000000000e+01
-1.100000000000000000e+01
-9.000000000000000000e+00
1.700000000000000000e+01
-4.000000000000000000e+00
9.000000000000000000e+00
6.000000000000000000e+00
2.700000000000000000e+01
0.000000000000000000e+00
9.000000000000000000e+00
3.400000000000000000e+01
0.000000000000000000e+00
2.700000000000000000e+01
-2.100000000000000000e+01
-1.600000000000000000e+01
0.000000000000000000e+00
4.000000000000000000e+00
-7.000000000000000000e+00
7.000000000000000000e+00
-1.800000000000000000e+01
0.000000000000000000e+00
-1.000000000000000000e+01
4.000000000000000000e+01
2.000000000000000000e+00
1.100000000000000000e+01
-2.700000000000000000e+01
3.000000000000000000e+00
0.000000000000000000e+00
-8.000000000000000000e+00
2.100000000000000000e+01
3.000000000000000000e+00
1.100000000000000000e+01
-5.000000000000000000e+00
-2.700000000000000000e+01
-4.000000000000000000e+00
-2.000000000000000000e+01
-7.000000000000000000e+00
1.500000000000000000e+01
5.000000000000000000e+00
-3.000000000000000000e+00
1.300000000000000000e+01
-2.900000000000000000e+01
4.000000000000000000e+00
-1.000000000000000000e+00
-1.200000000000000000e+01
-2.200000000000000000e+01
-1.500000000000000000e+01
-4.000000000000000000e+01
-1.000000000000000000e+00
-1.000000000000000000e+01
-5.000000000000000000e+00
2.500000000000000000e+01
-2.200000000000000000e+01
0.000000000000000000e+00
-1.000000000000000000e+01
1.700000000000000000e+01
-2.500000000000000000e+01
8.000000000000000000e+00
3.000000000000000000e+00
0.000000000000000000e+00
-5.000000000000000000e+00
1.800000000000000000e+01
-1.900000000000000000e+01
-1.700000000000000000e+01
9.000000000000000000e+00
-5.000000000000000000e+00
-9.000000000000000000e+00
2.700000000000000000e+01
-5.000000000000000000e+00
-3.300000000000000000e+01
2.500000000000000000e+01
6.000000000000000000e+00
-3.700000000000000000e+01
8.000000000000000000e+00
-2.100000000000000000e+01
-1.000000000000000000e+01
1.000000000000000000e+01
2.000000000000000000e+00
1.900000000000000000e+01
4.000000000000000000e+00
-2.000000000000000000e+01
4.000000000000000000e+00
1.200000000000000000e+01
5.000000000000000000e+00
1.100000000000000000e+01
6.000000000000000000e+00
-1.900000000000000000e+01
-1.000000000000000000e+01
-1.400000000000000000e+01
-2.000000000000000000e+00
2.400000000000000000e+01
3.000000000000000000e+00
-2.700000000000000000e+01
-1.000000000000000000e+01
-1.000000000000000000e+00
-1.600000000000000000e+01
-1.300000000000000000e+01
2.800000000000000000e+01
-1.600000000000000000e+01
-3.000000000000000000e+00
1.100000000000000000e+01
1.800000000000000000e+01
4.000000000000000000e+00
-1.000000000000000000e+01
-1.000000000000000000e+00
4.000000000000000000e+00
1.100000000000000000e+01
-1.800000000000000000e+01
-1.400000000000000000e+01
-6.000000000000000000e+00
8.000000000000000000e+00
-1.000000000000000000e+00
2.000000000000000000e+00
0.000000000000000000e+00
2.200000000000000000e+01
-4.400000000000000000e+01
1.200000000000000000e+01
2.000000000000000000e+00
2.400000000000000000e+01
-5.000000000000000000e+00
0.000000000000000000e+00
-4.000000000000000000e+00
-3.000000000000000000e+00
2.400000000000000000e+01
-2.400000000000000000e+01
3.400000000000000000e+01
5.000000000000000000e+00
2.400000000000000000e+01
-1.500000000000000000e+01
1.000000000000000000e+01
1.000000000000000000e+01
-9.000000000000000000e+00
-3.100000000000000000e+01
2.800000000000000000e+01
-1.400000000000000000e+01
3.600000000000000000e+01
2.800000000000000000e+01
-3.500000000000000000e+01
7.000000000000000000e+00
-1.000000000000000000e+00
2.800000000000000000e+01
1.900000000000000000e+01
4.000000000000000000e+00
3.100000000000000000e+01
-2.000000000000000000e+00
-5.000000000000000000e+00
8.000000000000000000e+00
1.100000000000000000e+01
-2.000000000000000000e+00
-2.000000000000000000e+01
4.000000000000000000e+00
-1.100000000000000000e+01
-3.200000000000000000e+01
-1.900000000000000000e+01
-3.000000000000000000e+01
-2.200000000000000000e+01
-9.000000000000000000e+00
-1.700000000000000000e+01
8.000000000000000000e+00
-1.600000000000000000e+01
-6.000000000000000000e+00
-5.000000000000000000e+00
-1.400000000000000000e+01
3.400000000000000000e+01
-4.000000000000000000e+00
5.000000000000000000e+00
-2.500000000000000000e+01
-1.600000000000000000e+01
-3.000000000000000000e+00
2.000000000000000000e+00
-3.400000000000000000e+01
6.000000000000000000e+00
8.000000000000000000e+00
-8.000000000000000000e+00
1.000000000000000000e+00
-1.600000000000000000e+01
-2.600000000000000000e+01
-1.000000000000000000e+00
-1.000000000000000000e+00
3.600000000000000000e+01
2.000000000000000000e+01
-4.200000000000000000e+01
-1.800000000000000000e+01
-7.000000000000000000e+00
2.200000000000000000e+01
-2.000000000000000000e+00
1.000000000000000000e+01
3.000000000000000000e+01
-6.000000000000000000e+00
-1.000000000000000000e+00
-5.000000000000000000e+00
0.000000000000000000e+00
2.000000000000000000e+00
9.000000000000000000e+00
-2.000000000000000000e+01
-2.900000000000000000e+01
9.000000000000000000e+00
6.000000000000000000e+00
-4.000000000000000000e+00
9.000000000000000000e+00
8.000000000000000000e+00
-4.300000000000000000e+01
3.100000000000000000e+01
-1.000000000000000000e+00
0.000000000000000000e+00
0.000000000000000000e+00
1.200000000000000000e+01
8.000000000000000000e+00
0.000000000000000000e+00
5.000000000000000000e+00
4.600000000000000000e+01
-1.000000000000000000e+00
-2.000000000000000000e+00
2.100000000000000000e+01
-2.800000000000000000e+01
6.000000000000000000e+00
-1.900000000000000000e+01
-1.000000000000000000e+01
-3.000000000000000000e+00
-3.000000000000000000e+00
2.300000000000000000e+01
1.000000000000000000e+01
2.900000000000000000e+01
2.700000000000000000e+01
-9.000000000000000000e+00
-6.000000000000000000e+00
-1.000000000000000000e+00
-6.000000000000000000e+00
-1.700000000000000000e+01
-1.000000000000000000e+00
8.000000000000000000e+00
-1.000000000000000000e+00
8.000000000000000000e+00
1.900000000000000000e+01
2.700000000000000000e+01
3.000000000000000000e+00
1.500000000000000000e+01
-2.000000000000000000e+00
-2.700000000000000000e+01
-1.000000000000000000e+00
5.000000000000000000e+00
-2.100000000000000000e+01
-9.000000000000000000e+00
1.000000000000000000e+00
-2.400000000000000000e+01
-2.000000000000000000e+01
1.300000000000000000e+01
-1.500000000000000000e+01
-2.800000000000000000e+01
-3.400000000000000000e+01
-1.500000000000000000e+01
1.800000000000000000e+01
1.100000000000000000e+01
1.900000000000000000e+01
-3.000000000000000000e+00
3.000000000000000000e+00
2.600000000000000000e+01
-7.000000000000000000e+00
5.000000000000000000e+00
-1.000000000000000000e+00
1.200000000000000000e+01
9.000000000000000000e+00
-1.000000000000000000e+00
-1.400000000000000000e+01
2.800000000000000000e+01
-1.800000000000000000e+01
-1.000000000000000000e+01
-1.700000000000000000e+01
-3.000000000000000000e+00
3.000000000000000000e+00
-3.000000000000000000e+00
-7.000000000000000000e+00
1.000000000000000000e+00
2.800000000000000000e+01
1.300000000000000000e+01
-3.000000000000000000e+00
-2.600000000000000000e+01
-1.800000000000000000e+01
-3.300000000000000000e+01
6.000000000000000000e+00
-4.000000000000000000e+00
1.000000000000000000e+00
-1.800000000000000000e+01
2.700000000000000000e+01
-5.000000000000000000e+00
3.000000000000000000e+00
-1.500000000000000000e+01
-2.000000000000000000e+00
3.000000000000000000e+00
2.600000000000000000e+01
6.000000000000000000e+00
-2.800000000000000000e+01
-2.800000000000000000e+01
-1.100000000000000000e+01
-1.400000000000000000e+01
-1.300000000000000000e+01
6.000000000000000000e+00
-1.300000000000000000e+01
3.000000000000000000e+00
-1.100000000000000000e+01
-1.500000000000000000e+01
1.300000000000000000e+01
-1.000000000000000000e+00
-1.000000000000000000e+01
-4.000000000000000000e+00
9.000000000000000000e+00
-1.900000000000000000e+01
1.000000000000000000e+00
-1.000000000000000000e+00
-3.900000000000000000e+01
-3.000000000000000000e+01
-5.000000000000000000e+00
-4.000000000000000000e+00
-1.900000000000000000e+01
1.200000000000000000e+01
-1.100000000000000000e+01
3.000000000000000000e+00
-6.000000000000000000e+00
-1.500000000000000000e+01
5.000000000000000000e+00
1.500000000000000000e+01
3.000000000000000000e+01
-2.000000000000000000e+01
-5.000000000000000000e+00
-3.000000000000000000e+00
0.000000000000000000e+00
1.500000000000000000e+01
1.800000000000000000e+01
9.000000000000000000e+00
-7.000000000000000000e+00
1.000000000000000000e+00
-1.500000000000000000e+01
3.000000000000000000e+00
6.000000000000000000e+00
-8.000000000000000000e+00
-1.000000000000000000e+01
-7.000000000000000000e+00
8.000000000000000000e+00
-1.500000000000000000e+01
9.000000000000000000e+00
9.000000000000000000e+00
-2.000000000000000000e+00
3.700000000000000000e+01
-2.200000000000000000e+01
3.900000000000000000e+01
1.700000000000000000e+01
-2.000000000000000000e+01
1.900000000000000000e+01
-3.000000000000000000e+00
-1.700000000000000000e+01
-3.600000000000000000e+01
3.100000000000000000e+01
-6.000000000000000000e+00
2.200000000000000000e+01
-7.000000000000000000e+00
3.000000000000000000e+00
-1.200000000000000000e+01
-2.500000000000000000e+01
9.000000000000000000e+00
1.300000000000000000e+01
-1.300000000000000000e+01
1.200000000000000000e+01
1.200000000000000000e+01
-6.000000000000000000e+00
2.000000000000000000e+01
-2.200000000000000000e+01
4.000000000000000000e+00
-2.000000000000000000e+01
5.000000000000000000e+00
8.000000000000000000e+00
3.000000000000000000e+01
-5.000000000000000000e+00
-3.200000000000000000e+01
2.600000000000000000e+01
-2.000000000000000000e+01
1.500000000000000000e+01
-1.600000000000000000e+01
-2.300000000000000000e+01
3.000000000000000000e+00
1.200000000000000000e+01
-7.000000000000000000e+00
1.000000000000000000e+00
3.000000000000000000e+00
2.000000000000000000e+00
6.000000000000000000e+00
2.600000000000000000e+01
-1.300000000000000000e+01
2.000000000000000000e+00
-1.400000000000000000e+01
1.800000000000000000e+01
1.100000000000000000e+01
-1.400000000000000000e+01
-1.000000000000000000e+01
-1.200000000000000000e+01
-1.800000000000000000e+01
4.000000000000000000e+00
1.300000000000000000e+01
-1.700000000000000000e+01
9.000000000000000000e+00
-3.200000000000000000e+01
6.000000000000000000e+00
-4.100000000000000000e+01
-3.800000000000000000e+01
-8.000000000000000000e+00
2.000000000000000000e+01
-1.500000000000000000e+01
2.600000000000000000e+01
-8.000000000000000000e+00
-1.100000000000000000e+01
1.500000000000000000e+01
1.300000000000000000e+01
2.000000000000000000e+00
-1.400000000000000000e+01
-4.000000000000000000e+00
1.000000000000000000e+01
5.000000000000000000e+00
-4.000000000000000000e+00
1.000000000000000000e+00
-2.800000000000000000e+01
0.000000000000000000e+00
-2.100000000000000000e+01
3.000000000000000000e+00
1.100000000000000000e+01
-3.000000000000000000e+00
0.000000000000000000e+00
-6.000000000000000000e+00
-2.200000000000000000e+01
2.700000000000000000e+01
3.000000000000000000e+00
9.000000000000000000e+00
1.000000000000000000e+01
-2.100000000000000000e+01
-6.000000000000000000e+00
0.000000000000000000e+00
1.200000000000000000e+01
4.300000000000000000e+01
-8.000000000000000000e+00
-2.100000000000000000e+01
-2.000000000000000000e+01
4.000000000000000000e+00
5.000000000000000000e+00
5.000000000000000000e+00
-1.100000000000000000e+01
-1.000000000000000000e+00
-7.000000000000000000e+00
0.000000000000000000e+00
3.300000000000000000e+01
0.000000000000000000e+00
1.300000000000000000e+01
-1.300000000000000000e+01
-3.500000000000000000e+01
-1.000000000000000000e+00
-9.000000000000000000e+00
-2.700000000000000000e+01
-1.000000000000000000e+01
4.000000000000000000e+00
3.000000000000000000e+00
-2.000000000000000000e+01
-6.000000000000000000e+00
-1.400000000000000000e+01
1.600000000000000000e+01
7.000000000000000000e+00
3.000000000000000000e+00
6.000000000000000000e+00
-4.000000000000000000e+00
-1.600000000000000000e+01
-1.900000000000000000e+01
-1.300000000000000000e+01
1.600000000000000000e+01
4.000000000000000000e+00
-1.600000000000000000e+01
-6.000000000000000000e+00
6.000000000000000000e+00
-3.000000000000000000e+00
-2.000000000000000000e+01
1.500000000000000000e+01
-1.200000000000000000e+01
8.000000000000000000e+00
3.000000000000000000e+00
1.200000000000000000e+01
3.000000000000000000e+00
7.000000000000000000e+00
2.100000000000000000e+01
-2.000000000000000000e+01
6.000000000000000000e+00
1.300000000000000000e+01
8.000000000000000000e+00
-1.300000000000000000e+01
-1.400000000000000000e+01
2.000000000000000000e+00
2.700000000000000000e+01
6.000000000000000000e+00
2.600000000000000000e+01
6.000000000000000000e+00
1.700000000000000000e+01
-2.000000000000000000e+00
2.000000000000000000e+00
1.700000000000000000e+01
-3.300000000000000000e+01
-1.100000000000000000e+01
-5.000000000000000000e+00
-8.000000000000000000e+00
1.200000000000000000e+01
8.000000000000000000e+00
1.400000000000000000e+01
1.400000000000000000e+01
-8.000000000000000000e+00
1.000000000000000000e+01
3.200000000000000000e+01
1.100000000000000000e+01
1.000000000000000000e+00
2.300000000000000000e+01
-3.000000000000000000e+00
-4.000000000000000000e+00
2.900000000000000000e+01
-1.300000000000000000e+01
1.700000000000000000e+01
-2.000000000000000000e+00
3.000000000000000000e+01
-1.000000000000000000e+00
7.000000000000000000e+00
2.900000000000000000e+01
1.200000000000000000e+01
2.500000000000000000e+01
1.600000000000000000e+01
1.200000000000000000e+01
1.300000000000000000e+01
2.200000000000000000e+01
-2.100000000000000000e+01
1.000000000000000000e+01
4.000000000000000000e+01
-8.000000000000000000e+00
1.000000000000000000e+01
1.500000000000000000e+01
1.900000000000000000e+01
1.900000000000000000e+01
4.700000000000000000e+01
-2.700000000000000000e+01
2.200000000000000000e+01
-4.000000000000000000e+00
-2.800000000000000000e+01
-4.100000000000000000e+01
2.000000000000000000e+00
-2.200000000000000000e+01
4.100000000000000000e+01
-7.000000000000000000e+00
1.300000000000000000e+01
2.000000000000000000e+01
-1.900000000000000000e+01
1.100000000000000000e+01
2.300000000000000000e+01
0.000000000000000000e+00
1.300000000000000000e+01
8.000000000000000000e+00
-1.600000000000000000e+01
-1.900000000000000000e+01
2.000000000000000000e+01
-1.000000000000000000e+00
-3.600000000000000000e+01
8.000000000000000000e+00
-9.000000000000000000e+00
3.300000000000000000e+01
6.000000000000000000e+00
-9.000000000000000000e+00
3.000000000000000000e+00
3.200000000000000000e+01
-2.200000000000000000e+01
-1.800000000000000000e+01
2.100000000000000000e+01
-1.000000000000000000e+01
-1.800000000000000000e+01
2.000000000000000000e+01
-6.000000000000000000e+00
2.200000000000000000e+01
2.200000000000000000e+01
4.100000000000000000e+01
1.700000000000000000e+01
2.000000000000000000e+01
-2.400000000000000000e+01
1.000000000000000000e+01
-1.600000000000000000e+01
4.000000000000000000e+00
-2.000000000000000000e+00
-6.000000000000000000e+00
1.100000000000000000e+01
1.700000000000000000e+01
-3.000000000000000000e+00
-3.600000000000000000e+01
2.500000000000000000e+01
5.000000000000000000e+00
9.000000000000000000e+00
-2.300000000000000000e+01
7.000000000000000000e+00
-5.000000000000000000e+00
-5.000000000000000000e+00
-1.300000000000000000e+01
9.000000000000000000e+00
3.800000000000000000e+01
-5.000000000000000000e+00
-5.000000000000000000e+00
3.000000000000000000e+01
1.500000000000000000e+01
-1.700000000000000000e+01
-4.000000000000000000e+00
8.000000000000000000e+00
-1.700000000000000000e+01
-2.100000000000000000e+01
9.000000000000000000e+00
8.000000000000000000e+00
7.000000000000000000e+00
4.000000000000000000e+01
-3.000000000000000000e+01
3.500000000000000000e+01
1.000000000000000000e+01
3.800000000000000000e+01
-2.700000000000000000e+01
2.000000000000000000e+00
9.000000000000000000e+00
-7.000000000000000000e+00
-3.900000000000000000e+01
2.300000000000000000e+01
1.200000000000000000e+01
1.100000000000000000e+01
4.000000000000000000e+00
2.000000000000000000e+00
-9.000000000000000000e+00
-1.000000000000000000e+01
3.600000000000000000e+01
9.000000000000000000e+00
2.000000000000000000e+01
-1.900000000000000000e+01
-1.600000000000000000e+01
-6.000000000000000000e+00
-6.000000000000000000e+00
3.400000000000000000e+01
3.200000000000000000e+01
-4.000000000000000000e+00
-1.800000000000000000e+01
3.800000000000000000e+01
8.000000000000000000e+00
4.000000000000000000e+00
-1.900000000000000000e+01
2.400000000000000000e+01
1.500000000000000000e+01
1.000000000000000000e+00
-3.100000000000000000e+01
2.300000000000000000e+01
-2.500000000000000000e+01
3.000000000000000000e+01
7.000000000000000000e+00
5.000000000000000000e+00
8.000000000000000000e+00
-9.000000000000000000e+00
3.100000000000000000e+01
-1.300000000000000000e+01
-6.000000000000000000e+00
1.000000000000000000e+01
2.700000000000000000e+01
-3.000000000000000000e+00
2.000000000000000000e+01
-4.200000000000000000e+01
-1.000000000000000000e+01
1.300000000000000000e+01
1.700000000000000000e+01
0.000000000000000000e+00
-2.000000000000000000e+00
2.000000000000000000e+00
2.300000000000000000e+01
2.200000000000000000e+01
-1.400000000000000000e+01
3.000000000000000000e+00
1.500000000000000000e+01
-9.000000000000000000e+00
8.000000000000000000e+00
5.000000000000000000e+00
1.000000000000000000e+01
1.700000000000000000e+01
3.000000000000000000e+00
1.100000000000000000e+01
0.000000000000000000e+00
-3.000000000000000000e+00
8.000000000000000000e+00
2.200000000000000000e+01
8.000000000000000000e+00
1.500000000000000000e+01
-1.000000000000000000e+00
-2.000000000000000000e+00
4.600000000000000000e+01
0.000000000000000000e+00
1.900000000000000000e+01
6.000000000000000000e+00
3.700000000000000000e+01
-2.000000000000000000e+00
1.000000000000000000e+00
5.000000000000000000e+00
2.100000000000000000e+01
1.300000000000000000e+01
1.600000000000000000e+01
1.900000000000000000e+01
3.500000000000000000e+01
2.000000000000000000e+00
1.000000000000000000e+00
3.000000000000000000e+01
1.900000000000000000e+01
2.700000000000000000e+01
-2.100000000000000000e+01
3.700000000000000000e+01
-1.200000000000000000e+01
1.800000000000000000e+01
3.000000000000000000e+01
2.000000000000000000e+00
2.000000000000000000e+01
6.000000000000000000e+00
1.300000000000000000e+01
1.000000000000000000e+01
-7.000000000000000000e+00
8.000000000000000000e+00
6.000000000000000000e+00
-9.000000000000000000e+00
4.200000000000000000e+01
3.000000000000000000e+00
9.000000000000000000e+00
3.200000000000000000e+01
1.000000000000000000e+01
-1.000000000000000000e+00
3.100000000000000000e+01
-1.100000000000000000e+01
2.000000000000000000e+01
2.100000000000000000e+01
2.200000000000000000e+01
4.600000000000000000e+01
2.300000000000000000e+01
4.700000000000000000e+01
1.400000000000000000e+01
-3.600000000000000000e+01
-2.000000000000000000e+00
5.000000000000000000e+00
1.200000000000000000e+01
-4.000000000000000000e+00
1.900000000000000000e+01
3.600000000000000000e+01
1.900000000000000000e+01
1.000000000000000000e+00
2.500000000000000000e+01
3.900000000000000000e+01
2.000000000000000000e+01
1.100000000000000000e+01
-7.000000000000000000e+00
9.000000000000000000e+00
2.700000000000000000e+01
2.800000000000000000e+01
1.500000000000000000e+01
-2.000000000000000000e+00
-9.000000000000000000e+00
3.400000000000000000e+01
2.100000000000000000e+01
-1.000000000000000000e+01
9.000000000000000000e+00
2.500000000000000000e+01
2.800000000000000000e+01
2.200000000000000000e+01
1.100000000000000000e+01
2.600000000000000000e+01
4.800000000000000000e+01
2.000000000000000000e+00
1.100000000000000000e+01
-4.000000000000000000e+00
4.500000000000000000e+01
1.100000000000000000e+01
3.900000000000000000e+01
3.000000000000000000e+01
9.000000000000000000e+00
-1.500000000000000000e+01
1.800000000000000000e+01
3.900000000000000000e+01
1.500000000000000000e+01
0.000000000000000000e+00
2.600000000000000000e+01
5.000000000000000000e+00
2.700000000000000000e+01
9.000000000000000000e+00
6.000000000000000000e+00
-1.700000000000000000e+01
-1.700000000000000000e+01
0.000000000000000000e+00
2.200000000000000000e+01
2.400000000000000000e+01
2.700000000000000000e+01
-7.000000000000000000e+00
2.300000000000000000e+01
6.000000000000000000e+00
4.200000000000000000e+01
2.800000000000000000e+01
0.000000000000000000e+00
1.000000000000000000e+01
-1.100000000000000000e+01
2.300000000000000000e+01
-1.100000000000000000e+01
-1.900000000000000000e+01
4.100000000000000000e+01
2.800000000000000000e+01
2.200000000000000000e+01
1.200000000000000000e+01
1.100000000000000000e+01
-3.000000000000000000e+00
2.800000000000000000e+01
1.600000000000000000e+01
1.000000000000000000e+00
2.400000000000000000e+01
4.000000000000000000e+00
3.600000000000000000e+01
-3.000000000000000000e+00
6.000000000000000000e+00
1.500000000000000000e+01
6.000000000000000000e+01
2.600000000000000000e+01
3.100000000000000000e+01
1.700000000000000000e+01
-9.000000000000000000e+00
4.000000000000000000e+00
3.000000000000000000e+01
1.100000000000000000e+01
-2.900000000000000000e+01
3.000000000000000000e+00
3.200000000000000000e+01
2.700000000000000000e+01
-2.000000000000000000e+01
-1.500000000000000000e+01
1.100000000000000000e+01
6.700000000000000000e+01
2.600000000000000000e+01
3.100000000000000000e+01
-4.000000000000000000e+00
4.100000000000000000e+01
2.800000000000000000e+01
3.000000000000000000e+01
3.400000000000000000e+01
4.000000000000000000e+01
-5.000000000000000000e+00
5.600000000000000000e+01
2.900000000000000000e+01
5.000000000000000000e+00
2.300000000000000000e+01
4.000000000000000000e+01
2.000000000000000000e+00
-1.000000000000000000e+01
3.600000000000000000e+01
4.200000000000000000e+01
1.300000000000000000e+01
3.300000000000000000e+01
4.400000000000000000e+01
1.500000000000000000e+01
3.300000000000000000e+01
1.100000000000000000e+01
3.100000000000000000e+01
8.000000000000000000e+00
3.500000000000000000e+01
2.400000000000000000e+01
4.400000000000000000e+01
3.600000000000000000e+01
4.300000000000000000e+01
5.600000000000000000e+01
1.700000000000000000e+01
3.600000000000000000e+01
4.900000000000000000e+01
6.100000000000000000e+01
4.500000000000000000e+01
4.800000000000000000e+01
9.000000000000000000e+01
5.600000000000000000e+01
8.600000000000000000e+01
4.900000000000000000e+01
1.000000000000000000e+02
1.140000000000000000e+02
1.230000000000000000e+02
8.000000000000000000e+01
1.060000000000000000e+02
1.110000000000000000e+02
1.150000000000000000e+02
1.380000000000000000e+02
1.770000000000000000e+02
1.560000000000000000e+02
2.020000000000000000e+02
2.530000000000000000e+02
2.460000000000000000e+02
3.120000000000000000e+02
2.810000000000000000e+02
3.530000000000000000e+02
4.300000000000000000e+02
4.910000000000000000e+02
4.660000000000000000e+02
5.760000000000000000e+02
6.660000000000000000e+02
7.880000000000000000e+02
8.450000000000000000e+02
8.730000000000000000e+02
1.003000000000000000e+03
1.119000000000000000e+03
1.274000000000000000e+03
1.359000000000000000e+03
1.488000000000000000e+03
1.654000000000000000e+03
1.716000000000000000e+03
1.899000000000000000e+03
2.061000000000000000e+03
2.173000000000000000e+03
2.310000000000000000e+03
2.484000000000000000e+03
2.636000000000000000e+03
2.715000000000000000e+03
2.868000000000000000e+03
2.984000000000000000e+03
3.117000000000000000e+03
3.295000000000000000e+03
3.356000000000000000e+03
3.446000000000000000e+03
3.591000000000000000e+03
3.683000000000000000e+03
3.652000000000000000e+03
3.723000000000000000e+03
3.890000000000000000e+03
3.853000000000000000e+03
3.785000000000000000e+03
3.863000000000000000e+03
3.848000000000000000e+03
3.854000000000000000e+03
3.791000000000000000e+03
3.712000000000000000e+03
3.656000000000000000e+03
3.563000000000000000e+03
3.476000000000000000e+03
3.384000000000000000e+03
3.279000000000000000e+03
3.243000000000000000e+03
3.080000000000000000e+03
2.983000000000000000e+03
2.818000000000000000e+03
2.730000000000000000e+03
2.570000000000000000e+03
2.429000000000000000e+03
2.346000000000000000e+03
2.143000000000000000e+03
2.063000000000000000e+03
1.903000000000000000e+03
1.740000000000000000e+03
1.658000000000000000e+03
1.509000000000000000e+03
1.349000000000000000e+03
1.312000000000000000e+03
1.200000000000000000e+03
1.078000000000000000e+03
9.830000000000000000e+02
9.130000000000000000e+02
8.200000000000000000e+02
7.320000000000000000e+02
6.320000000000000000e+02
5.890000000000000000e+02
4.960000000000000000e+02
4.590000000000000000e+02
3.660000000000000000e+02
3.620000000000000000e+02
3.200000000000000000e+02
2.700000000000000000e+02
2.300000000000000000e+02
2.070000000000000000e+02
1.990000000000000000e+02
1.590000000000000000e+02
1.460000000000000000e+02
1.390000000000000000e+02
8.700000000000000000e+01
9.600000000000000000e+01
7.400000000000000000e+01
5.600000000000000000e+01
7.000000000000000000e+01
4.800000000000000000e+01
3.900000000000000000e+01
4.200000000000000000e+01
2.700000000000000000e+01
2.400000000000000000e+01
3.200000000000000000e+01
2.000000000000000000e+01
2.200000000000000000e+01
4.200000000000000000e+01
2.500000000000000000e+01
1.600000000000000000e+01
2.300000000000000000e+01
1.800000000000000000e+01
3.800000000000000000e+01
7.000000000000000000e+00
2.900000000000000000e+01
3.800000000000000000e+01
-1.100000000000000000e+01
1.900000000000000000e+01
-2.300000000000000000e+01
3.000000000000000000e+01
1.600000000000000000e+01
-3.000000000000000000e+00
1.300000000000000000e+01
1.000000000000000000e+00
2.900000000000000000e+01
1.600000000000000000e+01
9.000000000000000000e+00
-2.600000000000000000e+01
1.700000000000000000e+01
2.100000000000000000e+01
1.900000000000000000e+01
2.100000000000000000e+01
3.000000000000000000e+00
-3.000000000000000000e+00
2.200000000000000000e+01
-6.000000000000000000e+00
3.000000000000000000e+00
3.500000000000000000e+01
-6.000000000000000000e+00
4.600000000000000000e+01
9.000000000000000000e+00
1.900000000000000000e+01
8.000000000000000000e+00
1.400000000000000000e+01
4.200000000000000000e+01
-3.000000000000000000e+00
2.000000000000000000e+00
-2.700000000000000000e+01
1.300000000000000000e+01
1.600000000000000000e+01
2.200000000000000000e+01
5.000000000000000000e+00
1.500000000000000000e+01
5.000000000000000000e+00
1.500000000000000000e+01
-1.900000000000000000e+01
5.200000000000000000e+01
7.000000000000000000e+00
2.600000000000000000e+01
2.700000000000000000e+01
-6.000000000000000000e+00
1.000000000000000000e+01
4.000000000000000000e+00
2.600000000000000000e+01
3.400000000000000000e+01
3.400000000000000000e+01
1.800000000000000000e+01
-1.500000000000000000e+01
3.000000000000000000e+00
3.100000000000000000e+01
9.000000000000000000e+00
3.800000000000000000e+01
-7.000000000000000000e+00
1.700000000000000000e+01
9.000000000000000000e+00
7.000000000000000000e+00
2.000000000000000000e+01
2.500000000000000000e+01
2.800000000000000000e+01
1.200000000000000000e+01
1.000000000000000000e+00
2.500000000000000000e+01
1.100000000000000000e+01
2.500000000000000000e+01
-8.000000000000000000e+00
-5.000000000000000000e+00
2.000000000000000000e+00
2.600000000000000000e+01
-5.000000000000000000e+00
1.600000000000000000e+01
3.100000000000000000e+01
1.700000000000000000e+01
-6.000000000000000000e+00
1.900000000000000000e+01
2.900000000000000000e+01
-1.600000000000000000e+01
-7.000000000000000000e+00
-1.700000000000000000e+01
1.300000000000000000e+01
-1.200000000000000000e+01
9.000000000000000000e+00
3.100000000000000000e+01
-4.000000000000000000e+00
2.800000000000000000e+01
-4.000000000000000000e+00
1.200000000000000000e+01
3.900000000000000000e+01
-6.000000000000000000e+00
2.000000000000000000e+01
9.000000000000000000e+00
1.900000000000000000e+01
2.000000000000000000e+00
1.400000000000000000e+01
2.000000000000000000e+01
2.200000000000000000e+01
-1.600000000000000000e+01
1.000000000000000000e+01
1.700000000000000000e+01
-5.000000000000000000e+00
2.500000000000000000e+01
2.100000000000000000e+01
3.400000000000000000e+01
-1.200000000000000000e+01
4.000000000000000000e+00
5.000000000000000000e+00
1.900000000000000000e+01
6.000000000000000000e+00
9.000000000000000000e+00
-9.000000000000000000e+00
8.000000000000000000e+00
3.200000000000000000e+01
1.200000000000000000e+01
0.000000000000000000e+00
1.800000000000000000e+01
1.600000000000000000e+01
3.300000000000000000e+01
2.200000000000000000e+01
-1.200000000000000000e+01
2.700000000000000000e+01
4.000000000000000000e+00
8.000000000000000000e+00
5.000000000000000000e+00
1.600000000000000000e+01
1.900000000000000000e+01
2.600000000000000000e+01
1.600000000000000000e+01
8.000000000000000000e+00
-6.000000000000000000e+00
1.900000000000000000e+01
1.900000000000000000e+01
1.200000000000000000e+01
-5.000000000000000000e+00
2.300000000000000000e+01
1.400000000000000000e+01
-7.000000000000000000e+00
-2.000000000000000000e+00
2.100000000000000000e+01
6.000000000000000000e+00
8.000000000000000000e+00
3.100000000000000000e+01
-8.000000000000000000e+00
5.000000000000000000e+00
2.200000000000000000e+01
7.000000000000000000e+00
3.000000000000000000e+00
-8.000000000000000000e+00
1.000000000000000000e+01
2.300000000000000000e+01
1.900000000000000000e+01
1.000000000000000000e+00
-1.200000000000000000e+01
4.000000000000000000e+00
1.300000000000000000e+01
-4.000000000000000000e+00
-1.900000000000000000e+01
3.800000000000000000e+01
2.500000000000000000e+01
1.900000000000000000e+01
2.500000000000000000e+01
1.300000000000000000e+01
3.000000000000000000e+00
-1.000000000000000000e+00
8.000000000000000000e+00
3.100000000000000000e+01
2.100000000000000000e+01
1.000000000000000000e+00
-1.300000000000000000e+01
3.000000000000000000e+00
-1.600000000000000000e+01
3.200000000000000000e+01
-3.500000000000000000e+01
1.000000000000000000e+01
-2.000000000000000000e+01
-9.000000000000000000e+00
-1.800000000000000000e+01
2.700000000000000000e+01
-6.000000000000000000e+00
1.400000000000000000e+01
4.900000000000000000e+01
4.100000000000000000e+01
1.100000000000000000e+01
-5.000000000000000000e+00
1.300000000000000000e+01
-4.000000000000000000e+00
-5.000000000000000000e+00
-9.000000000000000000e+00
1.100000000000000000e+01
-1.600000000000000000e+01
5.000000000000000000e+00
8.000000000000000000e+00
3.500000000000000000e+01
2.400000000000000000e+01
2.400000000000000000e+01
3.000000000000000000e+00
-1.000000000000000000e+00
5.000000000000000000e+00
9.000000000000000000e+00
-4.000000000000000000e+00
-1.200000000000000000e+01
7.000000000000000000e+00
2.500000000000000000e+01
1.800000000000000000e+01
1.400000000000000000e+01
1.300000000000000000e+01
-6.000000000000000000e+00
4.000000000000000000e+00
7.000000000000000000e+00
1.500000000000000000e+01
1.300000000000000000e+01
0.000000000000000000e+00
-8.000000000000000000e+00
1.200000000000000000e+01
-9.000000000000000000e+00
9.000000000000000000e+00
-4.000000000000000000e+00
5.000000000000000000e+00
1.400000000000000000e+01
3.100000000000000000e+01
-8.000000000000000000e+00
2.000000000000000000e+00
-1.200000000000000000e+01
2.000000000000000000e+01
0.000000000000000000e+00
-9.000000000000000000e+00
-1.000000000000000000e+00
9.000000000000000000e+00
1.000000000000000000e+00
6.000000000000000000e+00
2.700000000000000000e+01
-3.000000000000000000e+00
2.000000000000000000e+00
-1.400000000000000000e+01
3.000000000000000000e+00
1.000000000000000000e+00
1.100000000000000000e+01
1.100000000000000000e+01
7.000000000000000000e+00
2.800000000000000000e+01
2.000000000000000000e+00
-4.000000000000000000e+00
-3.500000000000000000e+01
-9.000000000000000000e+00
3.100000000000000000e+01
2.700000000000000000e+01
-1.000000000000000000e+00
-1.500000000000000000e+01
1.500000000000000000e+01
1.600000000000000000e+01
-1.000000000000000000e+00
-1.300000000000000000e+01
-2.000000000000000000e+00
5.000000000000000000e+00
2.000000000000000000e+00
-1.600000000000000000e+01
-1.700000000000000000e+01
1.300000000000000000e+01
4.000000000000000000e+00
8.000000000000000000e+00
2.600000000000000000e+01
1.000000000000000000e+00
-5.000000000000000000e+00
1.400000000000000000e+01
1.000000000000000000e+01
1.400000000000000000e+01
9.000000000000000000e+00
2.000000000000000000e+01
2.100000000000000000e+01
-7.000000000000000000e+00
3.000000000000000000e+00
3.000000000000000000e+00
2.500000000000000000e+01
3.100000000000000000e+01
6.000000000000000000e+00
-2.400000000000000000e+01
-4.000000000000000000e+00
-2.000000000000000000e+00
1.400000000000000000e+01
1.500000000000000000e+01
4.000000000000000000e+00
-3.200000000000000000e+01
3.000000000000000000e+00
8.000000000000000000e+00
1.600000000000000000e+01
1.400000000000000000e+01
-2.000000000000000000e+00
1.700000000000000000e+01
-9.000000000000000000e+00
8.000000000000000000e+00
8.000000000000000000e+00
6.000000000000000000e+00
-3.000000000000000000e+00
-1.500000000000000000e+01
1.300000000000000000e+01
-9.000000000000000000e+00
-1.800000000000000000e+01
8.000000000000000000e+00
-4.000000000000000000e+00
1.100000000000000000e+01
-7.000000000000000000e+00
-7.000000000000000000e+00
-2.700000000000000000e+01
-1.000000000000000000e+01
1.000000000000000000e+01
7.000000000000000000e+00
-1.200000000000000000e+01
-1.000000000000000000e+01
1.200000000000000000e+01
3.100000000000000000e+01
1.000000000000000000e+01
1.200000000000000000e+01
-2.000000000000000000e+01
9.000000000000000000e+00
-7.000000000000000000e+00
4.000000000000000000e+00
-2.800000000000000000e+01
3.000000000000000000e+00
-3.500000000000000000e+01
-1.400000000000000000e+01
1.200000000000000000e+01
1.900000000000000000e+01
-6.000000000000000000e+00
-1.500000000000000000e+01
-2.000000000000000000e+01
1.800000000000000000e+01
-1.800000000000000000e+01
2.800000000000000000e+01
1.100000000000000000e+01
3.000000000000000000e+01
1.000000000000000000e+00
1.000000000000000000e+01
9.000000000000000000e+00
-1.400000000000000000e+01
0.000000000000000000e+00
8.000000000000000000e+00
-1.200000000000000000e+01
-2.000000000000000000e+01
-1.000000000000000000e+00
-5.000000000000000000e+00
-9.000000000000000000e+00
-1.000000000000000000e+00
-1.940000000000000000e+02
1.500000000000000000e+01
0.000000000000000000e+00
2.000000000000000000e+00
4.000000000000000000e+01
-3.300000000000000000e+01
-1.300000000000000000e+01
0.000000000000000000e+00
-1.000000000000000000e+00
-1.000000000000000000e+00
1.200000000000000000e+01
7.000000000000000000e+00
1.600000000000000000e+01
-1.400000000000000000e+01
8.000000000000000000e+00
-2.100000000000000000e+01
3.700000000000000000e+01
6.000000000000000000e+00
5.000000000000000000e+00
1.000000000000000000e+00
-1.000000000000000000e+00
2.100000000000000000e+01
-1.200000000000000000e+01
0.000000000000000000e+00
-3.000000000000000000e+01
0.000000000000000000e+00
2.100000000000000000e+01
2.200000000000000000e+01
8.000000000000000000e+00
-1.000000000000000000e+00
1.300000000000000000e+01
2.000000000000000000e+00
1.000000000000000000e+00
2.400000000000000000e+01
-4.000000000000000000e+00
1.500000000000000000e+01
-1.700000000000000000e+01
4.100000000000000000e+01
-2.800000000000000000e+01
3.500000000000000000e+01
-2.200000000000000000e+01
2.400000000000000000e+01
-9.000000000000000000e+00
-1.000000000000000000e+00
-1.800000000000000000e+01
-1.600000000000000000e+01
-7.000000000000000000e+00
1.700000000000000000e+01
1.400000000000000000e+01
3.300000000000000000e+01
-8.000000000000000000e+00
-6.000000000000000000e+00
-6.000000000000000000e+00
-3.100000000000000000e+01
1.300000000000000000e+01
7.000000000000000000e+00
3.000000000000000000e+00
9.000000000000000000e+00
-6.300000000000000000e+01
-8.000000000000000000e+00
2.600000000000000000e+01
1.900000000000000000e+01
1.900000000000000000e+01
6.000000000000000000e+00
2.300000000000000000e+01
-8.000000000000000000e+00
3.000000000000000000e+00
5.000000000000000000e+00
1.200000000000000000e+01
-3.600000000000000000e+01
2.600000000000000000e+01
-2.200000000000000000e+01
-2.000000000000000000e+01
1.300000000000000000e+01
2.000000000000000000e+01
1.300000000000000000e+01
1.000000000000000000e+01
-1.000000000000000000e+01
-1.800000000000000000e+01
2.000000000000000000e+00
-1.500000000000000000e+01
1.500000000000000000e+01
1.200000000000000000e+01
-2.400000000000000000e+01
2.000000000000000000e+00
-3.000000000000000000e+00
-2.000000000000000000e+00
9.000000000000000000e+00
2.000000000000000000e+00
-1.900000000000000000e+01
-1.000000000000000000e+00
3.000000000000000000e+00
1.800000000000000000e+01
-8.000000000000000000e+00
-2.000000000000000000e+00
-4.000000000000000000e+00
-2.900000000000000000e+01
2.000000000000000000e+01
-2.500000000000000000e+01
-1.100000000000000000e+01
7.000000000000000000e+00
9.000000000000000000e+00
1.800000000000000000e+01
-8.000000000000000000e+00
2.300000000000000000e+01
1.000000000000000000e+01
-1.500000000000000000e+01
9.000000000000000000e+00
1.400000000000000000e+01
9.000000000000000000e+00
1.700000000000000000e+01
-2.700000000000000000e+01
1.000000000000000000e+00
2.000000000000000000e+00
-1.200000000000000000e+01
-1.000000000000000000e+01
-5.000000000000000000e+00
-1.600000000000000000e+01
5.000000000000000000e+00
-9.000000000000000000e+00
0.000000000000000000e+00
9.000000000000000000e+00
-1.900000000000000000e+01
3.000000000000000000e+00
8.000000000000000000e+00
-1.000000000000000000e+01
4.000000000000000000e+00
1.600000000000000000e+01
3.000000000000000000e+00
-1.600000000000000000e+01
-5.000000000000000000e+00
1.100000000000000000e+01
-1.000000000000000000e+01
1.000000000000000000e+00
1.500000000000000000e+01
-2.700000000000000000e+01
-2.000000000000000000e+00
-2.000000000000000000e+00
-1.400000000000000000e+01
0.000000000000000000e+00
-7.000000000000000000e+00
1.000000000000000000e+00
-2.800000000000000000e+01
-3.100000000000000000e+01
-9.000000000000000000e+00
-2.000000000000000000e+01
-1.000000000000000000e+01
9.000000000000000000e+00
-1.000000000000000000e+01
4.000000000000000000e+00
0.000000000000000000e+00
0.000000000000000000e+00
-9.000000000000000000e+00
2.200000000000000000e+01
-1.200000000000000000e+01
1.800000000000000000e+01
3.100000000000000000e+01
-1.200000000000000000e+01
3.000000000000000000e+01
7.000000000000000000e+00
-3.800000000000000000e+01
-1.000000000000000000e+00
-1.500000000000000000e+01
1.000000000000000000e+01
-9.000000000000000000e+00
-6.000000000000000000e+00
1.300000000000000000e+01
2.400000000000000000e+01
3.900000000000000000e+01
2.400000000000000000e+01
-1.100000000000000000e+01
-1.000000000000000000e+01
7.000000000000000000e+00
3.000000000000000000e+00
-2.000000000000000000e+01
-5.000000000000000000e+00
-2.400000000000000000e+01
1.400000000000000000e+01
-2.400000000000000000e+01
-2.100000000000000000e+01
1.300000000000000000e+01
-1.000000000000000000e+01
2.300000000000000000e+01
-3.200000000000000000e+01
-1.200000000000000000e+01
1.300000000000000000e+01
8.000000000000000000e+00
-2.000000000000000000e+00
-1.400000000000000000e+01
-1.200000000000000000e+01
7.000000000000000000e+00
-1.000000000000000000e+01
2.000000000000000000e+00
-1.600000000000000000e+01
1.800000000000000000e+01
1.500000000000000000e+01
-2.100000000000000000e+01
1.500000000000000000e+01
-1.000000000000000000e+01
-4.500000000000000000e+01
4.000000000000000000e+00
-1.500000000000000000e+01
-3.500000000000000000e+01
2.000000000000000000e+01
2.000000000000000000e+00
2.100000000000000000e+01
-7.000000000000000000e+00
2.000000000000000000e+00
-1.000000000000000000e+00
-3.000000000000000000e+00
3.500000000000000000e+01
-2.000000000000000000e+01
1.000000000000000000e+01
1.600000000000000000e+01
1.800000000000000000e+01
-5.000000000000000000e+00
1.600000000000000000e+01
-1.400000000000000000e+01
3.000000000000000000e+01
1.200000000000000000e+01
-2.200000000000000000e+01
-1.900000000000000000e+01
9.000000000000000000e+00
9.000000000000000000e+00
5.000000000000000000e+00
-1.100000000000000000e+01
-4.000000000000000000e+00
1.100000000000000000e+01
2.400000000000000000e+01
8.000000000000000000e+00
-2.100000000000000000e+01
8.000000000000000000e+00
-9.000000000000000000e+00
1.200000000000000000e+01
5.000000000000000000e+00
2.000000000000000000e+00
1.600000000000000000e+01
-2.000000000000000000e+00
-2.000000000000000000e+01
-1.000000000000000000e+00
-1.500000000000000000e+01
0.000000000000000000e+00
-2.800000000000000000e+01
-3.300000000000000000e+01
2.000000000000000000e+00
1.800000000000000000e+01
5.000000000000000000e+00
3.100000000000000000e+01
-4.000000000000000000e+00
1.000000000000000000e+00
6.000000000000000000e+00
-1.300000000000000000e+01
9.000000000000000000e+00
-7.000000000000000000e+00
-8.000000000000000000e+00
-1.100000000000000000e+01
-1.500000000000000000e+01
2.200000000000000000e+01
1.900000000000000000e+01
1.000000000000000000e+01
1.700000000000000000e+01
1.000000000000000000e+00
9.000000000000000000e+00
8.000000000000000000e+00
1.000000000000000000e+01
2.300000000000000000e+01
-1.100000000000000000e+01
1.600000000000000000e+01
-4.000000000000000000e+00
-2.500000000000000000e+01
-1.200000000000000000e+01
1.700000000000000000e+01
-2.600000000000000000e+01
4.000000000000000000e+00
-9.000000000000000000e+00
4.000000000000000000e+00
-1.800000000000000000e+01
2.300000000000000000e+01
-1.200000000000000000e+01
8.000000000000000000e+00
-1.800000000000000000e+01
-3.000000000000000000e+01
-1.000000000000000000e+01
-4.200000000000000000e+01
5.000000000000000000e+00
1.400000000000000000e+01
-6.000000000000000000e+00
2.000000000000000000e+00
1.200000000000000000e+01
1.000000000000000000e+01
9.000000000000000000e+00
-2.400000000000000000e+01
-1.000000000000000000e+00
-6.000000000000000000e+00
0.000000000000000000e+00
-3.300000000000000000e+01
8.000000000000000000e+00
-1.000000000000000000e+00
4.000000000000000000e+00
-6.000000000000000000e+00
1.100000000000000000e+01
3.100000000000000000e+01
1.100000000000000000e+01
-3.700000000000000000e+01
2.000000000000000000e+01
-1.900000000000000000e+01
2.000000000000000000e+01
5.000000000000000000e+00
1.500000000000000000e+01
3.000000000000000000e+00
-8.000000000000000000e+00
3.000000000000000000e+00
6.000000000000000000e+00
-4.900000000000000000e+01
1.000000000000000000e+01
2.000000000000000000e+01
-4.300000000000000000e+01
-1.100000000000000000e+01
-3.000000000000000000e+00
-2.000000000000000000e+01
-1.300000000000000000e+01
2.000000000000000000e+01
-1.400000000000000000e+01
4.000000000000000000e+00
-1.900000000000000000e+01
-2.000000000000000000e+00
-2.000000000000000000e+00
-1.000000000000000000e+00
-1.700000000000000000e+01
3.000000000000000000e+00
3.600000000000000000e+01
4.000000000000000000e+00
-5.000000000000000000e+00
3.600000000000000000e+01
-2.000000000000000000e+01
2.000000000000000000e+01
-2.300000000000000000e+01
-9.000000000000000000e+00
-2.000000000000000000e+01
-9.000000000000000000e+00
-5.000000000000000000e+00
3.000000000000000000e+01
-8.000000000000000000e+00
-1.400000000000000000e+01
-1.000000000000000000e+01
2.000000000000000000e+00
2.000000000000000000e+00
1.100000000000000000e+01
1.800000000000000000e+01
9.000000000000000000e+00
-5.000000000000000000e+00
1.000000000000000000e+01
1.600000000000000000e+01
-1.900000000000000000e+01
0.000000000000000000e+00
0.000000000000000000e+00
-2.900000000000000000e+01
-1.000000000000000000e+01
-8.000000000000000000e+00
-2.000000000000000000e+01
-2.000000000000000000e+00
8.000000000000000000e+00
-1.300000000000000000e+01
-1.100000000000000000e+01
3.300000000000000000e+01
8.000000000000000000e+00
2.600000000000000000e+01
5.000000000000000000e+00
-3.000000000000000000e+00
3.000000000000000000e+00
-7.000000000000000000e+00
-1.400000000000000000e+01
-2.000000000000000000e+01
1.000000000000000000e+01
-4.000000000000000000e+00
-3.000000000000000000e+01
5.000000000000000000e+00
4.000000000000000000e+00
3.000000000000000000e+00
3.200000000000000000e+01
1.400000000000000000e+01
4.000000000000000000e+01
-9.000000000000000000e+00
-1.400000000000000000e+01
2.200000000000000000e+01
5.000000000000000000e+00
1.200000000000000000e+01
1.400000000000000000e+01
1.200000000000000000e+01
-1.000000000000000000e+01
-1.200000000000000000e+01
0.000000000000000000e+00
0.000000000000000000e+00
-1.000000000000000000e+00
1.000000000000000000e+00
-1.100000000000000000e+01
2.900000000000000000e+01
2.300000000000000000e+01
2.000000000000000000e+01
2.500000000000000000e+01
1.700000000000000000e+01
-1.200000000000000000e+01
4.000000000000000000e+00
2.000000000000000000e+00
-4.000000000000000000e+00
1.800000000000000000e+01
2.500000000000000000e+01
4.400000000000000000e+01
-4.000000000000000000e+00
1.700000000000000000e+01
3.100000000000000000e+01
2.800000000000000000e+01
1.700000000000000000e+01
4.000000000000000000e+01
-9.000000000000000000e+00
4.900000000000000000e+01
3.200000000000000000e+01
6.000000000000000000e+01
2.100000000000000000e+01
3.700000000000000000e+01
4.700000000000000000e+01
6.800000000000000000e+01
3.800000000000000000e+01
3.800000000000000000e+01
6.900000000000000000e+01
4.100000000000000000e+01
8.200000000000000000e+01
8.100000000000000000e+01
6.400000000000000000e+01
9.300000000000000000e+01
6.000000000000000000e+01
8.500000000000000000e+01
7.600000000000000000e+01
7.300000000000000000e+01
7.700000000000000000e+01
1.260000000000000000e+02
1.010000000000000000e+02
1.330000000000000000e+02
1.170000000000000000e+02
1.330000000000000000e+02
1.270000000000000000e+02
1.470000000000000000e+02
1.330000000000000000e+02
1.510000000000000000e+02
1.650000000000000000e+02
1.830000000000000000e+02
1.960000000000000000e+02
1.680000000000000000e+02
2.180000000000000000e+02
2.320000000000000000e+02
2.420000000000000000e+02
2.800000000000000000e+02
2.680000000000000000e+02
2.720000000000000000e+02
2.960000000000000000e+02
3.560000000000000000e+02
3.280000000000000000e+02
3.570000000000000000e+02
3.790000000000000000e+02
4.130000000000000000e+02
3.910000000000000000e+02
3.990000000000000000e+02
4.420000000000000000e+02
4.510000000000000000e+02
4.260000000000000000e+02
4.840000000000000000e+02
4.920000000000000000e+02
4.730000000000000000e+02
5.600000000000000000e+02
5.420000000000000000e+02
5.970000000000000000e+02
5.930000000000000000e+02
6.410000000000000000e+02
6.880000000000000000e+02
6.960000000000000000e+02
7.250000000000000000e+02
7.900000000000000000e+02
7.730000000000000000e+02
7.840000000000000000e+02
8.140000000000000000e+02
8.380000000000000000e+02
8.850000000000000000e+02
9.290000000000000000e+02
9.300000000000000000e+02
8.820000000000000000e+02
9.580000000000000000e+02
1.006000000000000000e+03
1.011000000000000000e+03
1.028000000000000000e+03
1.037000000000000000e+03
1.049000000000000000e+03
1.068000000000000000e+03
1.104000000000000000e+03
1.178000000000000000e+03
1.134000000000000000e+03
1.194000000000000000e+03
1.171000000000000000e+03
1.206000000000000000e+03
1.173000000000000000e+03
1.239000000000000000e+03
1.298000000000000000e+03
1.227000000000000000e+03
1.283000000000000000e+03
1.334000000000000000e+03
1.350000000000000000e+03
1.356000000000000000e+03
1.325000000000000000e+03
1.372000000000000000e+03
1.468000000000000000e+03
1.424000000000000000e+03
1.477000000000000000e+03
1.392000000000000000e+03
1.435000000000000000e+03
1.479000000000000000e+03
1.416000000000000000e+03
1.512000000000000000e+03
1.505000000000000000e+03
1.467000000000000000e+03
1.467000000000000000e+03
1.519000000000000000e+03
1.441000000000000000e+03
1.448000000000000000e+03
1.417000000000000000e+03
1.403000000000000000e+03
1.403000000000000000e+03
1.390000000000000000e+03
1.336000000000000000e+03
1.349000000000000000e+03
1.323000000000000000e+03
1.304000000000000000e+03
1.272000000000000000e+03
1.238000000000000000e+03
1.235000000000000000e+03
1.237000000000000000e+03
1.235000000000000000e+03
1.199000000000000000e+03
1.214000000000000000e+03
1.207000000000000000e+03
1.200000000000000000e+03
1.218000000000000000e+03
1.145000000000000000e+03
1.173000000000000000e+03
1.170000000000000000e+03
1.146000000000000000e+03
1.153000000000000000e+03
1.091000000000000000e+03
1.055000000000000000e+03
1.067000000000000000e+03
1.017000000000000000e+03
1.016000000000000000e+03
1.011000000000000000e+03
9.890000000000000000e+02
9.570000000000000000e+02
9.220000000000000000e+02
9.220000000000000000e+02
8.550000000000000000e+02
8.270000000000000000e+02
8.380000000000000000e+02
8.270000000000000000e+02
7.850000000000000000e+02
7.550000000000000000e+02
7.380000000000000000e+02
7.020000000000000000e+02
7.350000000000000000e+02
7.040000000000000000e+02
6.520000000000000000e+02
6.170000000000000000e+02
6.160000000000000000e+02
6.120000000000000000e+02
5.940000000000000000e+02
5.740000000000000000e+02
5.740000000000000000e+02
5.280000000000000000e+02
4.980000000000000000e+02
5.370000000000000000e+02
5.570000000000000000e+02
4.740000000000000000e+02
4.530000000000000000e+02
4.470000000000000000e+02
4.210000000000000000e+02
3.850000000000000000e+02
3.700000000000000000e+02
3.760000000000000000e+02
3.790000000000000000e+02
3.410000000000000000e+02
3.440000000000000000e+02
3.210000000000000000e+02
2.840000000000000000e+02
2.820000000000000000e+02
2.660000000000000000e+02
2.400000000000000000e+02
2.350000000000000000e+02
2.380000000000000000e+02
2.350000000000000000e+02
2.420000000000000000e+02
2.020000000000000000e+02
1.670000000000000000e+02
2.070000000000000000e+02
1.980000000000000000e+02
1.890000000000000000e+02
1.660000000000000000e+02
1.800000000000000000e+02
1.680000000000000000e+02
1.370000000000000000e+02
1.560000000000000000e+02
1.400000000000000000e+02
1.420000000000000000e+02
1.070000000000000000e+02
1.110000000000000000e+02
8.700000000000000000e+01
1.010000000000000000e+02
1.090000000000000000e+02
9.200000000000000000e+01
6.100000000000000000e+01
7.000000000000000000e+01
8.000000000000000000e+01
7.900000000000000000e+01
9.700000000000000000e+01
6.600000000000000000e+01
5.300000000000000000e+01
7.100000000000000000e+01
3.500000000000000000e+01
6.600000000000000000e+01
6.800000000000000000e+01
7.200000000000000000e+01
-3.000000000000000000e+00
4.100000000000000000e+01
1.700000000000000000e+01
1.300000000000000000e+01
1.900000000000000000e+01
4.000000000000000000e+01
2.600000000000000000e+01
1.300000000000000000e+01
4.500000000000000000e+01
3.500000000000000000e+01
2.000000000000000000e+01
1.700000000000000000e+01
3.000000000000000000e+01
1.900000000000000000e+01
-1.000000000000000000e+00
9.000000000000000000e+00
1.500000000000000000e+01
2.700000000000000000e+01
4.400000000000000000e+01
1.400000000000000000e+01
-2.000000000000000000e+01
1.400000000000000000e+01
4.000000000000000000e+00
2.400000000000000000e+01
-6.000000000000000000e+00
4.000000000000000000e+01
2.800000000000000000e+01
4.000000000000000000e+00
-3.000000000000000000e+00
9.000000000000000000e+00
1.600000000000000000e+01
-3.000000000000000000e+00
-2.000000000000000000e+01
2.800000000000000000e+01
2.300000000000000000e+01
1.700000000000000000e+01
-2.000000000000000000e+01
5.000000000000000000e+00
1.300000000000000000e+01
1.200000000000000000e+01
1.800000000000000000e+01
-2.000000000000000000e+00
2.700000000000000000e+01
6.000000000000000000e+00
-2.000000000000000000e+00
2.700000000000000000e+01
3.500000000000000000e+01
2.300000000000000000e+01
1.500000000000000000e+01
-5.000000000000000000e+00
3.100000000000000000e+01
1.100000000000000000e+01
2.000000000000000000e+00
-1.400000000000000000e+01
-1.000000000000000000e+00
-1.400000000000000000e+01
-3.600000000000000000e+01
-1.100000000000000000e+01
-1.000000000000000000e+00
-1.900000000000000000e+01
1.200000000000000000e+01
4.000000000000000000e+00
3.000000000000000000e+00
1.600000000000000000e+01
-9.000000000000000000e+00
1.500000000000000000e+01
7.000000000000000000e+00
-3.300000000000000000e+01
1.000000000000000000e+00
4.000000000000000000e+00
-8.000000000000000000e+00
5.000000000000000000e+00
8.000000000000000000e+00
-1.700000000000000000e+01
-1.100000000000000000e+01
2.000000000000000000e+00
-8.000000000000000000e+00
-2.000000000000000000e+00
-1.000000000000000000e+01
-9.000000000000000000e+00
0.000000000000000000e+00
-1.100000000000000000e+01
1.200000000000000000e+01
-6.000000000000000000e+00
1.000000000000000000e+00
-1.300000000000000000e+01
2.500000000000000000e+01
1.000000000000000000e+01
-2.000000000000000000e+01
5.000000000000000000e+00
0.000000000000000000e+00
4.000000000000000000e+00
-2.000000000000000000e+00
2.000000000000000000e+01
2.000000000000000000e+00
-3.000000000000000000e+00
1.000000000000000000e+00
-3.000000000000000000e+00
