0.000000000000000000e+00
2.000000000000000000e+00
2.000000000000000000e+00
6.000000000000000000e+00
5.000000000000000000e+00
-1.800000000000000000e+01
-1.400000000000000000e+01
-9.000000000000000000e+00
6.000000000000000000e+00
-1.000000000000000000e+01
1.000000000000000000e+00
-7.000000000000000000e+00
3.000000000000000000e+00
-3.000000000000000000e+00
9.000000000000000000e+00
1.000000000000000000e+00
2.400000000000000000e+01
1.800000000000000000e+01
-4.000000000000000000e+00
1.000000000000000000e+00
2.600000000000000000e+01
-1.000000000000000000e+01
-2.000000000000000000e+00
1.000000000000000000e+00
-1.900000000000000000e+01
-8.000000000000000000e+00
-4.000000000000000000e+00
-1.100000000000000000e+01
-1.100000000000000000e+01
4.000000000000000000e+00
-2.800000000000000000e+01
-4.000000000000000000e+00
2.500000000000000000e+01
-1.900000000000000000e+01
-5.000000000000000000e+00
-1.100000000000000000e+01
-7.000000000000000000e+00
5.000000000000000000e+00
3.000000000000000000e+00
2.200000000000000000e+01
-1.700000000000000000e+01
1.100000000000000000e+01
-2.600000000000000000e+01
-2.000000000000000000e+00
0.000000000000000000e+00
-4.000000000000000000e+00
-3.200000000000000000e+01
4.000000000000000000e+00
1.000000000000000000e+01
8.000000000000000000e+00
-9.000000000000000000e+00
-2.200000000000000000e+01
1.300000000000000000e+01
2.000000000000000000e+01
-9.000000000000000000e+00
-1.100000000000000000e+01
7.000000000000000000e+00
-1.300000000000000000e+01
-2.500000000000000000e+01
1.000000000000000000e+00
-1.200000000000000000e+01
1.500000000000000000e+01
-1.800000000000000000e+01
1.800000000000000000e+01
-1.500000000000000000e+01
2.300000000000000000e+01
-5.100000000000000000e+01
3.300000000000000000e+01
2.100000000000000000e+01
4.000000000000000000e+00
4.000000000000000000e+00
-2.000000000000000000e+00
4.000000000000000000e+00
-2.600000000000000000e+01
4.000000000000000000e+00
-5.000000000000000000e+00
8.000000000000000000e+00
1.600000000000000000e+01
0.000000000000000000e+00
0.000000000000000000e+00
5.000000000000000000e+00
-1.900000000000000000e+01
-3.700000000000000000e+01
7.000000000000000000e+00
6.000000000000000000e+00
-4.800000000000000000e+01
6.000000000000000000e+00
-2.200000000000000000e+01
1.300000000000000000e+01
-8.000000000000000000e+00
2.800000000000000000e+01
-2.800000000000000000e+01
4.000000000000000000e+00
-1.700000000000000000e+01
6.000000000000000000e+00
9.000000000000000000e+00
-5.000000000000000000e+00
8.000000000000000000e+00
-2.900000000000000000e+01
-2.200000000000000000e+01
-5.000000000000000000e+00
1.000000000000000000e+01
1.000000000000000000e+00
-7.000000000000000000e+00
2.000000000000000000e+01
0.000000000000000000e+00
-4.100000000000000000e+01
4.700000000000000000e+01
6.000000000000000000e+00
-9.000000000000000000e+00
-9.000000000000000000e+00
-9.000000000000000000e+00
1.500000000000000000e+01
8.000000000000000000e+00
7.000000000000000000e+00
8.000000000000000000e+00
-1.800000000000000000e+01
2.000000000000000000e+00
-1.600000000000000000e+01
2.400000000000000000e+01
-2.100000000000000000e+01
5.000000000000000000e+00
5.000000000000000000e+00
-1.000000000000000000e+00
3.000000000000000000e+00
-2.300000000000000000e+01
6.000000000000000000e+00
9.000000000000000000e+00
3.400000000000000000e+01
-6.000000000000000000e+00
2.600000000000000000e+01
2.900000000000000000e+01
1.100000000000000000e+01
8.000000000000000000e+00
-2.200000000000000000e+01
-8.000000000000000000e+00
3.900000000000000000e+01
1.200000000000000000e+01
7.000000000000000000e+00
1.000000000000000000e+01
-1.500000000000000000e+01
1.100000000000000000e+01
-2.300000000000000000e+01
1.300000000000000000e+01
-1.000000000000000000e+00
1.200000000000000000e+01
1.300000000000000000e+01
-1.900000000000000000e+01
2.000000000000000000e+00
-1.700000000000000000e+01
-1.000000000000000000e+00
3.200000000000000000e+01
1.000000000000000000e+00
8.000000000000000000e+00
-8.000000000000000000e+00
-5.000000000000000000e+00
1.700000000000000000e+01
7.000000000000000000e+00
-1.700000000000000000e+01
8.000000000000000000e+00
2.900000000000000000e+01
-3.600000000000000000e+01
-2.000000000000000000e+01
6.000000000000000000e+00
-3.200000000000000000e+01
-3.500000000000000000e+01
-1.300000000000000000e+01
-6.000000000000000000e+00
1.300000000000000000e+01
-4.000000000000000000e+00
1.700000000000000000e+01
-1.700000000000000000e+01
5.000000000000000000e+00
2.600000000000000000e+01
3.000000000000000000e+00
-2.900000000000000000e+01
3.000000000000000000e+00
1.200000000000000000e+01
-7.000000000000000000e+00
0.000000000000000000e+00
-9.000000000000000000e+00
1.000000000000000000e+01
2.600000000000000000e+01
4.000000000000000000e+00
3.200000000000000000e+01
-3.700000000000000000e+01
5.000000000000000000e+00
-1.300000000000000000e+01
4.000000000000000000e+00
4.300000000000000000e+01
2.100000000000000000e+01
-1.000000000000000000e+01
-1.800000000000000000e+01
1.300000000000000000e+01
1.700000000000000000e+01
-1.600000000000000000e+01
6.000000000000000000e+00
8.000000000000000000e+00
0.000000000000000000e+00
-1.300000000000000000e+01
1.500000000000000000e+01
1.900000000000000000e+01
-9.000000000000000000e+00
-1.500000000000000000e+01
-5.000000000000000000e+00
-3.000000000000000000e+00
1.000000000000000000e+01
9.000000000000000000e+00
-6.000000000000000000e+00
1.000000000000000000e+00
2.000000000000000000e+00
1.400000000000000000e+01
6.000000000000000000e+00
2.000000000000000000e+00
7.000000000000000000e+00
-1.000000000000000000e+00
1.500000000000000000e+01
1.200000000000000000e+01
4.100000000000000000e+01
-1.000000000000000000e+01
2.000000000000000000e+01
-2.700000000000000000e+01
-6.000000000000000000e+00
1.500000000000000000e+01
-7.000000000000000000e+00
-4.000000000000000000e+00
-2.200000000000000000e+01
-1.000000000000000000e+01
6.000000000000000000e+00
-5.000000000000000000e+00
1.800000000000000000e+01
-2.000000000000000000e+00
-1.100000000000000000e+01
1.500000000000000000e+01
6.000000000000000000e+00
6.000000000000000000e+00
-7.000000000000000000e+00
-3.000000000000000000e+00
-1.000000000000000000e+01
-1.000000000000000000e+00
1.000000000000000000e+00
-2.200000000000000000e+01
1.100000000000000000e+01
-1.700000000000000000e+01
7.000000000000000000e+00
1.200000000000000000e+01
1.000000000000000000e+00
2.000000000000000000e+00
-3.000000000000000000e+00
-7.000000000000000000e+00
0.000000000000000000e+00
-3.100000000000000000e+01
-1.200000000000000000e+01
-1.400000000000000000e+01
-3.600000000000000000e+01
-1.500000000000000000e+01
3.100000000000000000e+01
-2.200000000000000000e+01
-2.600000000000000000e+01
-1.600000000000000000e+01
-2.000000000000000000e+00
4.000000000000000000e+00
-8.000000000000000000e+00
3.000000000000000000e+00
5.000000000000000000e+00
8.000000000000000000e+00
0.000000000000000000e+00
5.000000000000000000e+00
-4.000000000000000000e+00
-1.300000000000000000e+01
1.800000000000000000e+01
5.000000000000000000e+00
-5.000000000000000000e+00
-2.200000000000000000e+01
-7.000000000000000000e+00
-5.000000000000000000e+00
-8.000000000000000000e+00
1.300000000000000000e+01
-1.900000000000000000e+01
1.400000000000000000e+01
-1.100000000000000000e+01
0.000000000000000000e+00
3.600000000000000000e+01
1.900000000000000000e+01
6.000000000000000000e+00
1.000000000000000000e+00
-2.700000000000000000e+01
-4.200000000000000000e+01
-2.300000000000000000e+01
1.300000000000000000e+01
-1.300000000000000000e+01
6.000000000000000000e+00
-4.000000000000000000e+00
3.000000000000000000e+00
-1.000000000000000000e+00
1.800000000000000000e+01
3.000000000000000000e+00
1.300000000000000000e+01
-1.000000000000000000e+01
1.600000000000000000e+01
-4.000000000000000000e+00
-9.000000000000000000e+00
-4.500000000000000000e+01
-1.500000000000000000e+01
-3.600000000000000000e+01
-5.000000000000000000e+00
-1.600000000000000000e+01
8.000000000000000000e+00
-2.000000000000000000e+01
1.300000000000000000e+01
-3.000000000000000000e+01
2.700000000000000000e+01
2.800000000000000000e+01
6.000000000000000000e+00
2.000000000000000000e+00
-4.000000000000000000e+00
-7.000000000000000000e+00
1.900000000000000000e+01
2.000000000000000000e+00
-3.600000000000000000e+01
-1.400000000000000000e+01
1.100000000000000000e+01
-1.500000000000000000e+01
8.000000000000000000e+00
1.200000000000000000e+01
-2.700000000000000000e+01
1.000000000000000000e+00
6.000000000000000000e+00
-2.800000000000000000e+01
1.200000000000000000e+01
2.000000000000000000e+01
4.000000000000000000e+01
1.000000000000000000e+00
5.000000000000000000e+00
4.000000000000000000e+00
-1.200000000000000000e+01
-1.400000000000000000e+01
1.700000000000000000e+01
2.600000000000000000e+01
4.000000000000000000e+00
-4.000000000000000000e+00
-2.100000000000000000e+01
-4.000000000000000000e+00
-7.000000000000000000e+00
6.000000000000000000e+00
-9.000000000000000000e+00
6.000000000000000000e+00
-9.000000000000000000e+00
-2.700000000000000000e+01
4.000000000000000000e+00
2.000000000000000000e+00
1.100000000000000000e+01
3.600000000000000000e+01
-3.900000000000000000e+01
9.000000000000000000e+00
1.300000000000000000e+01
-1.300000000000000000e+01
3.100000000000000000e+01
-1.000000000000000000e+01
-1.700000000000000000e+01
0.000000000000000000e+00
3.500000000000000000e+01
9.000000000000000000e+00
1.000000000000000000e+01
1.000000000000000000e+00
2.500000000000000000e+01
-2.300000000000000000e+01
-9.000000000000000000e+00
1.000000000000000000e+00
-1.900000000000000000e+01
-1.400000000000000000e+01
8.000000000000000000e+00
1.500000000000000000e+01
-9.000000000000000000e+00
4.000000000000000000e+00
1.000000000000000000e+00
-2.300000000000000000e+01
-3.000000000000000000e+00
-1.800000000000000000e+01
-1.000000000000000000e+00
2.200000000000000000e+01
7.000000000000000000e+00
-6.100000000000000000e+01
2.700000000000000000e+01
-2.400000000000000000e+01
4.500000000000000000e+01
-1.000000000000000000e+00
-3.000000000000000000e+01
3.000000000000000000e+00
1.500000000000000000e+01
-1.000000000000000000e+01
-8.000000000000000000e+00
-9.000000000000000000e+00
-5.000000000000000000e+00
2.000000000000000000e+00
3.300000000000000000e+01
4.000000000000000000e+00
3.500000000000000000e+01
-2.000000000000000000e+00
3.000000000000000000e+01
1.000000000000000000e+01
-7.000000000000000000e+00
2.800000000000000000e+01
-1.500000000000000000e+01
-2.500000000000000000e+01
3.000000000000000000e+00
8.000000000000000000e+00
-2.200000000000000000e+01
1.000000000000000000e+00
-2.600000000000000000e+01
9.000000000000000000e+00
-3.000000000000000000e+00
-2.700000000000000000e+01
-1.300000000000000000e+01
1.200000000000000000e+01
3.100000000000000000e+01
6.000000000000000000e+00
-2.000000000000000000e+00
-3.000000000000000000e+01
3.000000000000000000e+00
1.400000000000000000e+01
-1.800000000000000000e+01
-3.000000000000000000e+00
1.000000000000000000e+00
-7.000000000000000000e+00
-2.400000000000000000e+01
-1.300000000000000000e+01
1.700000000000000000e+01
-2.100000000000000000e+01
0.000000000000000000e+00
1.000000000000000000e+00
-5.000000000000000000e+00
2.100000000000000000e+01
1.600000000000000000e+01
1.800000000000000000e+01
9.000000000000000000e+00
-2.000000000000000000e+00
8.000000000000000000e+00
1.400000000000000000e+01
-1.000000000000000000e+01
1.400000000000000000e+01
-2.200000000000000000e+01
-7.000000000000000000e+00
8.000000000000000000e+00
3.900000000000000000e+01
2.700000000000000000e+01
1.100000000000000000e+01
-2.000000000000000000e+01
-3.600000000000000000e+01
2.800000000000000000e+01
-7.000000000000000000e+00
3.000000000000000000e+00
-1.800000000000000000e+01
-1.700000000000000000e+01
-6.000000000000000000e+00
1.600000000000000000e+01
2.800000000000000000e+01
2.300000000000000000e+01
6.000000000000000000e+00
-2.000000000000000000e+00
-1.800000000000000000e+01
-1.400000000000000000e+01
-2.500000000000000000e+01
-1.500000000000000000e+01
-1.300000000000000000e+01
-1.000000000000000000e+01
2.400000000000000000e+01
-1.000000000000000000e+00
-2.800000000000000000e+01
-2.000000000000000000e+00
1.000000000000000000e+01
-1.500000000000000000e+01
1.080000000000000000e+02
-3.000000000000000000e+00
-7.000000000000000000e+00
1.600000000000000000e+01
2.000000000000000000e+00
-8.000000000000000000e+00
-8.000000000000000000e+00
-3.000000000000000000e+00
-1.200000000000000000e+01
1.500000000000000000e+01
1.000000000000000000e+01
3.000000000000000000e+00
-3.800000000000000000e+01
2.000000000000000000e+00
-1.100000000000000000e+01
2.100000000000000000e+01
-1.000000000000000000e+01
2.500000000000000000e+01
1.300000000000000000e+01
2.000000000000000000e+01
1.700000000000000000e+01
-8.000000000000000000e+00
4.000000000000000000e+00
6.000000000000000000e+00
-6.000000000000000000e+00
-4.000000000000000000e+00
8.000000000000000000e+00
-8.000000000000000000e+00
6.000000000000000000e+00
1.900000000000000000e+01
2.400000000000000000e+01
1.300000000000000000e+01
-4.000000000000000000e+00
1.500000000000000000e+01
3.000000000000000000e+00
2.400000000000000000e+01
-3.800000000000000000e+01
-3.000000000000000000e+00
-2.300000000000000000e+01
5.000000000000000000e+00
1.700000000000000000e+01
5.000000000000000000e+00
7.000000000000000000e+00
1.200000000000000000e+01
1.000000000000000000e+00
2.000000000000000000e+00
2.200000000000000000e+01
6.000000000000000000e+00
8.000000000000000000e+00
5.000000000000000000e+00
-1.100000000000000000e+01
8.000000000000000000e+00
1.500000000000000000e+01
6.000000000000000000e+00
5.000000000000000000e+00
2.100000000000000000e+01
3.000000000000000000e+00
5.000000000000000000e+00
8.000000000000000000e+00
8.000000000000000000e+00
2.100000000000000000e+01
4.500000000000000000e+01
3.400000000000000000e+01
-5.000000000000000000e+00
-4.000000000000000000e+00
1.100000000000000000e+01
2.800000000000000000e+01
-1.000000000000000000e+00
3.900000000000000000e+01
9.000000000000000000e+00
4.500000000000000000e+01
-8.000000000000000000e+00
2.900000000000000000e+01
-1.000000000000000000e+00
3.100000000000000000e+01
-1.100000000000000000e+01
-1.000000000000000000e+00
-2.400000000000000000e+01
-6.000000000000000000e+00
-2.800000000000000000e+01
1.300000000000000000e+01
-8.000000000000000000e+00
2.700000000000000000e+01
5.000000000000000000e+00
1.200000000000000000e+01
-8.000000000000000000e+00
-7.000000000000000000e+00
1.700000000000000000e+01
1.000000000000000000e+00
0.000000000000000000e+00
1.500000000000000000e+01
2.400000000000000000e+01
-1.400000000000000000e+01
-1.100000000000000000e+01
1.300000000000000000e+01
-1.100000000000000000e+01
-5.000000000000000000e+00
1.400000000000000000e+01
-1.500000000000000000e+01
-5.000000000000000000e+00
4.000000000000000000e+00
-1.300000000000000000e+01
-3.000000000000000000e+00
2.800000000000000000e+01
-3.900000000000000000e+01
-2.000000000000000000e+01
2.300000000000000000e+01
-3.000000000000000000e+00
-1.200000000000000000e+01
3.000000000000000000e+01
-8.000000000000000000e+00
-1.300000000000000000e+01
1.000000000000000000e+01
9.000000000000000000e+00
1.900000000000000000e+01
3.300000000000000000e+01
-1.000000000000000000e+00
1.700000000000000000e+01
-1.600000000000000000e+01
-3.000000000000000000e+00
1.500000000000000000e+01
-9.000000000000000000e+00
6.000000000000000000e+00
0.000000000000000000e+00
1.400000000000000000e+01
-1.100000000000000000e+01
0.000000000000000000e+00
-2.400000000000000000e+01
-4.000000000000000000e+00
-1.900000000000000000e+01
1.900000000000000000e+01
6.000000000000000000e+00
1.800000000000000000e+01
1.900000000000000000e+01
9.000000000000000000e+00
1.500000000000000000e+01
-4.000000000000000000e+00
2.300000000000000000e+01
2.800000000000000000e+01
1.200000000000000000e+01
3.000000000000000000e+00
-6.000000000000000000e+00
1.000000000000000000e+00
-2.000000000000000000e+00
-5.000000000000000000e+00
0.000000000000000000e+00
-1.400000000000000000e+01
1.300000000000000000e+01
4.000000000000000000e+00
-1.600000000000000000e+01
1.900000000000000000e+01
9.000000000000000000e+00
-2.100000000000000000e+01
-2.300000000000000000e+01
1.000000000000000000e+01
2.800000000000000000e+01
-7.000000000000000000e+00
-1.700000000000000000e+01
2.400000000000000000e+01
2.000000000000000000e+00
-4.000000000000000000e+00
-5.000000000000000000e+00
-7.000000000000000000e+00
1.800000000000000000e+01
1.000000000000000000e+00
1.400000000000000000e+01
1.100000000000000000e+01
1.900000000000000000e+01
1.700000000000000000e+01
-1.200000000000000000e+01
-1.900000000000000000e+01
8.000000000000000000e+00
6.000000000000000000e+00
9.000000000000000000e+00
-7.000000000000000000e+00
-5.000000000000000000e+00
1.600000000000000000e+01
-5.000000000000000000e+00
-1.500000000000000000e+01
-1.600000000000000000e+01
7.000000000000000000e+00
3.000000000000000000e+01
1.800000000000000000e+01
-1.500000000000000000e+01
1.600000000000000000e+01
1.000000000000000000e+00
1.900000000000000000e+01
-5.000000000000000000e+00
1.000000000000000000e+01
1.400000000000000000e+01
-2.400000000000000000e+01
4.300000000000000000e+01
-8.000000000000000000e+00
-8.000000000000000000e+00
-6.000000000000000000e+00
2.700000000000000000e+01
-5.000000000000000000e+00
1.300000000000000000e+01
-3.700000000000000000e+01
-5.000000000000000000e+00
1.500000000000000000e+01
9.000000000000000000e+00
3.000000000000000000e+00
-3.800000000000000000e+01
2.100000000000000000e+01
5.100000000000000000e+01
1.200000000000000000e+01
-2.700000000000000000e+01
1.100000000000000000e+01
1.100000000000000000e+01
1.000000000000000000e+00
1.100000000000000000e+01
2.100000000000000000e+01
1.400000000000000000e+01
4.100000000000000000e+01
9.000000000000000000e+00
-1.700000000000000000e+01
5.000000000000000000e+00
1.000000000000000000e+01
-1.000000000000000000e+00
1.600000000000000000e+01
-4.000000000000000000e+00
-9.000000000000000000e+00
1.400000000000000000e+01
-1.300000000000000000e+01
2.500000000000000000e+01
-6.000000000000000000e+00
9.000000000000000000e+00
3.300000000000000000e+01
1.500000000000000000e+01
2.000000000000000000e+00
8.000000000000000000e+00
1.000000000000000000e+01
6.000000000000000000e+00
1.200000000000000000e+01
1.400000000000000000e+01
2.000000000000000000e+00
4.200000000000000000e+01
4.000000000000000000e+00
1.100000000000000000e+01
1.900000000000000000e+01
2.000000000000000000e+00
3.000000000000000000e+00
-8.000000000000000000e+00
2.400000000000000000e+01
-1.500000000000000000e+01
5.500000000000000000e+01
1.300000000000000000e+01
6.000000000000000000e+00
1.800000000000000000e+01
-7.000000000000000000e+00
9.000000000000000000e+00
2.300000000000000000e+01
-2.000000000000000000e+00
1.600000000000000000e+01
1.400000000000000000e+01
-3.000000000000000000e+00
4.000000000000000000e+01
3.100000000000000000e+01
-6.000000000000000000e+00
9.000000000000000000e+00
-7.000000000000000000e+00
3.000000000000000000e+00
2.200000000000000000e+01
3.400000000000000000e+01
1.400000000000000000e+01
1.900000000000000000e+01
3.300000000000000000e+01
2.000000000000000000e+01
-2.000000000000000000e+00
3.600000000000000000e+01
1.100000000000000000e+01
-9.000000000000000000e+00
3.100000000000000000e+01
1.500000000000000000e+01
1.600000000000000000e+01
9.000000000000000000e+00
-2.000000000000000000e+00
2.300000000000000000e+01
8.000000000000000000e+00
-9.000000000000000000e+00
8.000000000000000000e+00
3.500000000000000000e+01
2.100000000000000000e+01
1.100000000000000000e+01
2.000000000000000000e+00
8.000000000000000000e+00
1.800000000000000000e+01
3.900000000000000000e+01
3.100000000000000000e+01
0.000000000000000000e+00
-1.100000000000000000e+01
4.400000000000000000e+01
3.600000000000000000e+01
-8.000000000000000000e+00
5.000000000000000000e+01
-1.000000000000000000e+00
1.300000000000000000e+01
-8.000000000000000000e+00
1.200000000000000000e+01
2.000000000000000000e+00
2.300000000000000000e+01
-3.000000000000000000e+00
2.200000000000000000e+01
0.000000000000000000e+00
1.800000000000000000e+01
8.000000000000000000e+00
1.500000000000000000e+01
1.900000000000000000e+01
3.900000000000000000e+01
-2.000000000000000000e+00
2.000000000000000000e+01
6.000000000000000000e+00
1.500000000000000000e+01
4.000000000000000000e+00
7.000000000000000000e+00
1.100000000000000000e+01
3.800000000000000000e+01
2.300000000000000000e+01
-1.100000000000000000e+01
-1.600000000000000000e+01
-7.000000000000000000e+00
1.400000000000000000e+01
2.400000000000000000e+01
2.800000000000000000e+01
6.000000000000000000e+00
1.300000000000000000e+01
-3.000000000000000000e+00
2.100000000000000000e+01
3.100000000000000000e+01
2.000000000000000000e+01
-5.000000000000000000e+00
1.200000000000000000e+01
1.200000000000000000e+01
4.200000000000000000e+01
-1.200000000000000000e+01
-1.000000000000000000e+00
1.500000000000000000e+01
4.700000000000000000e+01
3.700000000000000000e+01
3.400000000000000000e+01
2.300000000000000000e+01
-5.000000000000000000e+00
2.400000000000000000e+01
7.000000000000000000e+00
1.300000000000000000e+01
3.700000000000000000e+01
2.300000000000000000e+01
4.200000000000000000e+01
2.200000000000000000e+01
2.000000000000000000e+00
1.600000000000000000e+01
2.300000000000000000e+01
2.000000000000000000e+01
1.300000000000000000e+01
4.100000000000000000e+01
1.700000000000000000e+01
2.000000000000000000e+00
2.400000000000000000e+01
8.000000000000000000e+00
-1.500000000000000000e+01
-1.000000000000000000e+00
2.500000000000000000e+01
4.300000000000000000e+01
8.000000000000000000e+00
2.300000000000000000e+01
4.600000000000000000e+01
4.600000000000000000e+01
1.800000000000000000e+01
4.400000000000000000e+01
-4.000000000000000000e+00
3.700000000000000000e+01
2.800000000000000000e+01
6.100000000000000000e+01
6.000000000000000000e+00
4.600000000000000000e+01
2.800000000000000000e+01
4.000000000000000000e+01
2.200000000000000000e+01
1.700000000000000000e+01
1.000000000000000000e+00
3.100000000000000000e+01
2.400000000000000000e+01
1.300000000000000000e+01
2.100000000000000000e+01
3.900000000000000000e+01
-1.000000000000000000e+00
2.300000000000000000e+01
4.400000000000000000e+01
2.600000000000000000e+01
2.600000000000000000e+01
3.400000000000000000e+01
1.200000000000000000e+01
-4.000000000000000000e+00
2.000000000000000000e+01
2.800000000000000000e+01
2.300000000000000000e+01
3.000000000000000000e+01
3.100000000000000000e+01
2.700000000000000000e+01
2.300000000000000000e+01
4.200000000000000000e+01
5.200000000000000000e+01
4.700000000000000000e+01
4.700000000000000000e+01
3.400000000000000000e+01
7.700000000000000000e+01
7.100000000000000000e+01
8.000000000000000000e+01
5.400000000000000000e+01
7.500000000000000000e+01
1.220000000000000000e+02
1.080000000000000000e+02
7.900000000000000000e+01
1.130000000000000000e+02
1.040000000000000000e+02
1.340000000000000000e+02
1.470000000000000000e+02
1.730000000000000000e+02
1.640000000000000000e+02
2.220000000000000000e+02
2.510000000000000000e+02
2.800000000000000000e+02
3.150000000000000000e+02
3.270000000000000000e+02
3.980000000000000000e+02
4.800000000000000000e+02
5.300000000000000000e+02
5.760000000000000000e+02
6.650000000000000000e+02
7.300000000000000000e+02
8.680000000000000000e+02
9.320000000000000000e+02
9.800000000000000000e+02
1.142000000000000000e+03
1.288000000000000000e+03
1.437000000000000000e+03
1.510000000000000000e+03
1.711000000000000000e+03
1.851000000000000000e+03
1.942000000000000000e+03
2.137000000000000000e+03
2.257000000000000000e+03
2.367000000000000000e+03
2.583000000000000000e+03
2.792000000000000000e+03
2.892000000000000000e+03
3.092000000000000000e+03
3.194000000000000000e+03
3.327000000000000000e+03
3.467000000000000000e+03
3.617000000000000000e+03
3.700000000000000000e+03
3.909000000000000000e+03
3.950000000000000000e+03
4.043000000000000000e+03
4.084000000000000000e+03
4.111000000000000000e+03
4.217000000000000000e+03
4.044000000000000000e+03
4.085000000000000000e+03
4.099000000000000000e+03
4.105000000000000000e+03
4.036000000000000000e+03
4.032000000000000000e+03
3.892000000000000000e+03
3.868000000000000000e+03
3.697000000000000000e+03
3.724000000000000000e+03
3.535000000000000000e+03
3.387000000000000000e+03
3.296000000000000000e+03
3.160000000000000000e+03
2.975000000000000000e+03
2.798000000000000000e+03
2.811000000000000000e+03
2.585000000000000000e+03
2.426000000000000000e+03
2.262000000000000000e+03
2.099000000000000000e+03
2.008000000000000000e+03
1.831000000000000000e+03
1.693000000000000000e+03
1.555000000000000000e+03
1.447000000000000000e+03
1.296000000000000000e+03
1.222000000000000000e+03
1.080000000000000000e+03
9.860000000000000000e+02
8.890000000000000000e+02
7.630000000000000000e+02
7.340000000000000000e+02
6.470000000000000000e+02
5.500000000000000000e+02
5.660000000000000000e+02
4.410000000000000000e+02
4.180000000000000000e+02
3.700000000000000000e+02
3.250000000000000000e+02
2.730000000000000000e+02
2.270000000000000000e+02
1.900000000000000000e+02
1.730000000000000000e+02
1.440000000000000000e+02
1.360000000000000000e+02
1.300000000000000000e+02
6.900000000000000000e+01
9.400000000000000000e+01
1.150000000000000000e+02
5.000000000000000000e+01
2.800000000000000000e+01
4.800000000000000000e+01
4.800000000000000000e+01
1.200000000000000000e+01
3.100000000000000000e+01
2.700000000000000000e+01
1.800000000000000000e+01
2.600000000000000000e+01
3.900000000000000000e+01
2.900000000000000000e+01
2.600000000000000000e+01
2.500000000000000000e+01
2.800000000000000000e+01
2.800000000000000000e+01
-6.000000000000000000e+00
5.100000000000000000e+01
1.800000000000000000e+01
2.700000000000000000e+01
2.800000000000000000e+01
-2.100000000000000000e+01
2.400000000000000000e+01
-1.600000000000000000e+01
2.900000000000000000e+01
3.200000000000000000e+01
8.000000000000000000e+00
1.900000000000000000e+01
-4.000000000000000000e+00
4.600000000000000000e+01
3.100000000000000000e+01
6.900000000000000000e+01
2.000000000000000000e+00
2.200000000000000000e+01
2.200000000000000000e+01
7.200000000000000000e+01
3.000000000000000000e+01
1.000000000000000000e+01
3.000000000000000000e+00
2.800000000000000000e+01
-2.000000000000000000e+00
1.800000000000000000e+01
5.900000000000000000e+01
0.000000000000000000e+00
6.000000000000000000e+00
3.100000000000000000e+01
4.000000000000000000e+01
-6.000000000000000000e+00
2.600000000000000000e+01
5.000000000000000000e+00
-2.500000000000000000e+01
1.700000000000000000e+01
1.800000000000000000e+01
2.800000000000000000e+01
3.100000000000000000e+01
3.000000000000000000e+01
9.000000000000000000e+00
3.000000000000000000e+00
-2.400000000000000000e+01
2.800000000000000000e+01
-7.000000000000000000e+00
1.200000000000000000e+01
1.000000000000000000e+01
7.000000000000000000e+00
1.600000000000000000e+01
-1.900000000000000000e+01
1.100000000000000000e+01
-2.300000000000000000e+01
2.300000000000000000e+01
2.700000000000000000e+01
2.000000000000000000e+00
1.300000000000000000e+01
6.000000000000000000e+00
3.300000000000000000e+01
1.300000000000000000e+01
2.900000000000000000e+01
4.200000000000000000e+01
7.000000000000000000e+00
9.000000000000000000e+00
2.100000000000000000e+01
-1.600000000000000000e+01
-9.000000000000000000e+00
3.700000000000000000e+01
1.300000000000000000e+01
4.000000000000000000e+00
-6.000000000000000000e+00
2.100000000000000000e+01
5.000000000000000000e+00
3.400000000000000000e+01
-2.500000000000000000e+01
1.800000000000000000e+01
2.400000000000000000e+01
1.600000000000000000e+01
1.100000000000000000e+01
2.500000000000000000e+01
1.400000000000000000e+01
1.200000000000000000e+01
7.000000000000000000e+00
3.900000000000000000e+01
4.400000000000000000e+01
-1.500000000000000000e+01
3.100000000000000000e+01
0.000000000000000000e+00
2.800000000000000000e+01
-1.100000000000000000e+01
-3.000000000000000000e+00
3.800000000000000000e+01
-1.100000000000000000e+01
4.800000000000000000e+01
2.000000000000000000e+00
2.400000000000000000e+01
5.100000000000000000e+01
8.000000000000000000e+00
2.400000000000000000e+01
1.600000000000000000e+01
1.300000000000000000e+01
2.400000000000000000e+01
6.000000000000000000e+00
1.100000000000000000e+01
8.000000000000000000e+00
-1.000000000000000000e+01
1.000000000000000000e+00
9.000000000000000000e+00
-2.000000000000000000e+00
3.500000000000000000e+01
1.000000000000000000e+01
1.300000000000000000e+01
3.100000000000000000e+01
1.100000000000000000e+01
3.000000000000000000e+01
1.900000000000000000e+01
6.000000000000000000e+00
-2.500000000000000000e+01
1.100000000000000000e+01
4.000000000000000000e+00
-2.000000000000000000e+00
2.200000000000000000e+01
1.200000000000000000e+01
-7.000000000000000000e+00
1.000000000000000000e+01
4.700000000000000000e+01
2.200000000000000000e+01
-4.500000000000000000e+01
3.000000000000000000e+00
1.400000000000000000e+01
2.400000000000000000e+01
-1.000000000000000000e+00
-2.100000000000000000e+01
2.100000000000000000e+01
2.500000000000000000e+01
5.000000000000000000e+00
-1.000000000000000000e+00
-5.000000000000000000e+00
5.000000000000000000e+00
-2.000000000000000000e+00
1.600000000000000000e+01
5.000000000000000000e+00
-1.400000000000000000e+01
2.200000000000000000e+01
-1.000000000000000000e+00
-6.000000000000000000e+00
2.200000000000000000e+01
1.300000000000000000e+01
-2.700000000000000000e+01
2.700000000000000000e+01
-1.100000000000000000e+01
7.000000000000000000e+00
2.500000000000000000e+01
-3.400000000000000000e+01
2.200000000000000000e+01
8.000000000000000000e+00
-6.000000000000000000e+00
1.300000000000000000e+01
1.000000000000000000e+01
1.200000000000000000e+01
-8.000000000000000000e+00
1.600000000000000000e+01
-1.000000000000000000e+00
-1.400000000000000000e+01
0.000000000000000000e+00
2.200000000000000000e+01
1.400000000000000000e+01
-7.000000000000000000e+00
2.800000000000000000e+01
1.600000000000000000e+01
-7.000000000000000000e+00
1.700000000000000000e+01
2.000000000000000000e+01
6.000000000000000000e+00
2.000000000000000000e+00
-1.400000000000000000e+01
1.000000000000000000e+01
2.200000000000000000e+01
-1.700000000000000000e+01
4.100000000000000000e+01
-4.000000000000000000e+00
2.700000000000000000e+01
-1.900000000000000000e+01
1.100000000000000000e+01
-2.000000000000000000e+01
5.000000000000000000e+00
-6.000000000000000000e+00
2.900000000000000000e+01
2.500000000000000000e+01
1.300000000000000000e+01
3.000000000000000000e+01
7.000000000000000000e+00
1.100000000000000000e+01
2.000000000000000000e+01
-9.000000000000000000e+00
-1.400000000000000000e+01
1.500000000000000000e+01
1.900000000000000000e+01
-3.600000000000000000e+01
0.000000000000000000e+00
9.000000000000000000e+00
4.000000000000000000e+00
-1.700000000000000000e+01
2.300000000000000000e+01
-1.700000000000000000e+01
6.000000000000000000e+00
2.000000000000000000e+00
1.000000000000000000e+00
2.000000000000000000e+00
0.000000000000000000e+00
1.200000000000000000e+01
1.600000000000000000e+01
2.700000000000000000e+01
1.000000000000000000e+00
1.800000000000000000e+01
1.000000000000000000e+00
-1.000000000000000000e+00
7.000000000000000000e+00
1.700000000000000000e+01
2.000000000000000000e+00
-6.000000000000000000e+00
-2.000000000000000000e+00
1.000000000000000000e+00
3.100000000000000000e+01
2.000000000000000000e+00
2.100000000000000000e+01
-7.000000000000000000e+00
2.000000000000000000e+00
1.600000000000000000e+01
1.000000000000000000e+00
1.100000000000000000e+01
-2.100000000000000000e+01
2.500000000000000000e+01
-8.000000000000000000e+00
7.000000000000000000e+00
2.200000000000000000e+01
7.000000000000000000e+00
6.000000000000000000e+00
0.000000000000000000e+00
-2.400000000000000000e+01
1.700000000000000000e+01
1.300000000000000000e+01
1.100000000000000000e+01
7.000000000000000000e+00
1.800000000000000000e+01
6.000000000000000000e+00
-1.200000000000000000e+01
3.300000000000000000e+01
0.000000000000000000e+00
3.500000000000000000e+01
-3.600000000000000000e+01
-6.000000000000000000e+00
1.400000000000000000e+01
-1.800000000000000000e+01
2.400000000000000000e+01
-1.200000000000000000e+01
1.100000000000000000e+01
-1.400000000000000000e+01
1.800000000000000000e+01
-2.000000000000000000e+00
2.600000000000000000e+01
-8.000000000000000000e+00
-6.000000000000000000e+00
-4.000000000000000000e+01
-2.000000000000000000e+00
-1.000000000000000000e+00
2.700000000000000000e+01
2.200000000000000000e+01
1.100000000000000000e+01
1.300000000000000000e+01
-3.000000000000000000e+00
1.800000000000000000e+01
-1.200000000000000000e+01
3.000000000000000000e+00
1.500000000000000000e+01
-9.000000000000000000e+00
-3.000000000000000000e+00
-2.900000000000000000e+01
9.000000000000000000e+00
-7.000000000000000000e+00
1.100000000000000000e+01
1.900000000000000000e+01
1.200000000000000000e+01
-2.000000000000000000e+00
1.600000000000000000e+01
-1.900000000000000000e+01
-4.000000000000000000e+00
1.400000000000000000e+01
2.200000000000000000e+01
-3.100000000000000000e+01
1.200000000000000000e+01
-1.600000000000000000e+01
2.600000000000000000e+01
1.500000000000000000e+01
-1.700000000000000000e+01
1.800000000000000000e+01
1.200000000000000000e+01
1.500000000000000000e+01
1.200000000000000000e+01
-6.000000000000000000e+00
5.000000000000000000e+00
-1.100000000000000000e+01
-1.100000000000000000e+01
-1.700000000000000000e+01
-3.000000000000000000e+01
1.600000000000000000e+01
-1.000000000000000000e+00
0.000000000000000000e+00
-1.500000000000000000e+01
2.700000000000000000e+01
-2.100000000000000000e+01
1.100000000000000000e+01
-2.000000000000000000e+01
2.000000000000000000e+01
-1.700000000000000000e+01
-1.400000000000000000e+01
-5.000000000000000000e+00
3.300000000000000000e+01
1.700000000000000000e+01
1.100000000000000000e+01
8.000000000000000000e+00
-3.000000000000000000e+00
-8.000000000000000000e+00
1.300000000000000000e+01
2.000000000000000000e+00
-1.500000000000000000e+01
-2.000000000000000000e+00
-9.000000000000000000e+00
-8.000000000000000000e+00
1.300000000000000000e+01
-1.100000000000000000e+01
-1.600000000000000000e+01
-1.300000000000000000e+01
1.800000000000000000e+01
-9.000000000000000000e+00
1.900000000000000000e+01
3.000000000000000000e+00
3.200000000000000000e+01
1.400000000000000000e+01
1.000000000000000000e+01
-1.000000000000000000e+00
0.000000000000000000e+00
2.000000000000000000e+00
-1.200000000000000000e+01
0.000000000000000000e+00
3.000000000000000000e+00
-4.000000000000000000e+00
2.600000000000000000e+01
-2.000000000000000000e+01
-1.500000000000000000e+01
-1.410000000000000000e+02
2.300000000000000000e+01
1.100000000000000000e+01
1.800000000000000000e+01
1.200000000000000000e+01
-1.500000000000000000e+01
-2.900000000000000000e+01
8.000000000000000000e+00
-1.000000000000000000e+00
2.000000000000000000e+00
2.600000000000000000e+01
9.000000000000000000e+00
1.800000000000000000e+01
-1.500000000000000000e+01
-1.500000000000000000e+01
7.000000000000000000e+00
-1.000000000000000000e+00
3.300000000000000000e+01
1.400000000000000000e+01
1.100000000000000000e+01
1.000000000000000000e+00
5.000000000000000000e+00
-3.400000000000000000e+01
1.000000000000000000e+00
0.000000000000000000e+00
-1.200000000000000000e+01
3.000000000000000000e+00
2.500000000000000000e+01
3.500000000000000000e+01
-6.000000000000000000e+00
-6.000000000000000000e+00
1.000000000000000000e+00
1.700000000000000000e+01
1.900000000000000000e+01
2.300000000000000000e+01
2.700000000000000000e+01
-2.700000000000000000e+01
1.600000000000000000e+01
4.000000000000000000e+00
3.000000000000000000e+00
-1.200000000000000000e+01
8.000000000000000000e+00
1.400000000000000000e+01
1.700000000000000000e+01
-2.000000000000000000e+00
1.400000000000000000e+01
-3.000000000000000000e+00
1.300000000000000000e+01
-6.000000000000000000e+00
5.000000000000000000e+01
-1.200000000000000000e+01
-1.000000000000000000e+00
9.000000000000000000e+00
-2.600000000000000000e+01
1.500000000000000000e+01
-1.000000000000000000e+01
-1.300000000000000000e+01
1.000000000000000000e+01
-2.000000000000000000e+00
1.100000000000000000e+01
3.700000000000000000e+01
1.000000000000000000e+01
1.500000000000000000e+01
7.000000000000000000e+00
-7.000000000000000000e+00
-1.800000000000000000e+01
-1.200000000000000000e+01
-2.000000000000000000e+00
2.300000000000000000e+01
-3.200000000000000000e+01
9.000000000000000000e+00
-2.200000000000000000e+01
4.000000000000000000e+00
0.000000000000000000e+00
6.000000000000000000e+00
2.400000000000000000e+01
1.800000000000000000e+01
-9.000000000000000000e+00
-1.000000000000000000e+00
1.000000000000000000e+01
-1.000000000000000000e+00
1.500000000000000000e+01
3.000000000000000000e+00
-2.000000000000000000e+01
1.300000000000000000e+01
6.000000000000000000e+00
7.000000000000000000e+00
1.100000000000000000e+01
2.000000000000000000e+00
5.000000000000000000e+00
9.000000000000000000e+00
-1.400000000000000000e+01
1.000000000000000000e+00
-1.000000000000000000e+00
-2.000000000000000000e+00
-9.000000000000000000e+00
-1.500000000000000000e+01
2.300000000000000000e+01
-2.900000000000000000e+01
-1.300000000000000000e+01
-1.000000000000000000e+00
9.000000000000000000e+00
-8.000000000000000000e+00
-1.100000000000000000e+01
-1.600000000000000000e+01
2.800000000000000000e+01
1.000000000000000000e+00
-6.000000000000000000e+00
1.200000000000000000e+01
-1.200000000000000000e+01
-9.000000000000000000e+00
0.000000000000000000e+00
8.000000000000000000e+00
-1.200000000000000000e+01
-5.000000000000000000e+00
-1.000000000000000000e+01
1.000000000000000000e+01
3.000000000000000000e+00
1.900000000000000000e+01
-2.500000000000000000e+01
4.000000000000000000e+00
9.000000000000000000e+00
-2.000000000000000000e+01
-1.000000000000000000e+00
-6.000000000000000000e+00
-8.000000000000000000e+00
5.000000000000000000e+00
1.900000000000000000e+01
-1.000000000000000000e+00
-1.900000000000000000e+01
-5.000000000000000000e+00
-8.000000000000000000e+00
-2.100000000000000000e+01
-1.900000000000000000e+01
4.000000000000000000e+00
-1.200000000000000000e+01
-4.000000000000000000e+00
-6.000000000000000000e+00
6.000000000000000000e+00
-6.000000000000000000e+00
-1.000000000000000000e+00
8.000000000000000000e+00
-2.700000000000000000e+01
-3.200000000000000000e+01
-6.000000000000000000e+00
-2.400000000000000000e+01
2.300000000000000000e+01
2.000000000000000000e+01
-1.500000000000000000e+01
0.000000000000000000e+00
1.500000000000000000e+01
-1.400000000000000000e+01
-2.000000000000000000e+00
2.500000000000000000e+01
0.000000000000000000e+00
5.000000000000000000e+00
2.400000000000000000e+01
-2.100000000000000000e+01
1.800000000000000000e+01
-9.000000000000000000e+00
-1.300000000000000000e+01
0.000000000000000000e+00
-2.000000000000000000e+00
3.200000000000000000e+01
-2.400000000000000000e+01
-1.000000000000000000e+01
1.500000000000000000e+01
2.400000000000000000e+01
2.100000000000000000e+01
3.300000000000000000e+01
-1.200000000000000000e+01
-1.600000000000000000e+01
3.000000000000000000e+00
-2.100000000000000000e+01
-1.000000000000000000e+01
3.000000000000000000e+00
-2.000000000000000000e+00
5.000000000000000000e+00
-1.200000000000000000e+01
-2.200000000000000000e+01
1.000000000000000000e+01
5.000000000000000000e+00
9.000000000000000000e+00
-2.600000000000000000e+01
-1.600000000000000000e+01
2.100000000000000000e+01
-9.000000000000000000e+00
1.800000000000000000e+01
-1.100000000000000000e+01
-1.200000000000000000e+01
3.100000000000000000e+01
-7.000000000000000000e+00
9.000000000000000000e+00
-5.000000000000000000e+00
1.400000000000000000e+01
1.500000000000000000e+01
4.000000000000000000e+00
0.000000000000000000e+00
-1.100000000000000000e+01
-2.000000000000000000e+01
-1.400000000000000000e+01
-1.700000000000000000e+01
-1.400000000000000000e+01
1.700000000000000000e+01
1.100000000000000000e+01
1.200000000000000000e+01
-2.500000000000000000e+01
1.000000000000000000e+01
1.600000000000000000e+01
-4.000000000000000000e+00
1.400000000000000000e+01
-2.100000000000000000e+01
2.300000000000000000e+01
1.000000000000000000e+01
-2.600000000000000000e+01
8.000000000000000000e+00
1.300000000000000000e+01
-1.700000000000000000e+01
4.000000000000000000e+00
-8.000000000000000000e+00
-6.000000000000000000e+00
-1.000000000000000000e+01
2.000000000000000000e+00
-1.300000000000000000e+01
-9.000000000000000000e+00
-5.000000000000000000e+00
1.400000000000000000e+01
-1.100000000000000000e+01
-4.000000000000000000e+00
-1.200000000000000000e+01
-3.000000000000000000e+00
9.000000000000000000e+00
0.000000000000000000e+00
2.400000000000000000e+01
-4.000000000000000000e+00
-2.600000000000000000e+01
3.800000000000000000e+01
-2.000000000000000000e+00
-1.700000000000000000e+01
-1.000000000000000000e+00
0.000000000000000000e+00
1.900000000000000000e+01
-2.900000000000000000e+01
-8.000000000000000000e+00
9.000000000000000000e+00
-9.000000000000000000e+00
-9.000000000000000000e+00
1.300000000000000000e+01
0.000000000000000000e+00
-7.000000000000000000e+00
2.000000000000000000e+01
-1.300000000000000000e+01
-4.000000000000000000e+00
-4.000000000000000000e+00
-2.400000000000000000e+01
-1.900000000000000000e+01
0.000000000000000000e+00
1.100000000000000000e+01
-2.000000000000000000e+00
0.000000000000000000e+00
1.900000000000000000e+01
2.100000000000000000e+01
-7.000000000000000000e+00
6.000000000000000000e+00
-1.000000000000000000e+00
-1.200000000000000000e+01
2.000000000000000000e+00
2.600000000000000000e+01
6.000000000000000000e+00
-1.700000000000000000e+01
1.900000000000000000e+01
9.000000000000000000e+00
-1.900000000000000000e+01
-2.400000000000000000e+01
3.000000000000000000e+00
2.400000000000000000e+01
-5.000000000000000000e+00
2.200000000000000000e+01
2.000000000000000000e+01
-1.300000000000000000e+01
5.000000000000000000e+00
-1.300000000000000000e+01
-1.500000000000000000e+01
-1.200000000000000000e+01
2.100000000000000000e+01
1.100000000000000000e+01
-4.000000000000000000e+00
-5.000000000000000000e+00
1.500000000000000000e+01
-6.000000000000000000e+00
1.600000000000000000e+01
-1.300000000000000000e+01
-5.000000000000000000e+00
1.500000000000000000e+01
1.800000000000000000e+01
-2.000000000000000000e+01
2.000000000000000000e+00
-1.100000000000000000e+01
1.400000000000000000e+01
-2.200000000000000000e+01
-4.000000000000000000e+00
3.300000000000000000e+01
-3.000000000000000000e+00
-2.100000000000000000e+01
1.600000000000000000e+01
-1.200000000000000000e+01
3.500000000000000000e+01
-9.000000000000000000e+00
1.800000000000000000e+01
2.000000000000000000e+00
8.000000000000000000e+00
-1.600000000000000000e+01
1.000000000000000000e+01
-4.300000000000000000e+01
-6.000000000000000000e+00
2.800000000000000000e+01
-2.000000000000000000e+00
-2.000000000000000000e+00
2.200000000000000000e+01
6.000000000000000000e+00
-6.000000000000000000e+00
6.000000000000000000e+00
-6.000000000000000000e+00
6.000000000000000000e+00
-8.000000000000000000e+00
-1.400000000000000000e+01
0.000000000000000000e+00
3.000000000000000000e+00
-2.900000000000000000e+01
1.400000000000000000e+01
9.000000000000000000e+00
-3.000000000000000000e+00
-1.700000000000000000e+01
1.600000000000000000e+01
-2.800000000000000000e+01
1.000000000000000000e+01
-2.400000000000000000e+01
-2.000000000000000000e+00
-1.600000000000000000e+01
6.000000000000000000e+00
-1.800000000000000000e+01
2.300000000000000000e+01
-1.700000000000000000e+01
6.000000000000000000e+00
6.000000000000000000e+00
1.600000000000000000e+01
2.000000000000000000e+00
1.900000000000000000e+01
2.700000000000000000e+01
2.300000000000000000e+01
-2.000000000000000000e+01
1.600000000000000000e+01
-6.000000000000000000e+00
-1.300000000000000000e+01
2.000000000000000000e+01
-4.000000000000000000e+00
-2.200000000000000000e+01
-2.800000000000000000e+01
-1.600000000000000000e+01
-1.400000000000000000e+01
-1.800000000000000000e+01
2.000000000000000000e+00
1.000000000000000000e+01
1.600000000000000000e+01
3.600000000000000000e+01
-1.200000000000000000e+01
4.900000000000000000e+01
1.600000000000000000e+01
4.000000000000000000e+00
-4.000000000000000000e+00
1.300000000000000000e+01
-2.000000000000000000e+00
-1.000000000000000000e+01
7.000000000000000000e+00
2.700000000000000000e+01
-1.200000000000000000e+01
-2.100000000000000000e+01
2.700000000000000000e+01
-4.000000000000000000e+00
3.300000000000000000e+01
6.000000000000000000e+00
3.200000000000000000e+01
-5.000000000000000000e+00
-9.000000000000000000e+00
1.500000000000000000e+01
1.800000000000000000e+01
1.000000000000000000e+01
-1.400000000000000000e+01
-5.000000000000000000e+00
1.100000000000000000e+01
3.000000000000000000e+00
4.000000000000000000e+00
-1.600000000000000000e+01
1.200000000000000000e+01
1.400000000000000000e+01
-6.000000000000000000e+00
3.400000000000000000e+01
2.400000000000000000e+01
1.000000000000000000e+01
2.600000000000000000e+01
1.800000000000000000e+01
-6.000000000000000000e+00
1.100000000000000000e+01
-1.000000000000000000e+00
1.700000000000000000e+01
4.000000000000000000e+00
2.500000000000000000e+01
6.000000000000000000e+00
9.000000000000000000e+00
4.000000000000000000e+00
2.600000000000000000e+01
3.500000000000000000e+01
2.000000000000000000e+01
4.900000000000000000e+01
1.400000000000000000e+01
4.400000000000000000e+01
3.300000000000000000e+01
4.700000000000000000e+01
1.500000000000000000e+01
6.300000000000000000e+01
7.600000000000000000e+01
5.400000000000000000e+01
4.700000000000000000e+01
3.000000000000000000e+01
4.300000000000000000e+01
4.400000000000000000e+01
7.100000000000000000e+01
5.800000000000000000e+01
7.700000000000000000e+01
6.900000000000000000e+01
7.300000000000000000e+01
9.000000000000000000e+01
7.700000000000000000e+01
7.900000000000000000e+01
1.180000000000000000e+02
1.230000000000000000e+02
9.300000000000000000e+01
1.280000000000000000e+02
1.310000000000000000e+02
1.330000000000000000e+02
1.130000000000000000e+02
1.460000000000000000e+02
1.660000000000000000e+02
1.710000000000000000e+02
1.490000000000000000e+02
1.490000000000000000e+02
2.020000000000000000e+02
2.030000000000000000e+02
2.210000000000000000e+02
2.340000000000000000e+02
2.460000000000000000e+02
2.620000000000000000e+02
3.100000000000000000e+02
2.990000000000000000e+02
2.870000000000000000e+02
3.750000000000000000e+02
3.490000000000000000e+02
3.450000000000000000e+02
3.660000000000000000e+02
3.940000000000000000e+02
3.830000000000000000e+02
4.140000000000000000e+02
4.470000000000000000e+02
4.610000000000000000e+02
4.460000000000000000e+02
4.750000000000000000e+02
5.070000000000000000e+02
5.160000000000000000e+02
5.710000000000000000e+02
5.630000000000000000e+02
6.470000000000000000e+02
6.340000000000000000e+02
6.580000000000000000e+02
6.840000000000000000e+02
7.230000000000000000e+02
7.260000000000000000e+02
7.860000000000000000e+02
7.800000000000000000e+02
8.480000000000000000e+02
8.730000000000000000e+02
8.680000000000000000e+02
9.210000000000000000e+02
9.240000000000000000e+02
9.640000000000000000e+02
9.450000000000000000e+02
9.980000000000000000e+02
1.025000000000000000e+03
1.031000000000000000e+03
1.060000000000000000e+03
1.086000000000000000e+03
1.083000000000000000e+03
1.115000000000000000e+03
1.133000000000000000e+03
1.218000000000000000e+03
1.179000000000000000e+03
1.269000000000000000e+03
1.245000000000000000e+03
1.275000000000000000e+03
1.252000000000000000e+03
1.290000000000000000e+03
1.289000000000000000e+03
1.322000000000000000e+03
1.353000000000000000e+03
1.351000000000000000e+03
1.385000000000000000e+03
1.398000000000000000e+03
1.398000000000000000e+03
1.445000000000000000e+03
1.456000000000000000e+03
1.406000000000000000e+03
1.457000000000000000e+03
1.436000000000000000e+03
1.454000000000000000e+03
1.494000000000000000e+03
1.535000000000000000e+03
1.488000000000000000e+03
1.515000000000000000e+03
1.544000000000000000e+03
1.530000000000000000e+03
1.540000000000000000e+03
1.558000000000000000e+03
1.517000000000000000e+03
1.430000000000000000e+03
1.445000000000000000e+03
1.423000000000000000e+03
1.432000000000000000e+03
1.398000000000000000e+03
1.371000000000000000e+03
1.335000000000000000e+03
1.312000000000000000e+03
1.303000000000000000e+03
1.270000000000000000e+03
1.271000000000000000e+03
1.262000000000000000e+03
1.239000000000000000e+03
1.226000000000000000e+03
1.233000000000000000e+03
1.240000000000000000e+03
1.210000000000000000e+03
1.226000000000000000e+03
1.221000000000000000e+03
1.176000000000000000e+03
1.152000000000000000e+03
1.153000000000000000e+03
1.156000000000000000e+03
1.094000000000000000e+03
1.116000000000000000e+03
1.081000000000000000e+03
1.084000000000000000e+03
1.055000000000000000e+03
1.013000000000000000e+03
9.380000000000000000e+02
9.410000000000000000e+02
9.710000000000000000e+02
9.340000000000000000e+02
9.250000000000000000e+02
8.440000000000000000e+02
8.620000000000000000e+02
8.260000000000000000e+02
7.890000000000000000e+02
7.720000000000000000e+02
7.780000000000000000e+02
7.160000000000000000e+02
6.820000000000000000e+02
6.710000000000000000e+02
6.290000000000000000e+02
6.200000000000000000e+02
6.070000000000000000e+02
5.800000000000000000e+02
6.030000000000000000e+02
5.520000000000000000e+02
5.850000000000000000e+02
5.680000000000000000e+02
5.040000000000000000e+02
5.300000000000000000e+02
5.310000000000000000e+02
4.670000000000000000e+02
4.600000000000000000e+02
4.420000000000000000e+02
4.130000000000000000e+02
4.010000000000000000e+02
4.060000000000000000e+02
3.780000000000000000e+02
3.520000000000000000e+02
3.410000000000000000e+02
3.220000000000000000e+02
3.220000000000000000e+02
2.660000000000000000e+02
2.910000000000000000e+02
2.450000000000000000e+02
2.300000000000000000e+02
2.400000000000000000e+02
2.090000000000000000e+02
2.210000000000000000e+02
2.000000000000000000e+02
2.070000000000000000e+02
2.110000000000000000e+02
2.140000000000000000e+02
1.920000000000000000e+02
1.640000000000000000e+02
1.790000000000000000e+02
1.460000000000000000e+02
1.600000000000000000e+02
1.420000000000000000e+02
1.300000000000000000e+02
1.450000000000000000e+02
8.400000000000000000e+01
1.130000000000000000e+02
1.420000000000000000e+02
9.200000000000000000e+01
8.700000000000000000e+01
1.280000000000000000e+02
9.700000000000000000e+01
8.300000000000000000e+01
7.100000000000000000e+01
7.800000000000000000e+01
7.800000000000000000e+01
7.000000000000000000e+01
7.000000000000000000e+01
7.500000000000000000e+01
6.800000000000000000e+01
4.700000000000000000e+01
9.400000000000000000e+01
4.800000000000000000e+01
6.700000000000000000e+01
1.200000000000000000e+01
4.200000000000000000e+01
3.300000000000000000e+01
6.000000000000000000e+00
1.600000000000000000e+01
4.200000000000000000e+01
3.400000000000000000e+01
2.800000000000000000e+01
5.000000000000000000e+01
5.400000000000000000e+01
2.100000000000000000e+01
-1.300000000000000000e+01
2.900000000000000000e+01
3.200000000000000000e+01
1.900000000000000000e+01
2.800000000000000000e+01
1.600000000000000000e+01
3.600000000000000000e+01
3.900000000000000000e+01
1.900000000000000000e+01
-7.000000000000000000e+00
1.700000000000000000e+01
5.000000000000000000e+00
-1.000000000000000000e+01
-4.000000000000000000e+00
8.000000000000000000e+00
-1.200000000000000000e+01
-1.300000000000000000e+01
2.400000000000000000e+01
1.600000000000000000e+01
8.000000000000000000e+00
2.200000000000000000e+01
-9.000000000000000000e+00
2.400000000000000000e+01
3.500000000000000000e+01
-1.100000000000000000e+01
-4.000000000000000000e+00
1.700000000000000000e+01
1.000000000000000000e+00
2.000000000000000000e+01
-3.000000000000000000e+00
1.300000000000000000e+01
3.600000000000000000e+01
3.000000000000000000e+00
1.500000000000000000e+01
5.000000000000000000e+00
2.600000000000000000e+01
2.400000000000000000e+01
1.400000000000000000e+01
-4.000000000000000000e+00
1.800000000000000000e+01
-7.000000000000000000e+00
1.000000000000000000e+01
1.000000000000000000e+01
-7.000000000000000000e+00
2.400000000000000000e+01
-2.500000000000000000e+01
2.000000000000000000e+00
1.800000000000000000e+01
-1.600000000000000000e+01
-1.400000000000000000e+01
1.300000000000000000e+01
1.900000000000000000e+01
2.000000000000000000e+01
-1.000000000000000000e+00
-5.000000000000000000e+00
2.000000000000000000e+00
-4.400000000000000000e+01
-1.500000000000000000e+01
1.300000000000000000e+01
2.500000000000000000e+01
3.000000000000000000e+00
1.800000000000000000e+01
-3.000000000000000000e+00
-1.300000000000000000e+01
3.000000000000000000e+00
-3.200000000000000000e+01
1.000000000000000000e+01
-1.400000000000000000e+01
-5.200000000000000000e+01
1.100000000000000000e+01
-1.300000000000000000e+01
2.000000000000000000e+00
-1.000000000000000000e+00
1.400000000000000000e+01
-1.200000000000000000e+01
1.400000000000000000e+01
1.500000000000000000e+01
-9.000000000000000000e+00
1.200000000000000000e+01
-1.500000000000000000e+01
1.600000000000000000e+01
-8.000000000000000000e+00
3.800000000000000000e+01
1.000000000000000000e+00
3.000000000000000000e+00
-6.000000000000000000e+00
-1.000000000000000000e+00
